85
145
196
177
128
112
128
138
131
106
91
103
108
121
150
170
169
163
168
156
144
115
58
38
53
57
44
39
60
76
64
69
98
76
25
-9
-34
-24
-4
1
1
-7
-25
-28
-34
-59
-85
-89
-75
-70
-67
-73
-86
-74
-52
-24
-21
-35
-23
5
8
13
27
16
-26
-68
-77
-72
-61
-54
-28
-10
-22
-36
-6
43
22
-43
-83
-77
-75
-85
-88
-84
-75
-88
-105
-71
-36
-53
-101
-102
-70
-54
-57
-54
-33
-9
-10
-24
-45
-46
-42
-56
-51
-1
11
-3
-4
20
66
100
92
68
54
42
34
35
20
-4
-19
-26
-13
-1
3
24
52
59
43
36
39
32
1
-10
1
11
11
8
-4
-18
-23
-26
-22
1
19
23
32
27
38
69
87
67
44
43
60
71
51
28
43
80
85
74
73
74
72
76
71
51
59
73
71
54
39
65
105
106
39
1
37
71
60
32
2
-9
-11
-14
-1
22
23
8
1
-5
-23
-26
16
60
89
106
92
84
89
86
58
28
41
64
64
76
104
114
128
139
131
108
102
119
148
171
178
144
114
106
91
69
57
66
85
75
40
20
28
22
-8
-17
7
18
-1
-18
-25
-29
-29
-33
-25
-24
-37
-52
-56
-9
48
67
42
-10
-42
-29
-10
1
0
-13
-33
-26
3
39
66
73
68
48
41
60
81
82
71
44
0
34
52
80
102
104
86
69
76
108
124
96
33
6
40
61
72
92
91
51
16
17
32
27
25
22
11
13
49
76
84
85
81
69
57
51
57
67
60
60
64
52
26
25
60
86
82
85
101
96
69
74
120
132
91
54
59
98
107
99
89
88
71
43
34
39
43
34
18
4
20
50
75
77
54
3
-17
1
16
-5
-37
-36
-3
26
36
26
16
-2
-8
-5
6
25
25
19
26
40
37
6
-4
16
42
44
6
-26
-34
-22
4
39
65
58
29
12
38
65
52
16
-3
-3
-4
4
25
29
40
70
89
99
98
71
49
48
65
70
60
73
113
138
130
101
101
116
104
90
86
70
34
16
40
82
90
64
44
52
57
56
72
89
90
82
68
55
72
93
96
73
36
9
18
40
57
49
16
16
36
10
0
39
60
43
27
38
64
87
74
51
43
61
85
80
69
66
58
52
43
27
6
2
0
6
21
34
36
25
35
55
48
23
13
9
-11
-28
-11
16
26
19
-11
-18
6
26
38
34
21
12
22
52
64
38
32
67
88
75
69
74
81
64
32
32
77
123
123
99
71
58
73
73
54
42
21
-5
10
44
54
38
32
33
32
20
16
24
51
73
67
60
85
120
116
86
82
101
98
74
73
96
89
71
89
130
146
116
76
71
84
98
84
36
8
21
49
64
67
70
41
8
16
42
58
42
9
4
28
48
53
49
21
-17
-11
35
73
82
43
19
26
36
54
75
85
59
29
41
80
119
123
75
44
64
96
117
129
133
120
109
115
115
99
70
34
1
-7
1
13
35
39
5
-26
-22
-9
-10
-21
-33
-42
-38
-8
22
25
-5
-18
6
42
56
12
-52
-76
-56
-49
-49
-19
38
70
57
41
66
101
91
74
76
75
68
75
98
100
90
98
117
139
123
55
0
-5
11
26
42
65
69
43
24
20
19
7
-7
3
48
81
80
71
82
75
57
35
-2
-29
-29
-21
-10
-11
-17
-21
-4
37
64
61
51
74
102
85
53
52
71
77
67
65
82
100
91
88
102
103
81
21
-24
-14
16
23
12
9
2
-9
2
24
37
48
80
108
98
56
24
20
9
-6
-12
11
52
69
42
33
54
43
0
-17
0
16
8
11
43
70
72
77
89
81
53
35
42
75
96
84
52
37
50
61
65
76
89
76
48
20
34
65
77
80
76
54
19
11
37
52
40
20
9
16
26
32
33
32
19
5
0
-21
-36
-23
7
22
13
11
17
24
33
26
23
11
-3
-4
-1
-5
8
41
58
51
28
20
33
54
58
68
86
86
66
43
40
51
28
4
2
10
5
11
43
73
70
50
41
40
44
36
24
18
35
68
74
90
134
128
85
74
97
96
57
24
38
72
75
52
52
73
89
84
67
64
66
59
44
26
20
17
17
23
48
74
68
34
10
7
11
18
16
8
8
23
32
25
17
4
0
9
18
16
8
11
35
39
43
60
50
19
11
25
58
81
61
42
45
54
65
98
124
102
59
57
74
89
73
43
42
58
54
32
16
22
50
84
71
23
3
10
19
6
-9
-29
-29
5
42
65
66
76
92
77
44
43
58
48
12
2
23
33
27
27
52
101
132
116
92
100
101
75
66
85
84
69
56
64
93
112
88
59
50
49
39
38
58
72
67
56
58
48
24
9
8
9
20
34
59
97
131
133
112
74
37
20
22
35
55
57
41
26
37
56
73
81
85
98
117
123
135
152
133
91
89
121
134
113
84
72
80
86
96
96
84
69
52
58
82
83
86
102
103
77
44
42
70
105
133
145
138
130
106
75
73
88
89
82
80
97
131
136
106
85
65
26
32
70
96
98
102
123
124
82
25
2
5
16
24
27
34
48
40
21
0
-9
-2
1
-4
5
39
75
89
80
50
25
23
44
70
75
50
36
55
88
84
51
22
12
11
2
7
13
0
-13
-7
9
-4
-50
-57
-28
-18
-44
-58
-17
12
-3
-37
-58
-85
-106
-99
-65
-33
-14
4
32
51
55
29
-18
-41
-40
-19
18
44
41
24
22
36
39
33
22
25
26
1
-19
-5
22
35
19
6
23
68
97
51
-5
1
27
20
-1
1
8
11
5
-7
-18
-21
-30
-33
-26
-24
-37
-41
-23
-10
-17
-18
-10
-18
-21
4
42
76
68
34
21
44
80
91
84
70
68
53
32
48
76
80
56
41
64
80
80
69
72
59
12
-18
-3
39
72
33
1
17
39
43
42
57
69
85
122
125
87
58
58
69
58
33
11
17
32
53
69
72
96
116
116
124
136
128
112
87
60
56
55
44
54
75
67
43
28
17
20
28
32
38
71
114
105
71
42
18
-2
3
19
3
-36
-61
-46
-7
3
-23
-43
-42
-35
-17
10
32
32
13
4
28
64
58
39
13
6
24
41
67
93
112
102
86
90
89
85
99
106
102
96
83
86
112
121
121
119
98
0
45
5
-3
4
11
2
-19
-19
8
17
8
7
32
32
1
-10
-6
5
28
60
75
69
49
17
8
35
76
98
73
38
32
50
80
90
80
71
75
96
107
97
74
68
72
87
92
69
42
36
27
22
12
11
27
45
51
32
-6
-21
8
25
-1
-12
21
55
37
-20
-59
-41
-17
-36
-61
-54
-42
-22
27
87
129
133
92
69
73
81
69
60
85
107
100
75
73
105
128
119
103
81
52
24
10
54
117
132
105
56
37
53
64
53
41
39
36
34
69
100
90
27
-39
-54
-22
23
58
81
98
93
83
66
56
44
20
2
1
12
38
71
96
101
106
128
152
168
171
168
152
146
161
183
180
137
89
61
58
57
50
18
-10
-1
39
59
36
26
28
5
-23
-14
19
29
28
48
64
60
34
-1
-3
17
23
6
0
23
40
41
36
20
20
34
44
53
72
86
82
84
85
68
65
99
132
109
64
41
40
28
4
-1
10
9
8
39
80
98
87
49
16
-5
5
50
91
135
153
98
41
35
37
33
24
23
37
28
21
42
68
85
69
26
10
25
42
58
92
100
53
12
0
11
23
10
-2
-2
0
25
64
84
53
-1
-26
-12
2
-2
-4
8
40
60
81
108
115
82
40
33
57
67
55
38
18
5
4
6
4
1
11
36
49
56
70
65
44
40
64
64
21
-9
-2
26
54
44
-3
-26
-25
-8
20
34
24
20
40
83
84
43
37
71
73
29
3
22
67
86
69
51
68
108
149
163
135
96
75
80
86
74
37
13
25
41
44
51
44
22
-7
-12
20
61
72
43
26
41
52
33
10
22
40
41
36
49
77
90
56
22
25
50
60
66
64
57
52
61
105
133
83
21
27
70
82
58
50
54
41
33
41
68
83
57
23
37
72
87
70
38
18
10
-5
-13
0
1
-20
-35
-20
20
50
52
65
100
85
36
10
16
18
21
29
56
84
97
88
75
97
118
99
67
51
43
43
56
58
34
-5
-11
8
25
56
85
89
83
82
89
53
-11
-27
3
23
17
4
8
24
44
53
27
11
38
67
73
71
44
18
2
-20
-23
-1
23
34
36
50
85
131
151
141
108
67
51
60
59
49
32
44
56
60
53
38
34
35
25
3
-18
-28
-26
-13
10
34
49
44
25
11
7
0
-8
-4
4
32
67
80
70
64
60
75
115
130
80
29
34
80
114
99
65
61
85
114
128
144
167
165
137
0
123
129
122
119
115
103
105
119
113
96
80
52
35
29
10
-10
-10
11
18
-6
-33
-22
25
58
28
-28
-76
-98
-77
-45
-42
-61
-82
-74
-46
9
57
34
-10
-4
25
38
43
52
53
44
37
57
96
106
97
104
113
107
105
113
108
106
116
106
100
119
118
81
68
72
59
42
40
51
45
27
36
48
42
16
-22
-26
0
21
27
9
-23
-35
-17
4
4
-12
-18
7
41
76
96
55
11
32
60
60
69
87
101
96
93
107
92
42
27
68
113
118
102
105
118
116
76
58
69
76
71
42
1
-28
-45
-42
-27
-10
0
0
5
50
88
65
6
-26
-23
-9
-7
-6
9
6
-5
22
76
85
25
-6
37
87
83
66
64
73
80
82
92
106
108
100
104
102
83
66
67
82
84
72
89
133
156
160
146
117
117
118
100
105
112
88
86
132
179
188
161
122
123
147
148
137
149
147
139
135
140
154
160
149
163
184
155
134
145
156
165
178
165
160
171
176
152
130
145
163
136
99
116
148
136
105
90
74
57
43
54
77
104
130
135
116
87
60
64
66
64
48
10
-5
18
51
29
11
45
72
61
37
33
54
77
96
107
101
70
50
71
92
80
40
8
3
21
57
70
36
-5
-12
-3
-17
-38
-49
-52
-40
-21
-28
-55
-69
-53
-49
-77
-107
-92
-71
-66
-65
-52
-28
-8
-2
-6
-38
-46
-34
-20
-20
-51
-91
-104
-89
-37
6
21
41
41
2
-29
-28
-10
7
17
24
24
16
17
24
29
25
0
-54
-65
-24
-6
-38
-66
-49
-37
-68
-103
-102
-39
-13
-65
-97
-88
-70
-85
-116
-121
-98
-60
-25
2
1
5
27
33
18
-11
-37
-34
13
114
137
66
24
48
68
40
17
23
42
76
124
156
120
49
18
35
60
45
13
-9
-3
49
96
106
103
89
82
83
96
101
82
48
36
70
92
60
6
28
81
80
53
57
83
101
119
139
162
160
131
128
146
145
109
90
123
189
230
237
225
181
156
150
154
152
118
84
77
86
104
109
91
89
112
101
57
35
54
82
65
42
53
49
28
42
64
41
6
-1
23
27
-3
-21
-18
1
37
66
75
84
84
66
44
48
74
70
1
-34
-6
6
6
26
61
72
59
58
73
65
29
9
26
51
35
8
-14
-33
-30
-17
-25
-59
-86
-68
-18
22
34
19
-20
-54
-74
-87
-77
-40
-11
-12
-38
-44
-27
-19
-45
-98
-117
-106
-100
-84
-66
-50
-52
-49
-41
-51
-74
-86
-94
-84
-86
0
-102
-88
-43
-6
-27
-82
-113
-89
-68
-72
-81
-81
-87
-92
-113
-107
-58
-25
-26
-18
7
10
-10
-7
2
-6
-30
-53
-72
-84
-60
-24
12
40
2
-53
-65
-34
12
24
5
2
-10
-19
5
41
57
34
-5
16
82
139
144
117
90
72
82
135
177
168
139
130
138
153
152
151
160
147
112
89
104
124
116
68
44
71
84
67
42
56
65
11
-24
-8
-1
-20
-45
-53
-40
-34
-23
-10
9
23
1
-7
49
102
80
6
-25
-2
19
21
34
67
103
115
113
122
131
123
137
133
91
75
119
199
249
264
250
215
171
153
140
128
115
99
92
115
150
177
187
162
88
23
16
44
65
51
43
40
48
93
117
83
38
29
43
54
73
96
89
54
40
58
89
101
98
101
115
152
173
170
185
209
173
122
96
82
93
128
164
189
165
121
99
74
75
60
53
75
88
80
80
97
109
121
132
97
29
-21
-57
-69
-21
66
85
-1
-70
-71
-29
-4
-2
7
27
41
54
69
86
85
65
45
33
27
49
83
122
140
102
55
80
125
131
105
87
84
101
124
133
146
153
124
83
69
76
97
115
107
68
36
35
39
43
43
35
49
37
11
20
40
49
23
-20
-30
53
161
165
87
36
55
102
117
93
54
18
28
103
179
180
134
134
176
167
101
49
38
75
128
152
146
116
92
72
54
28
2
-8
4
19
2
-28
-35
-21
-7
-4
-24
-57
-62
-58
-41
2
58
58
-17
-61
-43
-11
-6
-11
-9
-2
0
21
64
90
81
49
33
54
90
90
50
5
2
25
38
53
66
73
73
44
13
22
60
82
96
108
89
37
6
16
40
37
22
12
-1
-29
-51
-24
16
51
59
49
24
5
12
33
33
11
-17
-39
-34
-10
16
32
36
56
73
66
58
59
58
58
74
93
88
54
34
45
70
57
21
16
51
82
72
43
40
68
89
102
116
122
115
86
75
92
104
83
33
-3
-29
-39
-19
8
21
6
-7
19
56
64
32
1
17
36
25
20
12
-23
-62
-36
36
100
119
96
80
108
168
151
73
37
19
-3
-2
35
73
86
91
99
81
39
6
9
23
27
28
24
33
66
84
91
119
121
80
38
32
57
72
56
50
68
87
80
51
39
44
42
19
-1
-14
-14
-3
21
40
35
3
11
70
101
99
55
6
8
25
48
61
42
4
-26
-11
22
19
-8
-12
17
32
32
38
43
53
71
82
72
61
61
70
86
104
130
134
120
129
0
153
155
124
91
44
-6
-10
26
41
29
35
60
103
109
50
-9
-9
38
80
91
87
69
54
40
28
27
32
25
57
92
90
82
74
66
53
36
21
34
51
50
34
23
28
43
35
21
42
100
106
64
56
89
70
0
-43
-53
-18
23
36
1
-5
29
53
65
93
92
33
-13
-8
5
8
8
24
58
72
90
124
151
128
81
48
35
38
36
34
48
53
42
51
51
36
27
44
53
44
24
16
23
18
2
-3
19
60
89
81
57
50
52
38
16
19
38
56
52
28
13
6
8
39
71
67
22
5
66
109
101
86
74
74
96
98
97
98
99
107
91
75
91
107
98
68
53
60
75
91
107
96
68
75
100
103
103
86
48
19
18
33
42
39
26
24
32
24
25
36
53
70
53
28
25
49
75
76
54
51
76
103
131
144
117
71
64
102
132
108
64
32
34
45
39
7
-24
-23
-13
-12
34
122
156
115
70
66
59
24
-13
-45
-72
-81
-76
-40
-2
-9
-26
-8
12
17
22
34
38
42
64
81
74
55
26
13
18
12
12
10
9
27
57
96
122
144
169
180
180
167
146
113
76
58
72
101
108
99
85
73
64
77
104
108
82
20
-24
-35
-39
-54
-70
-89
-124
-123
-51
18
13
-24
-58
-45
7
35
9
-17
5
51
82
57
9
21
64
66
34
2
-6
-2
29
84
106
89
70
85
108
107
92
100
106
77
35
49
100
102
53
20
20
21
12
11
4
1
4
10
11
11
7
-22
-55
-52
-40
-39
-29
-2
38
43
48
64
66
41
20
8
23
43
28
2
8
71
138
155
124
91
86
106
130
131
114
100
114
161
171
131
83
64
81
97
77
33
1
-3
2
18
44
21
-33
-43
-24
-1
-1
-22
-43
-19
24
35
26
42
73
71
50
35
3
-21
-18
6
39
58
69
92
129
153
149
124
120
104
50
10
27
75
109
136
149
166
192
199
167
105
56
23
19
26
26
1
-24
-21
-9
9
34
54
52
9
-34
-20
29
59
55
28
17
28
27
10
9
8
-12
-18
16
59
96
86
77
98
117
112
87
60
44
8
-35
-18
39
53
32
28
74
131
147
133
102
74
52
40
39
38
39
5
-42
-29
37
80
69
44
34
38
43
38
33
19
9
9
29
51
43
21
2
-3
-10
-20
-10
21
35
32
42
70
77
56
34
36
44
43
44
48
45
41
55
72
60
22
4
29
57
56
40
33
26
26
40
0
53
48
80
144
133
68
17
-5
-13
-4
13
6
-3
17
57
109
105
53
3
-9
0
5
16
41
64
86
117
128
108
69
19
0
29
70
85
81
76
74
96
122
104
65
23
18
52
68
48
33
28
17
3
-2
-10
-25
-30
-9
26
51
49
28
33
55
52
-8
-34
21
83
90
75
85
105
116
96
51
13
4
3
21
53
58
38
38
48
49
38
26
21
25
52
81
56
5
-22
-27
6
69
99
81
58
70
115
161
137
87
71
73
84
107
145
176
170
129
86
83
69
52
72
117
135
118
98
99
112
99
76
77
74
56
50
28
-2
-8
6
16
5
-20
-44
-26
33
49
26
8
-2
-1
17
34
40
56
72
82
67
32
26
61
104
113
80
40
40
65
88
88
72
58
71
71
49
41
68
100
102
85
67
53
49
58
72
56
23
-5
-18
-4
16
9
20
48
59
28
-13
-26
-35
-37
-25
-9
0
0
-2
3
13
19
8
18
38
36
21
24
66
97
75
35
20
27
42
49
42
28
18
-3
-12
2
26
34
11
-2
2
4
-7
-19
-14
-11
-22
-35
-21
7
7
-22
-43
-43
-29
-23
-8
16
52
72
82
89
87
59
43
64
86
85
80
92
124
139
120
89
70
68
55
42
44
66
71
27
1
21
42
58
85
116
130
132
122
109
104
91
82
84
86
69
49
48
40
23
18
28
41
71
105
87
54
42
34
24
40
55
50
40
45
50
40
25
18
25
52
68
83
92
87
83
92
98
100
92
58
28
26
53
82
87
76
66
57
67
87
99
89
56
54
74
51
6
-10
-4
-1
-2
5
10
18
34
38
36
60
97
90
57
41
38
32
40
53
66
57
36
40
68
74
67
81
92
88
58
35
35
65
100
119
120
102
88
90
81
64
42
11
-4
13
38
58
90
97
71
28
-4
-10
-7
-19
-34
-39
-26
-12
-3
3
-9
-20
-7
21
50
34
-2
5
70
135
137
116
122
129
117
115
124
117
93
85
98
118
107
64
7
2
51
97
118
117
106
97
91
100
86
37
-17
-49
-53
-28
13
50
58
41
10
0
16
34
21
-11
-9
19
38
39
43
70
108
121
74
38
34
24
16
40
82
100
112
107
97
96
106
106
96
89
87
74
77
102
107
85
64
51
39
33
22
18
25
33
18
-9
-28
-29
-5
5
-5
-12
4
55
99
97
68
52
72
84
61
28
6
19
50
67
54
33
24
19
13
22
37
0
39
38
55
82
68
38
27
20
9
19
51
69
76
98
97
83
86
92
66
26
18
35
82
121
128
90
41
1
-21
-18
-7
10
40
75
96
89
80
56
21
-8
-19
-6
7
21
45
71
82
80
70
53
49
54
54
64
77
81
59
43
33
28
34
34
35
44
66
82
89
89
68
41
44
71
72
44
27
43
73
88
81
66
59
57
48
48
40
16
-2
2
6
-2
-6
5
52
105
113
85
76
69
39
9
8
23
37
33
26
53
76
57
40
48
54
48
34
28
51
77
87
73
58
48
26
8
-19
-27
-21
4
48
74
66
43
51
64
54
40
36
44
43
39
34
42
68
69
49
45
57
48
24
28
50
59
44
36
42
2
-37
-3
59
84
65
35
39
71
86
68
42
34
33
39
67
115
134
114
83
58
61
88
97
76
67
69
70
66
44
28
29
34
23
7
-2
-2
4
18
29
22
-6
-29
-28
-36
-49
-37
1
25
45
32
-2
-6
19
43
65
80
84
83
92
101
101
108
105
68
23
34
91
144
144
112
114
137
140
129
105
90
118
146
134
106
92
88
75
65
69
80
81
81
86
70
41
26
44
60
50
33
24
22
17
13
-1
-25
-35
-36
-50
-59
-53
-49
-34
6
40
35
23
40
81
98
83
71
71
76
65
53
71
97
100
90
105
140
166
146
115
112
112
108
120
144
151
132
104
108
112
98
89
86
76
66
75
105
116
87
56
40
39
50
51
49
42
27
3
11
51
68
59
34
39
84
112
96
58
52
72
81
76
89
103
128
146
128
99
92
103
106
109
119
117
114
102
100
117
114
73
44
50
71
80
77
76
86
88
80
64
50
35
36
53
53
17
-8
4
20
-17
-40
-12
24
40
43
54
44
19
0
8
28
28
17
18
41
66
67
50
41
39
28
21
28
32
23
21
40
66
64
38
25
43
96
116
87
54
37
35
45
64
53
10
-33
-29
-2
5
-3
-6
-2
7
-3
-27
-20
4
26
43
41
35
28
12
4
26
56
43
19
18
22
19
21
41
59
35
2
10
45
71
61
53
65
57
39
18
18
54
90
81
58
59
56
41
39
42
42
26
9
11
29
43
38
42
60
75
67
41
23
11
-6
-14
5
32
34
34
57
71
66
56
54
55
54
41
18
9
27
66
90
84
69
56
53
73
89
85
64
51
57
56
21
-2
4
19
11
-12
-21
0
26
43
54
0
77
102
97
69
43
39
40
41
29
2
-10
2
25
54
56
40
23
32
53
71
73
71
68
59
52
51
41
10
-14
-20
-8
-10
-35
-54
-41
-11
0
-3
-13
-35
-42
-25
6
22
8
4
18
42
66
76
73
66
61
60
40
32
44
50
33
20
16
22
36
42
45
32
19
26
27
-2
-33
-46
-52
-39
-22
-26
-34
-25
-6
2
1
-7
-26
-45
-57
-35
3
5
-4
1
20
32
34
37
54
65
60
88
108
82
39
22
29
49
52
35
42
60
41
20
53
92
90
68
41
18
8
20
24
1
-21
-13
13
33
28
23
24
28
25
11
-11
-42
-42
-17
3
13
28
44
44
38
49
80
75
34
5
6
34
54
61
80
89
100
106
102
99
104
86
22
-11
22
74
71
44
38
20
6
16
18
25
52
96
122
72
-4
-18
16
41
23
-11
-25
-24
-12
11
18
6
-3
-26
-72
-98
-78
-38
22
72
73
41
32
70
115
96
48
36
41
37
35
52
60
54
52
58
56
37
11
-1
4
13
19
20
32
34
-3
-34
-29
-35
-52
-74
-75
-42
1
24
8
-21
-17
9
26
25
24
37
55
68
71
70
74
58
49
58
70
74
76
84
82
54
6
-14
8
43
74
117
162
202
198
140
97
98
88
55
33
50
84
109
116
98
82
64
35
20
21
37
65
88
118
150
148
118
101
84
65
85
118
105
48
9
28
85
131
97
40
16
27
65
117
134
98
59
76
140
181
166
138
128
124
98
66
77
102
89
72
88
116
123
90
64
65
97
124
123
130
138
139
131
102
49
26
28
20
4
-5
2
28
56
64
68
81
119
118
38
-9
22
83
106
96
86
97
90
91
123
155
161
137
113
96
103
122
130
131
152
164
138
108
108
135
140
104
58
37
25
34
53
69
56
42
66
85
85
56
34
40
32
-2
-26
-17
23
48
42
41
52
83
97
92
91
92
82
83
112
137
129
97
81
86
90
88
86
72
39
21
33
51
51
44
44
68
83
45
8
33
71
48
22
41
59
56
52
67
44
-22
-83
-109
-99
-62
-22
-2
-11
-33
-17
19
32
0
-50
-71
-53
-6
37
35
-6
-36
-25
-1
10
16
27
48
56
66
83
98
89
59
32
9
-4
-3
6
3
-11
-41
-67
-56
-45
-73
-82
-45
3
24
-26
-105
-118
-59
-12
-12
-22
-22
-22
-12
2
33
42
26
9
5
38
71
54
10
-2
20
49
53
39
36
32
20
11
17
0
42
73
97
89
81
86
90
76
49
9
-23
-53
-49
12
83
103
80
59
66
53
10
-14
24
84
84
44
35
60
93
102
104
60
-7
-26
17
76
105
84
58
55
74
86
71
57
65
76
84
84
73
55
42
45
67
90
91
66
66
106
135
120
76
34
44
84
64
25
-1
-10
-11
-14
0
23
37
24
10
-3
-4
4
9
-5
-38
-58
-40
9
54
88
96
73
61
59
57
51
32
4
19
65
112
136
145
145
131
113
89
67
59
48
18
3
5
43
85
103
84
51
45
49
44
44
32
10
23
59
69
51
49
54
44
-4
-55
-58
-20
-25
-57
-39
1
16
19
53
104
149
155
132
128
147
152
130
92
69
74
101
141
161
119
57
51
82
99
87
57
51
75
86
48
12
33
60
72
66
43
29
34
34
55
88
59
2
-7
32
55
32
0
0
29
50
34
35
52
54
36
18
10
17
25
66
117
124
73
25
22
50
57
50
66
102
134
123
89
65
60
43
8
-26
-42
-12
28
68
82
57
26
4
-1
8
21
26
51
106
132
81
22
21
49
