32
52
49
10
3
22
18
-12
-35
-35
-27
-11
-3
6
13
17
17
27
53
53
24
20
41
49
2
-11
32
88
113
106
93
92
102
102
74
26
-2
1
11
22
37
42
37
40
65
74
58
52
55
28
5
1
41
107
108
43
-5
4
39
55
56
38
12
-6
-7
28
82
102
85
76
74
67
58
60
56
50
39
18
25
69
92
85
73
64
59
61
56
52
41
17
10
27
52
57
66
85
91
49
-7
-28
-5
21
37
48
60
80
92
102
90
76
57
34
20
18
26
37
48
50
35
36
35
24
16
8
6
-17
-45
-36
11
71
97
91
86
100
124
144
146
135
135
135
130
123
121
117
104
88
84
91
98
82
70
85
90
67
50
57
65
59
42
21
6
-14
-43
-57
-67
-77
-67
-38
-20
-13
0
19
21
17
10
-8
-27
-20
-6
1
4
6
25
54
68
50
22
17
22
25
35
44
66
80
66
23
-1
1
20
34
42
48
58
84
104
119
120
76
-1
-68
-76
-44
-4
8
3
7
32
50
57
56
29
-13
-39
-22
9
22
23
26
28
13
0
-7
-2
5
4
6
8
1
-11
-25
-38
-41
-27
-24
-26
-10
11
9
18
42
35
10
19
67
99
86
60
54
69
70
42
24
41
48
28
29
55
83
76
43
16
17
0
40
67
68
42
24
32
38
50
65
64
43
44
96
121
118
122
147
161
164
152
145
139
119
81
64
67
65
65
67
70
55
35
37
52
39
-2
-10
12
20
2
3
34
50
40
27
25
10
-11
-21
-12
-1
-2
-22
-21
2
28
65
92
104
96
77
56
54
83
97
93
102
97
74
77
113
137
139
89
34
34
50
40
8
-26
-26
21
67
75
64
55
52
55
67
68
55
44
22
13
20
18
20
28
32
18
13
12
29
65
107
133
109
72
68
76
82
75
59
53
73
98
88
61
55
54
37
22
45
87
103
88
85
98
101
116
128
108
67
17
-6
-13
1
28
22
9
26
65
74
60
61
71
53
34
27
7
-21
-25
0
21
40
55
57
39
42
57
59
65
64
55
41
39
48
45
36
42
66
75
60
50
74
101
72
34
35
52
55
40
17
3
6
11
11
6
-3
-22
-34
-11
27
44
23
26
70
103
90
61
64
84
86
70
54
64
70
40
20
42
99
124
123
112
96
97
106
98
56
12
6
18
39
57
70
73
70
57
50
66
73
35
-9
-18
-4
1
-20
-45
-52
-35
-12
8
28
34
26
25
21
7
-3
-11
-25
-11
17
20
11
17
33
57
71
36
-6
-9
19
44
42
37
52
72
76
59
56
64
65
48
22
23
41
52
59
55
26
20
45
50
37
21
18
33
23
-10
-27
-21
-14
-12
-11
-5
6
16
44
89
88
34
-10
-19
-8
1
-1
-2
28
76
114
138
141
109
83
84
97
86
60
55
68
101
124
129
119
115
93
74
67
51
37
36
36
38
37
24
32
42
37
19
17
24
17
8
21
54
75
71
66
81
90
75
50
42
41
33
36
44
52
58
58
70
77
73
66
69
72
64
52
36
27
37
54
50
32
29
49
54
49
40
23
0
-13
-5
22
27
3
-23
-45
-52
-45
-33
12
25
-12
-51
-33
12
42
40
20
12
18
27
48
73
84
74
65
65
70
55
39
49
61
53
42
35
28
36
45
57
58
44
22
20
42
56
54
51
55
81
86
58
48
55
76
65
40
53
107
116
81
70
73
81
87
90
90
90
93
102
117
136
121
76
59
87
108
96
87
100
117
116
107
98
89
101
109
123
135
118
73
50
55
55
44
50
57
48
11
-5
0
4
0
1
21
50
34
-1
-22
-17
-18
-27
-24
1
9
19
66
123
133
99
71
65
68
67
81
99
87
64
67
74
0
56
48
42
45
56
77
123
148
132
88
70
75
82
85
72
38
11
18
38
50
37
32
36
19
-10
-17
2
12
6
-17
-29
-22
6
45
56
37
20
24
43
56
56
41
29
34
43
66
84
89
58
28
28
51
64
68
59
42
40
56
66
48
26
12
9
21
42
60
52
27
7
2
17
7
-26
-43
-35
-19
0
19
34
36
11
-21
-25
-14
-11
-17
-6
12
11
4
12
22
8
1
9
23
27
17
39
91
121
107
76
69
74
71
75
87
98
100
88
72
65
53
50
70
81
51
24
36
49
49
55
40
7
16
50
50
37
42
43
39
39
38
32
28
38
40
40
35
38
43
53
61
55
44
50
69
96
105
103
92
81
72
66
68
72
84
92
97
108
112
98
81
53
28
26
48
73
82
73
56
42
43
48
48
38
10
-10
-1
35
51
24
7
10
26
22
12
40
80
87
56
24
32
38
36
33
51
61
57
55
69
75
64
37
33
43
49
37
42
66
81
80
81
83
76
66
68
80
74
68
51
42
66
85
60
49
61
60
26
-3
-11
-23
-54
-71
-52
-17
6
11
7
26
55
49
11
-9
-10
-12
-12
5
37
64
60
39
38
60
73
66
52
36
21
33
58
72
51
9
-2
17
33
43
56
69
77
87
101
103
80
59
58
64
57
55
73
68
40
27
40
45
38
25
17
18
34
39
36
24
10
21
22
-7
-29
-35
-37
-34
-22
-7
2
9
27
39
23
-2
-2
27
59
73
77
86
83
65
42
42
61
72
53
12
-1
21
57
82
71
37
36
69
66
25
4
10
39
60
53
41
43
73
101
105
91
80
61
37
32
48
70
73
53
39
52
69
59
39
44
50
55
48
39
50
48
33
17
12
32
41
20
10
24
37
36
39
51
50
34
4
-19
-21
-24
-12
16
16
-2
0
32
59
69
56
40
51
75
76
60
64
73
80
84
96
135
145
109
89
81
55
24
23
40
39
38
61
90
117
124
108
89
77
66
45
40
41
35
36
42
58
74
72
58
54
54
48
33
24
42
58
58
70
121
166
149
106
85
90
99
91
88
90
97
98
105
131
128
89
82
113
124
113
102
114
130
130
130
139
163
163
123
102
116
130
120
113
112
113
118
118
119
128
104
72
57
56
54
45
48
56
66
59
34
16
36
59
66
69
80
71
37
6
2
1
2
9
19
23
42
53
25
5
23
0
50
44
16
-13
-18
-12
-17
-10
-9
-14
-12
5
38
64
65
41
7
-2
17
39
40
3
-11
33
67
49
8
-17
-3
37
58
42
39
60
60
64
70
71
51
28
35
44
38
27
28
35
32
34
42
54
40
9
-2
11
21
1
-21
-17
5
32
51
53
54
33
1
-1
9
6
-7
-18
-11
-12
-28
-38
-13
24
27
3
-6
4
26
35
19
27
51
50
32
43
70
74
84
87
77
74
73
71
72
83
100
125
132
106
74
68
66
49
24
-3
-6
-8
-25
-45
-65
-58
-39
-37
-38
-41
-42
-38
-36
-13
-2
-13
-12
27
67
80
84
85
71
51
41
41
37
49
75
69
43
60
102
122
129
132
118
98
69
53
66
87
118
133
112
80
76
101
135
136
97
66
64
85
105
103
91
85
85
80
71
67
49
26
21
26
43
53
44
37
35
10
-23
-28
-3
4
-9
-20
-4
29
55
69
65
33
22
33
32
38
53
71
87
89
88
83
81
67
45
37
48
82
100
91
74
80
106
106
69
43
44
52
43
23
3
-13
-22
-12
0
5
9
24
37
16
-14
-35
-27
-6
5
-14
-29
-8
8
8
2
-18
-41
-53
-42
-9
19
25
28
32
33
26
0
-18
-7
16
25
11
0
0
9
21
32
27
4
-28
-38
-14
-8
-35
-50
-35
-35
-44
-40
-19
-8
-24
-38
-29
-7
1
-28
-65
-66
-39
-21
-11
1
-17
-53
-65
-60
-57
-54
-41
-14
10
7
-5
-5
5
12
3
-4
10
41
77
87
59
42
39
28
13
16
20
13
1
2
20
39
44
22
12
18
17
24
44
37
-5
-25
-1
44
73
67
56
35
16
24
37
41
44
41
54
68
84
96
81
65
67
84
96
88
92
106
89
60
55
67
69
70
88
100
99
76
67
82
96
77
57
54
60
69
52
29
27
26
6
-9
-5
-2
-19
-21
25
72
74
60
51
49
50
44
38
52
52
40
41
60
72
72
80
89
93
91
90
107
122
129
105
60
34
41
60
86
119
124
107
90
74
57
55
70
80
81
84
84
96
99
90
66
32
5
1
0
-7
-14
-52
-78
-60
-20
21
58
64
55
68
89
83
58
52
52
60
86
112
152
167
121
68
71
99
93
72
49
36
50
76
101
102
101
106
108
106
93
69
81
113
105
68
53
75
97
89
74
64
48
39
40
43
51
56
50
36
37
42
29
8
11
34
37
22
9
16
28
42
41
54
80
83
73
59
39
9
10
34
0
54
76
73
74
83
87
93
90
82
66
50
38
39
54
59
73
84
74
57
52
57
86
92
56
8
-14
-22
5
68
66
17
-1
7
21
27
5
-43
-45
0
42
65
68
68
70
64
48
32
18
-2
-6
-2
2
22
48
76
104
115
104
89
76
65
42
41
64
73
66
60
70
67
50
32
28
39
41
32
49
83
88
58
25
-9
-18
3
12
20
20
-6
-35
-21
12
34
16
-9
-4
19
50
64
66
72
72
75
85
76
86
102
85
54
37
40
58
75
73
50
35
37
51
57
37
24
39
41
20
0
4
33
55
55
65
89
90
60
41
36
25
26
44
37
16
17
27
36
35
33
38
55
58
49
66
92
71
21
-8
9
54
69
65
60
68
84
97
97
87
66
32
8
22
57
72
64
70
85
75
51
33
22
10
9
16
-2
-13
-14
-29
-22
13
41
42
39
72
104
81
51
54
77
83
48
26
27
33
39
42
59
86
82
43
36
51
66
102
131
92
42
17
19
34
35
19
8
21
39
52
67
68
59
60
57
27
-4
-4
26
69
92
87
73
69
81
97
105
108
106
105
103
71
48
55
51
20
1
1
10
28
42
45
29
5
-10
-22
-25
-8
10
39
73
81
61
40
43
58
54
39
28
18
17
23
41
65
64
55
52
74
106
92
57
48
55
44
26
27
40
53
58
71
97
108
84
43
49
65
58
57
44
16
2
12
29
54
67
48
32
34
36
22
-12
-35
-36
-11
10
12
10
42
54
25
4
11
21
9
11
25
21
6
17
57
85
72
55
45
49
57
76
85
56
27
37
81
115
108
90
82
101
131
131
91
60
55
38
11
9
21
37
52
64
70
72
80
107
139
112
33
-26
-46
-40
-38
-45
-37
2
16
-3
7
59
108
92
44
23
43
81
106
103
75
68
72
74
72
58
40
36
51
71
73
83
101
113
104
96
105
120
105
74
64
75
99
98
69
35
36
67
88
83
82
77
38
5
-1
-2
-12
-28
-39
-26
-11
2
20
43
50
22
-4
-13
-1
23
55
75
59
28
22
37
59
61
45
56
99
117
86
65
72
74
64
52
56
77
86
74
61
39
9
-13
-8
28
51
28
10
22
29
9
-18
-27
-28
-37
-26
0
32
54
56
28
11
27
48
49
34
33
40
61
98
107
90
77
97
124
132
124
123
124
108
92
99
102
88
72
71
82
92
81
69
100
123
115
68
0
21
8
19
43
66
70
52
8
-6
24
48
18
-25
-43
-38
-41
-41
-20
25
56
38
4
9
37
41
28
22
27
12
16
40
70
80
71
71
100
135
131
101
97
98
74
56
67
70
72
65
43
24
20
4
4
17
29
42
67
99
122
97
53
17
-1
-4
-4
7
18
-5
-20
33
84
32
-53
-67
-13
24
24
8
3
19
50
77
76
61
54
55
71
109
137
137
132
122
117
119
132
131
122
133
131
121
123
124
99
53
37
37
17
-14
-23
-2
16
26
23
-11
-38
-33
-14
-6
-6
-11
-9
4
16
16
21
49
90
114
101
69
54
52
29
8
12
33
48
64
81
86
83
92
109
128
106
37
4
17
6
-11
-21
-18
0
19
32
68
105
86
36
1
-21
-26
-34
-35
-20
3
16
6
4
34
68
67
34
6
7
22
43
74
84
71
53
53
84
107
105
101
87
85
90
89
90
96
86
54
27
33
53
72
92
101
98
72
58
57
28
4
8
11
2
-3
18
53
83
84
65
64
87
97
64
32
50
85
82
54
39
41
57
77
76
59
36
22
23
35
43
43
34
37
43
43
38
32
25
23
55
103
96
55
17
12
53
71
22
-50
-55
-17
2
25
55
58
36
21
32
65
81
72
61
66
76
81
89
105
82
39
24
42
67
76
67
39
34
59
101
119
91
68
77
96
74
34
6
6
34
41
27
24
36
68
82
55
17
1
10
19
23
42
81
102
75
50
50
53
40
22
28
38
32
41
59
64
64
61
55
49
54
71
75
54
28
23
43
64
59
42
24
32
65
73
52
34
19
18
38
52
58
72
80
71
51
37
33
29
27
38
45
43
26
18
41
66
43
4
-6
10
23
23
22
16
1
-6
10
26
42
66
81
76
53
25
23
38
41
34
39
66
83
71
68
72
66
54
51
33
18
33
54
67
71
49
9
10
39
64
55
57
101
139
124
82
71
90
82
38
33
90
145
115
20
-24
5
33
18
-18
-22
10
35
42
58
56
35
20
21
13
-1
0
20
39
61
85
77
66
75
87
85
91
85
58
44
50
35
5
6
22
37
36
27
24
25
23
24
43
76
73
34
17
19
7
-17
-43
-59
-46
-7
21
27
48
72
93
104
113
107
56
10
0
18
52
74
90
81
48
32
22
11
8
38
85
112
90
53
39
75
101
73
44
51
57
37
28
55
93
85
35
9
26
44
0
41
34
48
65
59
49
52
81
100
81
50
38
54
64
76
99
108
104
109
120
133
144
129
101
76
70
68
75
115
132
118
109
108
106
88
58
57
66
48
19
5
21
36
38
40
34
39
53
56
37
25
17
6
-3
-6
12
29
33
42
52
52
49
39
12
-2
5
28
73
92
61
33
38
71
80
66
60
84
109
124
120
108
96
82
92
121
121
97
74
65
41
12
1
21
49
40
11
-6
-11
-11
-10
-6
-4
-2
10
29
32
18
4
3
-3
-17
-24
-38
-26
-5
7
1
-19
-22
-7
-1
-7
7
54
102
139
171
156
103
69
65
58
44
32
16
7
28
66
85
73
54
52
55
57
72
92
85
71
40
10
20
39
48
41
22
12
7
-4
-13
-18
-14
-12
-14
16
50
43
32
16
21
58
74
61
48
52
90
123
128
106
81
60
56
54
73
99
99
88
86
67
37
22
26
36
17
-22
-41
-27
-10
1
-2
1
12
17
7
8
38
75
86
85
81
67
51
49
85
119
118
85
64
56
53
54
65
76
96
104
104
103
83
53
33
27
27
16
19
32
32
27
37
60
70
58
54
57
57
53
43
27
5
-7
-14
-27
-34
-35
-34
-39
-33
-21
-4
19
37
39
44
50
50
65
97
97
54
19
41
75
83
85
104
129
118
89
69
65
64
60
81
99
88
40
19
50
83
75
60
58
65
58
71
116
135
86
9
-21
-7
32
55
28
-11
-13
26
58
68
66
61
67
74
81
84
89
82
72
82
85
69
61
76
100
102
99
98
92
89
102
122
117
73
54
69
88
86
80
84
83
64
45
58
76
70
37
11
18
51
38
-9
-21
1
22
44
59
51
35
44
69
98
85
51
25
5
-1
-11
-26
-17
18
55
81
96
104
102
98
99
100
98
87
82
84
84
74
83
92
86
75
69
76
83
58
24
25
67
99
97
64
38
44
64
73
86
75
41
24
21
23
41
45
52
66
67
42
20
36
67
82
70
50
52
82
102
115
100
70
37
19
35
61
72
82
88
83
54
34
42
43
26
25
38
54
73
68
38
40
60
51
25
21
32
38
53
76
85
54
16
1
19
51
52
32
21
20
25
27
26
34
34
10
-3
9
18
7
5
26
29
3
-27
-10
23
54
72
72
58
53
55
70
84
70
38
27
19
16
20
19
6
6
8
-4
-23
-21
-12
-12
6
44
56
34
18
19
35
22
-5
-23
0
-21
-11
-19
-42
-41
-28
-24
-21
-5
19
53
67
65
67
75
76
70
61
53
49
57
64
58
48
28
24
18
1
10
48
70
60
29
21
40
52
26
1
13
37
33
24
19
11
7
9
35
67
82
74
69
56
52
27
11
8
-8
-44
-68
-34
39
83
74
55
50
51
55
68
70
51
32
27
33
23
11
10
28
37
27
32
41
57
59
49
28
33
42
42
37
40
74
104
99
75
58
33
5
6
40
65
56
48
49
49
35
13
6
26
49
43
39
43
59
59
45
32
5
-9
2
33
60
73
59
36
35
48
34
5
5
29
37
22
8
-3
-21
-19
8
42
55
41
28
40
66
85
93
82
82
84
72
44
34
33
32
41
59
73
93
114
118
96
59
48
53
66
68
65
75
109
137
137
120
115
120
104
81
72
72
65
28
13
40
55
51
52
50
44
29
21
32
44
34
26
52
66
50
27
26
32
21
10
5
7
18
21
22
21
28
43
54
71
91
91
53
22
20
44
57
33
10
27
72
104
131
135
108
96
103
102
77
43
32
50
75
83
70
68
80
56
29
37
58
57
35
7
8
26
41
40
23
-3
-18
-9
6
17
32
36
27
11
1
-8
-17
-7
3
17
27
36
36
38
56
55
42
38
45
56
69
75
73
85
96
88
75
82
93
59
18
-1
29
86
113
107
83
74
96
103
98
96
98
77
38
21
28
41
61
50
12
6
23
43
53
56
44
51
88
103
56
-10
-27
4
18
3
-4
-3
1
1
-7
3
11
6
5
22
41
33
19
33
51
51
43
49
66
72
61
71
106
128
117
96
80
86
98
102
97
91
93
70
35
25
37
36
12
-3
-4
-5
-8
-8
-2
18
58
92
92
56
19
12
32
48
43
34
41
75
82
66
50
48
60
64
53
32
22
50
85
93
76
54
53
70
70
66
69
65
53
54
58
60
70
84
65
28
19
25
20
9
26
26
-3
-50
-56
-19
2
-11
-28
-22
7
44
51
40
40
50
58
54
37
18
23
51
75
76
42
1
4
52
82
65
43
50
59
52
58
87
106
104
113
138
152
147
149
133
101
93
102
99
90
89
92
84
68
67
52
33
25
13
-8
-30
-17
27
39
-4
-50
-45
-20
-6
3
20
26
5
-20
-25
-19
-18
-17
-13
-22
-49
-66
-52
-25
-5
-1
-3
2
17
36
69
99
91
65
34
24
55
92
112
101
81
82
88
0
85
97
113
108
114
136
151
141
119
103
96
102
102
69
50
61
67
39
2
-1
9
12
12
33
28
19
33
41
20
-7
2
36
59
57
52
49
34
23
25
22
35
64
81
84
73
70
86
103
120
113
98
97
106
131
134
97
65
57
66
65
57
51
54
67
80
76
69
49
22
-4
-2
20
21
17
26
35
34
34
34
36
45
45
32
28
32
13
4
21
42
39
19
9
20
16
9
42
76
69
69
108
119
77
34
52
100
81
20
7
56
105
108
96
93
122
135
93
52
28
17
7
10
19
26
40
52
56
56
52
48
57
71
69
59
67
85
91
82
70
77
77
53
18
-1
-12
-6
-3
-9
-12
-20
-21
-1
24
43
52
-3
-41
-14
38
84
114
108
77
65
71
66
75
106
121
99
58
32
27
50
65
54
29
13
3
-5
5
22
18
7
32
60
74
59
42
54
61
60
44
27
32
44
37
7
-7
-20
-27
-14
21
58
100
129
137
134
118
98
81
57
41
41
43
51
74
85
74
85
117
105
40
12
50
97
90
36
-3
5
44
68
75
80
72
50
28
21
9
3
1
3
5
-3
13
66
84
52
17
9
27
58
74
60
42
43
74
100
85
55
56
77
102
114
107
98
91
89
90
86
74
77
88
99
115
123
115
100
90
88
82
69
66
71
72
58
49
41
52
73
83
60
34
28
36
16
-11
-14
-12
-14
-24
-9
17
33
35
38
34
18
-8
-26
-17
3
22
65
103
81
32
18
21
16
24
42
66
106
130
132
138
138
116
72
40
43
57
67
82
93
102
82
28
-2
16
51
71
59
43
44
43
39
23
9
16
10
2
6
17
39
49
19
-17
-20
10
51
72
82
86
75
68
72
83
74
51
25
20
21
26
43
42
24
19
26
33
35
45
71
85
76
60
35
23
38
34
33
44
48
20
-5
-2
19
27
10
7
33
42
45
72
108
101
74
71
43
17
24
54
67
57
44
44
65
74
64
48
42
58
74
69
65
74
75
57
33
23
40
49
25
13
27
37
36
16
-7
-13
-17
-4
12
17
3
-10
3
44
72
53
10
-19
-3
26
34
24
36
53
38
24
38
70
72
49
23
8
19
51
80
75
49
35
52
74
65
44
50
74
107
138
148
138
128
120
125
146
151
123
92
86
84
59
40
38
41
27
1
-18
-17
-2
5
-4
-21
-26
-26
-13
8
12
3
-10
-18
-9
0
-6
-17
-20
-25
-39
-51
-55
-27
17
35
38
60
97
115
101
87
75
57
48
38
28
32
49
66
74
70
68
57
44
55
73
70
71
81
81
84
87
81
71
50
20
7
10
20
9
10
37
69
73
42
34
45
74
90
56
23
23
32
28
34
28
10
11
26
41
36
24
36
58
70
77
87
74
69
69
59
52
37
25
25
51
73
76
74
91
120
113
74
53
59
49
21
23
48
53
25
20
23
25
17
1
9
48
59
44
44
65
76
97
124
140
116
68
43
54
70
83
76
69
73
87
98
118
135
124
107
99
82
69
69
90
120
139
117
72
53
56
48
38
41
38
42
21
8
38
65
54
41
56
60
36
10
22
44
28
-21
-37
-10
-9
-24
-5
40
72
60
44
56
66
48
32
39
54
54
24
12
48
81
74
56
55
42
16
-2
6
39
65
53
26
16
34
44
49
71
97
96
87
99
113
106
100
97
76
54
37
41
59
74
66
28
-3
6
52
85
83
52
33
38
55
68
75
80
89
105
122
118
91
82
101
101
66
40
53
77
65
55
50
10
-11
23
64
69
53
24
5
6
27
51
43
26
9
-1
5
27
36
33
32
12
10
28
38
22
3
-4
-11
-9
2
16
-8
-37
-23
23
66
80
81
73
84
114
141
139
124
112
90
85
106
116
106
84
64
28
-2
-6
3
2
-11
-22
-10
-13
-36
-29
8
44
36
-14
-51
-44
-28
-26
-23
2
10
-17
-35
-23
-6
0
2
7
18
27
45
75
103
107
92
76
74
88
88
76
85
103
101
96
90
70
48
57
81
80
55
39
60
87
73
43
23
23
40
60
60
42
28
26
32
38
50
51
24
-5
-4
4
3
16
28
19
0
4
26
23
0
-1
20
43
50
53
61
74
71
49
35
39
52
69
70
73
85
98
82
53
33
27
40
60
81
88
81
73
82
86
77
75
84
83
72
51
37
45
59
55
49
51
56
51
21
16
12
26
58
80
71
49
28
33
54
55
35
8
1
16
21
16
26
58
58
49
61
80
77
60
56
72
100
112
91
84
97
100
90
77
71
73
71
71
67
45
39
42
48
44
33
10
19
40
68
74
36
5
6
16
16
25
52
66
49
32
43
73
116
132
85
17
-5
11
34
45
57
65
65
64
68
67
58
41
37
33
25
32
45
54
50
36
20
-2
-18
-24
-29
-13
-3
7
26
50
48
24
0
0
-3
0
-6
1
24
42
27
6
18
58
86
84
82
107
117
67
23
44
87
97
81
51
23
18
51
87
86
66
57
71
91
119
140
155
164
157
148
130
108
90
80
70
70
76
97
116
117
84
51
39
37
50
57
43
34
35
34
38
58
65
50
33
20
21
34
43
41
35
49
75
102
133
139
118
92
77
80
90
81
41
13
9
19
21
25
48
64
50
44
40
26
11
-9
-11
-17
-37
-73
-67
-12
37
52
43
49
52
25
0
-8
-6
11
54
58
23
-4
3
17
25
24
11
11
25
42
59
75
90
76
24
-20
-10
24
54
60
65
68
67
66
83
108
101
38
-10
-21
0
22
32
34
44
75
92
81
70
73
81
66
48
38
41
55
69
58
39
42
60
64
52
44
45
52
54
44
26
40
60
72
59
44
52
76
80
66
81
81
42
16
19
35
42
38
35
35
36
38
65
97
92
65
66
88
96
86
83
76
55
37
51
64
55
48
49
58
64
57
55
58
68
89
106
100
87
80
64
50
58
71
58
36
26
40
65
72
60
