24
5
-43
-106
-124
-69
7
33
10
-17
-56
-76
-42
38
75
22
-23
13
92
130
101
36
-35
-72
-55
-10
-3
-50
-85
-73
-41
-23
-22
-1
20
5
6
71
120
75
10
-3
17
36
41
34
18
0
-9
12
86
146
152
131
139
168
161
130
102
84
74
45
28
39
49
29
7
9
28
27
3
4
58
112
99
57
23
0
-7
-2
-2
-19
-30
-33
-14
3
33
38
11
-38
-74
-57
-4
50
69
53
57
80
89
128
166
203
197
161
149
157
162
152
130
103
88
91
114
114
124
137
138
115
84
60
50
24
11
24
41
43
57
69
42
17
13
32
57
59
42
0
2
45
67
60
56
74
75
49
35
37
28
18
28
43
57
66
73
85
99
84
56
60
71
60
39
38
56
81
90
97
73
19
3
32
53
48
27
40
83
93
71
52
68
88
76
34
-3
-27
-49
-34
-9
6
25
37
25
1
10
40
45
35
36
53
51
6
-21
1
54
85
90
103
104
92
102
129
121
71
19
-9
-12
8
41
60
80
90
83
81
100
117
58
-19
-33
3
26
28
22
20
16
12
39
64
82
89
74
32
11
26
65
89
73
43
36
41
53
60
67
73
88
97
96
99
108
102
76
48
50
69
73
68
65
60
82
97
108
91
38
-4
0
4
33
33
-8
-27
24
83
70
41
39
56
60
59
80
91
81
53
42
58
53
40
28
24
36
40
49
80
89
69
43
20
18
38
56
68
100
102
59
17
6
17
17
8
11
24
28
39
52
49
25
-3
-5
23
36
25
4
8
43
67
60
76
88
43
10
25
81
98
50
0
20
88
108
76
55
68
81
69
53
38
27
38
58
66
35
1
-26
-21
3
10
7
2
10
36
18
2
26
57
33
-12
-35
-18
13
18
7
-5
-17
7
58
85
81
71
80
96
120
122
81
48
40
49
54
60
76
92
123
146
150
134
76
20
8
16
10
16
51
87
83
55
3
-24
-2
4
5
23
34
32
13
17
40
37
-5
-39
-69
-88
-85
-54
-10
22
23
5
8
43
76
76
76
85
87
68
58
65
70
77
81
72
68
84
96
108
123
123
119
121
120
115
105
86
51
19
3
7
35
51
39
20
18
39
32
-22
-39
-26
-23
-22
-28
-41
-17
38
112
135
74
0
-21
-5
21
21
-13
-41
-1
70
96
75
54
43
28
6
1
24
53
90
123
121
106
117
118
99
71
59
71
82
69
36
33
68
90
89
82
88
101
104
89
44
6
-3
36
80
48
-6
-20
-6
6
2
-5
-11
-36
-53
-29
8
35
48
37
27
17
25
37
39
42
55
84
104
68
20
5
12
52
77
56
21
10
23
35
38
51
55
36
39
67
70
56
49
41
34
27
23
33
42
50
57
51
39
33
34
43
68
80
51
19
7
36
74
100
106
74
23
22
65
105
99
86
74
70
81
83
90
74
22
-9
2
20
41
42
4
-18
-8
-1
-7
-17
-21
-23
-54
-60
-26
-8
-41
-67
-43
8
76
131
136
114
80
52
29
21
8
-26
-55
-21
26
52
68
92
113
105
82
73
83
91
93
96
114
125
104
92
82
33
6
27
39
24
-7
-39
-41
-27
10
51
65
50
57
70
54
37
36
29
34
36
54
74
85
69
59
68
67
42
24
20
12
-4
-6
20
40
26
-10
-24
-1
28
43
53
85
117
121
112
87
45
32
55
80
71
44
42
57
71
70
60
51
32
4
2
38
66
52
24
33
75
112
103
85
85
71
42
36
52
61
53
32
12
9
27
44
51
40
44
75
83
60
58
80
96
90
69
58
49
65
96
57
-5
-12
12
33
16
5
20
50
72
109
165
153
103
38
-8
-25
-2
24
21
6
9
36
59
76
74
57
53
49
49
0
50
39
41
64
85
70
38
43
65
24
6
44
101
130
117
112
146
201
176
88
35
20
17
0
-13
-18
-2
13
36
53
37
-9
-39
-7
27
28
24
27
28
19
17
19
2
-2
11
28
42
44
27
11
26
56
81
76
66
66
65
71
72
41
-2
-18
7
65
103
89
55
57
69
56
38
39
50
58
38
-20
-58
-59
-38
-18
-8
-14
-8
18
35
39
38
35
12
-17
-14
12
42
60
61
97
135
119
86
73
85
101
105
86
64
84
123
132
117
119
137
123
70
40
69
114
130
122
113
96
106
114
102
69
36
1
-26
-25
-6
6
-5
-3
48
92
59
4
-18
-21
-26
-25
-51
-61
-22
38
84
90
85
73
56
33
16
21
49
68
52
37
50
64
77
71
42
20
2
19
66
106
124
132
118
83
61
83
93
73
28
-6
-27
-20
10
55
82
45
-6
-10
21
33
23
20
22
3
-1
18
29
12
6
45
65
57
57
25
17
23
25
17
8
6
16
37
56
57
52
36
20
6
2
29
67
82
74
55
59
71
58
21
-12
-2
29
49
28
-4
-18
5
35
44
55
38
6
11
42
68
50
20
-2
-20
-24
-21
-21
16
68
75
52
28
20
25
43
53
41
34
26
37
57
85
99
88
44
25
57
83
73
57
51
49
64
93
97
54
25
40
57
39
16
13
19
1
35
134
181
100
1
-19
9
10
-10
-42
-44
-12
17
26
39
65
73
59
52
52
60
75
98
129
147
138
113
88
82
83
83
73
48
22
18
36
56
59
58
56
53
34
21
42
70
81
65
17
3
33
57
58
74
93
57
11
10
39
57
50
26
39
74
83
60
36
28
18
1
-10
-9
-5
-8
19
45
41
32
48
60
34
10
10
22
41
54
54
45
54
67
43
32
43
68
77
71
59
57
60
53
24
20
56
84
80
92
135
107
18
-8
38
91
116
108
100
115
120
124
145
123
92
83
89
103
99
80
67
74
87
58
21
1
-6
0
-12
-45
-45
-25
-23
-25
-1
33
42
57
72
58
56
66
56
28
16
25
50
74
72
51
50
76
99
102
85
60
51
53
72
86
87
102
118
105
87
88
107
119
120
105
83
66
58
50
35
51
66
50
23
9
12
24
27
48
51
17
-9
-14
-2
25
35
11
-20
-10
38
75
86
90
88
77
56
34
20
18
21
18
7
3
8
12
12
20
28
49
80
81
43
6
-7
8
19
-7
-36
0
-23
9
25
22
37
83
67
-6
-30
3
21
-8
-37
-22
8
64
92
93
80
44
28
41
40
20
4
16
71
115
120
115
107
104
84
56
56
60
54
42
34
41
36
21
38
80
67
4
-30
-24
-7
-12
-43
-55
-42
-22
-20
-5
42
58
33
0
-1
25
32
11
2
6
6
18
53
81
72
37
32
59
98
104
89
84
85
81
67
61
87
112
112
96
98
105
96
89
102
101
72
52
66
75
73
64
56
52
50
44
38
41
37
32
40
44
18
-20
-26
-28
-42
-40
-4
55
106
98
43
18
38
73
86
59
45
65
88
109
125
119
81
41
45
82
100
90
84
86
88
112
132
120
96
75
80
86
85
82
61
48
53
66
53
10
2
9
-3
-7
10
37
51
35
21
48
90
92
55
21
3
-13
9
51
69
72
53
32
21
24
38
36
26
21
17
32
70
105
105
91
70
60
55
52
83
113
113
85
58
58
64
48
43
67
69
35
-30
-77
-58
6
65
71
51
57
76
77
66
44
20
-3
-22
-26
-21
4
37
73
106
88
25
4
38
71
81
80
54
38
49
80
103
120
99
49
4
-1
10
21
33
50
44
25
24
52
68
66
59
55
66
65
40
4
-21
-37
-30
-24
-19
10
41
48
41
37
37
20
2
9
44
73
67
51
45
49
57
80
83
74
55
38
28
25
66
105
89
68
56
58
59
41
28
26
27
26
2
-4
18
33
33
37
80
114
58
-6
-17
5
17
4
-8
-13
-7
19
57
76
75
76
83
74
58
50
58
72
56
40
40
41
39
29
16
16
24
16
16
39
40
19
8
4
6
27
39
22
9
37
60
45
21
3
27
58
50
44
68
72
67
73
88
87
69
50
53
66
80
83
66
45
38
39
48
53
49
29
17
26
54
82
80
71
57
43
38
52
76
70
21
-17
3
25
19
1
3
35
74
69
32
10
11
37
81
98
57
4
6
42
55
40
32
42
70
102
104
99
93
85
59
26
16
32
54
59
72
102
117
100
74
58
51
33
37
66
73
37
2
-10
-34
-65
-61
-35
-2
6
18
39
64
72
58
61
68
60
54
51
52
72
85
83
74
65
35
6
10
38
55
41
-3
-26
-8
20
34
11
-5
13
40
74
92
81
71
68
82
99
99
83
73
93
102
80
66
76
89
72
53
84
170
189
116
37
-14
-34
-11
9
20
20
44
99
149
121
60
33
23
9
0
-8
-22
-20
5
35
59
64
60
65
61
58
38
10
1
13
36
38
12
2
20
45
60
54
48
33
24
34
25
11
16
35
57
68
71
44
-8
-37
-34
-12
-2
0
2
16
21
39
75
107
103
41
-1
12
42
48
32
3
1
29
67
96
98
85
88
116
115
68
50
75
90
70
36
27
57
89
83
39
9
5
26
38
20
12
19
35
56
73
66
40
29
39
56
58
49
43
45
54
69
77
86
80
54
24
11
7
25
80
122
130
99
91
97
71
38
12
12
44
59
52
58
105
120
60
10
-11
-6
8
24
35
37
28
10
6
24
25
0
3
10
10
20
39
64
91
87
58
59
76
58
35
35
48
53
49
68
89
91
85
83
85
83
77
69
50
32
39
57
92
112
102
88
90
113
119
75
35
49
72
50
-11
-53
-52
-27
-5
6
26
39
44
54
59
51
32
25
41
45
25
10
32
64
83
71
41
42
50
26
12
32
59
70
53
42
53
91
97
60
48
41
22
16
28
51
64
59
77
88
33
-45
-66
-37
-27
-50
-75
-60
-24
-8
-1
18
19
12
16
23
23
4
-21
-9
24
34
23
34
60
59
35
16
38
65
67
49
33
37
49
56
54
51
51
38
22
38
61
80
108
154
185
161
115
114
119
100
72
57
69
97
99
76
67
83
81
27
-12
-17
-3
5
20
41
54
45
34
33
39
39
28
25
24
32
34
32
10
-23
-46
-43
-11
32
69
101
91
50
26
74
132
74
-18
-50
-3
60
100
90
64
51
60
54
52
85
96
72
51
36
34
42
39
32
36
49
44
36
53
74
72
66
75
86
86
84
69
44
57
66
53
52
58
65
65
75
104
112
89
67
58
74
88
68
50
67
92
83
66
67
61
51
49
54
41
8
-10
-7
0
4
24
41
34
20
10
28
61
58
33
19
28
55
60
53
59
57
49
40
37
18
2
2
21
48
44
38
32
34
87
144
113
42
6
8
32
51
53
36
21
40
92
152
156
83
10
10
40
55
53
32
12
27
52
69
60
25
-2
-2
5
4
4
51
114
117
85
52
24
-7
-23
-14
-17
-33
-28
-12
-6
12
85
130
74
-9
-22
25
44
20
1
8
26
45
77
133
172
124
53
17
11
20
22
6
-17
-22
21
85
105
91
73
55
42
52
70
70
52
38
40
57
55
21
7
13
29
48
53
57
25
-1
2
2
21
44
44
35
0
51
49
16
27
59
102
118
101
58
34
33
64
101
89
52
32
35
64
96
114
97
56
19
7
18
20
20
29
36
26
22
22
-6
-27
-8
32
35
21
29
50
48
51
64
55
26
13
45
76
69
39
22
19
38
40
38
49
97
149
141
66
24
44
68
43
8
21
56
76
89
113
116
112
114
100
73
64
70
66
44
19
13
21
17
2
1
19
64
100
82
32
13
39
54
32
18
25
43
55
52
52
87
153
154
72
-1
3
54
80
66
39
33
48
65
93
121
106
59
21
3
4
22
44
60
73
98
109
87
53
32
24
5
-21
-23
-1
16
9
16
32
36
26
17
10
13
27
64
96
106
91
81
96
99
73
74
112
156
162
103
45
36
58
85
104
83
36
-5
-13
2
36
80
122
99
32
-9
-7
21
38
3
-38
-46
-14
41
77
70
41
12
-4
5
26
40
36
16
13
41
33
-4
-3
38
64
71
58
49
53
58
50
37
43
58
56
60
83
115
148
136
99
76
84
90
66
49
52
56
44
33
28
24
29
68
90
57
4
-10
4
13
-9
-42
-51
-37
-5
18
37
50
43
20
8
11
21
44
86
101
97
101
81
41
28
34
41
43
35
32
40
71
103
120
112
100
114
132
118
96
97
108
117
112
97
102
109
104
90
81
72
52
35
41
53
21
-9
2
28
34
38
50
52
38
19
12
11
6
-12
-30
-12
20
38
21
16
32
34
22
22
39
41
44
73
88
61
41
61
98
118
104
81
73
65
52
27
0
0
16
16
-7
1
35
28
8
-17
-26
-14
-3
7
27
70
84
53
18
20
43
58
83
91
71
41
24
37
56
57
43
26
32
57
81
90
98
82
51
22
10
22
52
57
32
6
8
44
74
50
0
-3
25
54
77
99
120
103
64
27
12
21
27
6
-24
-21
10
42
37
13
-1
-2
17
27
25
22
36
53
57
68
97
117
125
121
99
76
86
96
88
72
53
55
70
71
64
43
25
13
27
54
52
45
69
83
65
39
11
-7
-8
-2
-4
7
41
98
132
130
105
87
43
11
28
58
74
70
74
88
99
104
115
117
108
102
105
104
112
93
66
56
60
52
16
-6
16
34
28
19
34
36
12
7
37
52
19
-49
-85
-46
-3
12
4
3
37
61
49
28
20
18
20
10
1
22
40
35
39
48
20
-17
-37
-13
44
86
85
82
90
89
99
123
117
93
0
100
114
114
121
139
139
117
81
39
51
107
103
68
56
51
44
40
20
7
22
38
27
19
32
59
69
60
35
2
3
22
16
2
19
44
68
86
105
115
109
103
107
101
80
67
69
82
96
128
162
148
98
67
50
23
17
24
32
27
34
45
48
29
10
8
11
2
-10
-8
1
5
3
1
0
1
-2
9
28
33
38
49
64
54
42
38
50
67
72
84
99
54
24
51
91
101
83
74
74
69
72
85
92
89
73
59
60
68
59
19
-1
4
25
24
-18
-69
-82
-39
10
41
35
17
23
42
49
66
113
122
58
-7
0
54
76
48
33
54
72
80
82
89
98
98
80
70
88
105
105
105
108
114
98
69
52
68
86
74
52
36
35
53
61
52
23
-23
-42
-28
-4
3
-8
-25
-35
-20
-9
-8
-34
-72
-78
-55
-27
-19
-20
-20
-18
-5
23
38
24
5
8
19
20
6
-4
-2
23
56
88
99
85
72
84
105
119
118
106
91
91
85
72
76
82
55
32
40
50
60
82
57
-3
-50
-30
8
10
-23
-41
-27
-9
-2
-3
19
32
22
27
60
70
27
-4
-1
23
28
10
2
10
26
38
42
68
96
85
55
51
81
108
112
100
91
86
84
76
69
76
71
52
64
86
75
59
60
85
114
98
50
24
22
21
19
19
24
18
0
-2
34
88
92
53
17
34
53
41
18
11
24
37
58
93
121
119
90
71
71
64
57
67
91
105
102
96
97
101
93
85
75
70
83
107
124
105
74
87
155
184
129
53
23
28
35
16
-17
-13
16
42
60
64
51
49
13
-10
16
53
74
70
51
37
36
53
53
24
2
7
26
58
82
84
96
123
121
77
36
25
44
86
105
60
8
2
23
48
53
26
0
-1
35
59
72
75
55
12
-12
1
28
39
39
43
65
82
90
99
88
70
37
8
8
41
60
55
45
71
112
134
133
105
76
64
72
81
83
85
82
91
96
89
88
88
96
96
67
43
37
36
22
-1
-2
11
10
6
24
37
28
9
0
19
43
22
-18
-40
-26
-3
-7
-17
7
44
50
53
60
56
52
68
99
105
72
56
86
130
131
119
115
102
90
82
66
43
29
24
13
5
17
34
19
-2
3
7
0
-6
2
41
91
107
39
-26
-56
-54
-25
-4
-19
-39
-25
8
40
76
73
23
-1
-3
-10
-13
-17
-6
-6
-6
13
56
93
101
91
98
88
61
59
97
130
146
135
114
0
90
77
85
72
35
-6
-18
-10
0
37
69
75
44
6
-2
16
44
25
-18
-30
-2
26
24
-2
-5
-3
-3
3
22
51
50
33
27
43
55
53
36
25
29
32
41
69
81
97
90
75
60
37
32
35
27
27
20
18
28
44
49
17
-27
-24
-2
3
0
-2
3
21
36
42
41
18
-25
-65
-56
-14
3
5
22
51
73
86
82
73
81
91
88
80
73
75
97
122
135
91
39
28
50
60
49
33
27
32
38
50
81
89
41
5
41
89
74
17
-12
7
48
48
12
-3
10
42
66
88
113
101
56
50
65
73
69
74
96
105
108
117
119
108
87
98
120
134
130
116
100
116
112
58
10
-20
3
77
120
113
105
118
147
162
145
82
24
11
37
54
49
32
24
32
45
50
51
61
66
68
84
97
80
64
69
76
68
52
51
51
50
51
59
70
82
68
34
25
36
49
42
21
4
-2
-7
8
22
10
2
-1
-7
2
29
32
5
9
38
52
53
49
42
33
20
25
35
49
60
60
51
43
53
65
58
39
28
41
59
50
19
6
22
49
56
44
57
75
80
74
72
71
66
52
27
26
34
21
3
2
7
10
22
33
27
22
11
-4
6
33
26
6
6
8
24
66
104
75
11
-9
17
66
87
64
21
18
45
71
86
89
96
91
77
73
80
56
22
27
70
118
115
51
-11
-51
-60
-41
-21
-13
-18
-22
2
53
71
40
5
9
53
87
104
93
87
85
67
53
48
42
28
17
35
76
88
85
89
80
50
38
56
65
56
34
17
18
28
43
69
87
90
70
52
56
54
36
32
39
54
64
57
60
73
87
93
58
20
54
83
40
22
80
145
132
29
-33
-20
17
52
65
43
28
26
50
80
88
89
101
108
106
87
88
104
100
75
68
80
90
70
16
-2
13
22
-2
-27
-40
-45
-54
-23
9
18
2
-11
8
42
52
36
28
38
59
86
65
19
-7
2
18
19
11
24
64
74
77
84
85
88
104
122
118
113
113
99
90
90
86
83
81
66
48
28
27
36
38
28
22
21
33
33
19
39
68
69
58
36
16
6
21
25
12
23
44
72
88
69
35
16
5
-6
-7
-10
-20
-3
32
75
83
54
50
75
101
104
103
138
149
114
91
90
92
88
44
9
18
38
42
42
50
56
39
13
17
36
43
41
53
68
65
55
45
52
57
44
28
44
49
34
41
68
70
41
35
0
55
84
98
89
81
81
101
120
108
69
50
48
48
51
50
27
19
55
83
71
49
64
96
105
56
-25
-45
-24
-20
-38
-38
-30
-43
-57
-52
-28
-12
-20
-22
2
38
26
-9
-33
-30
-38
-40
-19
3
12
29
65
108
139
137
132
124
114
106
117
145
154
133
105
116
134
147
144
134
121
117
114
106
107
98
88
113
118
73
18
6
37
43
5
-34
-29
5
36
40
36
27
9
-13
-27
-7
18
16
-1
-5
8
25
21
-4
-6
9
8
-12
-21
-20
-10
-3
9
35
44
37
53
76
76
73
76
76
77
90
98
88
87
81
69
77
107
106
72
32
41
118
172
120
40
26
40
43
44
52
34
0
-7
22
43
27
1
1
16
18
4
-9
-4
-2
6
26
42
50
58
49
23
8
4
12
40
55
39
12
16
37
49
42
25
34
50
40
32
51
76
55
18
32
89
128
92
29
-1
4
11
11
8
20
36
59
99
96
42
0
10
48
52
35
25
28
44
49
38
39
43
57
54
35
29
40
51
54
57
71
92
112
102
85
64
55
60
56
45
37
45
113
153
107
51
40
59
85
81
72
86
96
100
115
118
91
48
28
54
81
70
40
24
36
42
21
23
41
52
56
61
65
75
73
52
50
72
76
32
-2
2
16
17
3
-4
5
18
22
59
92
84
53
32
36
72
85
55
25
10
22
57
82
72
49
34
26
22
20
32
44
56
68
64
50
66
88
91
67
36
23
10
11
22
26
20
6
10
43
68
56
34
37
41
27
16
27
64
85
98
93
88
65
22
17
37
37
9
4
48
98
122
109
93
98
106
93
72
53
42
43
44
54
66
50
40
52
52
56
72
58
35
26
17
22
39
45
39
12
-9
-21
-28
-29
-25
-9
4
32
65
76
81
73
59
59
80
102
135
137
90
44
34
52
59
38
11
21
48
66
75
87
92
80
69
75
81
68
64
80
97
105
76
32
16
43
69
59
56
72
67
51
44
84
103
52
5
6
-1
-30
-44
-19
22
37
40
88
147
132
33
-50
-44
3
21
-1
3
42
84
124
162
167
122
57
16
22
35
24
33
61
81
64
23
35
87
89
33
-1
6
9
4
7
25
49
33
3
-1
22
54
56
38
39
83
112
99
76
69
52
33
22
12
39
59
54
43
40
42
51
70
80
85
83
84
89
93
71
43
8
-23
-35
-25
-6
-3
-5
5
16
8
0
-8
-17
-12
-19
-36
-45
-43
-38
-34
-20
5
53
98
103
106
105
91
71
58
64
77
86
74
66
76
120
156
146
117
89
69
84
101
89
50
11
24
74
86
45
7
6
32
70
81
40
-10
-29
-4
38
58
23
-25
-24
6
17
10
19
25
19
11
27
54
66
98
144
134
86
64
76
98
113
119
128
129
121
102
96
108
104
85
76
45
16
37
75
87
51
28
52
67
66
60
64
36
-10
-35
-28
-11
-4
-17
-13
-2
5
6
19
21
-6
-45
-65
-37
5
6
-8
-1
12
26
56
60
44
35
43
67
37
-2
8
51
90
96
75
38
-1
-12
-5
-3
-12
-25
-26
-8
23
59
71
83
71
20
-22
-59
-69
-40
-2
7
-18
-14
5
-10
-26
-1
10
-12
-24
-2
32
68
85
76
55
41
57
56
24
8
16
38
72
60
36
59
113
134
119
102
100
102
96
92
82
70
66
54
40
40
73
115
112
82
92
113
100
70
58
55
48
49
51
33
9
24
59
68
38
16
11
22
18
26
65
87
83
74
82
96
112
100
56
11
2
24
51
34
18
41
70
93
113
114
64
41
61
60
10
-17
3
39
64
73
75
77
96
117
129
152
141
81
19
-3
33
83
59
16
17
67
120
160
156
134
118
113
104
123
123
96
75
88
108
88
49
41
73
98
77
54
37
26
33
51
67
90
97
85
88
93
73
43
42
57
52
24
1
-2
5
35
84
100
37
-34
-42
-8
43
75
52
2
-18
8
54
73
43
1
-25
-13
7
12
7
16
48
81
65
20
3
27
50
36
17
25
39
39
34
26
23
27
28
58
114
114
74
61
86
124
133
77
36
48
64
58
44
41
49
41
41
48
66
85
77
51
27
21
25
35
42
24
5
16
43
67
70
44
16
19
11
1
11
38
49
60
75
66
38
9
4
-6
-33
-19
25
52
50
55
91
132
92
6
-40
-27
-7
-5
-14
-13
29
81
100
88
82
83
82
90
83
59
60
74
88
102
86
32
6
42
76
84
80
83
90
83
36
4
25
75
114
98
53
56
80
80
67
64
53
26
16
29
41
50
80
93
72
36
4
10
53
70
56
43
41
55
64
71
88
96
91
98
87
73
66
70
76
74
59
33
1
-6
12
24
25
8
3
32
40
10
-44
-82
-57
-2
3
5
55
107
88
27
-6
-2
9
-4
-27
-38
-17
43
102
123
112
84
72
75
96
117
129
120
107
0
104
101
91
109
152
151
103
59
57
74
76
65
64
88
91
50
12
0
-7
-13
-27
-25
1
34
52
45
20
-4
-10
-8
-18
-25
-17
8
26
17
-9
-34
-13
22
36
48
57
73
91
112
119
104
82
65
73
100
120
122
89
38
12
26
55
97
118
117
119
118
113
103
75
64
59
27
4
17
54
88
77
35
16
51
99
92
55
38
51
69
45
8
0
9
38
80
96
71
45
68
106
117
100
75
75
92
99
91
84
74
70
80
90
90
75
36
-8
-18
10
16
-10
-21
-3
18
26
35
18
-4
-11
-1
22
41
51
40
26
2
-13
-2
12
21
7
-53
-89
-38
65
120
102
52
22
39
71
87
76
42
12
6
23
36
39
48
44
48
32
-12
-25
5
43
43
7
-22
1
28
52
59
59
64
57
52
52
34
9
-3
-11
-6
5
5
5
27
28
-30
-76
-38
8
-18
-60
-49
-22
-23
-45
-69
-71
-82
-109
-122
-115
-102
-93
-86
-45
-25
-33
-42
-60
-66
-75
-82
-52
-27
-33
-50
-75
-73
-46
-8
9
8
-19
-65
-54
-49
-40
-19
-8
-6
-26
-66
-67
