33
8
-36
-65
-57
-30
-18
-29
-57
-69
-45
-36
-45
-73
-97
-75
-35
-9
3
11
11
16
41
68
55
27
12
20
21
10
25
34
3
-24
-20
10
40
64
76
57
37
41
53
54
38
20
18
10
-4
-11
-11
-18
-36
-49
-71
-113
-118
-81
-23
-7
-14
-4
21
36
53
52
23
0
-1
4
4
0
-17
-25
-18
24
60
60
22
-11
-9
4
22
35
35
34
39
68
83
81
76
59
37
37
60
83
76
53
26
23
28
34
6
-29
-23
9
39
65
105
113
76
42
41
36
22
8
4
6
10
0
-5
1
5
27
44
42
45
70
106
122
121
98
64
49
65
80
61
28
21
35
50
59
83
101
91
71
76
98
115
136
140
124
98
76
68
59
58
58
60
70
60
21
-9
7
55
75
58
42
33
25
39
52
52
33
5
-8
-21
-23
7
41
57
24
-36
-57
-22
36
60
38
34
60
80
82
85
90
91
93
82
64
59
82
98
85
69
58
40
28
58
83
56
24
20
12
-11
-29
-11
18
21
23
35
53
69
81
71
41
27
17
-11
-35
-9
7
-2
-7
7
33
50
57
61
48
27
18
3
-10
-3
23
43
51
50
41
34
21
3
-3
1
12
28
54
80
100
98
80
57
42
40
52
69
68
69
73
75
82
76
52
32
11
-3
0
23
35
27
27
37
55
81
98
112
112
87
60
68
102
112
73
53
64
83
97
85
85
87
71
55
42
32
39
80
114
121
123
114
80
72
132
193
203
0
161
96
40
35
74
123
99
12
-46
-28
38
82
96
97
85
18
-53
-97
-109
-91
-59
-24
17
83
124
117
77
43
19
-22
-49
-40
-30
-2
16
21
83
140
108
40
-14
-45
-40
0
33
34
18
5
2
-3
-12
-28
-40
-44
-52
-49
-34
-62
-124
-130
-69
18
80
103
106
118
115
89
73
76
69
28
-18
-26
5
24
25
37
55
49
32
10
9
25
57
97
116
98
55
56
109
160
153
123
114
119
106
65
28
45
88
119
131
121
124
119
100
90
84
53
21
9
9
-12
-85
-109
-53
22
70
52
10
24
76
105
73
17
-11
-10
2
19
42
77
115
133
134
113
92
102
113
92
64
81
108
93
97
147
201
225
226
230
214
162
118
93
87
106
131
134
132
114
84
76
86
84
52
12
3
18
32
9
-36
-57
-44
-17
5
20
19
6
7
19
35
28
2
-17
-25
-39
-53
-43
-35
-34
-35
-84
-162
-180
-93
12
41
20
-27
-34
91
269
363
327
220
166
168
167
135
76
13
-29
-56
-52
-7
29
32
5
-9
-34
-61
-68
-50
-26
3
9
-5
-2
18
27
8
-17
-36
-25
28
87
119
101
91
133
154
116
53
3
-7
29
41
12
48
132
208
269
289
250
192
153
153
183
187
106
19
24
121
220
250
229
225
211
133
51
9
-20
-52
-52
-52
-67
-68
-23
37
60
61
55
52
56
44
32
59
86
55
32
44
59
68
66
70
69
71
67
45
23
37
82
107
102
90
71
64
85
115
122
98
88
117
137
121
70
35
43
90
122
130
120
98
91
102
128
123
68
9
6
36
42
36
28
38
41
29
24
21
9
-24
-45
-44
-36
-28
-49
-57
-39
3
67
115
133
134
108
69
67
87
68
12
-28
-26
26
75
104
102
80
52
35
7
-36
-53
-10
33
29
-9
-34
-26
-30
-50
-54
-77
-102
-115
-116
-85
-45
-34
-68
-100
-83
-53
-42
-36
4
51
70
58
48
53
40
4
-11
-21
-11
3
22
65
121
167
173
136
103
92
89
75
57
48
49
44
42
35
-1
-50
-67
-45
2
57
82
76
56
51
37
17
21
6
-34
-27
6
29
24
4
-7
-7
1
20
21
12
-10
-38
-22
8
37
87
149
170
150
120
106
102
82
17
-51
-73
-50
-18
8
23
-1
-56
-89
-92
-91
-99
-99
-87
-77
-83
-145
-168
-56
22
-44
-150
-164
-103
-45
-36
-70
-114
-135
-134
-106
-53
-5
-3
-33
-58
-86
-85
-10
83
128
114
72
54
74
82
55
28
8
6
29
0
33
8
7
29
40
25
-5
-37
-66
-57
-22
19
24
6
-7
-9
-14
-10
10
16
-1
-14
-10
4
20
5
-52
-75
-35
11
38
55
60
65
89
136
144
128
122
117
101
76
54
56
83
105
91
25
-24
9
84
123
113
96
90
98
102
100
100
77
66
82
116
134
121
122
131
106
69
67
88
81
67
75
91
104
101
70
51
57
66
74
85
96
77
22
25
106
156
123
58
64
120
146
118
74
43
32
19
12
37
69
70
59
65
81
82
67
53
32
2
-22
-11
28
65
74
88
90
104
132
136
107
44
8
34
112
197
248
245
187
122
98
98
84
37
-34
-83
-69
4
93
145
136
113
74
19
19
73
107
104
99
87
82
84
81
53
0
-57
-104
-103
-52
-4
-19
-73
-75
-24
6
-2
-24
-38
-50
-77
-98
-88
-57
-12
21
39
20
-14
-9
32
43
8
-40
-70
-55
-28
-20
-14
-5
-6
-19
-37
-42
-13
25
33
-8
-55
-74
-69
-52
-34
-21
-11
-3
19
38
18
-1
4
-6
-42
-61
-44
-1
51
86
107
138
144
88
-4
-50
-28
1
-6
-45
-49
-9
11
20
39
64
67
52
17
-7
12
39
70
118
163
179
176
181
165
129
104
93
58
24
23
56
112
157
153
138
153
176
166
122
84
76
86
70
37
22
28
64
115
165
198
205
182
165
166
140
51
-24
-20
41
80
65
44
55
90
138
157
129
75
41
56
90
109
100
83
75
76
83
93
107
96
56
32
54
90
93
53
-11
-22
38
88
90
98
104
87
59
40
35
16
-12
-34
-34
-21
-5
2
28
66
60
32
10
-9
-25
-13
1
2
-40
-93
-68
42
160
204
151
85
70
87
97
87
71
64
84
113
121
144
184
180
131
82
43
27
40
58
58
38
6
-19
26
118
183
186
160
145
153
169
163
115
52
35
60
83
87
71
41
22
27
40
53
58
67
84
109
106
60
9
-7
-11
-37
-74
-60
-13
11
1
-30
-23
10
21
-1
18
65
91
85
67
56
53
45
38
33
35
20
20
32
36
19
8
20
18
1
1
24
38
36
35
48
70
81
60
48
52
51
32
24
44
49
34
53
101
123
121
116
112
108
103
68
42
64
72
41
41
86
128
123
97
91
102
81
50
49
76
92
75
50
45
67
80
38
-11
-36
-39
-38
-45
-45
-35
-34
-44
-56
-45
-45
-102
-177
-225
-244
-227
-173
-138
-152
-181
-188
-169
-153
-173
-190
-167
-124
-138
-190
-166
-58
9
5
-9
17
0
69
105
112
104
117
115
75
38
24
25
34
44
67
86
76
72
81
74
58
58
67
80
85
74
70
58
66
114
172
187
167
150
138
149
181
195
178
137
102
97
132
170
181
172
150
120
105
117
120
115
119
122
122
117
117
121
113
105
109
116
112
90
64
66
99
109
84
70
89
112
101
68
21
-2
25
59
85
122
144
150
164
172
150
114
97
97
72
39
41
73
97
84
68
65
54
48
49
66
90
112
107
92
76
66
48
23
1
-7
-25
-52
-24
36
69
69
69
84
76
67
67
74
76
50
21
33
52
44
34
32
51
70
71
61
43
39
44
44
55
76
88
86
105
134
125
98
71
65
58
37
2
-4
42
85
87
74
66
65
49
26
28
22
-29
-75
-56
18
112
167
161
123
99
92
83
58
24
17
66
168
248
241
185
150
132
106
91
82
60
57
122
230
263
208
140
108
103
109
85
52
77
167
236
283
296
246
195
194
198
201
241
274
277
253
221
203
220
256
274
262
201
146
180
269
320
305
278
258
253
280
304
293
251
200
153
114
77
66
72
120
182
217
176
108
115
166
183
157
146
156
184
227
263
281
285
273
256
235
219
227
242
260
300
331
330
326
321
297
285
281
262
224
183
177
213
258
273
248
229
233
246
231
194
140
69
1
9
82
148
163
151
147
140
132
139
151
116
54
18
-3
-4
3
10
8
-19
-44
-45
-29
-2
22
24
8
0
-23
-72
-106
-87
-65
-74
-103
-187
-237
-197
-125
-86
-76
-90
-86
-50
-50
-105
-170
-198
-194
-167
-148
-181
-227
-230
-190
-138
-138
-201
-249
-238
-199
-150
-118
-137
-188
-180
-100
-40
-43
-71
-70
-46
-51
-67
-89
-131
-161
-150
-123
-98
-61
-59
-87
-107
-117
-121
-131
-152
-184
-198
-137
-60
-77
-156
-185
-141
-92
-116
-202
-232
-165
-92
-60
-51
-50
-39
-20
-6
-4
-21
-25
-14
-1
-3
-19
-25
-29
-52
-87
-106
-84
-35
-5
-18
-28
-22
-12
-19
-34
-36
-33
-38
-36
-2
25
12
1
8
21
18
-44
-74
-29
16
25
32
56
61
28
16
53
69
40
20
16
9
5
9
29
40
19
-10
-21
-2
13
0
-25
-26
-7
8
16
24
45
64
70
58
48
56
61
45
6
6
11
-19
-19
26
40
9
11
49
85
100
84
64
35
0
-22
-3
26
48
49
41
39
50
53
54
66
91
121
129
112
107
107
87
86
108
117
90
67
60
55
39
33
32
21
16
6
-21
-17
24
56
0
74
81
65
35
25
52
73
64
27
21
25
25
25
42
57
57
52
28
25
55
69
52
28
13
11
11
25
54
65
58
54
43
26
16
33
27
-36
-75
11
151
195
123
35
8
26
27
9
-14
-26
-26
-39
-51
-41
-18
-21
-66
-97
-73
-53
-50
-39
-25
-20
-21
-20
-10
-9
-21
-18
10
53
89
99
81
36
4
24
73
101
98
85
75
76
102
119
104
90
76
66
67
84
100
93
75
64
54
18
-14
-7
20
9
-40
-51
-7
28
32
18
16
19
49
67
69
45
-3
-43
-45
-19
-3
4
7
5
20
50
81
102
118
121
103
96
99
103
104
113
135
162
160
96
64
114
157
133
72
42
48
74
88
85
76
61
56
54
37
21
9
6
8
10
1
-1
18
34
38
28
21
17
11
2
11
61
83
44
20
29
44
19
0
16
35
38
36
57
97
120
107
87
100
98
68
44
51
77
93
90
83
83
82
81
85
96
52
-10
-2
67
102
92
68
57
56
56
57
52
35
8
-8
-6
5
5
-8
-19
-14
0
17
28
55
76
82
67
59
67
59
29
35
72
90
75
52
17
-9
6
56
106
128
122
100
88
86
73
51
22
7
5
2
2
38
98
123
85
42
37
40
43
55
65
73
67
48
44
57
55
34
21
-3
-41
-49
-4
52
57
23
4
23
51
39
23
26
36
24
2
5
38
71
68
53
50
38
22
23
22
6
-3
-3
-25
-22
3
18
24
37
27
8
16
53
86
104
120
118
113
116
105
56
13
32
69
98
105
97
82
66
76
104
87
25
-10
-7
0
-7
-9
9
35
25
-5
-4
39
53
-6
-57
-49
-22
-5
5
22
33
32
42
83
107
88
68
70
84
118
164
173
170
163
117
66
80
132
157
149
129
112
118
134
134
104
27
-33
-36
7
48
44
10
-12
-18
-10
-35
-67
-55
-29
-25
-26
-11
-3
-11
-23
3
48
51
10
-13
-8
-6
-8
-10
-4
7
18
42
80
117
138
144
138
145
134
81
36
50
83
113
140
173
187
163
123
107
104
76
49
76
55
-10
-19
21
56
43
-17
-61
-44
3
19
-3
-1
24
3
-51
-57
-20
11
29
48
45
33
28
37
57
86
81
71
86
109
134
122
51
-10
-8
33
44
33
36
64
74
107
166
214
229
202
167
167
163
133
105
86
59
50
58
60
35
-5
-14
-19
-25
-24
-6
-5
-9
8
55
76
59
25
2
-3
-4
-26
-43
-24
-8
-10
-3
24
45
0
56
61
69
58
45
58
91
112
109
90
81
89
89
64
41
54
86
104
129
162
161
123
89
58
34
22
11
-1
-5
-9
-3
6
5
-13
-44
-44
-17
10
12
5
10
20
35
33
7
-12
-23
-49
-59
-17
53
82
52
23
36
64
58
40
29
32
35
39
37
51
98
121
109
98
106
136
138
116
96
86
72
52
51
70
73
66
40
22
48
99
99
71
54
76
119
129
98
61
52
58
57
50
54
71
83
74
25
-29
-30
16
56
69
88
108
123
136
131
105
70
39
18
2
11
35
74
106
82
13
1
34
56
58
70
80
56
28
39
80
98
65
21
4
12
8
-11
17
74
85
39
8
32
70
85
64
39
9
-10
-1
17
21
12
27
37
12
-2
2
26
43
57
58
49
38
60
68
32
9
34
49
43
49
44
34
35
48
64
70
56
40
25
35
22
-3
1
12
-12
-20
21
70
93
92
85
84
97
101
90
68
54
57
73
91
105
98
74
53
26
16
33
34
42
71
100
108
86
60
53
55
92
115
54
-14
-22
19
51
44
13
6
35
52
36
20
35
57
55
32
25
21
7
9
40
70
44
8
24
59
64
36
9
-10
-37
-27
5
21
19
21
41
44
32
20
16
20
40
74
66
27
24
56
73
60
35
24
48
87
130
140
121
117
106
71
39
24
22
27
34
37
55
67
67
71
55
-3
-26
16
41
38
18
2
10
51
97
107
68
10
9
51
80
96
92
59
38
25
28
37
28
10
9
42
86
105
102
99
84
60
1
-75
-56
65
144
113
76
83
104
117
115
100
58
7
-23
-19
7
37
66
84
81
54
22
9
38
68
72
58
38
33
33
36
34
45
85
116
107
52
20
40
49
8
-21
21
102
147
144
134
151
162
141
102
65
34
38
54
52
41
52
76
64
25
19
17
8
23
58
89
93
72
55
58
77
74
42
8
-8
-13
7
41
53
41
35
38
48
48
39
40
58
61
40
9
7
35
66
84
71
23
-5
-5
17
39
42
12
-10
-13
-24
-10
40
86
75
28
21
66
92
70
33
17
0
-11
-9
-2
20
35
34
50
64
55
59
55
43
32
4
-6
9
34
34
24
42
86
124
124
86
59
73
74
44
20
21
38
49
35
17
21
26
5
-10
-11
-12
-11
3
17
41
71
90
104
112
100
91
104
118
133
132
115
104
87
49
32
44
60
71
71
72
85
92
81
0
68
72
81
70
64
53
35
13
11
35
49
44
56
80
64
27
25
55
72
38
-7
3
52
92
97
73
57
52
57
56
40
24
27
44
55
66
72
58
44
57
77
84
91
116
121
100
68
54
64
65
54
50
55
77
113
82
35
41
72
86
88
68
40
33
41
66
58
22
5
-6
-34
-40
-18
9
32
32
34
53
85
108
96
67
45
33
50
76
107
133
121
115
118
104
71
56
86
99
87
83
83
88
89
87
71
43
16
-1
7
27
43
22
-11
-7
21
69
91
51
3
-5
-7
-12
-1
4
0
-2
27
71
86
77
64
52
40
33
41
65
86
73
64
80
64
33
42
80
107
99
57
38
49
66
50
43
64
65
49
40
52
67
59
42
23
-5
-26
-46
-57
-42
-4
24
0
-44
-38
3
39
55
48
34
27
51
92
122
107
55
25
33
42
34
37
64
58
26
20
40
68
82
96
131
150
120
84
82
105
116
81
50
49
44
21
24
57
73
73
69
70
74
58
35
21
34
39
35
40
44
48
49
75
83
41
7
9
35
26
-21
-34
3
40
53
34
23
42
60
53
54
89
113
98
81
89
108
91
55
53
68
56
25
19
38
55
60
58
52
42
55
88
92
57
3
-23
-9
8
11
5
-1
7
32
54
96
106
51
-3
-21
-7
5
5
-13
-24
7
69
101
88
67
54
40
17
8
18
20
18
22
29
20
16
28
40
23
-3
4
22
24
22
43
85
120
120
82
58
65
76
66
44
43
50
42
37
66
84
86
73
59
56
60
58
49
54
48
16
-7
-20
-9
24
56
64
36
19
33
64
89
104
106
75
32
17
48
87
105
90
60
39
51
89
118
109
67
38
21
-10
-41
-34
3
26
26
24
11
-8
-5
26
37
7
-34
-44
-19
10
25
32
41
48
39
37
44
53
51
44
39
52
80
83
60
34
17
12
24
37
38
32
23
21
42
32
-8
-9
21
39
38
50
84
107
106
91
66
53
50
38
25
22
22
32
45
72
91
57
11
7
41
76
75
51
48
50
40
39
52
54
19
6
32
58
68
61
51
32
-12
-54
-22
39
64
57
20
-1
18
45
54
28
9
10
26
87
137
107
42
8
10
8
-13
-37
-23
10
28
17
9
26
45
57
66
86
115
130
117
88
60
40
25
28
56
83
75
42
17
22
25
27
39
39
19
17
38
58
71
77
80
72
64
58
93
122
104
0
66
45
44
39
33
27
24
41
42
3
-28
-11
33
55
61
70
73
74
71
74
77
54
25
18
28
19
-6
-11
-20
-6
28
51
53
53
51
57
58
48
35
25
24
60
72
51
35
34
25
10
-9
-20
-11
-5
0
17
40
58
84
103
106
93
80
75
73
72
53
41
53
42
6
16
49
60
53
42
39
36
32
37
53
69
73
64
56
44
51
75
98
107
84
59
44
54
99
147
160
137
121
132
151
163
173
198
173
86
43
87
119
93
86
123
150
129
89
83
104
131
124
106
98
106
128
146
141
129
112
99
92
106
107
77
57
80
101
76
42
18
18
22
18
10
6
8
6
22
40
37
28
56
77
65
54
48
20
17
64
102
86
60
66
96
133
134
97
38
6
16
36
37
25
36
39
24
10
5
21
33
9
-29
-60
-71
-78
-92
-102
-87
-71
-40
6
10
-26
-66
-54
-27
-30
-56
-60
-6
21
-50
-93
-54
-3
3
-26
-58
-54
19
96
104
76
56
56
73
83
82
58
36
39
61
76
71
56
58
43
12
-9
-10
-1
-12
-44
-52
-44
-75
-83
-53
-7
45
57
38
27
36
60
73
20
-41
-43
7
65
71
36
9
39
96
112
90
85
82
91
93
71
39
4
-9
28
100
145
138
93
72
92
137
155
148
128
113
113
120
134
136
97
64
83
128
141
140
138
109
65
12
-25
-25
-18
-25
-36
-24
17
36
12
5
21
22
-5
-12
4
19
26
33
37
53
80
81
72
68
59
57
68
84
91
81
74
74
74
106
155
144
70
25
49
89
103
81
58
65
74
66
39
21
12
-10
-43
-56
-41
-21
-4
-12
-9
-2
-6
-23
-35
-29
-35
-58
-42
25
96
120
103
73
69
66
49
34
13
-6
-1
40
107
145
124
103
105
108
104
88
69
73
88
90
133
187
146
53
20
24
4
-24
-24
17
71
102
114
161
194
129
25
-13
-17
-22
-28
-22
4
48
75
58
22
-4
0
25
48
48
22
2
11
53
85
80
57
36
34
44
57
54
26
17
2
-26
-19
8
25
28
36
27
17
50
104
136
136
122
124
119
101
97
84
53
35
9
-25
-38
0
42
42
7
-22
-11
13
38
50
28
1
-10
-18
-8
9
16
16
16
12
11
25
65
82
85
89
77
54
36
43
72
102
120
116
107
102
100
98
91
84
91
99
80
52
61
87
86
34
-24
-9
51
89
97
98
80
73
91
92
67
25
1
12
83
137
98
0
11
-17
-3
4
0
-9
-34
-38
5
64
85
73
97
184
180
55
-24
-13
22
21
-22
-45
-11
35
83
123
151
157
146
124
106
87
73
60
67
58
33
33
57
74
64
56
68
71
67
65
57
65
49
-5
-17
7
43
64
55
39
28
25
32
65
98
98
71
55
69
75
74
102
123
101
64
67
121
170
137
57
29
65
99
101
108
97
57
36
38
32
25
23
23
33
51
59
45
32
36
32
-1
-22
-11
5
13
18
35
66
99
107
85
60
48
36
33
49
54
25
-9
-5
36
51
43
51
72
83
86
90
90
99
118
128
109
75
49
25
20
33
59
56
24
20
56
70
29
8
26
12
-36
-59
-33
12
32
32
43
37
26
42
66
54
22
4
6
11
12
19
36
51
64
75
100
114
116
125
144
139
115
86
76
100
123
136
133
128
132
145
132
91
65
53
45
41
64
64
38
27
50
66
64
40
11
12
35
40
24
-11
-45
-60
-60
-41
-23
-12
9
39
16
-33
-53
-81
-101
-66
1
38
56
86
123
147
150
145
96
40
40
48
29
19
33
57
70
66
51
36
48
71
96
87
69
54
49
24
-3
-4
-1
0
8
26
38
27
34
70
99
87
37
-9
-17
-3
-7
-26
-26
2
33
45
61
69
67
88
105
89
53
49
60
58
40
21
10
6
-3
3
44
97
133
130
120
129
132
120
103
99
83
60
65
81
73
32
8
34
43
21
-4
3
41
83
80
58
37
-3
-27
-21
-3
4
-8
-17
5
50
57
41
43
48
52
65
71
83
81
61
55
74
113
149
108
29
21
70
86
64
40
29
25
35
67
99
108
99
87
75
67
69
101
119
73
-2
-40
-28
-7
0
7
27
44
35
9
16
50
44
-8
-43
-50
-50
-39
-4
40
56
49
24
9
17
21
17
28
54
73
67
71
98
136
147
109
75
57
66
73
67
70
81
91
105
116
103
76
59
57
56
41
34
49
68
75
68
64
87
101
72
40
28
11
-10
-21
-2
19
21
18
11
0
7
54
81
39
-19
-58
-59
-11
42
58
49
38
44
48
42
39
36
40
69
102
97
61
26
23
50
58
33
-3
-18
0
52
92
103
90
51
12
9
49
98
93
53
20
19
25
48
84
100
91
57
24
22
40
44
34
8
-13
-8
1
-14
-44
-30
28
92
100
80
58
76
100
73
28
3
2
7
8
21
53
77
74
60
65
87
101
93
91
88
91
97
0
86
89
106
118
116
104
91
83
73
71
73
69
55
32
32
49
67
98
100
69
37
35
49
49
39
37
36
20
25
41
53
66
69
53
25
29
76
124
114
64
26
22
28
37
48
53
51
55
60
82
103
72
4
-26
19
64
45
1
-37
-58
-12
65
109
100
44
9
26
56
53
40
37
18
-6
-7
17
64
72
40
3
9
40
51
42
36
33
29
25
25
39
51
64
86
105
106
76
49
65
108
108
76
40
23
11
4
22
49
48
41
64
74
68
74
100
65
8
-11
-6
12
19
17
8
25
59
72
66
61
58
42
18
2
28
55
34
3
3
21
29
23
19
17
12
33
73
101
105
89
84
67
45
38
32
33
25
4
0
27
56
84
82
65
50
41
38
20
8
16
33
73
120
108
59
7
0
10
3
-11
-20
-10
16
19
1
21
67
84
69
52
69
108
138
132
102
58
7
8
56
76
57
13
-19
-9
33
54
40
28
60
90
57
41
58
55
36
36
37
27
32
52
72
81
59
37
21
17
32
50
55
58
49
23
38
76
75
53
48
67
92
114
133
121
36
-12
24
87
112
99
82
83
107
144
164
140
120
97
35
2
6
26
28
-7
-39
-28
-12
-12
-19
-4
3
-18
-36
-25
-6
6
8
11
28
32
17
7
9
11
20
33
38
45
45
35
17
16
32
40
66
90
71
48
65
103
137
144
117
73
49
58
99
124
146
139
64
6
16
64
100
89
58
28
13
20
40
65
72
57
55
44
17
11
51
88
92
50
11
-7
-17
3
23
21
25
42
34
-2
-14
2
19
33
41
51
51
59
87
103
105
96
84
74
69
64
52
58
64
45
41
41
29
19
25
60
96
82
53
52
75
90
89
85
84
81
65
39
23
22
22
22
27
35
24
21
41
49
21
-6
5
50
55
12
2
34
87
122
113
88
85
91
83
58
55
64
54
44
66
89
115
120
89
66
48
16
-6
5
37
55
69
65
44
34
23
19
12
10
3
-3
-17
-13
6
25
41
58
81
44
-12
-24
0
19
26
5
-30
-33
27
93
92
33
-3
18
59
76
65
61
86
112
121
106
81
55
20
3
24
59
53
21
20
33
37
20
0
-4
7
34
58
71
68
53
65
88
92
89
71
26
3
20
56
69
64
43
34
42
59
64
27
1
20
48
61
54
33
40
60
69
60
9
-38
-26
33
99
131
105
52
11
0
24
64
75
55
44
61
85
85
86
92
71
52
57
75
71
51
38
54
100
113
68
-2
-20
36
99
116
99
89
104
133
136
112
84
83
97
91
89
89
91
87
80
98
97
49
13
25
66
90
87
71
72
81
81
55
33
23
-4
-22
-23
-9
-3
-14
-25
-10
12
42
56
64
67
48
17
-4
-4
28
67
72
61
38
27
53
82
103
115
116
120
123
116
97
83
80
72
64
51
53
57
55
71
97
105
83
44
16
9
20
19
17
25
44
26
-5
7
28
21
9
-6
-49
-72
-42
10
48
50
45
49
34
7
-13
-10
-10
-12
4
0
-4
10
24
29
28
28
53
76
77
86
119
136
119
96
98
118
121
121
134
130
91
57
48
65
65
33
17
40
70
86
87
70
38
27
42
65
88
76
22
-12
-18
-44
-86
-74
-37
-23
-28
-2
51
67
51
35
36
45
35
18
33
65
