50
45
32
13
23
52
65
86
125
138
87
34
33
50
54
27
7
21
38
37
35
38
28
24
43
39
11
3
17
44
50
28
9
16
34
33
22
34
49
64
64
44
41
65
80
51
21
53
92
85
60
53
48
35
13
-3
-1
11
27
52
69
76
76
91
117
93
26
-27
-30
3
24
11
0
2
6
10
39
72
74
51
38
49
61
70
70
84
115
130
123
92
49
33
53
69
70
51
26
20
42
96
129
128
108
90
50
21
37
66
42
-10
-21
26
58
26
-24
-43
-21
-5
-19
-29
-7
19
11
23
85
116
58
-13
-35
-10
-2
-7
-7
10
36
48
43
52
44
9
-6
19
53
56
49
50
65
97
115
108
96
90
98
107
116
106
81
64
87
116
100
54
22
36
61
70
72
57
38
3
-9
1
6
-3
-9
1
4
-12
-26
-11
11
10
-13
-14
-9
-12
-13
6
39
52
41
24
26
43
37
32
57
97
115
107
115
137
152
150
135
121
119
140
146
114
73
54
55
64
59
25
-5
1
32
58
69
51
23
17
17
7
-5
-9
-7
-6
1
7
-10
-38
-29
11
40
29
6
17
37
29
5
9
50
76
60
43
56
75
66
48
55
86
108
98
84
99
104
89
92
102
87
68
54
40
28
40
65
67
52
52
0
68
86
82
71
54
36
33
24
-13
-55
-53
-13
22
28
17
13
9
-4
-18
-13
-11
-22
-21
18
57
50
16
5
25
42
25
-2
0
24
52
83
102
100
80
69
96
119
91
53
50
84
128
132
89
55
50
52
52
48
48
48
38
44
72
85
58
16
-1
11
41
38
6
-14
-18
37
90
88
55
28
27
24
-3
-24
1
53
88
88
99
133
156
137
96
66
66
70
67
87
116
121
99
72
71
74
64
55
71
88
91
76
51
24
1
-11
-6
-3
-9
-25
-39
-42
-20
6
1
-20
-27
-22
1
48
92
84
18
-25
-22
3
16
5
-3
-3
-9
-11
2
21
36
54
67
64
50
60
98
138
160
129
57
33
52
51
25
21
42
68
60
64
100
113
75
28
27
52
57
45
41
39
35
34
34
48
54
27
5
5
23
45
57
27
-10
-26
-23
-11
-3
-19
-35
-10
41
83
98
93
83
66
65
68
70
65
55
50
43
36
27
29
69
86
59
19
1
25
51
39
13
4
38
69
57
49
55
71
77
53
32
44
58
68
96
123
123
98
76
43
-3
4
53
83
84
72
72
92
107
88
56
29
23
19
10
9
32
51
40
17
0
-24
-56
-58
-35
-19
-35
-33
34
90
61
-3
-18
20
57
66
67
75
84
84
87
103
114
104
89
86
99
108
99
87
90
101
98
82
69
86
96
60
37
41
42
42
58
72
70
67
55
52
55
23
-23
-21
6
23
43
65
72
82
76
54
24
19
26
28
17
7
33
76
77
42
20
25
40
38
17
1
18
50
59
48
41
56
65
57
22
-4
16
27
13
9
37
49
38
19
-3
-11
-2
8
25
45
52
55
56
26
0
-20
-25
-13
-1
-5
1
38
49
28
4
-25
-53
-56
-33
16
65
81
81
81
67
48
27
33
59
88
120
155
184
193
185
171
164
163
122
19
-27
40
137
166
131
88
86
101
100
102
102
61
9
-36
-52
-24
10
22
20
34
39
16
-3
-7
-10
-19
-20
-22
-26
-34
-18
24
38
3
0
37
81
93
69
42
54
90
107
89
72
80
90
90
87
74
50
27
34
53
60
84
114
128
101
58
41
40
34
12
5
26
48
33
5
4
17
18
-27
-66
-53
-38
-43
-55
-51
-21
7
19
43
74
45
1
-5
21
36
6
-27
-24
4
32
43
50
67
73
66
71
98
105
64
38
66
100
90
61
57
75
88
81
66
37
9
-3
10
44
50
41
64
66
0
34
5
-4
-1
17
26
22
11
13
29
39
37
33
29
22
20
32
40
34
18
12
10
-4
-24
-17
17
34
3
-19
9
48
48
18
4
18
36
49
57
42
20
5
9
36
59
38
-9
-11
25
58
60
39
40
54
40
12
-9
-9
18
52
70
70
53
49
71
102
115
82
38
28
44
66
87
98
87
54
40
66
83
67
55
75
100
100
90
83
61
69
89
104
114
84
27
9
39
71
75
64
67
92
102
90
87
96
81
38
22
37
45
22
18
39
42
32
8
5
20
26
18
24
48
67
73
70
66
58
44
33
17
7
10
-7
-12
17
40
38
35
51
83
92
83
89
130
162
124
61
40
42
34
17
3
7
25
38
27
17
27
56
76
106
75
-5
-26
22
77
76
28
-12
-17
9
42
72
84
81
66
53
52
54
40
23
35
64
72
75
77
42
7
10
27
44
45
37
43
57
52
33
44
80
64
19
0
13
28
37
32
18
32
53
65
76
57
12
-9
-3
21
42
49
58
85
105
107
93
77
73
72
66
41
24
32
36
33
12
-29
-54
-45
-11
23
35
25
24
44
69
68
52
42
44
42
40
41
48
43
49
58
72
64
26
4
17
37
35
23
33
64
116
130
101
92
92
67
37
35
42
37
22
18
18
18
23
48
69
71
59
60
68
64
57
65
75
83
71
64
66
57
40
35
41
51
28
-12
-24
-3
10
8
16
58
74
3
-81
-110
-72
-2
29
33
53
87
144
200
172
85
22
20
54
65
40
22
51
98
122
114
88
72
57
32
20
43
83
99
97
74
53
37
25
21
20
-3
-25
-6
35
71
56
18
5
13
20
11
6
11
27
41
72
101
105
99
84
80
60
43
54
92
138
138
93
64
68
91
96
83
55
23
18
42
81
112
102
76
85
105
113
84
67
61
54
40
40
56
64
51
36
32
23
18
22
13
-5
-36
-45
-28
-6
24
66
72
35
3
6
25
40
36
10
-6
9
59
96
103
86
43
-4
-21
11
66
100
103
82
72
80
100
105
68
24
0
-4
16
37
38
35
56
82
72
52
24
20
33
22
-3
-11
-5
5
34
67
84
71
35
3
-1
16
33
12
-21
-20
17
51
57
54
39
23
26
49
56
48
38
43
66
84
80
57
10
-37
-42
-4
29
42
45
68
129
160
102
26
7
25
22
3
-2
8
53
125
133
65
-10
-27
6
38
27
-27
-91
0
-73
22
84
72
32
19
28
43
51
58
65
65
52
37
22
26
38
29
28
37
5
-30
-33
-19
-21
-23
-9
22
37
6
-7
34
128
170
98
-2
-45
-29
-5
8
0
-19
-5
35
76
104
121
132
116
56
10
9
37
60
55
33
34
72
98
73
43
41
45
35
36
58
70
50
42
69
130
151
75
-9
-49
-55
-57
-49
-13
13
17
-6
-21
-10
11
29
37
45
68
97
145
187
200
187
173
161
116
75
75
105
114
80
18
-11
6
42
60
59
50
51
45
39
54
45
17
22
73
89
40
-26
-45
-29
-34
-45
-40
-28
-39
-33
24
98
133
104
71
77
120
134
102
96
106
82
26
17
20
28
58
104
146
170
180
151
121
113
117
102
68
27
11
29
73
114
119
87
40
19
5
2
35
66
54
22
-4
-14
1
7
-35
-71
-49
-14
-29
-55
-39
2
22
13
8
26
32
-17
-52
-22
1
-8
-28
-9
26
51
84
123
150
144
113
108
122
117
91
66
54
60
81
92
91
66
40
44
82
101
75
35
26
35
19
-7
-1
58
93
83
80
99
123
107
41
-8
-35
-59
-46
-9
40
86
90
80
86
98
104
96
58
38
49
71
73
56
32
8
24
77
106
90
55
49
70
73
58
55
66
70
55
19
7
43
55
24
-2
-5
-2
-1
6
27
56
56
43
48
70
70
61
64
17
-46
-41
29
101
125
140
156
137
83
24
19
40
42
21
6
40
92
103
69
54
56
32
-26
-67
-30
19
25
18
17
35
72
59
32
45
84
83
42
20
25
40
66
151
197
109
-3
-45
-28
2
13
16
26
55
74
76
82
87
90
99
91
80
58
37
45
73
84
66
60
104
152
153
136
133
123
72
12
5
25
26
8
8
25
54
74
53
9
-6
-18
-8
17
20
-3
-19
-2
5
5
25
24
-24
-58
-56
-37
-12
-3
13
43
80
103
93
65
52
59
58
43
33
29
41
33
20
23
16
-8
-42
-57
-41
-2
43
48
8
-11
19
58
85
89
80
82
98
106
96
83
91
141
148
82
41
73
132
128
75
41
59
103
122
120
119
120
105
81
69
50
26
19
40
85
105
104
109
112
87
41
17
29
23
-2
21
91
114
87
64
41
43
43
19
-6
-10
-5
6
19
37
42
5
-27
-35
-40
-67
-98
-86
-39
-4
-2
1
20
24
19
35
48
11
-23
-2
49
52
29
27
58
107
129
104
69
54
48
39
52
91
98
70
39
58
115
0
124
87
55
66
85
100
130
135
121
89
58
56
60
64
90
120
91
56
41
42
65
59
20
-8
-20
3
44
69
71
59
32
-7
-3
33
45
11
-11
6
40
59
73
76
54
44
64
72
65
44
37
48
60
85
106
121
161
155
97
57
89
114
83
52
69
120
118
53
-7
-10
40
93
119
87
53
55
80
86
50
-3
-27
-4
40
64
57
33
33
52
54
42
33
32
36
36
33
52
75
52
19
19
12
5
19
50
59
60
55
54
67
74
59
43
36
9
-7
21
71
112
105
58
36
23
9
-8
-4
38
74
54
27
37
55
59
51
37
23
6
1
33
57
50
43
38
21
35
54
54
44
45
35
24
29
48
58
42
26
40
52
38
11
-3
-8
-6
4
10
34
68
85
55
35
60
80
75
59
32
19
81
151
145
53
-12
8
48
37
2
-22
-36
-26
9
55
86
85
49
13
10
21
-1
-39
-58
-56
-58
-53
-13
10
-4
-34
-20
22
58
68
53
49
55
57
70
98
99
84
103
118
74
4
-43
-28
-1
-4
-35
-66
-55
-2
41
50
38
27
13
10
43
85
100
106
107
99
83
71
71
68
44
11
11
43
67
59
48
41
59
82
72
52
49
64
66
44
32
32
33
24
28
53
57
39
25
39
53
54
76
114
134
128
103
108
152
162
132
106
104
99
85
99
128
137
130
113
91
76
74
64
56
59
70
70
76
88
103
112
97
72
43
21
16
19
17
28
37
42
55
70
67
48
38
18
-12
-13
-7
2
18
32
53
71
57
50
71
86
85
85
93
122
134
107
104
128
135
114
68
28
34
80
128
145
136
124
113
106
136
150
120
83
53
54
50
40
39
45
66
72
57
56
71
72
70
87
80
41
19
43
87
82
37
1
10
41
40
-1
-36
-42
-29
-2
38
60
44
-5
-39
-25
-6
-7
-9
2
-8
-51
-70
-36
1
-13
-45
-41
-38
-28
-21
-38
-55
-53
-66
-77
-54
-30
-33
-36
-26
-4
9
8
2
-11
-20
-1
32
50
43
28
6
-3
9
26
33
50
82
104
102
80
51
41
44
61
81
72
48
33
48
65
53
25
9
18
27
22
29
65
67
27
-4
-3
19
32
48
68
73
60
35
12
8
12
24
41
54
48
18
-2
4
26
24
10
26
53
44
25
28
54
84
90
100
130
154
151
137
122
99
64
38
41
64
83
87
87
88
80
69
53
32
9
-9
-21
1
33
36
9
6
0
18
24
22
0
-1
18
21
2
6
28
48
52
57
69
60
33
12
21
35
44
65
91
103
85
56
61
74
73
72
88
118
119
97
67
58
53
35
16
20
26
34
35
35
41
43
32
7
-2
-5
7
38
68
88
75
48
26
7
-24
-26
11
76
107
104
86
90
125
165
168
121
73
39
11
10
42
83
98
80
68
75
72
59
75
93
73
34
18
35
39
42
28
1
-17
-21
-10
4
20
-1
-36
-25
1
-17
-35
-5
48
82
64
40
52
76
85
67
34
3
-5
21
68
108
113
91
88
89
77
51
19
25
57
71
80
83
76
80
88
84
70
52
42
44
52
35
4
4
43
80
67
43
43
59
73
74
58
35
18
13
41
84
104
68
27
34
75
99
74
34
18
23
42
64
65
69
68
72
98
109
87
67
55
59
50
6
-9
22
60
60
37
12
1
4
32
55
44
24
2
-18
-4
23
28
26
26
41
51
60
72
58
37
24
34
43
43
39
25
32
43
52
73
114
153
147
116
123
153
153
125
105
106
113
122
141
163
152
100
58
56
65
71
64
45
28
17
12
24
18
-10
-28
-12
37
97
74
-19
-82
-73
-46
-22
4
6
-23
-54
-23
42
75
52
19
8
22
34
40
67
85
72
54
68
103
146
138
102
87
88
92
107
130
137
140
154
160
153
133
96
65
44
29
27
42
55
39
2
7
72
114
69
-8
-49
-35
-9
-3
-18
-38
-55
-81
-70
-12
37
33
34
65
84
73
59
70
93
96
73
57
50
35
34
44
70
91
100
89
76
74
84
93
100
106
76
26
24
52
48
33
25
3
-21
-23
-22
-24
-17
4
13
26
17
-10
-4
35
68
71
38
7
25
73
90
71
57
57
49
28
27
44
53
40
39
56
85
90
84
105
155
154
92
65
80
86
73
64
57
59
45
22
27
64
86
80
72
84
74
41
20
21
20
17
21
25
12
9
9
27
54
70
57
-7
-54
-25
10
26
36
28
-17
-39
-3
52
80
60
43
52
54
25
5
9
6
-5
1
33
68
93
102
85
85
82
55
32
33
56
69
66
64
66
55
48
52
70
76
82
86
77
60
32
34
52
49
27
18
38
75
90
98
121
153
152
129
115
131
154
141
115
104
96
98
118
131
118
89
67
66
58
41
33
45
69
84
90
87
75
59
55
52
37
26
-5
-27
-20
3
32
44
27
7
3
16
32
42
53
58
0
71
108
89
37
25
56
88
83
52
35
52
84
101
130
147
131
98
74
76
85
74
60
74
91
77
52
57
75
82
92
70
33
-11
-50
-68
-60
-37
-3
22
37
44
42
49
55
39
33
18
-12
-21
5
28
36
38
50
68
65
59
81
119
149
102
39
29
36
23
13
26
49
53
40
29
38
44
38
34
23
3
-2
10
33
42
36
24
20
12
5
-7
-6
-3
2
8
12
12
35
64
58
38
25
51
107
135
115
64
42
70
101
85
40
11
16
24
25
40
65
69
69
74
80
80
68
64
72
71
40
12
22
44
43
28
34
58
56
34
20
32
27
-3
-36
-40
-30
-39
-51
-37
-11
-10
-24
-10
21
54
68
51
25
21
49
103
149
161
149
109
75
61
60
45
33
41
64
70
58
65
70
58
64
90
89
68
41
17
10
7
-4
-13
-4
8
-7
-23
-7
19
22
7
-12
-37
-56
-55
-24
9
26
18
16
35
58
56
22
-3
5
36
66
71
59
60
74
75
82
100
88
50
51
90
130
133
119
132
132
92
43
35
49
49
25
6
-2
-9
-17
20
66
64
0
-72
-69
-24
-6
-9
-18
-22
-23
-28
-26
-7
-7
-12
2
28
44
51
66
84
85
76
60
42
44
65
67
69
77
74
54
45
53
53
57
73
90
107
115
92
76
91
98
83
59
55
69
85
99
109
103
58
9
10
48
50
16
-4
-3
2
4
-1
3
33
25
0
5
39
56
42
35
32
22
8
11
51
84
75
60
72
92
85
54
38
37
32
24
21
36
60
72
56
40
39
44
58
72
85
82
85
101
104
93
84
77
75
56
27
25
55
84
98
76
24
-10
-13
20
57
52
17
-3
17
57
74
55
35
27
24
7
5
28
53
54
40
44
67
73
39
4
16
68
128
132
104
104
117
115
105
103
115
120
102
69
60
83
113
119
92
39
8
29
72
68
24
1
19
50
88
98
67
38
25
22
19
5
-8
-9
19
51
50
43
39
23
0
-25
-10
12
11
-2
-7
5
33
50
65
88
100
83
56
49
61
64
44
35
50
82
106
114
83
59
48
34
35
41
38
26
27
42
69
75
72
65
40
2
-26
-27
-1
33
50
57
58
3
-66
-66
-27
-4
-11
-27
-23
-1
27
38
48
64
65
57
67
88
88
84
112
129
99
56
57
86
86
65
49
59
91
113
122
144
160
156
146
125
113
105
86
56
41
34
12
6
40
75
0
56
20
20
50
44
-3
-40
-28
3
12
-10
-27
-1
37
40
5
-14
6
55
81
82
80
73
57
56
70
87
104
118
104
70
55
83
114
124
108
87
85
92
90
81
86
88
66
21
2
19
42
57
44
-10
-49
-41
-28
-21
-22
-23
-38
-38
-13
8
23
26
-4
-42
-61
-45
-5
26
11
-10
8
53
86
82
67
72
85
76
82
86
75
69
69
75
85
87
81
82
114
148
128
80
71
74
68
73
99
113
103
81
70
89
103
91
57
12
-4
-1
9
28
27
-6
-26
-6
42
97
105
85
83
73
38
20
29
43
36
17
8
26
36
24
28
40
36
10
-3
12
36
42
48
74
97
90
88
98
114
132
105
54
34
34
24
23
50
55
5
-30
-14
22
50
58
48
4
-4
44
96
107
87
53
52
90
123
112
83
70
80
68
33
5
4
18
23
26
40
56
53
48
45
21
-6
0
32
70
75
64
72
98
102
55
-1
-4
43
70
40
8
9
38
60
74
74
66
50
51
86
120
120
98
82
90
91
70
57
69
66
28
22
17
-43
-92
-87
-39
-4
-2
-8
18
70
108
108
96
76
74
90
108
118
108
82
33
-6
-24
-35
-38
-20
7
40
57
72
86
68
19
-1
17
38
49
60
99
104
59
13
11
28
51
88
85
59
59
74
87
93
74
40
10
5
29
55
60
64
84
98
71
40
40
54
49
12
-13
-29
-28
-3
26
43
41
44
43
42
35
23
17
19
21
45
85
80
37
9
7
1
0
24
37
55
74
68
45
53
58
40
5
3
38
81
89
73
71
65
44
19
10
28
36
26
24
40
42
27
36
67
84
73
58
65
83
84
70
52
49
69
73
40
-4
2
36
40
34
42
56
82
120
146
129
72
33
36
64
74
53
35
40
67
74
60
53
59
48
8
-21
-25
-19
-2
19
24
24
24
36
43
37
17
-3
6
12
5
2
21
58
65
18
-17
-6
19
39
34
2
-27
-19
28
53
40
24
38
75
107
116
108
97
98
116
116
99
80
61
52
44
48
53
41
8
-13
-8
0
24
57
71
91
118
129
122
114
87
65
82
88
33
-12
-4
25
35
11
19
52
64
60
68
80
72
51
42
49
44
57
75
116
167
145
85
55
68
85
74
49
42
59
70
58
64
80
60
36
50
86
98
84
80
88
84
49
23
49
74
44
-11
-34
-20
8
27
27
28
12
-19
-21
-1
21
32
13
0
2
24
82
106
84
42
32
35
49
48
32
32
56
96
113
92
68
57
59
64
66
81
89
87
75
89
122
129
68
13
18
49
50
12
-18
-7
27
54
60
58
59
55
44
27
19
10
4
-1
-7
11
54
40
26
44
39
21
13
9
-5
-13
12
51
55
41
28
26
37
23
-13
-9
7
5
-2
-11
-14
-5
-1
8
27
55
72
69
72
67
44
48
71
66
20
-5
10
50
85
85
73
65
60
72
100
121
114
69
28
50
99
98
44
12
48
89
82
53
48
75
99
105
105
119
146
139
101
71
67
83
85
56
20
8
42
92
115
91
61
61
75
70
66
69
53
23
1
2
22
32
22
19
28
28
-5
-36
-36
-28
-26
-28
-10
19
28
23
35
65
67
37
11
1
-2
-7
-21
-19
-9
-2
-8
-17
-7
24
84
120
106
66
42
60
102
107
58
25
23
43
61
66
51
48
64
101
140
185
192
107
38
64
107
89
33
10
45
84
91
117
154
150
106
71
64
80
98
91
86
82
71
71
73
85
103
101
53
7
10
39
52
49
40
21
-10
-36
-21
25
43
26
5
27
76
106
117
86
33
21
40
49
44
50
67
87
74
34
1
-5
16
35
43
49
53
69
86
92
105
107
90
76
101
132
107
59
19
8
34
67
60
7
-13
-2
26
54
50
23
11
34
82
108
100
82
71
81
71
67
88
86
69
74
104
106
66
13
3
41
75
74
55
45
52
71
100
109
85
44
33
58
92
88
67
50
40
35
35
50
71
90
85
59
57
67
49
18
-7
-34
-52
-26
10
11
-8
2
28
51
67
65
52
54
57
66
81
80
56
49
56
56
40
12
0
7
23
39
27
11
36
52
23
-19
-38
-39
-33
-26
-18
17
57
55
32
17
6
-11
-38
-33
6
36
41
50
69
83
88
99
115
96
35
4
20
35
26
10
16
51
84
107
103
67
28
21
26
35
44
49
52
60
39
11
25
76
114
86
18
-3
45
93
105
68
16
-13
-19
-2
20
20
-1
-26
-60
-59
-19
26
39
23
16
27
51
80
90
71
54
85
134
133
88
67
69
76
71
55
35
39
52
67
88
92
81
50
29
40
60
51
25
18
24
40
55
58
43
44
56
66
60
21
-28
-38
-22
-5
18
35
37
38
41
48
73
88
56
20
16
26
24
34
86
139
141
123
116
113
131
138
133
128
116
97
91
122
153
152
136
129
113
87
0
83
99
120
118
86
64
71
101
102
66
36
27
36
32
17
9
-6
-36
-65
-60
-29
-6
-17
-55
-76
-69
-49
-33
-24
-19
-27
-38
-24
7
36
42
55
75
68
50
58
96
115
89
45
33
51
73
75
71
73
81
82
74
84
97
90
72
56
52
55
68
75
50
17
13
40
65
67
48
10
2
35
86
119
84
17
-7
23
54
44
23
6
9
48
80
73
58
59
55
25
13
41
72
88
91
104
115
106
84
65
61
66
51
36
51
73
74
51
57
97
99
71
49
33
24
29
41
44
40
13
-22
-36
-36
-38
-25
-2
11
22
38
54
49
18
-26
-43
-28
-20
-12
-3
12
34
57
75
88
88
87
96
96
83
87
118
141
112
58
34
53
74
60
40
39
65
71
40
20
37
49
35
8
10
45
81
71
26
4
10
16
11
8
0
-13
-3
50
92
84
45
27
50
73
59
18
-1
6
17
35
65
100
105
85
70
67
66
55
42
39
33
20
34
48
36
21
3
4
27
34
20
20
53
84
87
87
82
69
27
-7
-4
10
12
6
7
27
49
59
77
116
137
135
108
82
73
66
48
44
57
80
87
82
91
107
102
76
74
86
76
57
60
88
118
112
86
74
50
2
-22
-13
-12
-35
-28
17
38
16
-11
-5
23
39
35
32
39
66
97
115
105
74
40
12
0
3
21
43
57
72
83
96
112
117
104
67
28
12
16
53
104
104
68
51
59
80
85
85
67
22
22
69
85
76
59
25
8
23
35
51
60
39
10
34
87
88
28
-4
5
17
13
7
5
20
51
81
51
11
-9
-23
-9
7
3
-3
21
57
73
75
76
81
44
-10
-22
18
51
56
64
71
74
83
92
74
23
-11
-13
-2
9
12
8
1
22
81
93
64
56
64
60
58
58
54
38
24
37
67
90
85
70
34
-4
8
41
64
72
65
53
65
100
133
118
72
37
13
8
44
91
114
116
133
146
114
58
27
34
49
45
37
35
60
100
104
71
39
32
43
54
54
21
-8
4
48
98
117
90
54
50
55
50
41
41
52
42
0
-23
1
25
13
-2
-8
7
18
13
18
5
5
28
37
27
40
81
166
228
172
50
-8
8
37
20
-4
2
38
81
90
80
58
6
-59
-82
-29
50
89
82
73
85
72
44
49
74
92
72
23
9
40
70
51
10
1
-8
-25
-5
36
64
58
53
56
65
69
81
103
106
77
44
37
0
48
51
44
35
32
52
68
69
71
51
23
26
49
41
7
-6
8
43
65
66
75
112
112
54
7
28
76
72
36
25
53
85
99
104
96
67
36
39
80
106
108
116
121
105
74
65
81
115
138
113
96
119
146
138
114
64
18
10
39
67
91
99
75
64
65
65
39
2
-17
-19
-1
18
16
-3
-1
19
26
18
-7
-33
-40
-45
-41
-27
-21
-12
0
35
82
92
56
20
12
28
52
68
71
87
128
164
178
171
163
151
128
99
97
121
136
129
120
123
113
87
75
107
131
101
71
75
80
71
54
38
33
25
11
-3
-6
-9
-18
-5
25
51
39
4
-2
20
26
21
19
16
-1
-20
-10
10
33
45
34
13
22
40
39
45
52
39
11
10
48
68
36
-2
6
49
70
61
56
87
105
36
-24
-7
23
17
-7
-19
-20
-8
22
54
51
32
25
22
-11
-41
-49
-35
-18
-20
-36
-38
-13
24
52
55
38
19
26
60
89
100
91
83
109
144
147
140
155
180
196
192
152
129
145
166
171
169
163
139
114
107
123
122
102
85
80
83
87
75
51
