6
9
-19
-33
-25
-7
7
18
19
29
37
12
-11
-25
-12
22
43
29
10
6
34
74
88
96
107
113
96
70
48
51
97
155
156
128
99
83
90
118
121
105
114
130
145
152
145
108
97
112
119
108
91
65
80
123
133
98
57
24
6
17
27
4
-37
-28
18
72
90
64
33
32
89
117
67
7
-3
2
4
21
65
119
104
36
-4
21
40
7
-43
-68
-53
-24
1
20
26
18
-3
-12
-9
4
27
9
-49
-76
-38
10
5
-18
-21
-21
-24
-19
-6
-1
-8
-11
7
39
39
17
5
9
42
71
71
80
59
23
-1
-7
16
20
0
-18
-22
-12
0
9
22
22
16
33
58
48
27
12
19
35
17
-8
-4
21
34
27
26
42
65
64
44
34
43
68
75
75
67
49
51
68
73
54
54
82
97
67
41
29
23
12
-3
-18
-18
-8
25
56
68
57
53
61
68
69
92
112
74
43
34
12
1
22
40
40
23
4
12
25
27
32
28
21
16
56
112
121
89
42
11
12
40
65
69
76
101
132
125
70
27
21
25
21
5
9
55
92
69
-8
-54
-41
-10
6
13
28
68
108
144
145
117
91
59
38
44
51
44
53
82
102
104
106
91
69
71
67
52
53
40
26
33
33
17
8
27
57
81
65
21
-11
0
4
40
48
57
67
38
16
27
45
55
51
39
43
52
57
77
81
52
36
48
52
19
1
7
24
50
65
66
73
72
42
6
-5
16
37
35
27
16
24
57
58
51
57
45
28
28
36
34
18
5
34
90
112
75
29
33
104
170
144
59
16
42
82
80
53
21
24
56
68
75
107
129
115
83
57
59
71
68
49
42
35
24
33
58
72
70
66
61
43
26
12
11
-1
-11
9
26
12
20
38
38
9
-22
-13
23
64
58
35
36
59
71
61
50
38
41
76
103
105
106
113
120
114
91
84
123
146
107
73
73
96
102
89
73
76
84
86
74
48
32
42
32
11
23
32
26
21
3
-14
-6
12
28
18
-20
-43
-20
-8
-41
-82
-106
-114
-87
-57
-67
-92
-97
-71
-51
-52
-51
-41
-25
-33
-65
-78
-76
-70
-44
-18
7
22
-9
-39
-18
9
12
12
8
-13
-38
-7
36
38
9
-1
27
58
59
29
7
28
81
98
57
21
20
43
67
86
71
33
6
11
48
68
68
52
28
13
29
53
38
18
24
54
68
49
35
35
45
68
73
64
60
84
106
108
87
73
106
129
105
83
53
34
35
44
48
41
32
23
52
89
90
88
82
53
20
20
33
41
40
38
48
74
91
82
71
75
74
89
102
66
35
50
73
101
109
97
74
56
64
97
118
101
64
51
72
91
83
72
77
75
67
66
29
-7
7
61
66
18
2
39
74
71
65
80
114
165
181
151
116
81
69
72
81
107
137
144
116
86
91
100
89
96
103
102
68
34
36
43
37
27
33
38
55
82
118
145
129
68
16
23
75
104
85
87
105
98
102
129
155
124
27
-17
21
56
50
22
0
-1
13
33
66
81
96
88
48
25
39
58
44
12
-11
3
43
40
-9
-58
-73
-37
-4
-23
-29
24
105
167
133
20
-38
-4
37
33
12
21
19
-6
2
58
97
65
-7
-43
-27
4
43
98
120
96
85
64
28
23
34
32
20
3
3
16
24
51
69
86
92
39
-1
-20
-28
-37
-38
-21
2
26
65
103
113
92
82
70
17
-21
-7
3
-1
-4
18
37
36
35
49
75
102
104
65
6
-21
11
49
43
38
42
48
54
64
64
58
68
88
55
-4
-11
21
38
48
43
24
4
-12
-13
10
57
53
28
6
-1
32
60
58
36
26
43
58
59
66
91
131
132
88
28
-10
-6
23
34
21
2
6
28
57
103
136
107
71
58
57
0
58
53
56
80
55
12
11
74
131
96
28
10
52
93
96
32
-18
6
40
41
26
19
33
49
74
91
85
69
44
24
12
20
39
66
89
109
114
116
102
73
33
5
-11
-11
18
53
85
97
98
86
85
77
44
11
9
21
23
21
40
99
136
89
26
18
43
64
45
16
1
19
41
45
53
55
52
52
41
3
0
21
17
18
60
87
72
75
90
84
42
7
9
20
-10
-25
16
41
32
7
1
22
35
7
-45
-67
-26
35
96
149
121
42
9
39
67
41
0
-5
35
55
50
27
3
-3
7
39
75
102
104
93
87
93
116
121
82
44
42
57
72
93
113
118
117
75
27
12
6
0
1
4
-3
5
34
64
69
34
-1
-10
-11
-4
3
-7
-18
-13
9
41
56
64
60
26
4
-2
4
8
10
11
12
23
57
91
101
100
101
92
73
55
49
70
103
112
97
96
103
80
41
27
8
-19
-12
22
33
19
23
55
97
99
57
19
22
32
4
-13
7
54
80
38
-36
-70
-41
-1
16
18
26
54
90
115
140
157
92
35
33
49
69
74
42
18
24
50
70
74
67
51
58
72
71
74
98
97
69
55
65
101
121
105
50
8
3
12
23
39
57
59
54
53
53
67
75
75
72
50
35
33
29
36
45
24
-13
-24
-2
36
58
57
58
86
117
98
58
33
0
0
10
4
-10
-7
16
43
67
68
59
53
42
44
40
39
56
58
51
49
67
90
80
23
-37
-59
-44
-22
-6
10
45
90
107
88
53
50
83
98
71
52
68
99
106
88
69
55
69
42
-2
-11
-3
6
17
37
82
108
105
85
50
13
8
16
1
-18
-3
37
72
102
137
147
89
4
-30
-11
6
7
6
18
38
52
60
83
115
108
73
44
35
34
7
-13
0
27
52
69
104
182
193
104
39
44
54
26
-13
-37
-29
2
76
156
130
27
-42
-39
-8
2
-5
-9
-7
7
37
51
57
60
58
50
41
48
60
64
74
75
54
56
72
56
23
28
60
84
68
38
40
68
98
113
87
67
98
124
117
104
88
48
12
1
16
40
45
17
-9
8
20
1
-22
-38
-38
-33
-22
-7
-10
-19
-1
22
40
43
56
88
98
71
48
53
52
19
-3
6
24
32
37
49
67
87
128
166
133
75
43
37
49
65
60
54
71
120
173
136
58
17
7
23
28
3
-3
21
35
32
60
119
114
51
-8
-10
36
65
52
25
19
35
0
57
59
71
100
121
100
49
18
26
56
75
65
34
37
85
90
39
10
28
65
108
104
37
6
18
33
55
65
55
44
37
37
52
64
54
40
24
20
35
43
51
59
53
50
70
51
5
-5
17
39
28
4
-1
-2
20
72
116
99
42
8
1
9
24
24
11
29
64
66
36
17
20
19
0
-13
-10
29
89
109
85
75
80
93
108
76
32
17
29
60
85
67
20
1
13
41
68
86
77
67
64
56
67
122
162
107
40
19
34
51
53
49
28
-9
-13
22
42
33
-1
-20
2
25
34
52
82
101
89
65
48
42
42
44
57
71
60
55
56
57
56
64
72
76
55
27
6
0
10
26
26
19
23
44
69
100
122
102
49
-11
-44
-43
-3
36
37
26
24
51
93
113
130
153
83
-8
-17
28
52
27
-11
-28
3
57
114
154
166
122
55
37
51
51
37
26
39
76
98
91
55
22
36
37
-2
-37
-28
-7
5
20
25
26
34
33
21
9
8
25
74
109
82
29
1
9
35
40
26
25
35
43
51
67
90
116
96
37
-4
-6
18
39
35
32
26
32
53
89
92
64
36
43
65
52
18
18
23
17
20
26
16
-22
-57
-55
-9
32
32
7
-10
-21
-41
-53
-34
-2
23
39
51
48
10
-7
12
38
28
12
3
3
25
54
87
87
50
17
19
53
83
65
41
66
101
105
92
112
115
97
92
100
71
43
35
38
48
52
50
48
55
68
72
68
66
69
64
57
43
28
28
43
57
76
102
107
133
170
170
128
90
91
74
48
34
40
54
49
73
105
120
116
100
97
112
122
129
145
155
166
171
148
134
163
178
154
117
87
74
84
87
82
101
120
129
150
162
135
87
43
51
92
116
96
90
120
148
150
123
106
82
36
8
19
56
90
105
93
89
99
109
133
151
151
123
104
86
61
49
69
106
106
68
28
5
-5
-2
-4
-20
-18
-22
-45
-55
-7
36
28
2
-3
-1
-22
-58
-85
-77
-45
-29
-28
-6
13
-2
-38
-50
-34
-17
-20
-34
-51
-45
-25
-22
2
7
-39
-78
-61
-22
-1
-4
-17
-12
18
44
23
-14
-38
-29
-2
-1
-44
-56
-3
41
41
-26
-76
-61
-25
-24
-44
-45
-20
25
70
88
90
82
50
25
12
-12
-23
2
39
68
74
42
3
8
34
35
27
38
28
-18
-52
-38
-12
-7
-20
-44
-45
-13
29
50
37
22
77
119
54
-29
-65
-34
10
24
3
-17
-23
1
45
0
74
73
58
81
103
98
76
56
57
68
76
68
43
39
60
77
80
67
51
54
61
66
48
18
24
64
98
128
122
91
72
80
101
113
114
93
52
23
38
56
53
36
29
42
58
67
72
98
107
82
44
36
60
97
116
114
99
100
113
156
164
131
104
87
69
49
20
21
64
108
147
145
92
35
26
50
68
72
60
54
56
66
85
100
108
103
88
75
61
80
102
108
135
150
149
151
147
140
151
151
132
115
90
54
56
85
105
107
117
146
171
172
171
179
176
148
132
148
153
123
121
146
154
160
154
146
151
153
123
100
107
123
146
140
124
105
83
73
68
55
24
-11
-10
32
69
86
83
74
68
54
36
34
35
39
40
49
52
36
22
25
10
-26
-44
-50
-44
-38
-36
-30
-22
-24
-20
-17
-24
-29
-35
-12
16
-6
-38
-65
-82
-84
-72
-74
-92
-100
-90
-74
-49
-28
-37
-41
-45
-50
-53
-52
-50
-30
-18
-41
-69
-70
-38
-36
-67
-78
-53
-35
-53
-74
-84
-73
-37
6
5
-51
-86
-77
-73
-90
-106
-114
-97
-52
10
59
64
19
-22
-25
-6
3
-28
-55
-33
-3
12
38
59
68
66
49
40
16
-24
-39
-26
-24
-36
-29
4
60
102
68
-4
-44
-22
19
38
34
64
148
153
70
9
-1
19
36
32
25
40
75
109
129
129
119
97
65
49
64
91
112
120
122
133
134
100
41
8
18
42
52
44
45
67
69
82
107
97
80
73
60
45
38
34
54
64
48
32
27
35
36
33
49
65
69
72
75
82
86
93
91
74
57
59
59
41
18
3
8
7
0
23
59
48
8
-8
0
45
90
86
40
22
34
34
35
80
105
50
-19
-28
3
18
16
9
-1
7
42
68
72
68
66
64
45
32
48
96
119
105
81
65
57
53
51
36
32
52
70
90
59
4
-2
36
57
41
2
-1
17
35
53
56
56
29
20
34
56
88
92
72
53
44
61
59
29
2
-7
-8
-11
-20
-23
-7
11
10
8
22
35
43
51
56
70
74
58
18
-5
13
42
50
42
44
41
19
3
5
6
2
-12
-20
-21
-21
-7
18
53
96
107
109
119
89
51
60
91
92
54
4
-12
1
42
76
65
27
10
4
-7
-3
74
152
135
87
52
36
38
45
71
131
147
81
9
-4
18
8
-23
-36
0
104
192
179
115
68
60
57
19
-22
-1
35
67
103
114
106
91
68
53
39
25
26
37
54
71
70
71
56
12
-9
3
0
42
90
64
-27
-60
-2
80
109
75
23
-1
12
26
25
37
72
75
37
8
25
59
73
48
22
25
51
84
122
161
156
138
128
120
104
96
98
100
98
88
86
93
76
40
19
33
70
96
87
83
105
139
145
113
81
80
82
60
26
11
26
44
69
85
70
49
64
99
89
67
65
67
36
6
9
20
25
36
59
84
89
84
45
-6
-13
17
55
69
60
60
65
51
38
56
69
54
18
10
60
107
116
116
68
8
-9
3
11
10
26
53
84
92
101
116
115
64
8
-7
10
37
58
70
71
68
76
90
100
92
58
41
50
50
33
9
13
33
41
52
67
69
45
6
-6
16
33
40
41
40
52
86
120
118
81
53
57
39
3
22
57
80
74
67
88
131
109
42
16
21
32
55
43
-25
-73
-53
7
57
67
34
2
-8
2
21
38
45
37
5
-40
-61
-41
16
55
44
8
3
12
11
8
40
100
100
81
45
10
7
35
42
19
6
7
20
50
60
54
60
74
71
64
86
114
118
108
80
35
5
5
24
27
25
21
20
26
18
17
34
52
55
39
16
8
26
50
45
35
19
25
53
57
32
10
5
6
-14
-38
-43
-25
1
5
17
65
86
74
74
98
120
115
102
106
122
129
113
106
153
183
117
21
-10
10
49
76
83
81
86
86
83
91
103
89
61
76
105
104
73
57
72
74
45
11
-2
-3
8
32
70
99
114
121
104
56
26
43
73
67
39
21
27
48
64
75
76
57
26
8
19
45
59
45
22
21
36
38
41
66
96
90
60
25
27
48
55
57
38
-5
-20
8
43
65
51
53
82
105
99
35
-12
0
40
56
44
44
60
75
97
115
84
57
71
52
6
-4
23
54
65
64
71
98
93
42
-8
-24
-18
-2
2
-4
-11
-2
53
113
100
41
34
48
44
42
44
53
68
80
80
85
74
56
56
70
101
104
75
56
57
51
38
38
50
57
59
82
90
55
13
0
-4
-8
-8
5
27
42
65
92
101
87
65
37
28
39
43
34
27
39
42
38
35
51
81
98
89
71
42
18
4
10
20
22
29
42
42
1
-38
-25
33
55
21
-11
-9
18
41
52
72
84
90
113
105
54
13
23
44
40
8
-19
-6
36
65
74
105
138
118
67
24
4
7
24
28
8
-18
-22
20
73
108
101
40
8
12
17
-9
-43
-34
5
32
57
101
98
38
17
26
27
0
-23
0
-24
0
50
85
91
103
140
176
145
70
16
9
38
61
67
54
56
85
121
141
150
140
104
70
69
98
112
88
70
72
71
59
32
1
-6
-2
25
59
38
16
38
82
82
27
-7
1
26
65
90
82
67
71
71
64
41
19
16
7
9
33
52
54
52
57
56
28
12
26
39
24
2
0
16
36
45
50
41
38
56
64
28
18
40
64
89
102
105
116
98
68
54
36
16
2
-11
-20
3
55
81
67
72
98
113
101
87
86
85
80
60
40
41
53
55
56
69
73
53
56
121
137
68
25
22
18
-7
-21
-8
-4
-24
-10
65
137
128
82
65
58
52
57
71
69
56
91
168
179
105
18
-35
-36
-10
-7
-21
-30
-18
10
64
131
130
59
6
-2
4
5
8
17
36
59
87
87
52
25
24
35
32
16
2
-5
2
32
58
76
80
80
96
99
84
52
5
-20
-18
-6
-14
-29
-13
17
56
121
137
92
44
20
12
25
52
66
58
49
36
35
54
65
42
24
39
59
73
71
70
65
50
25
9
11
19
28
19
3
-18
-27
-8
11
22
17
20
43
54
55
66
74
37
-21
-41
-23
10
23
25
68
122
106
49
22
38
50
42
17
-6
0
39
85
121
135
121
101
81
73
85
89
66
40
34
23
16
20
37
58
74
93
119
116
64
29
40
55
49
42
60
80
74
60
70
112
204
225
81
-28
-18
36
66
43
3
-4
27
66
92
107
99
92
87
65
22
-4
11
61
86
69
28
-7
-28
-4
37
50
49
43
45
50
33
4
12
38
43
44
9
-25
-42
-17
39
65
52
33
52
114
153
148
82
12
2
22
13
-3
-11
-18
-1
37
61
60
44
33
22
25
43
68
84
73
57
55
60
71
66
56
59
74
98
86
50
17
-7
-4
28
69
85
84
96
101
93
92
103
106
76
44
36
32
32
25
18
-1
1
23
25
18
32
59
87
92
70
59
69
70
53
37
29
17
22
51
54
49
41
16
-7
6
27
23
22
42
64
60
36
22
24
40
70
71
34
23
50
66
53
5
-36
-33
-28
-29
-35
-33
4
23
12
8
11
37
61
49
12
-2
-1
12
25
34
60
84
71
43
40
66
74
53
34
45
77
101
112
112
103
82
65
53
57
52
18
7
28
44
45
45
48
51
56
82
106
92
33
-19
0
41
43
33
21
34
57
76
100
98
54
37
41
40
39
45
33
23
36
41
48
51
0
55
41
36
56
84
101
115
106
85
74
75
81
83
69
56
65
77
68
49
44
52
39
34
70
98
92
72
37
24
41
43
32
24
22
35
48
59
97
91
9
-44
-22
20
45
53
50
49
56
71
70
70
85
98
90
76
103
130
103
65
38
34
42
58
69
80
92
102
109
102
76
54
41
23
9
8
16
10
-1
-2
8
24
52
83
102
69
11
4
21
23
44
70
66
43
20
6
25
39
24
-2
-21
-17
20
73
108
134
150
129
83
59
61
65
68
75
74
69
67
70
75
86
99
104
93
82
57
36
26
24
33
49
77
85
38
-29
-43
-5
7
-10
-34
-36
-26
-13
-11
-9
18
40
42
41
48
56
60
64
83
104
101
67
42
65
97
100
84
81
89
72
49
29
29
74
101
93
87
73
52
38
41
57
71
44
-5
-26
-17
11
8
-13
-33
-50
-66
-59
-29
-6
-8
-7
-6
-17
-3
38
49
12
-6
12
37
41
29
9
-12
-36
-39
-28
-36
-44
-21
29
71
96
102
107
124
119
86
54
51
51
54
66
81
93
102
99
100
108
91
51
11
3
16
24
23
24
29
37
38
25
22
41
49
27
16
32
38
37
33
24
43
59
52
24
12
33
48
57
41
23
36
57
75
86
85
81
75
85
105
98
81
102
146
160
137
104
76
50
25
38
70
74
75
96
114
106
82
66
70
71
56
36
23
24
35
51
66
67
54
33
22
38
58
56
50
54
65
56
21
-14
-20
10
53
84
100
102
92
71
67
71
72
59
43
37
56
84
83
58
40
38
42
40
19
8
38
81
103
87
73
86
91
64
21
4
16
49
68
49
27
55
98
98
74
49
19
-3
-1
10
13
19
28
27
19
25
42
40
32
49
67
70
65
52
51
39
20
11
16
10
22
60
88
88
70
32
9
20
27
51
59
33
33
74
91
83
69
54
50
51
55
54
51
57
69
71
71
73
76
83
82
64
44
37
28
24
12
5
17
26
35
58
88
98
86
80
92
108
100
70
43
50
70
105
114
82
53
39
48
80
118
120
101
91
86
65
35
23
29
23
16
20
16
8
12
20
28
38
50
32
-4
-26
-20
-18
-38
-57
-52
-35
-27
-27
-8
5
6
-1
2
35
69
58
27
24
33
39
52
50
36
19
22
68
112
101
82
69
61
70
64
54
64
80
70
58
49
26
27
35
23
8
25
66
99
101
70
40
36
0
48
53
58
68
44
12
7
29
39
25
10
18
64
91
77
49
34
34
52
60
50
40
41
51
51
57
76
76
56
28
12
26
70
98
88
58
49
72
106
128
123
104
88
89
82
68
67
76
93
77
36
10
23
38
51
32
10
21
19
8
19
33
21
-12
-35
-20
25
73
96
104
105
116
130
122
107
101
106
117
122
120
117
117
136
151
155
138
116
115
128
129
135
119
75
68
92
99
64
26
33
48
52
53
68
90
90
71
69
83
92
80
50
39
53
81
114
132
118
89
87
105
112
102
91
85
96
104
98
83
73
90
107
113
103
80
57
34
8
3
22
39
32
13
10
4
-20
-35
-27
-27
-38
-26
13
28
9
27
53
22
-20
-36
-29
-23
4
26
43
40
11
5
22
57
88
93
86
76
50
18
19
41
49
41
34
25
24
33
38
40
26
0
-25
-46
-49
-39
-27
-18
-17
-29
-44
-44
-42
-45
-50
-51
-29
-5
8
9
5
19
58
98
73
22
18
43
37
21
21
9
9
37
67
64
52
58
70
72
73
58
34
16
18
25
24
16
12
34
40
23
13
23
17
10
6
-11
-24
-22
-36
-44
-40
-17
4
8
11
16
9
32
70
86
50
1
-18
19
81
87
29
1
34
74
72
38
27
42
59
68
65
55
73
112
99
80
87
109
115
92
80
86
83
59
8
-35
-24
5
10
7
33
23
-27
-55
-34
-20
-42
-76
-61
20
85
86
50
17
5
5
13
16
6
7
32
72
101
112
108
71
36
42
73
87
89
102
106
81
48
50
72
90
84
55
40
55
68
66
53
49
43
22
7
-3
-17
-12
10
64
101
102
70
22
-5
-23
-29
-19
-6
-7
-6
20
54
69
75
74
57
38
33
35
50
83
113
113
85
65
70
76
83
83
84
82
74
75
86
120
118
50
-6
-10
9
0
-22
-28
-37
-28
8
57
80
98
93
68
36
36
51
50
44
64
83
73
52
48
77
134
161
129
82
75
109
147
119
64
44
77
135
193
210
117
23
22
61
53
21
-4
-24
-24
8
40
39
44
52
43
32
4
-33
-41
8
49
32
3
-2
27
53
56
74
75
52
36
28
34
50
61
66
82
130
157
121
71
65
99
120
106
100
101
100
120
141
147
131
108
121
148
139
112
86
69
70
70
45
26
8
-8
-28
-44
-36
-6
26
17
-8
-34
-44
-28
-13
-17
1
42
22
-29
-55
-44
-18
-10
-49
-77
-39
19
0
44
59
74
74
88
115
118
112
107
122
149
149
137
121
100
91
89
83
89
90
75
56
58
76
104
106
44
-10
-13
16
37
11
-9
-8
17
51
74
88
70
52
64
28
-12
-23
-11
-9
-18
-24
-14
6
19
38
74
91
82
68
65
76
77
58
48
57
70
74
84
99
122
136
128
121
117
113
100
59
37
33
34
37
18
-12
-6
17
36
66
70
51
40
33
36
54
66
56
54
76
115
145
140
101
76
83
96
103
114
113
75
56
65
56
52
64
73
70
45
29
43
61
72
53
20
9
32
55
42
5
-14
-11
-7
-3
17
35
34
16
43
117
144
122
112
113
87
49
34
49
65
60
37
12
25
83
120
106
66
29
20
20
35
50
54
50
41
37
40
57
60
53
39
3
-35
-49
-27
5
24
33
41
56
56
24
16
41
52
43
20
-2
-6
17
52
44
12
9
36
50
28
5
-2
5
32
44
22
4
12
28
48
82
93
73
56
68
91
113
116
90
53
11
-2
9
22
39
60
60
42
35
7
-19
-22
-22
-25
-19
-7
10
38
45
39
61
67
34
4
17
52
49
17
6
16
19
4
-12
-1
34
50
59
69
75
80
80
74
73
75
84
88
70
52
56
66
50
25
22
32
53
75
85
85
64
12
-4
33
57
22
-2
25
48
53
37
-4
-29
-29
-23
-6
27
45
33
37
49
42
40
58
83
83
38
2
11
51
88
102
75
54
59
66
59
49
37
26
26
57
77
67
49
28
26
22
26
36
53
52
37
32
41
58
67
52
1
-35
-12
29
57
80
115
115
68
18
5
26
56
73
70
54
41
39
49
83
120
121
100
90
97
103
99
90
83
65
51
55
65
65
64
73
82
81
64
39
6
4
33
20
-8
-3
39
51
27
10
9
7
2
3
-1
-1
9
36
59
86
108
80
21
4
35
71
74
73
84
89
82
80
102
131
131
107
75
44
22
23
36
36
19
1
17
74
101
83
34
22
33
11
-13
-43
-41
-3
23
10
-17
-5
24
22
0
-35
-56
-38
-6
-9
-29
-28
-13
3
24
56
89
85
50
33
33
32
23
8
10
27
58
73
64
53
49
60
81
80
64
49
42
64
88
102
102
105
91
67
61
54
41
36
32
41
76
84
55
29
20
33
37
13
-7
1
34
60
70
77
84
86
69
35
26
41
25
6
10
26
41
44
39
43
58
60
48
32
43
82
125
140
133
0
105
83
75
65
52
51
52
41
37
37
40
57
84
102
103
106
88
36
-22
-51
-52
-42
-22
16
36
34
23
36
55
43
28
39
69
58
38
56
83
82
53
25
17
21
23
35
67
66
39
16
22
50
65
57
42
40
49
48
33
24
38
66
80
83
66
37
33
70
101
85
66
70
90
105
61
27
35
45
36
24
21
17
12
27
57
85
98
100
100
104
112
121
125
106
68
29
42
71
80
72
60
65
69
85
139
188
162
70
24
34
32
11
7
9
0
4
33
49
43
29
21
17
20
18
25
44
54
38
26
34
37
37
38
49
67
68
35
6
8
26
48
57
67
76
87
101
117
123
118
102
69
42
54
76
66
34
23
39
55
65
81
107
136
153
130
70
32
44
66
39
1
-17
4
53
86
67
39
43
42
21
0
-9
-3
9
11
16
19
21
10
-2
-20
-33
-38
-33
-14
2
6
8
34
40
37
43
45
23
2
-1
2
11
36
60
73
67
82
109
100
64
20
-11
-14
5
20
27
33
35
43
48
33
25
40
54
51
44
49