74
112
137
137
113
66
50
67
74
55
24
-5
-19
-2
34
81
114
108
69
11
-25
-19
7
20
3
-23
-36
-27
-8
21
42
50
81
97
67
20
1
11
33
37
12
0
28
64
92
118
137
140
130
117
150
200
194
146
92
42
26
35
20
11
20
25
56
131
147
44
-54
-71
-42
-24
-45
-84
-81
-18
33
72
101
87
35
-9
-2
20
22
-2
-17
7
59
123
161
139
84
67
84
86
67
22
-11
0
35
56
85
114
115
112
106
85
52
36
42
37
7
-28
-39
9
33
5
-7
-5
2
1
-3
-22
-40
-33
19
82
97
60
26
34
56
40
0
-13
9
37
38
23
4
20
52
74
88
76
54
37
35
56
77
72
48
5
-39
-41
5
51
54
11
6
54
98
115
76
5
-51
-50
-18
7
-8
-58
-73
-24
9
9
-1
-20
-26
-18
22
66
96
102
41
-6
3
34
35
-13
-38
-5
17
1
16
73
100
66
18
4
32
75
86
44
28
50
54
41
54
67
67
53
8
-18
-5
16
-19
-77
-70
-3
39
58
26
-9
-35
-5
51
60
39
83
138
113
73
68
76
85
77
59
24
18
58
118
155
139
88
49
34
53
104
133
116
71
44
55
102
128
50
-62
-90
-14
71
109
98
74
88
124
130
105
89
55
9
-34
-70
-57
0
10
68
96
93
96
92
98
128
97
10
-10
4
-21
-45
-8
10
-24
-26
32
91
117
50
-23
-4
91
145
97
5
-36
4
52
58
57
51
22
27
87
108
42
-8
17
70
59
-33
-61
24
105
125
103
55
11
5
22
8
-23
-72
-49
-8
12
34
52
83
131
181
171
87
-9
-34
4
37
56
38
-22
-36
2
42
45
28
-5
-21
4
11
44
113
150
147
117
91
72
44
24
4
-8
9
34
-22
-97
-73
-21
1
48
135
171
123
69
61
77
40
-8
-7
0
1
49
93
116
140
140
89
25
8
26
55
82
112
121
152
181
163
132
106
102
81
39
36
44
67
114
150
192
219
134
7
-24
12
-1
-56
-70
-35
34
136
165
89
-2
-33
1
18
-29
-73
-43
41
131
160
99
32
33
48
58
49
9
-8
10
41
40
22
-33
-62
-65
-90
-60
28
96
107
89
69
43
26
-8
-69
-105
-76
23
104
96
35
20
29
-10
-55
-72
-82
-71
10
97
90
40
25
28
50
100
106
64
54
71
65
54
54
8
-41
-49
-70
-33
72
124
119
117
122
100
113
172
177
59
-6
59
108
64
41
99
150
156
146
136
109
86
66
69
60
99
194
196
130
102
118
129
85
26
49
109
128
136
146
77
-21
-40
2
24
12
18
21
28
113
210
243
154
35
-8
-2
-12
-8
42
80
58
42
76
104
133
148
73
6
17
49
11
-38
-22
17
108
153
66
-18
5
89
131
121
90
35
10
60
152
193
145
76
41
26
26
39
-5
-30
88
177
128
88
120
168
166
100
13
-29
-30
70
165
173
157
153
137
105
74
21
-14
32
80
66
45
24
20
32
44
36
5
4
23
70
80
100
145
122
23
-43
-29
11
45
44
16
5
-4
-7
8
-1
-45
-41
11
42
50
67
80
76
55
25
28
-11
-44
-24
10
21
55
85
53
-18
-34
17
66
33
-56
-66
28
96
67
5
-13
23
60
20
-23
-56
-114
-109
-25
19
-50
-36
85
40
-156
-226
-24
82
21
-21
-20
-34
-41
-41
-72
-67
-21
1
-2
55
188
230
210
235
301
248
103
-24
-60
18
65
33
-38
-114
-41
150
215
137
132
165
141
72
-2
-74
-26
74
148
162
108
59
75
91
33
-13
-2
26
55
118
194
179
64
-2
26
33
-46
-91
-54
22
83
115
123
131
124
65
17
8
-11
-42
-70
-55
-37
-4
64
98
71
54
66
88
118
57
-109
-247
-231
-72
88
118
96
71
25
25
98
108
25
-74
-121
-87
0
27
122
165
184
154
84
28
23
25
11
-3
-9
-9
67
168
148
67
7
-12
-35
-40
-28
-75
-92
-20
83
149
182
186
133
81
70
72
57
55
41
25
10
-1
-19
-36
-60
-44
53
130
123
88
85
133
188
164
48
-50
-60
0
59
69
33
-8
-10
12
66
83
41
6
70
140
65
-72
-130
-100
-71
-108
-88
83
289
231
18
-58
-34
7
10
-46
-73
-9
72
123
147
133
98
70
58
50
54
90
109
100
137
185
84
-71
-157
-134
-57
6
72
114
65
-17
-22
53
97
71
53
44
48
91
179
260
227
96
-18
-8
70
114
97
74
101
152
179
172
180
171
151
130
112
120
140
151
131
105
96
104
119
92
44
43
58
39
35
39
59
96
83
43
6
-2
39
80
82
65
34
21
55
104
108
71
45
50
58
83
117
124
99
71
75
91
119
163
180
168
177
204
199
122
74
98
97
58
20
-23
-14
82
185
155
39
-27
-36
22
131
164
55
-50
-13
112
192
164
91
32
20
43
71
92
107
114
105
106
130
131
100
67
51
50
86
132
91
9
-43
-35
-23
-41
-66
-83
-87
-60
-6
-2
3
56
76
13
-33
-39
-6
28
38
29
19
24
51
113
145
136
105
54
-3
-25
-1
18
-3
-21
3
37
42
3
-43
-58
-54
-33
-18
-18
-7
-17
-61
-83
-58
-20
33
73
1
-91
-113
-72
-38
-55
-83
-54
39
75
34
11
42
85
80
26
-1
24
88
147
177
163
120
67
37
22
17
33
57
37
-2
5
37
49
42
48
41
0
-34
-24
17
42
27
2
-9
-7
9
50
54
50
44
5
-35
-17
41
64
37
28
49
68
73
60
56
86
104
91
61
32
24
22
8
8
-11
-24
8
22
38
54
42
28
33
37
44
39
44
54
53
38
-1
-29
-34
-30
-19
7
32
25
-6
1
48
71
67
55
48
35
28
26
18
40
58
58
59
55
68
106
120
105
64
21
-4
-24
-7
28
40
40
52
35
24
53
101
87
27
26
72
69
26
42
118
167
116
18
-24
1
50
54
19
2
13
51
93
136
148
102
67
57
58
54
53
53
49
39
23
21
49
85
77
64
71
74
42
33
75
71
2
-51
-39
-4
12
10
-8
-13
1
21
66
92
73
51
43
53
87
114
83
57
58
69
67
59
72
96
73
25
1
18
48
56
50
44
41
25
42
116
138
56
-10
-42
-38
-7
11
11
6
36
85
97
74
69
74
101
121
113
75
57
45
48
67
0
81
73
65
40
39
49
51
41
8
-3
11
40
66
75
57
54
37
8
4
1
37
130
119
28
-18
-4
27
49
43
36
51
92
92
65
54
59
53
10
-42
-60
-25
11
45
59
39
4
-6
1
21
57
77
70
58
90
121
118
84
38
28
81
156
139
28
-17
25
75
83
38
-5
-9
8
42
65
74
65
53
57
73
86
90
104
115
90
72
60
41
11
-18
-37
-25
3
17
22
32
12
-28
-35
-11
21
26
22
32
56
74
70
55
72
74
48
35
42
35
12
-2
-3
26
52
50
42
56
73
70
71
69
49
28
12
18
20
24
32
41
32
-12
-45
-17
44
72
45
1
-7
2
38
91
101
38
-22
-26
10
76
91
49
-7
-39
-29
-8
16
51
73
85
58
2
-10
16
34
34
42
50
41
61
121
162
137
92
71
48
49
65
65
68
87
92
87
88
99
120
118
69
51
73
97
98
76
103
114
58
-8
-14
22
42
35
11
3
7
26
54
73
71
41
23
32
39
43
42
57
81
69
42
42
49
34
32
70
122
148
100
25
11
34
54
43
16
17
33
49
56
55
44
43
40
37
33
25
25
38
56
58
36
3
-2
28
35
12
-20
-58
-60
-18
21
17
-6
-9
18
28
55
88
70
48
60
59
36
48
57
52
28
11
26
37
42
56
59
56
41
39
69
96
116
149
156
106
52
35
39
48
43
64
69
34
-1
-3
9
25
35
41
54
38
-7
-23
18
59
57
25
7
23
61
84
60
33
22
28
35
51
58
66
65
64
72
59
26
-13
-41
-11
45
71
59
65
113
130
96
72
75
53
13
-7
-4
6
33
67
77
88
84
48
29
52
71
80
71
57
61
83
88
66
28
0
-6
53
124
116
59
25
-5
-40
-57
-68
-76
-40
19
52
43
38
69
103
109
109
85
35
12
50
100
112
81
41
26
56
100
104
90
93
108
134
136
101
81
116
164
114
28
2
12
24
39
40
21
18
40
69
108
160
119
48
24
35
52
59
57
49
34
40
55
68
75
60
41
49
89
120
104
55
26
35
44
37
26
27
34
36
41
51
67
68
22
-1
38
74
72
97
118
117
82
28
22
40
44
50
65
70
80
102
130
151
156
152
140
121
104
98
101
118
141
149
120
74
92
139
106
59
41
42
51
66
97
114
97
97
129
101
41
23
33
35
26
10
4
2
16
59
88
76
35
5
19
69
106
0
59
-33
-84
-75
-44
-28
-30
-46
-43
9
41
1
-49
-51
-34
-42
-52
-58
-55
-41
-10
53
107
98
48
9
-5
-10
-4
10
17
0
-1
43
59
35
20
20
22
-11
-86
-103
-57
-20
3
3
-7
5
35
54
37
5
25
35
20
16
8
6
24
52
76
67
27
9
40
65
69
67
68
56
42
60
104
89
53
40
25
21
32
45
58
51
35
41
57
56
59
99
123
85
33
10
35
74
53
-3
-19
10
53
80
67
54
57
70
96
73
50
51
71
86
88
74
41
21
35
65
83
96
91
41
-18
-22
6
24
16
7
28
65
84
60
20
-4
-3
12
8
-11
-5
35
88
101
54
24
18
22
38
76
128
122
75
60
88
104
89
57
39
45
70
84
86
99
119
123
112
96
109
109
113
130
102
57
44
40
43
50
24
-4
-7
7
12
8
-4
-14
8
65
98
75
11
-6
28
68
64
53
50
56
84
120
120
87
64
58
43
16
-1
16
37
43
40
48
71
89
76
76
98
108
84
48
11
11
38
73
70
75
104
72
24
12
-1
-14
-25
-38
-34
1
42
76
84
85
88
103
129
96
40
41
67
66
38
21
35
68
65
51
56
74
86
74
59
54
67
99
87
37
5
-2
0
-11
-4
19
12
0
18
67
129
170
137
66
-6
-24
16
45
32
-4
-11
5
37
85
132
120
65
25
13
17
32
37
32
43
66
66
58
68
74
56
39
40
57
73
74
41
-4
-23
-10
32
54
72
122
129
57
9
12
37
34
20
23
35
65
101
109
88
69
58
57
44
35
54
67
57
40
35
27
12
12
23
34
43
56
65
54
72
89
55
11
20
54
56
26
-12
-17
9
22
22
5
-21
-44
-57
-36
5
23
52
103
138
135
76
6
-19
-6
12
35
43
60
74
84
92
97
74
45
25
24
23
22
44
68
73
80
86
86
74
56
42
37
36
27
23
50
75
76
84
118
151
134
80
4
-37
-4
44
42
16
8
25
49
64
60
42
10
-3
9
34
50
48
23
4
8
4
-11
-19
-19
-7
10
50
87
82
51
24
8
16
16
8
-2
-1
21
65
102
118
118
119
119
98
89
91
70
27
10
24
67
84
84
85
87
107
123
109
89
76
92
98
90
64
33
53
73
56
22
18
39
57
57
44
20
3
21
44
71
92
85
73
72
59
40
37
29
28
27
8
5
34
55
52
50
69
89
101
90
84
112
144
0
145
141
167
167
147
148
162
162
147
116
83
68
81
112
130
122
100
83
55
37
48
66
73
58
43
43
22
-13
-26
-21
-18
-7
16
16
-20
-55
-61
-43
-45
-76
-102
-92
-52
-9
12
29
-17
-77
-105
-83
-44
-35
-43
-54
-45
-21
-5
2
13
26
41
33
7
-17
-9
34
45
13
-20
-39
-36
-17
0
8
17
28
50
51
20
-13
-12
16
32
24
20
8
-3
3
26
67
42
7
19
0
-27
-20
7
22
36
59
73
82
101
122
122
103
87
81
69
49
39
52
97
117
90
59
52
37
18
6
8
21
39
52
37
20
32
65
82
66
66
57
10
-14
1
16
10
1
11
44
58
40
35
57
89
96
90
88
85
86
96
101
93
77
82
87
73
56
41
37
45
67
70
48
37
50
59
73
97
100
65
37
49
34
-5
-12
-11
-18
-22
-25
-29
-33
-18
4
19
24
22
9
-7
-8
18
49
44
8
-26
-7
54
86
64
25
7
17
43
56
43
33
52
96
108
105
113
112
92
69
39
22
18
32
58
90
77
28
17
45
74
68
56
50
40
53
90
120
115
89
67
52
50
55
54
44
58
80
64
27
16
38
66
51
16
18
18
17
20
21
28
59
99
88
37
12
49
86
91
83
71
70
89
113
121
115
109
107
93
76
75
77
88
99
100
83
64
64
83
84
43
9
10
19
50
90
144
144
64
4
10
49
75
67
33
20
35
64
100
132
113
38
-3
2
36
70
82
85
86
82
67
55
53
48
19
-12
-21
-3
24
39
39
56
80
92
124
156
145
85
38
34
44
42
2
-34
-23
10
58
107
130
88
52
34
28
37
38
27
23
35
43
66
117
138
117
84
38
27
65
88
80
58
55
48
26
36
85
117
106
77
60
66
60
40
10
4
18
0
-13
4
22
24
21
42
39
3
-11
10
52
97
107
107
100
74
34
-1
-2
33
69
86
85
103
133
145
161
180
202
200
178
155
148
140
123
102
91
74
67
113
153
152
156
171
151
120
115
123
130
109
96
118
155
150
118
119
83
17
26
61
64
50
32
60
116
93
24
5
24
41
22
-21
-23
17
53
67
64
54
33
19
20
42
57
54
40
32
32
42
27
-9
-37
-50
-50
-26
-5
-36
-66
-65
-49
-4
28
3
-10
-22
-28
-14
17
50
36
-7
-25
6
58
83
59
37
36
67
103
91
45
4
-1
25
51
27
-7
-2
34
75
76
52
0
50
42
7
-24
-21
-3
-7
-29
-34
-23
-26
-5
28
49
80
80
27
-12
-22
-23
-21
-17
-25
-34
-6
34
53
49
23
0
-5
5
25
52
90
132
144
124
96
102
118
106
70
44
38
18
2
22
51
54
43
32
40
86
108
41
-28
-29
6
17
-5
-13
24
83
71
51
67
89
74
25
-17
-35
-24
-9
-2
0
-13
-9
9
36
68
81
65
37
21
20
29
19
6
2
-4
3
35
42
17
0
11
51
58
26
-19
-27
7
28
27
43
44
18
-2
4
36
60
81
112
113
71
35
34
59
76
58
10
-12
8
57
92
91
72
71
80
81
80
81
80
69
56
36
24
28
32
23
24
51
69
35
-4
-12
8
52
76
80
72
71
83
90
91
83
97
102
99
129
185
226
193
109
42
12
16
29
29
9
7
43
72
86
101
107
106
109
92
64
36
17
9
23
34
13
1
8
35
57
87
118
91
3
-50
-44
-11
4
2
1
5
26
59
75
49
16
0
2
22
28
37
66
81
69
75
89
66
38
43
73
80
58
56
68
57
24
9
21
27
25
28
57
73
42
-6
-12
1
-12
-30
-34
-38
-40
-21
-4
6
73
203
218
107
-9
-34
18
65
60
21
-1
20
81
147
177
156
104
59
44
54
70
84
89
83
88
109
122
101
70
61
74
85
72
69
70
74
72
43
11
-8
-17
-25
-52
-59
-53
-35
2
55
96
100
90
112
122
37
-42
-38
1
21
23
21
12
20
56
104
117
86
35
6
20
55
86
98
106
119
114
80
38
20
11
11
18
22
45
87
100
67
12
-6
-2
8
13
21
34
43
44
68
66
28
12
7
-7
-8
9
19
8
-7
3
29
39
49
116
163
84
-13
-21
33
73
61
20
-5
16
56
81
80
59
35
21
34
53
60
64
56
50
48
49
55
49
28
34
26
34
4
-52
-56
-18
6
9
22
54
86
98
102
98
88
131
139
85
36
32
37
39
25
8
12
36
56
80
98
103
98
74
75
93
104
106
106
97
67
21
5
19
20
11
27
43
53
25
2
8
24
40
29
10
3
-12
-20
10
81
114
88
35
28
60
76
59
37
39
65
91
115
128
130
138
140
118
106
107
106
104
100
98
108
133
140
129
105
74
52
42
38
59
66
26
-30
-74
-66
-52
-71
-83
-58
-28
-14
9
20
0
-17
-7
-4
-11
-26
-21
4
26
55
86
74
54
80
87
64
52
69
74
75
58
36
0
21
34
72
114
144
150
145
124
105
93
105
113
91
61
41
36
27
26
35
43
58
49
13
9
38
38
8
-33
-77
-90
-42
43
81
44
-6
-21
-2
24
32
10
10
60
115
120
102
87
81
60
40
33
45
82
119
135
128
122
122
107
87
76
85
93
114
123
108
89
64
58
68
72
68
65
44
8
-24
-36
-42
-40
-6
33
22
7
8
20
42
38
1
-30
-19
22
59
81
104
133
137
107
81
81
90
92
88
100
119
119
104
96
104
105
88
69
45
25
10
4
26
57
54
10
-19
-4
18
0
-52
-83
-51
5
33
25
11
9
5
25
44
21
-5
-5
5
19
6
-3
17
34
42
59
74
71
58
56
65
67
69
68
54
38
44
64
72
85
93
91
97
90
76
74
74
49
13
22
49
23
-20
-30
-21
-6
8
20
17
12
6
21
26
-2
-34
-49
-38
-8
13
17
17
28
50
56
24
-19
-35
-17
22
53
45
32
35
69
85
72
58
49
37
23
16
29
59
98
119
103
68
34
10
27
38
11
-10
-2
25
49
66
107
160
130
35
-23
-18
9
28
40
40
34
41
67
88
96
93
80
55
32
21
6
3
35
54
43
10
-22
-23
9
41
55
49
70
109
114
68
23
27
83
108
71
1
-39
-5
41
48
24
8
37
91
98
59
4
-11
24
49
28
7
19
58
100
119
115
85
53
48
50
42
38
41
75
98
64
33
38
39
35
28
11
9
28
65
87
93
92
60
8
-6
22
38
6
-26
-10
6
-14
-19
-5
4
22
32
33
36
55
83
116
133
113
83
65
51
34
37
60
82
83
76
103
129
129
115
87
58
43
45
39
29
45
80
85
82
96
87
60
39
39
26
-8
-30
-24
-18
-5
35
100
104
55
22
19
22
16
-2
-7
16
57
80
82
100
107
88
59
53
49
8
-51
-44
28
93
105
80
69
76
88
88
68
33
5
-5
-5
-3
-6
-12
-17
5
35
21
0
-2
25
37
22
25
51
80
57
7
-13
8
34
23
0
-10
-3
21
35
29
21
10
4
9
21
55
86
96
86
54
33
39
42
55
53
35
28
64
125
146
105
45
17
25
40
44
70
70
26
12
55
91
105
73
1
-33
-9
49
97
92
67
75
92
65
37
52
75
80
68
76
92
104
105
114
118
99
81
73
67
48
52
77
70
43
51
70
72
68
67
65
56
49
32
27
32
37
55
80
101
119
118
90
70
0
83
101
113
99
74
81
108
116
87
48
36
57
69
60
74
101
91
76
87
90
76
51
35
54
91
91
58
44
80
112
90
52
19
0
11
32
21
10
18
11
8
41
71
59
40
58
101
122
83
8
-21
4
29
21
2
5
28
60
83
93
92
60
23
23
67
102
105
93
72
75
98
92
74
54
34
48
80
93
77
75
89
59
17
5
10
8
6
18
34
44
85
149
119
27
-24
-17
7
9
-3
-7
-1
29
67
107
155
140
88
55
40
33
34
53
71
75
84
102
116
104
65
49
56
48
24
6
16
38
39
40
40
19
-1
4
9
16
23
34
38
9
-9
9
51
66
32
-6
3
32
44
17
-11
-25
-35
-44
-56
-41
20
93
107
75
70
102
122
99
56
42
35
29
61
96
109
87
50
43
77
102
60
27
40
76
125
145
133
135
185
200
132
53
42
96
133
114
66
51
57
69
88
105
116
104
75
66
74
97
113
90
49
20
-7
-36
-23
41
92
85
44
-1
-11
16
20
-24
-57
-37
-18
-1
48
93
68
25
12
17
33
49
41
11
8
37
42
17
8
19
43
65
64
51
53
28
1
-6
4
16
19
19
25
41
60
54
17
21
92
112
42
-12
-26
-27
-29
-38
-34
-3
21
20
17
48
76
87
67
48
37
26
27
49
81
97
102
99
45
6
26
81
99
87
83
84
61
34
39
67
65
33
5
-11
-3
29
54
55
51
55
48
19
-2
-7
2
19
51
80
85
56
17
10
41
70
80
85
82
37
-4
20
66
81
82
86
64
41
48
61
59
40
11
7
34
74
123
140
107
56
12
7
4
-7
-25
-39
-38
-19
7
28
49
58
49
23
2
-8
3
27
38
23
1
-8
10
36
39
20
19
48
54
54
77
152
186
139
75
57
102
130
98
44
24
35
50
66
80
70
36
22
28
43
57
76
112
115
67
34
34
37
34
16
-13
-21
16
59
98
118
99
57
37
36
39
44
64
100
112
64
20
26
55
77
74
57
73
93
108
122
114
72
38
24
22
38
64
92
129
163
147
97
43
27
45
53
43
37
50
73
84
88
80
33
-24
-54
-38
-10
-11
-12
11
35
27
10
34
68
53
17
6
33
72
91
66
39
44
75
100
128
155
177
186
137
85
59
22
6
35
51
16
-56
-65
37
144
166
120
72
42
49
92
120
113
74
54
37
36
77
122
163
141
52
-1
-4
6
12
0
32
50
28
-23
-67
-20
97
186
196
165
118
88
99
107
87
51
21
24
38
37
-6
-55
-42
-19
10
45
60
58
98
171
188
113
8
-70
-105
-104
-100
-98
-76
-50
-21
-22
-42
-37
-27
-77
-121
-107
-72
-81
-87
-65
-42
-11
11
17
5
7
35
43
26
9
5
38
86
137
132
93
74
68
65
65
83
90
43
39
68
81
67
53
39
20
16
23
23
24
26
64
87
41
-12
-27
-6
12
9
16
41
85
99
81
56
42
50
64
53
36
48
73
92
122
133
96
71
67
56
66
85
89
124
172
154
86
55
56
58
66
69
65
66
82
86
74
107
107
7
-60
-42
-13
4
10
-6
-9
10
38
75
91
70
34
-9
-10
20
35
24
32
85
145
167
154
118
103
85
64
61
82
75
55
64
73
28
2
38
70
68
50
50
52
29
25
57
90
93
104
89
20
-11
10
23
-6
-50
-74
-54
-12
10
27
44
22
-7
-27
-26
-21
-26
-23
16
80
123
102
49
6
-23
5
71
96
72
45
39
28
26
32
43
55
53
49
66
83
90
89
66
33
41
89
92
38
-30
-54
-22
8
10
-17
-35
4
49
89
121
60
-42
-85
-53
-24
-8
8
28
66
99
103
91
89
70
42
36
52
54
24
-7
-2
22
18
13
48
96
124
129
85
49
83
84
26
-8
-10
4
41
82
91
74
58
82
98
80
67
66
64
55
42
28
35
76
112
121
121
120
91
41
5
-8
-6
1
43
105
90
27
-19
6
38
6
-11
18
65
90
84
80
91
120
128
109
103
65
10
-14
-12
7
21
22
48
105
160
192
195
140
97
53
3
-24
8
96
165
208
176
101
76
96
71
-8
-59
-21
25
65
122
182
219
188
109
74
102
99
59
35
48
58
77
91
101
107
116
130
132
134
124
106
84
69
64
56
60
70
97
150
189
172
118
64
26
5
-18
-33
-41
-20
28
77
98
72
33
2
0
6
3
-17
-29
-27
-11
-21
-57
-72
-56
-26
-13
-7
8
20
18
-19
-37
-41
-42
-36
-51
-67
-54
-20
21
16
-19
-41
-25
4
34
55
72
113
124
54
-22
-69
-69
-35
0
20
25
35
57
80
84
58
35
26
17
-1
6
51
96
138
147
74
12
-23
-33
-18
0
4
5
12
51
65
38
17
9
5
4
24
29
19
40
99
132
119
93
67
54
69
65
41
34
37
56
128
182
135
43
12
48
76
67
36
19
32
41
32
28
36
41
42
33
32
52
0
72
69
54
64
60
27
3
1
25
56
73
80
70
55
58
71
70
68
80
87
102
124
74
-9
-43
-22
18
45
55
51
66
85
71
18
-20
11
52
56
57
72
80
86
102
102
66
32
19
20
38
75
120
117
68
25
16
13
0
-6
16
41
57
69
90
87
48
19
24
25
26
42
61
100
128
96
49
32
56
84
64
22
10
26
41
50
45
41
51
28
-6
-2
20
37
49
20
-13
-28
-42
-56
-65
-39
-2
11
11
44
75
42
-4
-26
-39
-54
-66
-74
-66
-36
3
87
166
150
82
34
16
28
44
40
27
33
51
81
121
130
98
66
59
60
65
96
167
188
120
28
10
38
24
-27
-69
-59
-30
-8
33
101
114
58
7
1
28
80
104
98
140
209
200
147
91
81
89
83
72
52
38
65
131
194
218
218
182
144
137
136
116
109
105
86
72
74
102
123
112
73
48
34
0
-39
-22
40
75
49
19
39
83
60
-2
-41
-36
-2
37
60
72
81
71
82
96
67
27
22
41
68
89
89
60
38
43
84
118
124
96
58
65
91
80
41
34
