217
177
138
132
151
179
192
183
161
112
57
32
23
18
23
-1
-34
-5
57
53
-11
-61
-28
36
32
-19
-60
-73
-54
-39
-54
-72
-59
-28
-28
-60
-84
-85
-85
-100
-119
-120
-92
-62
-44
-59
-89
-87
-99
-107
-109
-121
-135
-147
-142
-107
-3
75
3
-100
-130
-110
-103
-102
-81
-65
-13
53
33
-36
-66
-44
-4
18
-57
-141
-123
-29
-2
-60
-83
-9
72
84
55
54
80
92
76
43
11
-50
-98
-27
28
-38
-102
-98
-87
-89
-98
-72
-44
-54
-87
-55
56
118
120
104
105
102
11
-77
-105
-106
-134
-169
-171
-139
-89
17
140
149
70
-2
-39
-7
55
89
60
6
-37
-103
-130
-86
-45
-56
-86
-85
-51
36
214
277
52
-173
-227
-180
-150
-163
-206
-249
-254
-183
-75
-13
24
49
57
26
-39
-74
-41
-20
-56
-123
-157
-91
49
119
81
54
90
84
-3
-81
-86
-40
24
97
100
37
12
33
39
35
16
-1
-21
-18
29
74
83
93
117
85
57
56
73
82
84
98
85
55
53
83
97
85
97
102
40
-13
-28
-22
-23
-6
20
22
-8
-18
-4
-4
-19
2
38
57
56
65
82
104
107
77
34
-10
-57
-55
12
57
53
61
99
107
68
20
1
-2
3
50
124
152
12
-97
-54
24
33
6
6
38
80
112
118
105
67
27
3
9
42
84
70
72
123
122
0
57
20
38
64
77
97
90
74
55
18
-19
-12
23
64
64
32
37
90
84
25
3
9
17
19
27
81
185
197
130
59
4
-25
-11
5
4
22
67
81
91
107
121
106
69
38
24
25
53
84
103
88
59
49
58
50
-9
-54
-35
38
90
86
58
44
38
66
101
88
44
25
76
106
37
-60
-82
-55
-39
-5
39
-4
-60
-27
58
113
98
39
-22
-57
-37
13
54
61
60
41
-8
-73
-72
1
81
112
86
51
53
87
96
56
18
41
70
58
51
88
130
132
107
124
146
101
24
-17
1
34
59
76
80
89
114
128
102
68
81
120
131
113
108
135
193
210
144
92
68
32
-7
-28
-19
22
51
42
35
28
32
32
2
-18
-29
-52
-60
-21
37
72
54
9
12
42
27
-3
-24
-24
-4
18
70
96
67
37
26
25
28
32
25
45
85
108
89
49
48
82
107
91
5
-68
-60
3
72
84
103
141
128
49
-45
-76
-71
-98
-113
-51
33
66
85
115
144
148
119
68
27
16
37
76
106
132
134
119
102
101
109
153
176
162
141
121
118
116
81
40
21
33
64
71
55
42
42
53
100
145
120
51
-11
3
52
54
18
11
33
57
75
73
58
45
41
37
24
34
60
65
26
4
25
50
53
40
54
76
72
34
20
56
92
67
4
-9
27
55
80
85
37
-19
-17
37
76
68
69
52
-1
18
82
98
61
42
57
69
77
69
48
59
88
104
107
76
2
-41
-27
-8
-22
-51
-51
-5
21
-2
-1
12
35
44
44
64
72
76
85
83
65
44
8
-6
20
37
49
69
100
116
89
41
11
-18
-27
-12
13
20
0
8
60
76
8
-29
24
80
68
42
87
151
169
108
18
-44
-62
-54
-56
-70
-75
-51
4
56
81
103
105
84
43
10
1
20
23
-11
-41
-9
69
123
140
113
56
44
66
54
18
-7
6
43
75
115
130
64
-14
-26
-4
9
4
-42
-61
-1
86
130
132
100
72
45
23
6
-5
0
4
1
10
51
97
130
144
146
83
23
50
116
152
123
82
71
84
88
80
70
64
28
4
10
33
42
53
59
66
64
38
65
138
141
77
37
42
53
40
16
5
18
50
100
153
172
136
56
1
-33
-37
-12
13
33
34
38
66
87
92
101
101
74
50
56
64
51
28
9
-6
2
26
55
81
83
50
20
8
11
22
21
34
53
51
49
72
96
106
98
69
40
58
113
132
108
81
71
71
59
56
32
0
-29
-26
41
108
124
93
107
154
130
69
3
-42
-70
-89
-89
-67
-41
-7
24
51
71
67
51
16
-9
5
39
44
33
37
119
183
118
-4
-38
28
75
51
-1
-6
26
70
108
130
114
83
73
87
108
106
87
72
80
84
64
52
89
134
137
104
112
124
98
51
9
0
23
71
109
124
102
38
10
28
53
51
24
-4
-13
44
135
193
173
108
74
96
114
92
64
69
101
121
106
77
55
24
-45
-91
-3
138
220
193
133
118
122
85
33
-13
-57
-135
-216
-193
-88
12
58
39
11
19
24
0
-60
-157
-202
-130
-24
4
-13
6
56
66
28
-19
-50
-57
-59
-62
-54
-13
32
64
58
20
-59
-107
-42
18
11
26
67
76
55
48
75
115
118
81
48
24
9
36
80
60
34
37
18
3
8
18
-6
-57
-70
-3
64
65
60
68
73
84
101
114
120
101
72
69
60
69
91
96
72
48
52
54
42
19
6
29
72
115
133
134
116
64
0
-73
-89
-9
97
149
156
178
212
242
201
90
7
-28
-27
-9
3
6
4
12
58
98
108
103
82
48
33
51
60
44
21
4
-39
-68
11
132
186
164
114
69
70
83
81
61
54
41
23
26
39
44
40
42
88
124
71
-5
-3
33
39
9
-10
-9
6
50
87
107
100
80
82
87
76
52
39
38
50
60
50
22
13
33
58
66
60
83
107
137
141
66
4
-21
-33
-11
9
4
11
51
90
103
100
87
97
104
68
21
10
11
11
-5
-20
-7
17
38
55
88
96
69
52
54
72
72
41
21
36
43
35
11
-7
-26
5
77
117
118
101
92
131
163
107
22
3
57
113
107
69
33
11
24
80
123
101
34
-4
17
67
99
83
19
-53
-52
32
133
181
146
76
24
7
33
59
48
-1
-37
-18
32
82
131
120
37
-27
-30
1
41
64
57
43
38
49
90
119
115
120
103
61
40
24
0
-42
-49
-20
0
-1
6
54
112
117
80
43
26
13
4
9
24
38
44
54
29
-8
8
56
71
66
57
67
68
59
38
7
1
28
70
86
53
24
17
17
25
38
26
9
9
33
44
41
38
54
86
96
77
64
76
98
98
57
-3
-24
1
25
44
66
107
129
88
50
44
52
45
27
13
21
28
32
52
74
60
24
11
33
36
28
4
-26
27
105
89
41
21
58
101
97
54
4
-1
28
64
74
64
54
70
88
88
64
70
113
128
115
83
56
60
68
58
50
48
0
37
51
109
134
83
20
17
28
41
40
18
-2
3
26
72
83
42
-4
-7
10
16
12
5
23
55
82
92
88
76
83
123
148
106
36
-12
-4
49
98
124
122
107
97
88
74
44
29
32
44
67
84
99
124
146
140
107
53
23
18
13
11
36
83
107
83
25
-1
8
18
20
40
61
44
27
-1
-22
3
32
24
19
8
21
82
137
138
85
21
8
29
38
19
5
9
28
35
36
55
73
36
-12
-24
-5
3
-21
-58
-70
-23
24
56
85
80
48
24
11
2
-2
8
-2
-42
-69
-82
-49
9
32
26
32
41
52
53
68
102
109
83
52
11
11
42
66
67
57
60
74
84
89
84
75
83
91
112
87
6
-4
68
132
149
124
76
41
54
88
108
76
17
-6
13
45
53
42
39
53
68
72
51
43
60
64
66
73
67
55
40
36
42
58
48
32
26
26
34
58
105
131
97
61
68
82
66
26
-8
-11
-13
-36
-36
19
99
150
129
52
-1
4
22
28
13
-2
0
39
82
102
87
69
70
83
85
64
17
-17
11
72
117
136
153
170
172
178
199
213
218
172
83
23
28
87
124
101
51
29
40
69
113
154
154
113
68
54
69
84
66
55
53
35
26
28
16
11
16
-4
-9
16
44
74
107
149
163
112
55
55
59
24
-23
-9
86
226
328
339
283
224
197
248
331
309
203
152
170
226
252
151
45
119
260
333
356
368
361
339
314
276
205
138
86
54
53
83
123
124
53
-2
39
113
124
86
43
-24
-82
-65
-9
19
-10
-36
20
55
39
-1
-28
-56
-86
-99
-72
-28
43
100
69
0
-40
-33
0
35
58
64
45
44
50
-7
-74
-54
22
80
86
76
80
84
101
106
42
-68
-147
-132
-72
-67
-92
-121
-146
-145
-102
-35
8
10
-18
-53
-58
-36
-7
-33
-92
-136
-136
-99
-40
3
17
-6
-53
-54
-41
-91
-99
-9
82
98
32
-40
-39
16
48
32
-21
-88
-150
-161
-89
5
81
87
39
9
44
60
24
7
-23
-93
-150
-150
-108
-66
-82
-151
-179
-122
-75
-94
-113
-56
0
12
-2
-17
-18
-12
11
3
-40
-59
-41
0
2
-52
-78
-28
87
229
228
90
6
16
50
34
-57
-129
-90
-7
59
98
88
69
60
24
-27
-69
-94
-84
-42
-27
-21
-9
3
12
26
55
91
108
98
88
99
93
65
33
12
8
36
88
114
60
5
37
149
194
128
83
98
121
128
115
88
50
11
-5
6
26
38
48
51
65
86
0
88
76
55
27
27
33
1
-43
-70
-69
-34
22
65
53
37
50
36
-2
-12
-8
-39
-82
-51
54
156
203
215
224
252
256
198
138
86
38
8
-13
9
124
252
252
131
40
56
92
83
35
-27
-76
-61
38
124
109
54
12
-30
-56
-35
6
41
56
37
16
22
32
-8
-58
-9
69
88
80
59
71
112
140
136
101
91
113
115
122
150
137
119
108
69
34
32
70
120
138
101
33
28
53
73
76
34
-23
-41
-24
-6
6
9
20
55
81
52
58
90
60
25
17
13
-33
-76
-45
32
80
65
49
65
85
122
150
137
109
82
41
23
34
42
42
42
27
22
52
71
54
22
10
16
17
-2
-28
-22
-1
-7
-17
-27
-41
-33
-1
52
115
107
35
-19
-39
-49
-65
-59
-26
23
61
71
70
69
72
86
88
75
58
40
34
27
10
-37
-59
-5
52
83
88
100
129
102
33
1
3
-29
-81
-78
-39
-18
-9
-24
-58
-70
-58
-61
-84
-59
0
57
85
71
65
83
80
36
-3
-12
10
58
87
84
69
68
83
96
104
87
54
22
22
58
77
75
91
130
187
194
113
12
0
77
140
105
50
42
44
68
104
102
77
25
-19
-25
4
28
24
19
3
-5
10
33
42
50
51
38
28
49
73
80
58
11
-2
53
139
144
65
3
22
77
119
130
107
96
101
106
67
8
-20
-19
-33
-34
-2
25
22
0
9
92
149
37
-70
-53
-3
9
2
-6
-40
-101
-84
-3
36
18
-4
0
8
10
-4
-21
-9
2
1
40
107
99
57
44
70
70
24
-13
-7
6
22
70
123
155
164
105
37
-18
-68
-75
-35
-11
-22
-22
4
51
76
76
66
53
39
3
-28
-43
-42
-34
-25
-35
-66
-74
-69
-60
0
90
141
137
119
129
167
182
138
56
-8
0
56
114
121
73
44
107
166
144
84
44
75
120
82
22
2
6
2
-5
-10
-27
-20
12
27
26
9
-77
-156
-108
8
35
-22
-38
42
137
163
124
58
2
-22
-50
-117
-135
-67
24
68
29
-12
-5
59
116
121
53
-13
-44
-43
-28
-27
-37
-21
7
38
37
-3
-25
-24
-6
-5
-45
-136
-187
-115
-26
28
77
54
-12
-60
-85
-82
-57
-55
-85
-101
-107
-85
10
98
77
-13
-83
-75
-49
-37
-57
-90
-93
-89
-59
-12
48
75
61
28
26
39
20
-12
-9
21
42
24
-42
-124
-110
-24
12
-18
-68
-65
-21
-4
0
-6
-13
-27
-30
-18
5
19
20
20
8
-33
-81
-61
4
29
-5
-23
-2
17
29
66
0
139
181
116
21
26
99
129
101
-6
-93
-76
-3
49
40
10
26
57
66
37
-22
8
91
112
65
11
19
71
90
59
41
41
36
23
21
38
50
26
10
42
102
145
101
32
16
32
6
-51
-65
-50
-44
1
98
213
293
259
138
50
65
116
112
60
28
44
107
153
162
152
129
80
48
39
50
73
93
113
90
36
-1
9
56
116
176
188
167
178
217
244
216
173
148
105
100
120
137
176
210
172
115
98
113
151
193
211
180
130
140
215
268
257
185
147
181
220
237
253
265
252
204
153
173
220
204
148
129
171
204
184
149
122
125
147
164
150
106
71
42
25
75
136
137
100
82
104
146
166
160
140
114
106
153
242
261
180
114
120
169
194
178
136
90
97
124
154
192
213
210
171
137
132
137
115
75
53
41
53
68
51
18
40
80
73
69
55
32
44
69
84
109
84
10
-43
-81
-87
-34
39
73
74
77
76
66
55
54
58
51
32
19
33
50
56
89
128
129
90
37
24
70
100
68
13
-24
-59
-100
-89
-50
-18
1
3
-25
-73
-75
-4
24
-62
-130
-129
-59
-11
-44
-91
-119
-115
-108
-119
-146
-145
-82
11
96
97
55
41
27
12
-9
-51
-66
-69
-52
7
81
117
104
88
70
57
72
102
99
69
40
35
55
41
-21
-10
16
-12
-20
21
23
-45
-106
-117
-75
-49
-67
-87
-70
-17
73
164
164
87
-19
-56
-28
-6
-22
-18
56
155
213
227
219
188
176
177
130
57
69
160
216
224
245
282
285
256
226
212
176
131
121
169
189
165
136
122
101
56
48
56
26
-4
9
25
-3
-50
-109
-138
-129
-101
-54
-17
-2
25
75
119
129
77
-14
-33
50
65
16
20
70
112
125
133
145
146
135
129
144
176
182
162
157
165
160
144
146
141
93
37
-3
28
118
144
105
69
82
113
122
83
-5
-85
-75
-1
48
81
139
131
45
-11
-20
-21
-43
-74
-74
-40
9
75
130
140
113
73
55
58
89
106
91
81
80
70
38
41
80
108
114
104
101
108
105
83
56
52
41
34
50
-4
-39
-41
-59
-93
-92
-40
-3
-18
-56
-74
-69
-45
-23
-11
-11
-10
-13
3
35
44
10
-29
-52
-30
26
69
93
81
25
10
36
50
17
-27
-44
-20
36
37
-17
-12
58
75
34
20
28
12
-54
-98
-33
60
71
56
61
72
72
73
71
43
6
-4
16
43
53
4
-21
13
50
40
-4
-17
36
83
76
42
25
33
42
57
64
69
97
0
101
90
99
105
99
98
119
167
154
102
70
83
117
122
81
76
105
98
82
59
37
53
91
113
107
85
98
140
152
119
83
37
5
32
69
83
86
73
43
21
-4
-25
9
97
147
119
114
113
65
50
53
52
58
66
60
82
112
122
122
122
90
37
35
75
88
52
34
70
104
101
103
124
130
107
90
86
88
107
109
74
32
22
60
83
35
-36
-56
-17
54
93
86
92
101
97
102
76
4
-53
-67
-26
38
93
98
64
64
105
135
133
116
73
16
-20
11
91
131
89
23
-1
35
80
102
132
133
100
84
87
86
67
35
29
73
155
203
120
5
-2
53
69
24
-18
-29
16
89
140
170
181
187
176
90
28
20
21
8
-12
21
88
102
87
84
80
56
36
26
4
-12
-5
25
54
85
104
89
39
1
11
44
34
22
48
84
92
85
113
149
176
156
144
139
132
124
160
172
145
147
168
234
322
304
184
122
151
184
166
122
97
88
112
138
171
202
228
215
156
148
186
202
193
186
179
164
147
119
73
10
40
137
211
205
145
104
81
86
108
96
66
60
74
118
167
201
193
135
82
68
80
96
90
73
74
92
70
32
43
92
132
133
121
101
53
12
4
-19
-67
-104
-82
-25
-24
-45
-85
-151
-199
-213
-234
-247
-215
-121
35
186
209
29
-158
-216
-233
-274
-311
-299
-244
-174
-105
-26
42
113
86
-30
-103
-90
-46
-36
-91
-135
-105
-49
-23
-27
-27
-10
-5
-24
-44
-87
-147
-218
-234
-169
-114
-113
-97
-10
64
11
-130
-250
-278
-289
-316
-339
-333
-305
-265
-225
-157
-61
12
23
-67
-186
-216
-164
-104
-116
-171
-180
-133
-81
-54
-34
9
52
33
-14
-45
-54
-71
-97
-83
-76
-142
-151
-35
65
33
-55
-60
-8
18
-11
-67
-101
-110
-85
-50
-40
-20
23
43
28
4
-8
1
18
20
12
65
116
43
-35
-27
19
53
36
0
-17
-36
-22
27
92
134
131
109
75
55
48
34
24
9
2
3
-19
-45
-28
25
51
13
-35
-39
-4
28
43
57
72
76
77
85
113
103
77
56
40
65
133
184
173
137
109
99
116
129
118
103
103
122
163
185
198
246
276
228
147
90
77
89
102
115
107
89
85
102
116
104
91
75
73
58
34
41
49
23
40
116
185
201
182
168
199
232
196
114
68
60
60
61
84
102
101
105
118
123
128
124
117
128
140
152
163
164
156
135
112
104
119
131
125
117
103
105
145
183
161
107
85
81
74
85
0
109
122
118
109
145
187
192
147
88
64
73
80
68
58
70
70
71
84
82
52
28
22
38
82
125
145
136
129
124
119
102
105
119
112
97
82
76
96
115
114
87
60
55
71
82
108
137
122
86
74
75
56
32
27
65
103
112
103
105
141
166
125
58
16
10
26
33
25
38
64
77
83
97
120
124
98
71
56
34
22
18
17
8
-3
-4
13
41
59
54
17
-6
8
42
57
41
33
39
36
18
-4
-3
3
4
32
82
117
91
58
56
66
58
34
9
2
28
83
151
171
117
54
35
49
34
9
-12
-66
-73
7
115
163
153
147
171
184
153
117
97
88
92
90
72
54
54
70
76
61
38
48
86
97
36
1
19
29
12
-13
-25
-35
-53
-54
-28
9
22
5
8
41
104
178
240
217
146
100
86
82
73
69
60
56
67
86
100
109
128
144
173
263
313
232
184
232
296
332
331
326
327
372
455
540
603
615
586
548
531
492
450
453
484
489
503
568
596
536
482
466
428
338
244
220
225
227
233
249
268
266
258
224
192
204
220
199
113
34
1
-2
4
-21
-60
-58
-35
-17
1
0
-3
8
18
1
-35
-83
-115
-132
-140
-117
-108
-130
-150
-141
-106
-82
-93
-132
-182
-201
-193
-164
-148
-153
-178
-180
-153
-139
-164
-189
-169
-123
-84
-81
-107
-124
-125
-123
-117
-116
-138
-168
-185
-178
-170
-165
-138
-103
-105
-130
-154
-157
-135
-97
-83
-93
-107
-105
-87
-84
-84
-73
-62
-70
-78
-72
-78
-103
-110
-104
-65
-35
-53
-66
-60
-66
-62
-59
-73
-98
-104
-77
-35
-29
-58
-73
-73
-76
-104
-139
-131
-92
-83
-85
-56
-27
-34
-76
-115
-98
-62
-65
-73
-55
-22
-12
-56
-147
-184
-126
-40
5
-2
1
37
52
32
10
1
-1
9
-7
-44
-69
-65
-37
-22
-18
-13
-44
-92
-87
-27
56
102
33
-71
-88
-22
40
51
36
26
36
82
130
117
73
41
24
23
29
21
3
12
45
65
67
86
109
120
123
125
113
119
97
22
-3
20
23
4
6
7
5
2
2
2
4
41
96
99
73
57
39
25
16
17
21
9
5
10
12
27
34
13
-24
-57
-44
-8
12
26
32
24
56
100
83
56
60
81
90
93
108
136
120
66
54
116
170
154
97
51
68
133
192
194
154
113
109
115
80
18
16
54
72
48
4
-13
-13
-44
-100
-94
-18
53
59
40
13
26
51
39
2
-34
-52
-61
-61
-24
29
57
82
97
98
100
122
152
170
173
185
204
217
210
194
0
193
200
196
179
157
149
138
135
162
129
34
8
50
109
131
97
51
35
52
76
45
-21
-77
-105
-103
-83
-50
-12
-10
-33
-22
19
18
-5
-6
9
23
10
9
27
18
10
20
19
36
56
51
61
84
76
54
43
34
27
53
108
147
144
102
41
11
24
20
-8
-44
-58
-39
-14
-6
-11
-17
5
17
-6
-50
-69
-19
38
41
3
-14
4
51
85
81
71
65
34
-7
-11
13
48
69
56
52
69
90
100
101
101
67
-6
-13
55
112
104
87
91
115
144
135
85
43
43
59
59
64
92
113
102
65
25
39
85
67
16
-19
-20
12
41
51
39
41
53
39
35
69
59
5
-19
-5
3
16
37
56
72
68
56
73
98
113
93
48
12
26
76
76
34
16
37
68
82
86
92
75
26
8
20
28
2
-18
12
70
105
97
97
124
173
180
133
60
8
4
17
20
25
25
19
37
74
106
133
115
72
51
68
107
119
86
53
51
89
133
130
91
70
49
26
32
36
34
44
76
99
120
161
165
101
33
19
45
71
36
-19
-26
-14
-5
17
70
104
85
49
8
-17
-6
4
-1
-21
-18
3
11
34
77
101
75
38
20
35
51
53
39
21
11
25
39
43
58
119
129
55
0
22
70
74
50
38
36
56
103
140
139
101
70
82
119
144
120
103
109
96
68
44
37
37
34
-1
-33
-13
41
98
130
89
35
25
44
58
65
43
25
27
54
84
104
134
181
146
36
-35
-40
-23
-8
-25
-57
-62
-39
2
49
75
69
39
22
36
55
53
34
7
-6
21
88
113
53
-8
-37
-46
-33
8
43
76
99
89
85
124
150
104
34
-8
-17
13
64
98
118
136
129
91
84
75
25
-9
-2
3
0
-9
-22
-29
-26
-3
8
27
58
56
64
83
88
75
51
38
23
3
-7
-9
-19
-6
10
10
10
20
11
-25
-27
-3
26
68
88
65
42
37
45
53
36
5
-12
-1
40
72
100
106
90
66
42
49
70
69
58
67
91
98
70
20
-12
-1
22
9
-2
33
76
74
65
72
60
29
34
48
53
53
39
28
34
48
35
17
11
22
19
-17
-11
35
70
68
48
57
88
85
43
24
48
81
98
51
7
9
32
24
-3
-27
-60
-94
-71
-1
53
53
50
98
128
100
64
43
33
12
-8
-3
18
38
97
177
224
187
120
83
73
75
76
72
75
97
115
118
136
134
88
64
89
123
129
115
109
132
137
120
90
57
40
24
0
6
-12
-22
-18
-10
-5
-11
-9
-2
-1
-1
35
100
97
34
5
33
70
73
59
53
37
-11
-23
26
81
117
122
102
85
69
59
65
61
72
45
-56
-121
-77
-13
21
9
-28
-28
26
85
100
51
-3
-38
-60
-81
-67
-46
-11
53
101
106
131
118
40
6
33
65
67
43
17
18
58
121
153
147
118
81
55
55
64
90
101
69
45
57
50
58
107
118
69
33
5
-25
-26
-11
3
-9
-26
-27
-41
-43
-19
21
38
22
13
24
27
40
67
69
19
-4
9
36
54
81
109
114
107
97
86
59
-5
-19
5
32
48
56
55
34
23
33
74
101
70
32
38
52
54
48
40
52
65
56
48
41
65
74
71
100
105
49
1
10
55
80
58
23
22
53
96
113
103
97
102
118
132
119
86
87
112
76
7
-20
32
83
90
101
83
80
124
161
154
132
96
51
56
81
76
60
67
91
125
133
102
89
103
103
76
56
36
42
86
84
35
-7
2
44
49
35
55
76
73
85
123
155
116
23
-36
-10
52
81
72
59
53
35
0
-6
25
50
54
80
120
113
77
67
52
42
50
68
76
73
74
104
129
135
152
162
163
118
69
60
91
86
43
22
26
76
128
109
53
41
49
24
22
50
55
53
53
48
35
3
-17
-2
18
19
25
24
19
16
-13
-37
-13
-5
-12
-7
23
69
81
52
25
13
-11
-49
-78
-83
-45
5
25
12
5
-13
-17
32
82
74
21
-18
-11
11
32
44
49
52
53
58
80
80
72
65
71
90
84
59
57
73
65
32
1
8
37
45
12
-13
-9
2
9
-22
-73
-69
6
82
123
133
73
27
41
58
43
23
4
-13
2
42
59
60
90
100
76
44
26
41
72
60
58
90
76
34
23
58
87
60
33
51
89
105
84
71
102
122
117
77
24
-13
-12
18
40
33
-1
-34
-29
-7
11
34
41
40
24
-2
-3
22
52
74
64
28
12
39
70
75
61
43
32
23
22
23
28
49
69
71
67
57
73
89
71
35
41
74
96
85
58
34
40
69
84
81
87
64
17
-10
-12
0
9
-2
-35
-34
33
72
39
-3
-11
-3
-7
-19
-9
26
71
100
99
101
138
172
152
106
86
88
97
108
137
124
69
43
39
72
100
96
81
35
2
24
51
6
-52
-34
40
105
116
89
65
82
64
20
23
49
65
40
-24
-101
-101
-36
4
-12
-49
-41
-10
21
56
85
82
54
38
35
51
75
105
146
0
180
193
155
114
107
98
69
42
24
10
39
82
103
125
114
93
87
58
41
26
-3
-10
-6
-1
7
3
11
21
1
0
24
10
-11
-20
-10
-6
0
17
22
-6
-42
-44
-21
-6
-7
-9
10
22
32
49
58
64
65
61
52
44
55
42
18
37
71
96
112
128
133
146
177
186
131
49
5
12
45
64
64
56
41
20
19
44
42
18
3
7
13
28
36
27
13
21
25
-23
-82
-68
-11
23
18
-4
-3
25
54
59
55
58
88
101
68
22
7
10
17
18
-10
-13
20
54
73
100
150
167
147
117
93
86
106
120
115
113
150
184
172
128
48
13
43
70
69
59
58
76
92
116
129
85
23
10
37
57
68
37
-13
-13
2
20
38
50
56
90
154
168
91
21
29
57
45
32
61
109
136
123
86
66
76
92
112
130
119
96
83
85
84
86
61
33
42
89
136
180
213
144
19
-24
1
21
9
-6
-8
-5
-9
-1
44
90
84
39
21
49
88
85
56
28
13
10
-12
-29
-4
10
-4
-17
-38
-41
-22
2
44
84
81
35
27
57
64
48
29
