7
-20
-2
29
26
23
9
8
37
77
102
91
59
36
19
22
38
22
-6
7
58
109
123
92
49
12
12
2
-18
-34
-8
53
82
56
20
37
68
88
92
82
69
97
119
98
70
59
76
89
87
98
101
114
152
150
73
-5
-25
-22
-23
-33
-22
16
38
41
37
81
107
86
58
41
39
28
24
48
57
52
57
85
119
141
114
59
37
80
90
52
28
49
70
77
66
58
76
75
70
66
55
49
73
92
74
51
53
64
67
55
37
20
23
8
-8
-2
11
26
59
61
20
-9
-18
-8
-14
-24
-9
3
-4
-4
34
70
68
37
25
13
44
90
72
37
29
25
25
32
69
118
97
22
-7
11
19
-34
-89
-68
17
76
72
90
102
50
19
37
50
32
10
11
20
0
-18
18
66
61
11
-9
27
80
103
91
51
5
-17
2
35
50
52
55
58
70
53
9
22
83
99
51
3
-4
4
4
1
19
35
20
-4
-2
24
51
57
38
5
-4
40
97
96
54
52
73
90
89
72
69
90
99
58
26
32
69
91
54
-20
-71
-23
61
108
129
134
114
66
83
153
162
115
52
-6
-20
13
81
118
85
55
52
38
40
70
89
70
7
-20
5
19
22
26
34
57
66
54
44
42
28
10
9
-4
-27
-9
17
28
72
0
141
122
41
-44
-65
-29
-11
-10
-17
-21
10
37
27
39
66
54
12
-4
9
25
37
58
58
54
40
29
50
104
156
149
115
84
101
163
90
-24
-37
7
39
24
16
52
84
106
101
58
28
41
71
51
22
17
33
60
61
48
48
41
17
5
24
53
68
52
51
86
132
104
10
1
60
70
51
29
35
36
32
41
42
42
59
57
58
85
134
182
204
181
102
56
55
51
54
54
49
53
42
32
70
107
103
51
-3
-36
22
104
130
106
81
70
73
64
44
59
93
148
168
119
49
20
44
67
56
0
-17
59
117
116
68
26
53
83
50
39
54
59
40
33
58
61
21
-37
-45
-39
-36
-24
-14
-7
-5
-10
6
49
85
91
105
136
114
57
27
19
6
-1
2
9
4
18
68
92
80
68
81
90
52
-18
-27
59
132
108
48
24
53
76
50
-10
-44
-27
-11
-11
-20
-14
-20
-7
87
151
88
-29
-90
-75
-29
-1
-9
-44
-23
44
85
98
102
71
33
52
54
11
-13
11
38
24
-2
-3
29
81
90
67
40
42
54
48
44
49
33
29
48
57
70
52
37
44
44
44
39
36
36
25
18
26
-17
-75
-81
-54
-38
-54
-65
-27
-13
-28
-45
-29
21
57
39
12
12
23
35
44
26
21
61
91
72
66
73
70
82
97
57
6
-2
38
69
65
57
39
33
34
34
34
32
37
39
35
42
36
20
11
27
28
36
37
7
-25
-18
27
57
40
7
17
50
45
33
48
40
33
59
87
116
122
80
33
18
35
39
8
-19
-26
-9
27
58
73
76
105
136
124
70
39
33
42
52
21
-12
-2
53
106
136
136
116
102
80
38
49
83
93
84
65
57
57
56
73
53
16
9
26
36
52
68
37
-19
-36
19
80
70
36
19
23
53
103
139
134
85
26
-1
-6
-2
7
-10
-59
-46
34
107
149
164
156
116
58
37
26
13
4
-22
-45
-36
4
81
129
121
67
42
65
72
67
65
48
17
16
61
130
138
96
65
64
81
74
59
48
33
55
87
80
48
12
1
-8
-44
-70
-20
49
53
39
48
85
148
170
120
49
16
26
60
70
45
4
-7
21
65
96
81
54
52
52
49
32
21
39
59
48
38
65
109
104
76
80
97
101
65
25
18
33
54
67
71
59
64
80
89
88
56
27
33
51
44
17
19
0
-12
-2
23
37
36
66
75
52
34
44
57
53
38
51
69
88
106
93
80
69
72
0
85
96
98
87
53
19
28
70
71
72
61
36
8
-3
0
28
86
124
101
32
-9
3
25
26
-11
-57
-65
-27
0
-4
-11
17
27
9
-6
1
-7
-22
-3
16
36
33
7
5
60
101
59
-6
-29
-20
4
9
10
33
80
93
108
128
115
90
69
50
16
-12
-6
16
19
5
-10
-29
-39
-4
55
98
86
49
40
35
19
4
-17
-5
68
140
171
157
128
67
22
35
49
53
48
22
25
60
92
138
129
44
-9
-5
24
74
99
96
87
58
17
12
43
43
19
16
28
27
21
12
24
55
84
73
38
32
28
24
66
68
32
6
21
48
64
73
83
88
98
96
72
71
98
120
125
91
33
9
48
76
73
74
114
132
108
82
73
82
66
45
25
4
7
37
74
75
24
-6
12
8
-26
-37
-29
-35
-43
-43
-10
44
81
90
92
104
87
20
-50
-66
-19
33
49
38
33
43
84
123
114
60
3
10
17
-11
-1
40
56
55
54
65
70
50
36
19
20
43
57
45
19
3
25
57
98
123
106
90
85
74
42
4
-14
-6
12
43
70
100
96
74
60
58
59
54
35
18
16
26
43
65
90
101
75
37
22
72
105
77
49
48
42
12
0
10
56
89
96
84
60
67
87
65
21
18
37
41
49
40
23
35
56
66
50
34
22
-2
-20
-20
22
58
65
35
-6
19
42
41
40
36
33
22
10
10
8
0
-20
-46
-44
-28
11
57
75
80
85
105
123
86
22
-21
-43
-13
61
61
6
-20
-14
10
25
9
-21
-41
-54
-46
8
84
106
60
42
86
128
130
115
113
118
123
122
119
121
67
17
16
83
117
76
17
-14
12
51
52
52
53
48
57
93
130
122
80
60
89
123
116
102
93
73
41
33
57
52
-7
-1
65
101
98
75
83
108
129
132
128
98
60
51
24
-7
6
27
32
17
9
9
4
-1
-6
-9
-13
-8
5
6
4
18
25
10
-4
-5
0
17
50
60
51
52
59
54
27
23
39
73
102
50
-37
-57
-17
7
-7
-19
-5
21
54
100
140
123
49
0
10
22
21
26
59
84
91
82
76
74
65
50
25
-8
-14
23
83
106
98
89
102
140
157
89
34
23
50
67
48
41
51
71
92
97
88
73
64
60
72
93
112
83
35
20
38
60
69
58
18
-14
21
69
84
83
72
61
82
85
51
4
-4
-4
-34
-68
-41
18
59
76
92
108
108
80
42
20
7
10
42
90
119
0
108
91
98
108
112
106
101
81
49
28
52
96
106
113
101
100
102
86
76
88
98
88
70
35
39
27
1
-19
-18
12
43
53
50
49
36
22
38
28
3
-5
4
50
96
97
81
83
107
113
53
-8
-12
-5
4
7
27
61
81
64
65
83
73
65
75
75
33
5
17
7
-25
-13
-6
-12
-22
-28
-35
-24
6
49
104
130
102
20
-61
-90
-44
-17
-12
-4
2
40
108
149
133
108
88
76
67
65
98
131
103
74
71
76
67
48
41
61
72
80
89
102
85
52
27
6
-4
-1
5
37
37
7
19
51
71
74
72
50
33
37
51
28
6
3
18
1
-18
-5
23
82
125
133
117
109
100
68
36
20
-3
-35
-28
6
52
85
74
65
83
67
54
89
103
81
58
65
69
51
48
68
58
40
36
13
7
27
32
7
-20
-20
-21
-38
-50
-4
43
49
59
72
44
11
23
59
74
39
0
-8
17
69
117
129
72
-6
-55
-28
-9
-13
-11
-12
-22
-1
67
137
149
100
56
41
42
48
25
-11
-40
-42
-10
37
60
58
36
51
92
77
19
2
16
39
33
6
16
45
36
3
-20
22
91
123
144
136
93
65
53
42
38
16
-23
-26
26
83
100
119
128
105
102
91
73
52
23
23
58
104
124
103
64
22
3
12
49
65
40
33
60
75
48
23
26
58
73
53
40
38
54
70
74
99
119
134
138
122
103
84
39
2
6
9
1
16
37
36
42
66
74
107
122
102
64
16
3
11
6
-12
-19
18
54
51
23
17
50
84
89
56
7
-22
-20
2
5
5
-6
-27
-35
-12
35
74
71
32
18
8
-23
4
118
195
150
50
-3
18
48
34
-11
-39
-29
9
44
40
22
13
21
35
69
82
72
85
128
139
89
41
34
37
48
69
105
133
116
54
-6
-23
-6
9
25
39
25
32
39
58
88
109
91
76
84
86
85
73
56
39
20
-1
-26
-1
69
109
91
60
59
75
67
26
-6
-17
-12
7
36
59
37
44
74
65
33
20
28
9
-20
-8
-7
6
40
76
105
118
112
87
74
65
44
19
-12
-25
-17
1
11
18
24
52
52
-2
-33
-11
10
8
5
25
38
34
24
6
-7
-4
-8
-28
-17
4
10
5
0
12
10
8
20
27
36
38
27
8
0
27
66
77
51
19
18
28
20
13
-19
-61
-81
-69
-44
-25
-34
-26
48
114
108
55
51
112
157
139
76
26
9
24
51
70
75
90
132
137
0
89
50
29
36
32
21
38
52
49
43
70
120
121
82
48
48
56
56
59
42
17
26
55
67
51
25
23
42
75
102
96
37
-10
-26
-13
16
23
-2
-39
-42
-24
-6
22
27
25
49
72
90
77
51
48
74
72
48
32
12
21
42
50
42
34
40
33
16
21
37
65
89
87
70
54
26
10
8
11
28
28
10
10
27
34
43
77
84
75
61
59
67
52
32
-3
-2
24
40
48
56
68
70
57
45
43
29
11
19
32
33
29
55
98
115
90
59
57
89
118
105
75
49
26
43
55
68
87
99
81
40
44
71
74
55
40
52
54
57
89
114
102
67
33
17
11
18
7
-5
7
52
106
116
66
-8
-25
19
72
41
-12
-5
50
104
129
129
123
108
100
99
93
74
37
45
81
89
74
56
60
75
68
41
21
12
18
39
76
70
12
0
18
50
67
39
2
-2
26
54
50
52
112
177
134
34
-24
-18
-8
-10
-18
-19
-23
-7
18
43
71
99
90
44
1
6
49
61
44
20
-8
-25
-22
-9
34
99
120
84
42
40
60
67
54
66
121
146
114
83
76
81
84
70
48
42
44
58
102
137
133
99
85
113
141
123
75
52
54
60
55
34
18
22
38
64
80
68
9
-50
-36
23
70
56
12
-11
-21
-21
-12
-8
-24
-43
-42
-1
56
83
82
81
66
33
6
-1
17
19
6
3
1
18
65
71
44
36
41
53
42
18
34
53
33
17
34
53
43
5
-35
-21
36
74
85
69
27
20
54
77
91
51
-19
-38
-4
32
41
26
-24
-43
9
72
80
56
44
82
101
107
118
121
113
104
109
106
92
80
67
51
49
72
93
116
124
119
128
137
122
88
61
42
38
51
82
108
93
42
9
19
33
21
6
4
-6
-1
57
124
117
84
81
64
58
54
36
21
3
20
41
33
33
60
109
122
85
44
19
9
21
18
38
40
10
11
26
56
117
122
52
51
109
146
149
140
136
131
122
101
67
32
25
26
13
12
24
38
48
60
87
118
75
-8
-50
-37
-13
-2
-6
-36
-51
-22
23
36
34
42
48
6
-24
-12
-3
-1
19
20
1
4
17
29
40
18
3
32
66
92
91
71
72
83
84
69
45
18
1
8
43
102
113
75
57
86
88
49
1
-7
-3
-33
-45
4
60
56
32
19
36
69
86
81
57
34
33
27
69
116
118
108
113
117
120
132
130
108
109
118
105
68
66
86
0
75
43
33
24
5
17
37
33
49
80
70
19
-1
4
11
3
9
28
21
3
-20
-20
0
16
11
8
39
88
97
57
16
29
55
54
41
39
65
96
113
122
120
105
96
75
69
64
51
35
16
33
74
85
54
19
7
22
37
37
19
17
83
108
55
13
21
44
27
-7
-26
-33
-9
19
54
81
69
35
4
-6
-11
7
38
43
42
43
66
98
102
92
90
77
67
49
32
32
37
54
86
76
37
18
7
20
39
44
40
27
37
44
52
86
117
91
35
3
12
39
21
11
40
33
-14
-53
-50
-33
-37
-35
-20
2
35
64
68
71
60
72
132
199
170
69
34
84
115
91
38
21
41
68
90
97
85
81
92
86
108
117
89
69
91
97
54
8
9
69
149
200
144
36
0
27
55
37
-9
-29
-7
18
44
88
112
81
38
26
38
48
52
37
19
6
5
69
122
92
29
21
70
75
39
35
29
24
57
60
39
-6
-40
-22
17
54
25
-40
-13
82
123
100
43
52
89
90
70
45
41
26
-3
-33
-55
-70
-28
52
84
53
21
16
22
23
35
40
26
-7
-8
12
35
44
57
61
75
101
117
87
41
4
1
0
3
38
76
114
147
149
106
32
-6
9
25
13
-18
-37
-5
29
42
33
23
26
9
-1
12
34
38
34
27
23
9
0
4
3
0
9
-13
-24
9
53
54
41
55
54
33
17
1
-6
-6
10
17
-1
17
49
65
87
97
102
115
100
52
36
41
38
56
50
7
-6
22
52
92
129
116
93
80
64
86
129
109
52
44
72
67
36
4
17
51
71
49
-5
-35
-13
1
-14
-40
-38
-4
33
42
42
34
16
7
9
17
8
35
75
67
33
20
33
44
26
-7
-36
-45
-30
21
66
67
75
89
104
70
35
21
-4
27
148
187
113
53
66
99
103
90
67
55
71
106
133
136
118
82
34
45
117
162
146
136
154
169
172
122
27
-27
-29
-29
-30
-19
21
56
50
32
51
101
118
74
-2
-28
8
56
91
92
52
25
54
114
157
86
-20
-61
-27
52
74
50
24
35
72
85
73
49
4
-54
-89
-58
-33
-35
-12
22
52
66
73
73
59
35
40
69
96
87
93
132
152
128
55
-5
-21
-7
-5
-5
-13
7
48
48
85
136
93
39
40
69
88
81
67
61
66
60
51
48
45
19
0
11
33
51
56
53
52
61
82
75
75
69
50
43
42
26
9
-6
-9
2
28
67
80
0
82
92
104
121
115
80
45
40
38
80
121
70
5
-9
10
37
25
-8
0
39
84
118
132
103
53
19
35
66
65
33
22
40
64
69
38
9
7
13
41
50
5
-39
-37
-22
-1
24
43
51
48
26
24
54
91
98
68
25
-21
-19
21
65
83
70
48
80
141
166
152
122
105
102
77
69
106
140
140
146
123
105
108
122
139
145
145
179
233
246
264
282
273
263
262
272
280
299
315
308
252
214
224
246
253
277
296
298
273
247
269
278
219
181
196
232
258
240
192
162
172
162
124
116
124
149
165
140
122
134
125
119
100
43
9
0
-9
16
73
43
-22
-51
-66
-87
-75
-40
-7
-28
-74
-60
-20
25
42
-6
-97
-151
-150
-129
-152
-209
-220
-150
-81
-62
-59
-45
-29
-34
-50
-35
-23
-39
-57
-61
-52
-67
-97
-101
-87
-116
-163
-178
-163
-139
-134
-161
-194
-164
-140
-137
-115
-82
-43
12
-7
-87
-147
-173
-164
-107
-67
-69
-75
-74
-68
-52
-66
-92
-86
-66
-56
-37
-27
-45
-5
56
21
-44
-65
-24
-26
-69
-94
-92
-70
-53
-35
-26
-17
28
89
117
92
36
-20
-62
-83
-87
-82
-42
9
69
101
83
51
40
48
53
52
56
74
88
87
33
-35
-67
-51
-43
-69
-74
-33
20
53
72
112
134
131
122
121
128
114
76
80
99
70
27
19
17
9
-3
0
11
12
-24
-52
-26
38
90
107
103
114
133
128
91
71
48
11
9
34
49
50
55
81
86
68
85
137
167
152
149
135
104
76
74
81
76
72
66
81
115
137
150
156
123
82
24
-2
34
81
103
82
39
22
37
69
96
76
39
20
64
124
105
64
41
17
12
40
91
116
81
48
64
73
52
42
76
84
38
36
90
123
102
70
70
91
99
82
75
61
49
87
136
102
39
22
44
98
121
44
-55
-74
-60
-60
-66
-66
-22
19
42
103
147
106
34
-6
-17
-21
-41
-46
-18
28
48
41
59
88
84
48
27
41
68
80
43
-1
-9
9
35
73
80
51
25
9
3
10
8
-6
-4
-10
18
106
178
152
56
-10
-26
-33
-27
-26
-33
-23
9
50
86
81
41
33
60
81
73
53
38
55
66
38
12
27
51
37
16
38
87
148
139
74
26
26
32
18
4
8
42
82
97
113
169
169
112
34
2
19
54
83
84
71
70
76
74
56
39
32
32
34
34
67
102
107
114
124
123
75
40
116
133
42
4
41
19
-29
-55
-52
-20
9
20
23
70
115
140
162
165
0
171
166
146
144
155
154
133
103
107
137
151
161
178
168
105
40
19
53
109
73
-18
-44
5
70
82
43
18
-2
-10
8
56
129
140
77
40
71
93
101
96
80
93
138
194
187
115
77
98
118
122
121
108
83
76
113
134
80
4
-10
-1
-8
-34
-14
53
96
90
74
80
73
66
84
107
133
92
10
-7
38
51
22
7
35
68
74
72
59
60
74
90
84
54
43
38
35
52
100
122
67
-56
-122
-85
-44
-55
-45
-21
-18
-10
18
51
20
-6
12
2
-49
-78
-74
-44
26
96
65
-6
-45
-45
-28
-12
-18
-41
-58
-59
-17
41
56
68
55
20
16
22
1
-39
-66
-58
-40
-18
-4
-11
-27
-27
7
38
72
96
41
-44
-27
42
54
11
-20
-27
-38
-35
10
73
89
45
10
20
51
48
4
-20
-4
21
37
43
52
61
87
100
72
38
22
19
20
21
16
19
43
65
61
42
12
-2
-6
4
34
56
54
59
59
37
4
-8
10
89
128
60
-28
-46
10
71
87
59
26
34
60
106
166
215
187
107
70
107
166
179
141
130
166
185
157
136
107
91
114
149
194
170
69
-18
-11
9
-21
-54
-51
-3
60
113
139
154
122
18
-44
-36
-24
-49
-59
-67
-56
-12
18
27
27
32
34
39
34
35
52
64
35
-4
-28
-55
-37
-7
-2
-10
-1
10
2
-6
1
4
-1
-8
5
33
54
33
-12
-38
-21
18
41
17
-3
-14
-25
-9
37
100
131
112
53
-5
3
22
11
2
7
35
51
51
69
131
150
114
53
6
11
57
102
118
104
88
92
133
160
153
122
103
76
60
48
26
38
70
91
104
115
114
88
74
65
49
54
86
113
97
76
73
82
75
74
60
19
3
40
124
173
138
64
24
43
75
64
38
51
68
82
70
83
119
118
102
92
102
136
129
88
81
99
108
90
57
41
48
25
19
53
96
99
55
13
16
53
86
85
67
26
-10
-9
28
52
43
20
4
4
35
108
105
-3
-75
-58
16
77
68
27
12
9
17
29
44
66
67
29
22
71
101
121
145
145
114
80
65
75
104
104
88
70
44
17
12
54
80
90
60
3
-2
9
17
32
6
-37
-18
41
88
77
40
8
9
55
114
136
97
48
39
45
39
21
20
44
118
136
107
100
121
120
88
49
11
-6
9
52
70
82
55
-9
-58
-59
-8
57
41
-39
-72
-22
21
24
28
5
-42
-19
27
-10
-50
-51
-57
-54
-27
-38
-69
-42
-4
21
0
56
85
83
51
18
27
59
56
12
-13
6
50
28
-14
-9
35
58
75
107
104
83
73
85
132
118
51
-10
-24
20
57
72
88
123
180
201
170
132
117
103
92
115
156
177
162
171
163
151
173
192
134
56
50
91
114
85
34
4
12
36
65
80
68
64
93
146
151
88
51
76
108
97
61
55
22
-6
49
118
96
43
55
86
81
54
26
33
67
89
88
70
28
1
27
55
56
37
48
128
197
198
149
89
51
54
71
69
26
-5
22
41
84
164
194
113
21
3
52
91
55
-2
-13
6
49
101
115
102
112
144
118
29
-41
-37
1
17
11
-6
-34
-28
-13
-7
-1
-11
-53
-39
13
49
53
65
68
72
91
76
33
-20
-42
-20
6
6
-18
-21
16
40
36
23
28
36
80
129
130
70
8
28
98
112
48
-20
-25
-1
12
11
10
2
2
53
121
101
7
-41
-9
49
64
42
37
57
103
124
123
121
100
80
65
57
72
81
70
55
53
54
12
-27
-3
36
28
11
40
112
105
36
-22
-5
52
67
40
18
11
28
49
64
53
28
16
34
55
69
80
83
80
71
56
34
20
42
61
49
33
55
88
108
92
80
80
74
55
24
10
0
-1
34
54
67
83
119
149
130
103
85
64
37
23
54
101
53
-49
-114
-123
-97
-51
-8
17
22
-5
-13
18
29
25
4
-26
-18
27
56
52
65
58
27
-22
-43
-19
6
22
42
73
104
90
35
28
67
69
48
40
35
18
-10
-11
16
54
76
89
92
107
130
120
92
65
25
-6
-19
-8
12
53
90
98
73
60
82
74
54
55
68
80
76
56
59
87
87
53
23
26
54
97
101
75
66
56
28
23
67
88
68
74
121
148
98
43
29
16
7
18
25
25
37
32
7
19
57
67
42
36
40
45
25
-7
-34
-36
6
50
75
68
41
57
76
42
-3
-7
-3
0
36
56
55
60
80
72
48
54
97
120
115
102
124
133
67
-35
-66
-25
18
33
21
2
11
58
90
80
66
51
29
19
5
-8
4
32
40
48
36
6
-20
26
99
88
51
36
21
10
10
11
6
-3
-2
4
-1
7
42
80
100
98
54
17
26
54
37
13
-3
3
55
98
97
54
53
58
44
49
64
54
58
36
27
55
60
91
164
128
4
-51
-12
36
37
-6
-26
-11
10
36
67
83
86
81
59
68
56
51
70
83
41
-17
-39
-8
16
22
54
134
157
83
29
32
43
37
0
12
12
56
80
60
26
25
68
82
61
24
10
58
117
145
155
146
88
23
-7
-8
18
44
43
41
38
11
35
90
86
34
22
25
32
26
32
48
58
96
153
139
65
-2
-36
-39
-41
-53
-69
-59
-33
4
68
131
173
144
51
5
37
83
90
72
53
49
58
71
83
80
68
48
52
86
109
90
84
103
114
96
84
88
83
88
81
55
35
12
-3
27
59
53
32
34
67
102
146
155
91
25
4
20
50
58
55
48
38
59
96
106
84
53
42
64
86
89
85
56
16
-17
-11
34
54
32
9
23
65
109
122
86
19
-17
11
39
23
-7
-6
5
7
39
87
123
135
114
82
57
25
1
-7
1
18
24
24
54
107
130
109
86
68
76
84
56
9
6
58
119
128
86
69
75
85
99
86
60
60
69
80
86
88
92
93
98
97
82
38
7
34
76
83
69
57
40
25
4
-20
-28
-6
20
1
-30
-30
2
29
3
-23
-13
8
23
33
65
65
23
20
34
23
-1
-5
9
6
3
7
19
54
71
59
53
54
53
53
36
38
40
48
42
39
57
75
74
81
106
107
84
53
20
7
24
49
66
98
161
205
145
58
42
21
-20
-29
-14
3
10
27
65
91
89
86
76
59
37
16
33
61
60
41
22
24
38
56
82
91
104
83
33
-5
-13
-5
-23
-50
-26
-3
4
13
28
32
27
20
0
-7
18
42
50
53
53
55
64
40
-27
-57
-8
12
34
56
91
136
147
102
54
39
35
38
60
68
82
74
65
74
77
74
51
34
40
44
42
65
76
72
54
45
41
57
106
148
106
49
24
-4
-40
-70
-60
16
70
76
109
123
83
38
12
3
-11
-36
-55
-51
-17
21
34
34
13
-9
-10
16
42
56
52
37
40
60
60
44
35
34
35
33
51
83
92
61
13
11
66
89
51
-2
-18
19
60
73
75
80
76
70
68
39
3
-19
-17
0
17
27
43
73
85
83
56
42
41
42
36
24
4
0
-14
-9
24
44
59
104
131
116
91
75
67
58
45
58
85
119
137
128
105
84
55
40
40
32
25
50
87
103
86
64
51
59
57
51
52
64
66
50
51
68
75
52
23
35
76
130
138
84
24
-2
-19
-37
-39
-14
9
-9
-27
-10
18
42
83
69
-11
-37
-21
-7
24
39
20
-6
-3
43
104
121
106
84
72
69
65
55
51
44
41
55
57
50
55
69
73
88
114
117
97
71
70
100
0
92
34
28
36
4
-23
-20
8
37
52
51
39
39
57
72
88
92
83
67
49
67
107
124
87
33
18
53
75
66
58
48
32
36
50
55
48
49
48
26
54
112
122
89
83
70
41
44
51
41
9
-3
28
72
81
64
39
-7
-23
22
57
83
80
72
53
21
23
85
146
81
-35
-90
-86
-68
-37
-45
-69
-67
-4
73
108
96
68
27
9
25
21
8
12
26
38
27
7
13
40
53
67
91
76
39
3
2
25
32
11
9
41
99
131
70
-28
-55
-3
9
-17
-19
20
64
84
104
108
116
114
74
26
6
11
49
65
17
19
74
98
91
91
118
135
101
65
45
38
32
28
50
73
75
48
21
16
25
36
13
3
45
86
97
72
41
32
52
69
56
54
60
39
36
66
58
45
74
135
145
92
43
38
55
55
36
24
49
98
106
104
130
136
100
66
51
48
55
65
74
97
106
81
53
40
52
100
80
-4
-54
-42
6
27
5
24
71
57
24
1
5
39
43
26
20
34
51
70
73
51
64
96
85
53
52
53
44
41
32
27
34
