81
104
105
70
32
11
19
23
19
19
25
42
57
65
65
57
102
148
77
-18
-40
-9
39
73
60
32
20
43
89
120
114
96
74
39
43
86
99
66
44
52
49
28
41
80
92
73
64
67
74
68
53
49
65
85
80
64
35
7
7
24
37
27
20
20
38
34
5
3
35
57
54
65
97
101
67
37
32
37
40
17
1
21
52
80
98
97
73
55
53
68
85
87
65
18
-2
19
44
44
16
0
6
20
28
34
35
8
-22
2
57
66
33
19
34
49
36
3
-22
-25
11
53
51
21
12
38
58
38
6
11
12
17
52
93
102
92
104
138
135
91
57
44
33
20
9
27
84
105
60
20
36
49
26
8
4
16
42
82
119
103
65
59
76
83
58
42
42
35
33
49
49
21
3
11
27
40
48
51
64
98
116
71
20
21
61
83
72
55
43
38
37
35
26
33
61
74
66
50
32
35
55
50
7
-5
6
3
9
37
58
80
87
68
42
34
41
41
40
38
37
40
24
11
49
80
71
51
66
104
106
74
51
53
65
83
108
149
144
93
64
51
41
33
11
-12
-38
-22
11
18
1
-10
49
119
58
-42
-70
-9
59
64
21
-10
-17
-5
11
33
28
13
0
2
20
38
32
13
17
29
0
50
60
40
41
64
80
103
129
119
60
10
24
75
67
5
-41
-42
-13
-2
-3
28
80
76
44
22
24
33
35
34
29
27
32
38
50
57
75
96
96
68
33
9
8
27
40
57
83
83
91
103
113
107
115
130
123
98
58
34
25
24
18
28
59
70
70
56
51
51
54
27
-11
-10
27
65
83
89
101
114
104
67
23
-2
9
41
60
68
73
72
75
98
133
155
105
35
3
-19
-38
-43
-52
-45
-17
13
57
89
60
13
4
32
85
109
70
37
93
177
155
50
-3
4
9
9
13
10
-12
-9
39
92
105
71
26
36
72
72
51
36
28
11
12
43
69
83
88
97
96
77
67
50
44
55
60
53
12
1
43
112
100
24
-26
-34
-17
0
8
-2
-12
-3
6
8
22
38
52
55
36
25
52
101
116
75
36
12
20
38
32
3
-3
1
5
10
23
48
73
85
66
33
32
81
103
69
41
33
25
21
21
28
32
8
-18
-33
-24
6
37
42
50
108
148
83
0
-14
13
26
0
-30
-25
20
75
104
134
134
100
48
3
-9
-1
16
9
-10
-6
29
73
108
112
70
42
75
129
118
71
71
117
136
88
6
-35
-21
-2
-3
-33
-55
-53
-41
-21
9
43
40
-11
-41
-21
7
34
84
138
146
128
105
71
42
34
45
65
57
38
41
72
108
122
103
70
50
57
74
76
71
69
82
92
85
64
59
74
87
86
87
83
64
68
101
107
75
20
-21
-30
-25
-19
-17
-33
-44
-33
2
6
-11
-18
-5
-1
0
-3
5
33
49
60
59
49
36
13
8
18
38
50
52
57
57
51
43
29
35
50
38
13
22
52
38
5
10
32
40
42
36
34
61
128
165
128
59
26
35
33
10
-8
-5
36
60
41
34
55
57
53
60
66
69
75
76
82
81
68
51
48
44
43
42
51
65
71
84
114
85
26
1
-4
17
33
34
42
55
73
85
73
76
117
118
42
-18
-22
-3
10
3
0
40
97
117
89
43
23
38
32
16
5
-5
5
66
117
120
90
69
72
86
107
128
116
90
82
72
64
52
44
58
101
108
91
103
118
102
71
43
51
76
73
36
9
26
55
73
101
108
51
-3
4
38
48
18
-6
-8
-3
8
40
70
77
59
32
12
1
4
28
54
86
106
91
59
55
70
71
64
40
10
18
51
52
28
45
76
85
43
-24
-36
3
40
40
35
25
19
27
64
101
87
28
-11
-18
0
-4
1
3
9
20
12
20
43
52
38
22
2
-7
8
22
10
-3
-6
-5
-18
-39
-40
-10
24
37
26
28
49
58
38
23
22
38
58
68
56
55
72
59
35
20
10
12
33
71
86
92
114
99
65
50
49
51
40
0
-33
-26
21
80
123
139
129
99
55
23
23
33
11
-29
-77
-105
-101
-50
16
42
53
53
50
53
66
70
57
39
23
6
56
164
169
92
26
-4
-12
-18
-22
-34
-43
-10
32
49
45
42
65
97
115
104
92
80
61
40
33
49
51
55
85
102
100
97
89
80
61
36
25
50
108
178
197
108
-4
-40
-13
10
6
-13
-19
16
80
145
152
76
-1
-26
-4
32
68
73
44
24
64
137
113
19
-56
-59
-12
21
17
3
18
51
87
117
138
139
122
117
149
163
141
88
36
18
11
-5
-34
-55
-53
-25
19
60
82
83
66
48
26
9
11
20
7
-5
10
57
65
41
36
45
72
123
162
124
52
1
-6
24
55
59
34
24
57
128
184
199
169
118
77
65
68
44
18
17
28
60
77
61
28
4
7
42
69
52
24
10
8
-8
-5
16
7
-13
-22
-21
-21
-11
16
86
120
76
-6
-34
3
13
-24
-54
-54
-28
13
53
76
92
120
147
120
64
18
1
8
13
17
21
23
28
26
22
25
27
48
67
42
13
26
48
57
72
60
51
41
11
-5
6
35
65
102
104
40
6
33
72
73
51
29
17
41
117
138
104
82
87
100
101
86
72
106
164
150
73
24
10
16
10
0
9
45
82
96
91
90
75
44
27
51
80
82
58
49
65
96
130
130
115
99
65
41
48
68
53
27
40
51
65
91
101
92
97
104
103
83
52
25
20
27
44
49
39
27
17
18
41
67
89
84
50
28
25
17
22
43
68
72
41
13
16
51
119
176
114
9
-20
8
50
81
61
-2
-24
25
42
11
-10
-20
-33
-35
-9
7
32
57
55
50
75
120
118
68
17
20
86
141
138
88
59
86
100
92
75
48
28
-5
-54
-78
-70
-41
-11
9
27
41
58
93
91
73
67
49
27
10
20
97
144
83
6
-26
-20
17
36
12
8
28
58
88
96
87
81
73
43
7
2
38
68
57
55
60
56
41
23
20
32
37
38
57
76
54
24
18
-3
-27
-34
-24
-22
-20
-3
57
136
116
45
16
21
22
3
-6
27
69
51
35
37
39
32
17
9
6
4
12
39
60
70
54
23
12
40
77
0
92
77
50
29
43
70
72
51
57
101
115
93
72
77
89
112
106
60
16
2
24
39
23
2
-7
3
35
76
119
120
80
54
55
56
54
58
56
39
17
5
4
6
0
-3
-7
-2
21
34
10
-8
5
7
-11
-23
8
57
86
91
86
86
87
70
48
16
-17
-22
-10
4
23
85
138
163
161
125
98
86
81
71
54
34
27
51
68
71
71
74
67
53
39
25
10
12
40
68
65
50
57
80
87
52
4
-17
-14
16
45
66
69
61
69
75
70
59
53
53
64
50
28
36
91
162
139
52
3
21
54
64
56
50
50
53
66
87
80
36
-7
-23
-6
11
19
16
24
41
57
73
45
-3
-12
12
33
13
-18
-22
-2
27
74
107
70
1
-24
-11
-4
-12
-17
17
82
115
103
86
89
105
114
86
50
48
71
117
135
108
90
92
103
93
70
74
102
145
148
120
123
125
104
82
58
28
5
9
27
43
50
42
37
37
59
92
100
72
40
45
64
72
51
11
-8
-7
20
59
100
113
88
85
118
155
149
131
141
141
140
132
100
71
75
86
50
-17
-22
28
104
166
181
176
164
129
97
98
105
105
101
71
41
64
105
151
177
168
148
134
135
152
170
169
140
122
108
118
157
163
116
68
34
8
24
72
92
87
114
162
185
171
156
176
209
194
140
104
113
152
180
171
134
105
102
84
59
70
121
132
56
-39
-62
-7
33
13
-23
-28
-6
-2
-20
-24
-14
4
36
35
-20
-54
-54
-57
-61
-57
-38
-10
-8
-58
-116
-123
-92
-100
-133
-134
-102
-50
6
6
-33
-37
-36
-60
-103
-134
-134
-110
-89
-66
-41
-44
-56
-52
-44
-27
11
8
-38
-69
-66
-71
-78
-84
-88
-53
-5
-40
-114
-123
-93
-81
-91
-108
-78
2
35
33
27
-12
-55
-77
-72
-51
-17
40
67
35
-26
-66
-58
-43
-38
-38
-34
-14
34
81
65
18
-26
-65
-76
-71
-65
-40
-14
-4
1
20
44
69
83
81
92
86
53
35
22
5
3
6
9
7
24
70
138
136
70
36
44
61
55
37
22
19
20
45
88
104
65
17
4
24
42
49
53
52
52
65
82
118
133
85
12
-27
-17
7
-4
-33
-28
10
70
102
81
51
74
102
96
85
91
105
120
124
133
102
72
51
29
19
22
25
23
34
60
108
131
104
61
20
6
18
37
38
32
38
51
54
45
58
72
67
59
38
28
38
58
67
41
37
38
24
24
43
48
53
92
117
121
109
0
73
50
50
48
39
33
44
84
116
122
106
83
55
35
33
50
66
65
85
99
83
44
6
-20
-6
36
60
50
53
89
101
83
64
48
44
51
54
55
72
91
77
39
24
27
36
33
37
39
44
74
90
86
91
98
88
61
55
53
55
80
103
99
77
51
33
44
70
72
67
76
101
121
129
137
149
113
77
86
90
85
80
81
87
108
132
131
105
80
74
91
112
124
104
81
84
116
120
100
86
122
160
156
140
123
109
108
128
134
112
90
86
88
115
151
152
120
90
84
87
80
81
85
75
41
10
22
50
56
39
35
37
33
33
51
44
0
-5
18
24
25
21
7
3
1
18
53
76
59
39
41
64
74
68
59
40
22
22
21
-4
-36
-33
-11
-10
-23
-38
-41
-20
16
49
59
50
35
17
-2
-7
-9
5
-3
-45
-82
-75
-42
-29
-41
-58
-57
-34
8
53
56
17
-19
-5
1
-25
-67
-84
-71
-29
11
3
-51
-65
-18
26
38
17
-2
32
82
98
76
61
90
102
74
40
27
37
38
26
27
49
66
59
41
53
100
98
26
-19
-10
49
105
118
100
77
87
123
129
81
36
17
11
3
3
11
22
32
36
32
34
45
43
32
45
71
85
76
69
76
71
48
38
48
48
29
13
23
51
92
107
44
-17
-10
7
-9
-38
-36
11
88
124
106
73
81
102
122
131
91
18
-17
33
100
104
80
70
77
102
129
136
129
113
86
36
5
12
44
80
80
64
51
74
98
38
-36
-56
-11
28
-2
-33
4
52
42
1
-7
20
38
38
38
49
71
84
54
17
5
7
12
17
19
13
21
52
90
99
85
106
131
120
96
87
86
80
48
23
9
1
26
56
50
26
11
20
38
42
18
-11
-6
53
116
60
-44
-45
38
68
32
-12
-10
28
48
33
35
66
114
123
98
67
54
51
35
26
37
43
48
52
55
69
86
116
148
155
119
68
71
97
92
67
34
5
-11
2
59
99
84
20
-11
5
10
-8
-17
3
36
87
97
11
-54
-33
21
74
65
19
1
22
60
87
73
33
16
22
-9
-42
-11
66
120
117
76
51
53
54
51
69
96
109
67
12
40
105
108
58
2
-7
18
44
66
106
167
195
134
37
6
43
82
65
12
-22
18
101
177
204
152
86
69
83
86
76
84
96
100
101
101
105
105
113
120
118
99
73
42
37
24
-2
-5
-4
-10
-22
-35
3
49
38
1
-9
1
9
0
1
-34
-38
-6
36
72
107
100
64
42
54
75
85
86
73
61
72
73
55
44
81
129
137
121
99
74
61
39
21
19
36
48
33
28
65
74
44
10
-5
8
24
21
9
8
22
41
68
65
26
12
59
106
101
72
36
6
-6
6
22
8
-1
25
73
87
57
32
21
12
4
1
21
50
50
17
-6
-8
-28
-58
-57
-38
-20
8
55
112
100
42
-7
-36
-23
-6
-28
-45
-28
21
70
74
66
35
6
-29
-53
-24
21
43
33
34
55
71
87
121
136
117
65
28
49
83
87
57
35
42
77
112
118
113
132
152
123
86
82
101
108
96
71
74
105
134
109
55
11
-8
-3
4
-11
-37
-33
6
35
35
23
37
73
117
99
44
27
52
68
59
68
52
25
5
4
44
107
129
100
85
86
76
60
65
81
89
80
68
53
60
96
115
104
92
72
48
34
24
16
17
53
89
83
54
52
67
80
80
67
64
87
92
74
123
172
103
8
-13
16
39
28
17
20
34
45
42
20
9
34
44
24
17
20
35
65
80
53
6
-20
-19
-2
12
25
36
38
20
-10
-38
-56
-45
-2
22
19
19
24
49
98
160
154
55
-66
-101
-40
12
16
-5
-18
-7
20
64
93
118
118
64
21
9
22
35
44
44
42
36
56
100
112
105
104
113
116
86
53
57
74
88
104
108
124
136
97
53
49
58
52
21
-12
-7
39
64
43
24
17
5
0
-11
-25
-21
11
53
66
56
44
48
53
60
71
77
77
66
35
4
-4
8
42
59
58
54
66
89
99
88
57
18
-5
1
26
40
29
20
27
37
33
34
24
-9
-40
-41
-29
-8
-4
5
35
70
87
57
10
-36
-52
-29
-6
4
9
22
38
56
83
109
119
106
114
154
182
169
107
52
39
49
41
2
-14
21
81
118
154
163
113
44
16
34
60
70
68
72
80
85
98
113
120
99
55
26
25
25
21
9
6
24
50
66
82
107
131
99
27
5
26
58
66
37
5
1
24
48
39
24
18
-1
-14
-10
10
40
68
67
52
60
119
165
129
69
52
59
70
58
25
17
37
42
35
36
44
24
-8
9
37
56
64
49
8
-4
-12
-11
5
26
55
70
56
41
43
58
49
34
19
10
32
70
129
171
122
40
4
9
11
-13
-27
-5
16
39
59
53
22
3
12
39
64
76
74
57
50
48
69
86
80
66
84
117
116
75
54
67
88
90
83
73
55
66
0
120
160
144
99
91
109
105
60
32
25
17
11
22
34
44
58
67
91
116
104
52
-3
-18
-18
-20
-18
-19
-9
-4
-1
5
20
43
57
52
43
28
26
26
24
29
23
20
43
84
106
93
67
35
16
43
66
68
97
133
124
97
74
57
24
-14
-28
-29
-25
-21
-5
25
41
44
48
67
88
65
7
-24
-11
-1
-13
-22
-17
-4
26
67
96
89
72
54
36
20
5
33
70
87
102
117
114
100
86
72
66
65
72
81
89
98
108
115
121
138
150
140
123
115
120
118
102
73
64
83
74
37
24
35
33
12
-1
10
28
11
-17
-25
-9
-6
-25
-42
-51
-53
-51
-29
0
49
73
12
-51
-49
-1
18
-18
-26
23
58
27
-26
-70
-61
-25
-13
-21
-19
-1
25
51
70
68
40
6
-4
5
26
35
20
9
20
52
44
-2
-37
-19
22
50
52
49
57
80
81
20
-24
-8
25
24
60
119
71
0
7
49
69
74
68
53
68
122
178
166
131
103
81
70
73
70
69
86
104
101
70
37
21
36
59
84
100
89
73
70
99
101
25
-38
-27
26
57
33
-3
-4
16
27
52
103
129
96
43
8
0
18
16
-9
-21
8
54
68
53
44
57
66
34
21
23
13
16
23
3
-28
-18
43
103
68
23
20
33
43
42
66
141
155
82
18
24
65
68
39
13
17
39
76
112
136
146
124
75
43
61
105
125
130
134
112
66
43
121
164
82
8
-20
-14
1
4
-1
-10
-38
-29
27
68
69
100
173
186
115
32
-2
9
25
16
-10
-22
-23
4
66
140
155
98
48
55
85
92
85
70
61
81
98
97
90
85
72
54
26
16
22
21
-11
-34
1
56
96
77
21
-17
-10
6
6
-12
-17
22
70
103
87
52
44
37
18
-1
-1
24
48
53
73
104
107
74
40
36
66
87
77
74
80
96
156
197
119
19
0
37
71
69
23
-7
19
70
105
122
148
147
106
43
4
-8
-6
-2
4
16
27
65
105
119
119
129
99
64
32
10
16
35
61
88
96
64
36
36
49
58
53
37
37
45
65
83
87
73
74
80
82
112
118
57
25
72
70
-3
-53
-28
9
23
29
41
56
69
73
81
101
93
51
3
-6
7
16
12
4
13
50
85
102
97
82
68
57
51
41
58
75
76
77
61
32
-18
-55
-54
-27
6
24
18
34
58
41
12
10
44
89
105
72
12
4
22
13
0
3
35
64
43
22
40
61
59
0
36
7
-24
-35
-11
41
88
112
114
91
60
38
5
-26
-35
-22
-10
4
39
82
116
136
123
101
98
124
137
70
-17
-25
11
50
50
32
26
58
136
140
71
22
20
34
33
34
48
48
51
81
101
96
74
59
48
25
5
2
11
21
-4
-40
-38
4
48
49
50
83
87
97
139
161
96
19
0
33
74
100
104
98
97
104
118
132
119
71
8
-9
34
81
82
75
69
66
65
53
54
71
92
83
24
-10
-2
-3
-55
-102
-76
-24
6
39
90
122
90
25
-8
-7
12
27
24
25
36
52
40
26
28
33
35
50
68
80
80
75
86
89
82
55
43
71
91
61
34
58
49
7
-12
2
12
17
27
34
37
57
72
49
19
5
-2
-4
-8
9
18
-7
-38
-41
-11
11
22
28
59
99
92
60
41
64
83
69
24
-3
6
41
65
58
50
50
54
72
104
135
144
131
117
81
38
32
51
50
21
4
4
26
67
84
27
-20
-9
35
64
72
97
96
51
21
32
67
88
71
66
71
37
11
25
65
66
22
-14
-33
-18
50
99
108
88
65
51
52
65
65
43
35
45
53
53
61
59
41
28
50
91
112
113
102
81
64
35
16
23
41
40
23
34
90
160
180
130
65
55
60
41
6
-18
-11
17
50
68
73
71
70
59
44
35
36
56
65
50
42
41
27
16
26
42
42
35
32
28
9
-17
10
86
102
44
6
8
29
50
45
23
-10
-25
-2
37
83
103
77
24
4
22
26
29
51
68
74
86
87
86
90
97
70
18
-8
-18
-6
26
40
33
6
1
17
48
56
52
59
83
117
122
73
24
11
-1
-33
-57
-51
6
52
35
7
-3
-8
-20
-39
-26
6
73
149
195
188
176
170
155
121
58
6
4
32
42
36
22
4
-10
-7
29
74
97
105
115
101
81
70
57
32
20
41
59
59
64
81
100
125
182
227
169
51
-22
-7
36
34
4
-2
18
59
128
183
209
203
180
155
128
100
82
75
76
83
103
137
141
118
125
161
148
76
3
-41
-60
-65
-52
-27
7
19
2
28
71
42
-13
-44
-38
-26
-36
-51
-38
-20
-12
-2
-3
-46
-82
-60
-7
3
-10
-2
18
36
42
23
-6
-25
-22
-7
22
66
65
10
-33
-24
1
1
-11
-12
8
44
74
73
64
61
49
11
-4
6
18
9
-13
-19
-3
-3
-6
3
12
18
20
27
42
59
58
44
44
74
102
102
72
29
25
56
65
42
9
4
0
26
48
54
52
73
86
65
59
73
84
89
98
113
116
114
134
153
148
119
72
33
10
11
20
36
58
71
58
58
72
82
90
104
100
83
73
74
67
49
26
17
27
42
54
69
65
50
51
74
88
71
45
73
141
135
68
5
-21
7
57
80
60
54
81
85
73
57
50
41
43
55
51
36
43
64
54
39
29
33
67
74
67
60
64
57
37
1
-25
-13
5
34
66
85
92
91
60
17
-2
-6
-12
0
17
6
-3
-8
-17
-11
-5
2
4
-2
-7
6
40
73
64
33
24
35
41
41
43
49
48
50
51
53
65
83
71
38
22
24
38
60
36
18
26
57
97
107
81
58
65
66
50
35
50
101
155
149
112
86
58
32
8
-3
2
6
12
35
74
99
76
42
34
39
21
18
56
104
99
53
26
39
38
17
5
2
-13
-40
-42
-21
-4
-5
-6
23
81
102
58
22
51
106
121
86
66
89
141
177
177
161
115
70
70
105
139
141
103
67
41
35
40
49
42
44
68
87
86
61
43
55
53
33
3
-11
3
32
69
101
91
48
-3
-2
29
38
25
13
22
51
69
75
70
52
49
38
28
42
48
19
-3
1
13
36
56
57
41
40
67
97
92
67
50
42
56
76
97
122
107
53
20
16
16
23
40
55
56
55
64
44
20
10
-13
-39
-27
2
24
44
51
42
24
12
12
7
11
25
35
49
80
99
86
70
83
81
61
55
61
70
84
96
98
105
107
103
125
152
130
67
16
21
60
77
65
36
22
33
68
101
130
123
72
7
-21
-17
-4
-9
-23
-18
10
25
22
25
29
32
24
18
17
10
-12
-20
6
27
19
22
40
44
48
56
67
72
73
72
66
43
12
-2
9
35
38
38
50
36
11
17
33
33
28
29
37
42
58
69
23
-19
-44
-60
-49
-33
-27
-9
36
84
109
107
82
45
21
7
9
29
35
20
20
48
75
85
80
82
82
66
74
115
115
73
50
69
84
67
35
7
4
38
85
128
138
118
99
77
39
-7
-38
-26
0
17
10
1
23
72
88
83
85
76
64
65
83
93
103
107
103
85
64
57
61
53
25
0
-6
2
35
64
61
69
69
21
-38
-62
-53
-40
-44
-59
-67
-57
-19
37
83
98
50
2
3
7
10
9
3
3
43
51
8
18
58
85
85
65
38
28
52
88
108
100
96
104
116
118
117
116
107
96
103
99
64
40
43
44
64
0
73
59
55
72
106
137
137
114
96
86
88
96
106
117
104
92
100
114
99
76
75
71
54
57
75
59
-2
-36
-24
4
7
8
38
74
97
93
89
85
89
87
48
11
18
37
53
56
37
26
71
120
115
67
55
75
91
76
40
9
1
16
37
67
85
66
41
21
10
9
10
11
9
5
7
8
18
27
25
16
11
24
36
43
32
-14
-50
-27
27
53
27
-8
-12
-8
-24
-50
-76
-89
-77
-61
-56
-66
-70
-73
-94
-107
-94
-71
-46
-26
-6
-9
-20
-21
-17
-10
-20
-28
-2
43
99
133
114
85
70
50
32
39
48
48
53
65
69
76
92
114
121
104
86
86
75
96
136
146
119
103
106
102
87
92
102
66
21
18
53
89
91
54
8
-20
-24
-28
-29
-9
12
19
18
10
5
10
27
51
44
12
-5
5
40
66
60
51
53
68
58
19
5
41
67
58
52
65
74
59
48
41
36
54
85
98
80
56
54
44
50
69
72
67
67
68
96
120
108
99
116
137
154
172
157
108
93
106
103
91
92
99
105
101
103
125
154
148
121
116
148
160
120
52
21
38
58
65
86
104
93
58
10
25
87
87
42
20
34
67
105
147
151
85
23
9
25
41
41
25
37
60
72
77
71
52
59
86
103
108
104
125
145
82
27
6
3
-8
-22
-18
-8
13
51
99
128
97
39
4
18
56
49
12
0
25
80
116
120
84
33
6
19
43
28
5
1
16
36
53
65
70
75
86
74
24
-22
-51
-53
-29
-10
-9
2
26
37
42
56
51
39
48
64
82
120
145
87
23
22
60
82
54
2
-5
25
64
74
85
90
60
42
74
107
115
89
57
50
42
25
21
17
28
69
116
148
150
114
82
90
82
69
48
21
6
17
39
49
37
29
54
99
99
53
19
36
75
66
40
39
39
38
48
60
70
59
40
35
48
56
42
5
-13
1
40
71
70
45
33
27
12
-17
-38
-35
-23
12
91
133
98
50
21
16
12
-6
-21
-10
29
104
166
148
54
3
36
71
50
10
-1
13
41
43
25
21
25
28
33
29
36
74
107
118
105
80
60
35
24
65
106
86
34
25
54
71
91
109
72
35
53
84
106
112
59
8
1
26
59
74
71
56
51
66
83
99
108
101
89
80
80
82
82
69
57
68
83
60
18
2
37
73
58
35
24
18
25
36
42
42
35
23
32
71
109
129
100
34
0
11
38
0
39
22
-2
-18
-9
4
23
53
51
24
2
9
18
10
3
-3
-11
-3
19
42
66
74
76
71
54
35
19
16
27
53
64
57
81
104
101
89
71
69
75
35
-13
-8
26
32
8
-7
-1
12
32
67
92
65
20
8
23
41
48
42
58
75
70
56
50
32
9
6
20
25
13
6
26
69
91
89
53
11
-7
-11
-18
-11
6
34
52
68
102
133
135
106
68
44
56
92
150
155
109
76
72
66
51
40
38
51
77
114
124
107
115
132
134
123
115
120
119
121
123
101
57
20
11
36
41
33
20
9
32
67
54
33
43
87
118
118
84
36
1
-23
-36
-12
41
82
88
86
106
141
164
180
166
104
68
70
112
156
168
148
122
121
140
149
140
145
160
147
105
59
58
101
145
153
138
123
125
135
145
167
170
134
105
116
117
112
122
123
113
122
145
136
114
97
100
108
102
91
103
108
114
140
148
147
146
129
131
153
151
117
83
76
97
104
108
124
115
75
48
50
81
105
104
58
17
4
10
0
-28
-36
-12
17
5
-22
-9
1
-10
