97
89
65
53
83
116
107
48
-7
8
67
91
73
54
71
114
70
-18
-49
-25
25
66
68
72
80
71
73
103
85
42
24
38
68
67
58
44
28
38
70
106
99
65
53
69
92
120
162
146
104
89
87
96
92
72
43
20
24
60
88
84
68
66
60
33
18
34
26
17
7
-1
-9
-28
-10
48
74
43
-25
-101
-123
-114
-84
-44
-23
-9
10
43
53
33
11
-9
-25
-40
-38
-3
43
70
66
42
39
56
113
136
69
-2
-2
33
34
3
-28
-36
-36
-29
0
39
81
74
35
12
-9
-29
-19
9
43
57
32
5
26
75
115
90
29
4
22
37
28
40
44
40
70
89
66
35
23
36
45
44
20
-1
5
25
67
88
69
40
21
25
51
64
59
51
42
43
48
28
7
-4
17
72
115
117
91
58
24
9
23
44
55
70
84
68
40
42
67
80
56
17
5
32
77
105
103
116
114
69
33
21
9
18
57
91
85
60
51
69
86
76
69
92
149
121
-1
-78
-50
-5
-9
-35
-27
32
75
72
56
55
52
35
38
77
87
82
102
131
132
105
90
104
89
53
32
25
26
34
26
-3
-25
-22
38
85
54
1
-19
-9
-7
-12
-20
7
64
115
122
98
87
89
103
107
75
32
21
74
146
134
55
-1
-1
23
0
27
22
11
-3
2
18
36
54
69
52
38
59
65
48
41
38
32
18
17
60
96
88
66
53
68
77
66
43
42
53
45
40
73
114
105
52
13
23
49
53
48
50
68
97
102
81
54
36
60
124
120
41
-23
-30
6
45
53
44
48
49
51
66
60
41
34
39
26
5
-1
2
24
41
32
0
-13
4
25
21
8
21
51
97
105
60
25
26
41
24
-17
-42
-43
-23
16
76
97
80
60
90
144
121
45
-2
12
55
60
44
26
19
40
68
80
65
50
43
44
67
81
57
53
77
96
106
113
99
61
60
98
98
70
74
80
81
119
129
59
-21
-54
-46
-29
-18
1
37
87
152
217
182
73
-11
-20
-1
-13
-51
-59
-6
84
163
152
83
39
58
86
71
29
-1
-5
41
92
88
56
60
73
66
68
82
89
82
60
38
12
16
27
-2
-43
-21
58
80
20
-22
18
106
139
101
36
-3
-9
24
66
56
39
50
64
66
65
90
131
170
186
124
40
-12
-19
16
19
-12
-28
19
96
97
59
52
57
52
34
6
-18
-6
20
25
8
0
1
-5
-22
-12
18
33
49
70
48
16
19
41
66
71
51
36
33
34
38
33
26
22
18
3
-10
1
27
44
68
113
151
151
87
-1
-43
-25
1
-4
-29
-34
6
61
104
107
86
70
57
43
25
17
55
98
96
60
43
43
43
60
75
75
69
48
33
33
37
36
8
-29
-52
-11
66
119
128
138
140
116
88
50
27
82
129
84
19
4
38
67
49
2
-22
-23
-21
-9
7
22
53
72
57
13
-6
10
44
58
64
72
84
92
96
87
74
50
36
54
58
33
3
17
45
48
43
72
89
37
-10
-7
-4
-23
-35
-30
-25
6
33
45
85
123
112
67
36
13
-4
-8
8
41
52
41
44
68
67
43
25
21
5
-12
-10
34
86
115
123
98
86
120
161
148
96
61
65
61
40
33
23
17
32
65
84
69
28
23
52
52
34
16
8
25
60
89
113
106
25
-35
-40
-1
41
54
59
71
90
107
103
91
88
96
99
64
12
-5
5
36
44
17
-3
18
68
139
216
205
115
37
23
48
55
44
42
43
44
54
65
83
108
112
73
26
17
28
32
25
45
73
73
52
44
61
59
48
35
37
44
32
32
55
52
21
-10
-24
-2
16
0
-20
-7
34
65
65
35
-1
-1
40
71
71
75
76
71
58
49
54
40
11
1
18
33
39
55
66
69
75
0
107
123
106
74
40
22
24
24
18
19
29
37
49
98
119
86
45
20
21
45
44
25
24
51
77
92
84
75
120
166
141
67
32
50
82
98
74
40
18
36
69
81
80
68
56
55
35
17
20
49
87
108
108
96
92
128
105
25
-39
-69
-71
-70
-84
-75
-29
17
54
80
69
41
34
39
6
-33
-18
17
36
53
84
87
68
54
77
88
43
7
3
21
19
-4
-11
-8
-3
11
26
17
4
37
91
114
82
25
3
36
89
105
64
-11
-49
-6
35
12
-20
-21
-11
-19
-5
27
43
41
45
52
59
56
39
38
44
44
39
33
36
68
104
128
138
132
89
33
1
11
34
38
37
55
89
134
160
166
116
24
-20
-7
3
-9
-33
-50
-35
11
64
80
70
51
35
28
24
28
55
80
83
76
76
67
35
3
10
43
73
99
102
92
84
72
73
70
53
41
22
25
60
75
70
70
70
53
22
6
21
26
18
25
57
117
132
75
32
52
68
53
34
28
39
35
27
50
102
122
100
76
76
74
54
34
39
58
75
93
89
76
81
89
96
85
69
22
-38
-53
-5
38
70
112
147
132
73
42
58
67
44
3
-19
-12
-7
2
26
56
89
90
49
9
-6
11
38
36
34
54
56
43
32
7
4
20
39
38
34
50
115
186
201
166
146
163
141
66
8
18
50
68
70
55
32
25
75
133
128
76
10
-39
-30
-10
-14
-25
-36
-24
51
114
69
-2
-34
-24
32
64
43
2
-18
0
21
40
59
54
28
27
66
105
131
121
80
33
-4
-13
1
19
21
11
19
36
49
59
68
58
22
-24
-17
2
17
28
22
-2
-17
2
37
60
92
161
178
103
48
43
40
25
7
-9
-9
3
22
69
118
101
35
-19
-36
-29
-8
10
25
41
59
68
75
96
108
120
101
56
32
48
68
48
18
6
27
61
69
68
60
54
70
99
99
52
12
5
12
17
5
-17
-30
-10
26
68
86
85
85
82
89
102
102
101
104
97
72
50
57
87
84
54
26
16
24
21
19
33
35
22
23
39
40
11
-13
7
69
101
67
35
50
93
119
88
50
39
40
23
1
1
16
21
29
38
50
75
93
90
67
43
44
55
59
58
67
66
39
21
16
11
24
19
-8
-19
-1
32
59
65
67
56
35
36
59
73
64
49
38
48
82
74
24
9
26
19
3
13
40
59
92
148
181
147
98
70
38
2
-21
-20
-9
3
0
21
21
25
35
34
10
-23
-36
-28
-27
-20
7
34
35
34
33
22
20
35
48
29
5
10
34
57
77
74
59
67
96
113
104
102
108
96
97
112
115
103
96
106
106
82
52
33
48
59
56
42
28
34
59
87
83
67
53
42
53
50
32
5
-7
2
20
27
26
40
84
120
118
99
105
103
54
6
-13
-9
1
12
52
96
114
86
45
38
55
43
7
-3
5
2
-22
-22
8
42
55
49
49
58
65
64
69
43
-11
-35
-9
6
-10
-21
-20
-14
-1
22
34
33
64
123
164
114
43
11
25
43
39
25
27
44
76
106
119
137
145
109
68
38
51
66
52
21
5
16
25
19
26
70
85
39
-9
-45
-50
-7
17
3
9
27
36
65
84
57
24
28
49
54
58
67
66
55
49
54
70
58
75
124
120
83
68
82
99
103
88
64
55
59
69
70
37
3
-9
-4
-3
1
8
-4
-44
-76
-66
-39
-52
-93
-134
-134
-104
-77
-57
-28
-6
1
-9
-1
40
54
65
117
117
72
53
88
136
144
99
54
58
100
160
162
109
83
88
82
64
60
76
92
99
116
139
137
130
119
104
71
36
41
58
34
1
-12
-35
-65
-73
-40
-6
10
35
55
50
54
73
67
50
37
22
-5
-26
-20
8
41
69
52
20
32
83
129
145
134
106
87
84
84
84
71
58
68
81
70
35
21
37
57
51
4
-40
-58
-60
-52
-49
-60
-59
-50
-34
-4
4
-8
-12
-10
6
24
40
51
36
28
72
124
105
58
37
54
87
101
96
84
83
101
137
151
131
107
104
118
129
123
112
107
114
108
118
135
131
92
49
13
-2
-5
-5
-4
10
41
73
74
20
-53
-77
-72
-55
-45
-55
-67
-44
22
104
121
75
33
20
22
17
25
32
4
-7
19
65
107
117
105
98
69
55
86
141
162
151
155
150
114
66
38
34
28
24
34
43
42
42
43
56
71
68
45
17
4
6
9
12
19
22
9
-18
4
68
80
68
52
5
-26
-38
-39
-37
-17
18
52
65
48
33
11
7
13
17
28
66
115
140
134
113
104
129
131
98
59
57
70
43
10
20
22
4
16
52
70
64
32
3
11
28
26
27
39
28
13
17
37
69
74
33
-10
-5
38
72
89
97
84
59
35
44
81
84
72
74
76
92
119
105
92
105
119
106
83
82
87
92
92
88
80
39
32
52
59
59
56
49
48
56
67
51
21
2
-6
-10
-17
-13
-12
-50
0
-73
-67
-67
-72
-50
-11
20
56
84
99
91
90
85
65
53
50
51
99
178
177
90
34
27
33
4
-18
18
70
100
130
164
180
160
116
74
49
43
49
50
48
33
19
3
-2
10
18
10
2
-5
-20
-9
5
-1
-11
-14
-10
7
37
55
57
48
27
23
44
99
115
66
12
9
50
72
55
18
-4
11
56
114
147
122
90
96
99
74
50
41
64
100
99
66
53
53
58
70
98
116
57
-20
-38
-21
-5
-22
-54
-49
2
76
121
108
85
105
108
52
3
17
55
80
64
36
22
37
58
73
69
51
56
82
103
116
108
83
42
4
3
35
69
76
83
99
106
107
100
65
36
24
20
44
66
43
22
22
25
41
55
53
57
88
89
54
58
113
141
124
88
65
75
97
83
59
26
4
2
-7
-6
16
33
33
42
72
90
83
53
8
-19
-10
20
33
35
19
-4
-6
16
42
50
38
26
17
22
51
67
71
92
106
102
85
72
73
73
64
45
33
41
64
55
38
38
39
39
41
52
52
50
59
72
73
56
41
32
38
44
16
-25
-49
-45
-35
-23
-19
-12
-3
21
85
96
36
-6
-12
9
49
58
38
32
50
82
100
85
54
26
6
4
23
51
85
92
57
34
32
51
69
59
34
10
19
66
109
114
68
28
35
55
56
39
24
19
28
44
29
2
4
13
4
-4
-17
-9
24
48
48
26
18
33
68
103
132
155
136
88
77
80
85
97
86
50
20
17
38
75
105
114
100
84
71
66
93
122
114
81
54
64
84
77
57
55
71
91
96
93
74
49
24
5
19
51
64
55
43
48
69
102
148
141
82
39
38
40
32
34
49
58
61
67
66
61
60
68
66
34
5
5
11
8
3
-5
6
36
66
107
139
147
75
-2
-7
12
6
-25
-49
-34
16
77
108
99
75
42
17
10
18
23
16
4
4
9
4
-19
-22
-9
16
25
11
-1
-3
20
80
117
74
12
8
33
33
10
-7
-5
-5
-21
-12
55
107
89
24
-20
-8
59
135
123
69
10
-10
16
41
38
9
1
16
50
89
133
168
146
68
16
27
72
99
86
66
67
80
76
60
41
28
36
77
107
97
72
69
75
85
69
9
-36
-39
-6
22
7
4
35
71
87
66
54
80
93
74
35
10
19
21
12
1
3
35
72
87
83
91
112
125
136
112
53
18
23
20
17
29
36
41
48
50
66
102
82
-4
-65
-51
-4
0
7
-6
-17
-10
-13
-26
-22
5
50
83
96
101
102
96
80
58
38
17
-5
-3
19
71
144
170
131
68
42
55
57
48
33
37
53
57
58
66
85
84
44
10
25
80
109
87
38
7
-6
-21
-12
9
0
-9
6
18
28
29
26
41
92
105
75
66
64
36
23
57
73
49
25
38
92
129
106
85
60
50
53
52
52
43
36
40
44
52
54
44
39
49
57
50
24
19
41
57
72
108
153
123
11
-56
-54
-29
-4
7
26
53
38
23
49
108
129
60
-12
-36
-7
42
74
73
55
28
9
6
21
50
72
87
98
96
71
53
66
71
61
50
56
66
61
54
35
12
-9
-24
-6
18
20
-13
-40
-23
22
56
45
12
-7
-7
9
3
-13
16
64
85
88
74
64
64
73
80
58
42
75
106
91
74
85
88
42
8
17
37
59
87
112
133
180
224
197
124
71
58
59
68
74
56
51
87
137
153
131
83
40
29
41
56
38
-5
-22
-10
12
17
-9
-26
-24
-17
-9
-3
-21
-27
-24
-28
-24
-5
2
0
-6
-29
-59
-51
-23
5
54
100
101
44
-18
-13
25
35
20
19
27
55
99
131
161
169
150
88
28
11
39
83
86
88
128
147
116
89
106
99
50
17
9
12
21
32
35
37
37
33
38
37
33
32
35
25
8
17
73
109
93
89
87
72
56
36
21
3
-7
-3
6
12
21
20
20
42
60
51
28
49
97
149
203
219
133
13
-33
4
59
64
37
21
50
103
129
161
216
214
121
21
-13
-1
17
10
-3
-13
-3
33
56
40
-4
-17
-5
-25
-74
-92
-66
-36
-3
24
37
33
40
52
40
28
24
17
19
18
5
23
84
134
124
91
70
85
102
89
60
58
115
124
61
7
0
5
-4
-45
-83
-72
-29
11
28
16
0
-4
-2
8
32
58
88
105
107
80
49
38
33
43
60
61
45
32
60
117
100
42
28
53
80
90
88
92
100
101
91
88
97
100
86
58
41
44
45
42
44
58
71
73
81
83
71
53
43
36
18
19
34
48
65
85
85
58
28
41
59
55
69
101
106
65
4
-19
-17
-4
2
4
17
51
66
89
129
115
70
42
51
80
91
84
88
96
107
125
129
116
104
103
77
44
41
71
91
87
77
80
89
117
116
72
49
56
68
68
53
22
-3
-4
3
35
54
52
66
91
91
74
60
57
39
9
2
24
52
60
53
38
34
12
-12
-22
0
25
41
59
0
71
74
89
92
74
50
27
33
48
45
39
44
49
45
49
74
109
93
41
2
-5
16
34
34
28
41
81
81
25
-11
-9
-7
-14
-35
-60
-59
-27
2
28
44
28
4
-5
-5
-1
3
3
9
16
23
45
55
45
32
21
32
33
26
26
32
23
22
33
39
50
51
57
75
97
109
97
72
68
64
68
86
117
161
219
225
145
60
35
28
20
3
-7
-1
21
58
96
97
73
40
23
4
-6
22
65
81
73
56
54
56
39
20
19
50
67
61
37
12
2
17
54
61
9
-30
-18
8
32
42
48
43
60
91
123
131
108
84
75
55
23
-4
-13
1
10
-6
-39
-44
-19
4
4
6
10
18
27
32
37
54
87
97
60
55
55
38
10
4
24
50
66
55
48
61
96
121
118
82
44
48
56
45
36
28
27
40
57
87
115
102
69
45
26
18
20
18
16
23
38
41
33
37
70
86
61
21
9
34
51
53
58
52
32
16
12
12
-8
-51
-67
-43
-6
-2
-8
-4
18
32
41
44
36
27
39
99
150
134
80
33
28
51
68
68
66
97
141
180
183
153
108
54
18
2
-6
-12
-7
16
39
35
1
-24
-24
-5
7
10
44
104
141
179
196
157
84
58
73
67
50
43
55
72
113
165
155
102
66
41
51
68
69
65
70
91
108
106
104
85
56
20
-13
-19
5
20
9
7
26
64
86
80
52
36
43
45
43
40
29
20
57
104
66
6
0
24
53
58
23
-12
-8
34
98
138
129
71
20
6
19
36
32
19
26
53
72
75
82
90
82
69
91
129
128
112
102
100
91
59
4
-44
-46
-30
-24
-52
-72
-50
-2
38
60
72
64
32
13
35
54
54
54
58
55
55
51
39
29
18
5
13
39
43
32
49
80
74
66
66
70
86
91
81
76
71
83
102
99
58
29
42
68
72
75
68
45
22
1
-10
7
28
22
-8
-42
-34
20
29
-20
-58
-42
-21
-12
3
60
96
67
27
21
36
52
50
38
35
64
93
115
131
137
144
140
136
140
152
172
194
199
187
156
139
146
133
117
105
91
84
90
98
96
84
42
-11
-51
-43
-3
24
2
-28
-52
-65
-40
7
33
22
-1
-19
-8
9
18
-2
-28
-33
-18
-4
16
43
83
107
104
90
71
51
45
40
17
-9
-6
8
-5
-27
-19
11
22
11
11
24
51
85
91
75
87
116
119
97
64
32
5
2
9
7
-9
-22
-6
21
33
50
0
68
81
88
86
87
92
83
57
52
57
52
45
40
49
68
82
69
55
65
61
50
49
58
57
23
-8
0
28
51
49
40
44
54
65
61
50
49
64
43
5
-5
2
35
118
153
66
-17
-8
13
-4
-50
-60
-44
-24
4
64
129
178
187
161
137
136
140
134
116
104
117
122
104
67
38
21
6
8
-5
-26
-30
-34
-21
-1
17
12
8
37
70
70
54
50
43
38
28
22
11
5
4
6
-3
-10
-1
24
44
48
35
41
45
43
57
81
82
59
44
49
39
3
-4
36
84
68
12
3
33
39
16
-11
-21
-12
3
27
66
103
105
86
74
82
77
44
20
22
39
54
65
64
64
60
44
26
34
66
92
112
114
108
103
104
109
101
84
70
83
89
57
45
56
65
59
44
26
20
17
0
0
21
52
51
1
-24
11
44
25
-12
-39
-29
-11
7
33
66
48
-5
-12
39
80
55
12
13
41
83
139
165
150
113
84
85
117
160
167
129
96
104
116
119
119
98
68
66
73
66
49
39
41
36
7
-2
11
19
10
11
57
93
67
40
49
52
40
25
3
-7
23
41
20
4
4
12
37
44
21
7
20
74
130
147
124
89
65
65
74
85
77
54
41
50
44
25
21
48
73
80
43
9
11
17
18
25
25
16
20
52
86
98
59
22
21
12
0
4
17
10
-2
11
41
57
58
48
38
32
21
19
32
40
40
39
51
58
44
17
-12
-13
13
40
43
37
48
48
21
-13
-34
-37
-26
-21
-17
-4
25
73
109
130
125
89
50
32
24
27
27
11
-7
-8
22
68
101
96
67
72
85
80
85
108
121
114
113
104
82
64
36
27
54
42
22
29
57
65
50
53
66
72
70
66
55
41
56
86
69
-10
-97
-107
-50
8
17
1
0
13
58
107
129
124
99
55
44
71
82
75
73
75
58
38
42
59
54
22
9
23
35
38
35
21
25
42
59
67
58
65
67
53
54
61
59
35
18
19
23
27
16
5
26
37
8
-14
-13
10
44
44
19
21
43
44
36
58
96
96
59
35
33
38
43
43
36
44
64
81
86
75
69
71
83
83
82
84
96
112
104
96
96
71
37
4
-11
-8
-12
-24
-23
3
41
44
22
25
36
27
16
57
115
101
54
37
40
53
69
54
18
0
7
11
26
51
50
51
53
67
80
73
60
52
42
55
73
85
89
90
86
96
119
113
68
29
17
19
0
21
24
42
52
32
17
36
65
74
56
27
33
51
35
12
6
4
-1
9
35
59
73
67
65
57
39
13
-2
-10
-2
2
11
20
17
29
48
55
64
57
43
37
29
26
37
40
34
38
51
68
88
99
89
82
88
100
109
115
101
64
36
32
44
51
43
40
32
26
40
57
59
52
54
67
69
75
85
86
89
98
100
74
34
-4
-8
8
25
40
34
32
43
64
85
84
53
22
7
-1
4
23
32
26
12
20
60
88
103
114
100
64
41
53
51
19
-17
-33
-30
-17
4
22
69
115
123
103
92
102
115
104
67
22
-1
-8
5
42
83
106
119
124
146
135
92
61
40
20
3
20
51
40
19
27
50
69
92
92
66
41
39
29
58
125
136
73
0
-29
-23
-26
-49
-66
-70
-52
-22
12
49
72
89
98
87
80
86
114
138
140
129
108
92
80
68
87
109
101
83
77
83
85
96
90
75
68
49
18
0
19
38
9
-28
-25
2
-3
-22
-24
-8
-7
-20
-17
7
4
-25
-26
6
27
11
-4
-10
-12
-26
-20
25
53
41
59
116
145
151
139
109
87
74
49
33
35
52
81
114
115
104
91
56
24
11
10
6
4
4
5
21
49
74
91
80
57
44
37
37
40
35
21
16
22
-2
-37
-27
5
32
16
-2
2
27
71
106
132
148
113
77
81
112
149
162
144
118
117
139
161
163
168
202
225
204
179
167
161
170
176
136
87
74
98
118
112
86
71
84
113
132
102
52
23
23
24
11
-4
8
29
39
29
32
69
132
137
108
96
105
122
120
103
84
83
103
128
134
139
156
162
139
87
36
12
21
40
58
58
32
0
-20
-19
-36
-60
-73
-74
-69
-33
8
4
-24
-27
-10
-23
-53
-66
-66
-68
-55
-20
12
16
-19
-34
-24
1
49
57
4
-35
-18
9
25
24
11
11
19
32
49
56
51
37
23
26
51
82
82
66
58
53
35
-4
-23
-9
12
17
6
-12
-43
-59
-66
-75
-73
-72
-76
-68
-24
24
17
-23
-51
-58
-60
-67
-66
-38
-7
16
41
64
54
51
54
52
71
103
103
86
81
82
73
67
70
73
85
105
100
71
44
37
41
40
36
20
-18
-24
9
40
42
43
39
11
11
45
33
-2
-3
11
18
9
-2
7
37
77
130
136
55
-23
-26
35
80
61
39
36
45
54
54
39
32
33
37
48
55
86
133
160
182
192
153
87
60
88
87
44
19
28
49
70
99
117
113
0
97
70
41
44
57
40
-1
-25
-20
0
8
3
6
8
-5
-11
11
71
86
39
4
5
16
11
0
-3
1
2
16
60
116
106
76
66
64
68
76
83
85
86
68
53
92
98
42
17
33
41
27
18
20
22
20
16
11
28
42
28
16
44
82
81
53
33
27
8
-28
-51
-17
21
27
16
21
71
88
50
33
54
65
65
74
80
59
41
39
57
75
75
69
65
70
73
44
18
11
22
51
85
119
145
125
80
55
59
59
39
6
-2
9
34
56
60
66
83
102
86
39
32
51
40
8
-8
-12
-13
-11
3
37
66
68
67
69
69
92
121
131
139
136
100
57
33
41
119
181
119
39
33
60
77
59
35
16
4
12
36
66
89
69
23
-1
4
21
28
34
42
53
66
69
68
49
18
3
16
39
60
82
81
61
67
83
53
9
0
18
49
89
102
76
72
122
201
217
130
43
22
55
90
89
50
16
18
38
55
73
84
77
56
18
-10
-5
23
42
37
17
10
22
34
37
34
22
6
16
53
103
129
116
59
21
37
53
41
5
-34
-21
32
71
76
72
67
64
73
91
92
67
51
72
93
98
87
69
67
67
51
27
24
27
19
3
-8
-29
-23
28
50
16
-9
4
34
40
48
49
41
28
18
23
42
59
65
74
89
64
25
28
57
69
49
22
16
19
19
22
32
42
53
60
59
53
34
33
45
64
96
116
114
100
98
123
152
140
104
77
70
37
4
17
40
25
11
27
48
28
8
19
50
71
64
43
59
88
89
67
34
1
3
27
21
-2
5
36
54
67
72
72
58
50
61
67
55
43
60
82
84
70
55
58
70
74
85
84
73
88
113
90
44
7
5
56
83
61
23
-10
-5
11
7
-11
-35
-39
-35
-17
25
92
118
86
44
38
49
50
33
13
17
43
73
57
32
35
48
44
20
-11
-25
-10
20
51
57
49
43
22
10
37
66
37
12
18
-1
-17
-12
-1
13
1
-6
65
163
152
73
35
50
65
48
18
7
37
83
107
132
149
145
105
49
7
16
52
68
43
10
33
98
153
161
139
98
60
56
64
58
39
32
33
32
42
92
165
177
117
41
8
10
29
43
40
38
42
50
66
91
104
92
84
64
49
35
40
53
53
53
51
35
32
41
48
49
33
18
20
34
28
13
12
21
48
106
164
168
104
44
33
34
8
-25
-40
-30
-14
17
70
129
0
179
162
74
-2
-2
51
70
40
2
-20
-10
29
81
97
92
84
76
69
58
66
67
42
29
49
72
87
87
88
101
101
87
83
80
56
36
11
-1
1
5
18
35
22
17
20
2
-29
-40
-22
-6
1
9
24
40
59
66
56
58
82
100
84
68
66
51
38
38
32
16
8
28
60
84
90
99
99
89
76
42
20
10
16
42
86
112
135
124
89
57
45
69
69
28
0
-2
17
23
4
-11
-8
-2
-4
-13
-35
-42
-17
18
28
27
32
44
74
83
87
101
99
75
52
53
65
68
67
87
137
155
112
73
44
17
7
9
23
55
60
39
40
61
80
84
85
98
44
-53
-92
-53
19
67
64
34
19
53
120
166
155
108
66
56
84
117
133
118
102
107
122
128
97
120
145
102
71
76
105
123
85
19
3
32
60
85
93
84
43
3
-5
27
56
60
75
86
80
68
61
52
26
17
42
82
80
25
-22
-8
23
38
50
44
29
37
83
135
125
70
29
21
39
60
75
73
53
39
34
20
4
6
13
-5
-27
-21
-2
20
34
42
45
33
