80
43
59
71
44
8
-1
5
-21
-44
-12
24
42
58
52
17
-35
-36
2
21
13
-9
-50
-52
0
38
52
56
10
-43
-66
-66
-43
-30
-24
9
32
50
58
83
123
152
106
19
2
51
56
49
67
91
75
54
38
44
56
57
42
28
-4
21
98
112
69
20
9
10
16
-2
-38
-73
-113
-108
-83
-52
-21
-10
2
26
52
97
149
136
101
51
24
72
119
147
136
99
90
106
120
105
54
48
82
107
104
109
129
144
107
64
53
60
43
35
80
116
52
-27
-58
-43
-21
16
48
54
40
33
50
105
118
16
-91
-117
-87
-26
6
4
34
82
83
52
41
49
37
32
43
55
64
55
51
56
49
55
87
80
23
-30
-44
-6
45
52
34
23
23
27
35
32
19
-3
-13
-11
9
43
64
68
39
6
24
39
17
7
33
69
88
90
60
59
86
98
70
28
20
57
88
70
57
58
53
57
75
88
91
81
72
51
35
58
91
96
96
85
55
44
92
182
178
58
-3
18
66
122
150
96
-9
-56
-23
17
27
10
-3
9
34
69
132
197
230
213
157
105
84
103
120
114
89
64
58
86
129
147
138
112
90
103
119
92
39
37
86
70
10
3
41
87
99
83
74
67
56
57
55
19
-17
3
69
104
100
98
123
140
0
133
99
74
74
64
36
23
21
17
9
9
16
42
76
92
83
97
91
25
3
37
49
-2
-71
-69
-13
50
37
-45
-91
-59
-1
8
-25
-46
-18
4
17
49
76
73
34
0
6
41
57
22
-35
-77
-77
-12
41
49
26
32
54
75
85
57
10
-22
-28
-13
-3
0
-8
5
26
17
-18
-42
-19
27
57
54
21
6
21
10
-2
-3
7
42
45
9
-1
18
37
48
33
-28
-22
51
108
138
137
112
55
-3
-11
8
27
26
1
-20
28
97
117
77
56
40
-7
3
34
67
101
122
107
97
129
150
103
32
-11
-8
-13
-7
-13
-33
-19
36
90
122
136
118
75
33
9
27
44
27
6
6
13
18
41
81
104
92
69
50
33
21
22
19
10
26
28
9
-11
-12
12
25
20
32
57
72
135
178
101
-5
-37
-13
-29
-68
-23
101
168
132
59
35
48
57
44
44
50
60
103
163
200
218
197
154
122
112
136
180
182
141
102
85
81
103
140
116
38
-4
-3
24
49
34
19
50
81
91
85
69
50
44
55
24
-29
-51
-17
25
29
3
-22
-22
23
72
35
-37
-54
-7
39
52
33
21
28
81
113
77
37
44
90
129
134
123
93
67
73
107
123
118
145
152
136
114
92
97
123
123
98
59
40
57
71
49
16
-5
-7
-7
-28
-55
-52
-9
-11
-53
-78
-76
-58
-54
-68
-57
-6
55
73
53
42
26
20
18
26
27
40
76
99
122
133
123
129
132
117
103
99
88
74
70
96
133
144
121
58
0
2
38
72
59
12
3
7
11
36
70
82
52
-28
-98
-89
-56
-56
-75
-65
-54
-39
-25
-1
25
-1
-52
-56
-28
11
72
108
129
133
131
133
152
170
181
188
225
230
213
201
178
157
136
120
113
89
82
80
67
48
52
67
74
113
116
57
0
-13
-25
-59
-81
-86
-82
-65
-43
-26
-28
-50
-72
-41
-2
-3
-43
-78
-57
-13
5
-8
-44
-53
11
65
44
22
32
48
58
77
123
176
182
145
117
124
131
124
120
116
116
135
169
193
186
161
137
139
165
183
178
148
129
164
208
170
114
89
41
-1
-6
-5
0
-19
-45
-49
-3
44
39
1
-3
-5
-8
-9
-11
4
4
1
10
23
55
86
87
74
55
34
24
34
24
-1
-18
-23
-6
23
58
40
-10
-19
11
25
17
-11
-19
32
96
85
27
5
32
61
61
49
53
77
65
23
5
-3
11
12
-22
-50
-19
48
85
75
52
57
75
58
27
39
53
27
12
29
0
53
54
12
-26
-33
-22
-39
-87
-93
-56
-12
48
119
102
48
32
39
57
59
26
6
23
58
84
73
71
102
92
52
21
16
28
57
82
71
52
50
39
21
-6
-17
-13
-3
34
69
89
85
54
25
6
-24
-43
-41
-6
-3
-2
37
86
100
113
144
134
77
24
0
24
59
68
76
83
68
53
49
72
96
83
49
21
17
11
-6
-18
-2
33
40
16
-5
7
43
60
61
57
44
38
34
23
12
5
-11
-46
-41
34
89
98
70
33
21
53
75
43
12
-5
44
113
65
4
11
44
42
-6
-53
-50
-7
49
100
134
144
112
80
88
107
116
101
75
65
71
85
65
71
96
75
39
36
52
76
85
55
38
40
55
88
130
107
65
43
52
86
75
7
-18
49
129
140
100
67
71
82
86
84
68
52
61
66
57
50
45
71
71
25
-2
17
67
130
108
55
36
27
1
-20
-36
-53
-69
-62
-39
-26
-20
-1
8
16
18
23
29
51
33
8
-3
-8
3
36
44
13
-18
-6
35
64
59
43
35
44
72
97
92
66
60
90
103
72
33
20
49
82
81
60
57
58
66
114
160
198
166
90
48
72
150
179
132
72
48
54
82
108
122
123
87
53
51
68
80
107
128
80
19
12
64
129
164
150
87
4
-37
-51
-57
-49
-50
-66
-82
-54
10
45
29
25
3
-49
-65
-18
10
18
28
50
69
122
200
169
87
60
106
163
169
136
112
106
117
141
171
183
168
137
96
66
89
140
148
115
83
91
107
112
115
116
108
76
51
39
40
60
60
8
-24
-9
17
12
-17
-53
-72
-59
-40
-20
-1
19
26
25
19
4
13
48
55
11
-20
1
27
43
50
92
121
129
123
101
68
32
22
65
104
114
90
51
22
13
26
51
32
-22
-59
-37
12
38
44
58
42
-21
-34
16
60
66
34
-28
-60
-38
0
24
37
64
82
51
11
5
25
57
55
21
8
8
11
33
51
36
2
-25
-45
-66
-74
-68
-49
1
37
26
19
36
43
34
7
-37
-61
-74
-50
-9
18
25
-11
-28
-5
0
-21
-3
23
33
49
66
91
136
169
144
66
8
8
40
68
55
4
-13
-8
32
73
68
52
24
36
73
54
3
-23
-18
16
7
-35
-68
-61
-23
40
59
52
48
42
68
101
114
103
88
69
67
87
96
70
64
77
105
138
181
164
96
56
66
74
67
41
17
32
85
132
129
98
75
82
105
102
56
25
40
71
82
56
55
98
0
125
101
84
98
77
52
35
19
11
20
29
29
35
44
43
67
116
120
56
10
28
59
70
50
20
5
-2
18
98
137
122
86
50
40
57
64
49
11
-13
-4
24
25
2
-5
-19
-40
-49
-45
-58
-61
-41
-26
-38
-67
-68
-50
-29
44
107
105
50
-5
5
40
42
37
66
93
129
177
192
138
70
40
60
98
116
121
129
130
128
147
168
150
105
61
56
77
99
117
92
37
1
4
-3
-6
21
39
28
9
-6
-23
-33
-71
-116
-106
-83
-77
-61
-42
27
139
193
163
80
5
-21
-4
7
-20
-42
-45
-6
52
85
101
108
104
102
107
106
116
128
121
115
104
89
83
76
96
124
133
103
66
60
73
83
74
50
39
25
25
29
21
1
-7
7
33
64
24
-69
-93
-49
-2
-13
-56
-75
-49
-11
10
27
44
74
82
58
49
84
118
104
74
75
108
123
112
88
80
106
121
76
23
-4
-3
23
35
20
33
69
75
80
87
72
71
101
101
54
5
-4
12
10
-11
-19
-7
-4
-3
-4
-20
-18
12
40
23
-8
-30
-25
11
34
64
81
80
71
55
49
68
92
102
77
60
52
70
100
91
89
88
67
43
51
82
105
132
139
96
53
43
50
56
49
36
48
66
61
41
29
20
11
9
4
5
27
66
68
18
-28
-9
41
41
4
1
20
34
48
51
80
105
100
96
113
118
90
85
106
107
87
61
55
104
176
186
122
38
6
44
76
69
54
50
64
69
61
76
66
7
2
27
26
8
1
11
24
24
7
-25
-58
-54
-34
9
76
85
28
-19
-18
13
26
8
-5
-7
0
12
54
88
108
102
83
84
91
93
121
156
160
106
56
58
91
104
81
65
80
81
54
49
73
114
129
91
37
-12
-24
7
53
69
21
-53
-68
-29
0
26
22
-10
1
28
28
20
12
9
-10
-36
-12
48
86
97
118
149
146
120
113
114
113
103
112
112
108
108
96
65
38
23
19
5
9
37
55
48
19
-9
-28
-17
23
17
-29
-45
-12
8
-5
-9
9
16
0
-2
18
48
76
91
23
-28
-13
21
23
4
-10
-17
23
76
101
88
44
44
76
86
90
105
123
139
160
171
161
132
117
130
145
171
177
151
118
108
136
124
70
36
40
39
22
26
21
5
-24
-13
32
56
23
-28
-52
-35
-27
-36
-56
-58
-34
-36
-54
-49
-1
36
41
39
61
84
73
20
-21
-4
11
3
9
57
101
129
149
155
165
161
123
74
58
96
0
134
144
117
69
22
34
71
60
32
48
82
92
99
77
56
60
67
55
25
10
23
44
81
82
66
74
101
112
88
87
104
118
103
83
85
112
118
101
108
139
153
160
151
138
116
103
115
104
65
45
57
65
53
34
22
34
23
-7
-27
-38
-25
-13
-28
-49
-61
-76
-83
-57
-22
-17
-45
-54
-65
-50
4
40
51
53
67
82
85
92
99
80
66
73
96
133
155
169
193
186
154
162
204
228
199
154
136
144
130
84
22
-8
-2
17
9
5
16
-14
-37
-13
9
35
28
-13
-50
-22
6
-26
-87
-110
-99
-57
-14
-4
6
4
-10
-21
22
75
87
61
52
73
99
131
148
144
130
104
56
59
115
156
148
87
24
68
199
250
180
90
69
91
92
61
38
34
28
39
58
74
50
11
-18
-19
25
82
86
53
35
56
67
64
75
76
57
42
28
35
64
57
41
17
13
12
4
32
53
53
42
40
58
76
96
119
130
115
76
59
42
25
19
9
21
65
109
138
123
103
112
115
101
67
18
5
4
-5
-11
-12
-10
3
-5
-4
-5
-38
-57
-39
-3
21
33
28
24
1
-24
-29
-56
-85
-56
-4
12
9
0
-3
16
10
24
33
23
32
57
72
74
64
53
55
44
7
4
38
53
41
19
-10
-43
-20
19
59
104
99
52
2
-8
-6
-20
-51
-58
-49
-36
-12
10
17
8
3
12
27
43
49
19
3
13
18
-5
-6
6
1
-3
5
5
-7
0
35
37
6
-13
-24
-24
-17
-22
-12
20
51
43
36
39
69
84
54
10
2
8
-11
-24
-14
-10
-35
-59
-56
-36
-18
8
40
65
49
28
7
-24
-39
-26
-7
-1
-7
-11
-8
11
33
58
97
102
76
57
67
100
136
139
113
58
0
1
20
26
28
10
-8
6
59
115
114
59
-17
-69
-72
-62
-61
-71
-70
-50
-36
-33
-27
-9
13
34
27
-21
-53
-43
-36
-40
-34
-21
-5
21
35
27
64
106
106
89
87
113
147
140
116
113
134
129
91
67
68
73
72
82
97
98
86
73
56
50
17
-22
-7
39
76
82
68
75
129
192
165
68
5
4
26
39
56
27
1
20
52
57
50
35
16
25
85
131
145
149
146
139
115
89
80
71
54
41
61
90
106
112
122
135
106
43
21
38
44
45
57
72
105
139
150
103
23
-5
35
43
-8
-23
19
85
130
163
180
155
98
55
49
41
49
64
55
44
59
80
92
116
136
171
203
195
165
162
145
108
87
82
70
0
49
39
39
10
-24
-13
10
17
-8
-54
-59
-67
-90
-122
-120
-101
-76
-41
-21
9
80
108
71
18
-19
-23
-5
17
44
71
80
87
106
102
26
-20
34
101
122
121
124
120
75
36
35
48
71
116
128
58
9
24
56
43
-25
-98
-89
-36
13
43
40
41
57
59
66
72
52
48
52
51
69
71
24
-17
-21
-9
-12
0
-2
17
42
66
113
132
106
86
70
50
42
49
51
24
32
112
209
217
137
72
72
104
112
74
32
28
64
93
124
141
122
83
44
8
-11
-7
10
59
85
61
38
33
34
34
22
42
52
34
49
100
124
99
57
33
44
54
58
64
55
35
34
39
55
74
72
82
102
100
48
2
12
50
38
-8
-38
-19
39
128
152
75
-14
-42
-3
21
5
-6
38
86
96
101
105
106
96
56
1
-28
-12
24
37
51
121
171
144
80
38
61
98
115
130
121
85
41
37
74
113
105
73
55
69
84
74
35
32
28
18
24
58
106
101
72
48
41
42
35
32
35
25
12
21
64
91
76
48
19
7
32
54
48
4
16
74
74
23
19
60
69
28
-11
-25
-22
-22
-13
-18
-29
-37
-22
4
23
48
58
66
132
164
119
68
51
43
24
17
12
0
17
53
77
90
85
71
77
98
97
57
18
-5
11
82
106
69
10
9
50
99
124
83
39
50
43
32
35
27
0
-21
-26
-39
-27
11
32
17
23
25
25
33
36
25
8
17
20
9
26
74
83
86
104
115
107
92
58
25
19
49
76
83
86
93
104
108
108
99
93
102
117
124
104
88
58
34
37
44
28
0
9
55
82
101
105
41
-18
-24
-9
-23
-25
-6
11
41
74
106
149
178
132
65
32
22
43
60
68
86
130
163
137
102
88
84
71
33
-8
-9
22
56
73
71
35
-13
-21
16
-5
-55
-37
-3
-4
-33
-46
-43
-51
-74
-61
-6
2
-62
-104
-71
-28
-18
-13
-12
-12
20
74
96
106
112
120
125
112
90
67
48
70
108
135
147
130
115
123
146
136
118
136
140
116
99
102
102
89
74
54
7
-23
-7
27
52
37
25
49
73
43
-10
-55
-101
-132
-121
-89
-74
-65
-17
40
97
162
218
200
153
132
138
162
167
140
96
57
50
81
114
98
43
34
70
93
84
53
32
52
83
86
73
91
117
81
18
-6
-7
17
27
0
-57
-74
-33
45
107
137
107
23
-29
-41
-37
-36
-37
-51
-54
-9
44
73
71
72
64
21
-12
-6
0
1
12
17
23
56
103
112
60
-2
-25
-5
24
51
26
-2
-19
-17
41
66
23
4
-12
-36
-10
39
64
49
6
-12
16
52
71
60
44
76
119
121
85
60
81
128
140
128
76
21
29
81
104
86
57
56
83
65
-7
-34
0
16
1
-6
10
87
145
104
50
76
139
133
66
5
3
38
74
97
98
93
103
105
76
33
9
27
22
-37
-66
-18
42
100
140
161
130
84
82
89
85
76
86
100
108
103
80
52
10
-8
9
23
11
22
38
27
38
71
88
77
37
23
49
61
43
16
21
91
116
38
-2
40
96
98
85
104
119
115
100
82
89
98
65
13
37
81
81
71
106
147
153
119
107
117
98
68
38
-2
-33
-26
-5
-1
-6
-25
-43
-17
23
33
0
-67
-81
-54
-39
-41
-41
-21
-18
-19
-5
8
5
22
59
89
119
133
116
100
88
101
131
154
153
115
70
56
64
69
52
32
25
26
48
122
212
214
140
82
77
65
22
-19
-25
-17
4
45
51
29
12
-2
-6
-1
5
-18
-28
-3
42
53
33
7
2
12
5
-6
19
43
59
73
87
74
89
150
167
135
75
60
86
76
57
56
76
93
106
109
83
56
29
18
-4
-19
18
70
88
75
68
75
87
86
34
-36
-57
-41
-19
0
-4
-28
-43
-39
-6
53
96
76
38
16
12
13
0
-28
-50
-41
-7
53
90
56
4
-11
10
48
64
37
19
49
114
152
107
10
-71
-97
-83
-36
-10
2
7
16
38
75
100
83
44
16
3
-4
4
42
66
58
54
70
83
60
21
10
8
13
13
-4
-5
-8
-19
0
38
89
119
108
71
40
27
28
35
16
-22
-37
-11
28
70
76
43
-22
-40
4
49
50
40
22
23
60
101
108
71
29
20
44
84
80
53
53
43
49
68
100
135
120
75
48
68
96
88
67
70
81
97
116
106
72
28
0
11
20
20
27
65
136
144
72
-1
-12
-10
-21
-9
34
57
71
76
86
115
103
44
-9
-26
-20
-10
11
37
55
39
38
108
154
132
107
103
101
99
80
43
23
21
59
74
64
74
92
97
98
96
100
131
145
131
98
45
26
41
60
50
8
-26
-34
17
51
55
58
72
92
85
68
80
77
73
69
61
49
45
59
75
87
84
59
68
48
25
53
83
86
76
69
82
89
82
59
40
42
64
68
51
35
27
27
16
19
22
5
-5
0
49
116
136
101
38
11
21
48
53
13
-22
-20
21
70
75
0
73
98
85
44
22
13
40
37
18
9
21
50
75
89
120
134
93
34
29
72
89
57
20
23
60
122
118
27
-35
-35
1
66
101
88
100
128
139
120
64
11
-9
-23
-40
-41
-14
16
33
43
68
89
99
64
5
-9
7
19
5
-7
-5
6
23
42
65
61
42
21
3
-17
-38
-44
-36
-18
-6
42
70
89
66
27
44
80
71
40
22
42
70
88
106
112
99
54
25
48
72
60
42
41
52
72
89
85
83
87
52
-7
-36
-49
-66
-13
35
23
4
-3
12
56
86
74
33
20
59
81
49
18
22
27
33
12
-20
-39
-26
-5
5
21
60
103
117
137
156
161
161
165
152
140
139
128
112
134
179
165
131
116
113
112
101
85
73
76
87
102
123
102
40
4
1
-4
-3
0
-23
-58
-52
-9
16
12
-2
-18
-33
-35
-7
17
21
10
-11
6
25
-4
-11
6
-2
-37
-75
-58
9
57
52
18
13
55
89
87
72
38
8
24
56
85
98
89
68
67
83
91
81
70
74
59
29
34
35
7
-1
6
33
57
55
56
52
24
-3
-19
9
75
92
68
69
86
103
117
106
69
60
83
81
67
60
72
76
76
76
55
11
6
16
27
40
42
38
42
49
49
58
86
81
2
-35
-20
-8
2
-5
0
41
72
73
68
73
96
81
41
27
7
3
24
43
44
53
53
-2
-43
-25
2
6
-2
4
37
65
102
106
57
29
16
-12
-1
28
51
60
34
5
-4
3
8
-11
-34
-26
-4
38
85
88
54
26
37
38
1
-2
28
99
168
171
96
3
-28
-4
25
50
52
28
10
13
39
67
76
67
49
38
44
65
65
50
32
18
22
18
9
20
43
69
75
65
70
117
144
83
27
39
73
108
131
90
24
-7
7
28
23
23
32
43
68
73
81
88
81
52
23
16
18
27
48
33
20
56
105
109
73
32
18
17
17
13
8
19
33
75
92
82
73
54
21
-8
-2
22
32
37
80
115
84
51
81
105
99
80
73
86
107
115
90
67
71
64
42
13
-14
-7
44
43
-8
-33
-12
22
23
-14
-26
0
36
68
73
81
100
103
87
54
28
38
67
73
59
40
50
65
73
87
89
88
100
113
104
91
104
139
129
91
70
59
40
32
37
24
7
-1
-2
-17
-27
-2
35
40
24
40
97
137
137
119
81
26
-2
12
51
58
35
21
42
56
74
91
81
53
57
72
55
41
49
48
64
102
104
96
92
0
90
97
100
97
103
107
120
137
135
109
74
61
56
60
67
52
50
72
102
122
121
117
130
113
82
68
64
74
84
82
83
68
49
72
112
115
108
97
72
43
38
65
106
114
93
86
87
98
138
215
220
166
122
101
107
132
146
129
104
109
136
169
204
183
137
130
134
119
136
181
185
177
162
129
105
96
65
9
-24
-13
10
37
74
108
100
76
91
131
114
60
22
16
50
69
65
52
18
6
43
72
84
89
99
116
104
53
-7
-50
-38
12
44
44
22
35
59
73
85
58
3
-40
-21
27
29
1
-10
-43
-68
-58
-21
-10
-29
-28
17
74
64
-5
-56
-88
-97
-58
-29
-49
-73
-72
-73
-70
-29
-3
-24
-83
-117
-132
-152
-131
-58
-8
-18
-58
-68
-4
44
20
-33
-84
-87
-38
-17
-34
-28
-12
5
2
-17
-23
-14
-5
-29
-73
-101
-102
-102
-132
-172
-197
-178
-126
-73
-37
-27
-50
-84
-98
-94
-85
-83
-49
7
-30
-114
-109
-41
-5
-9
-37
-51
-55
-53
-22
33
67
72
48
29
60
118
151
118
100
118
121
106
99
96
85
93
85
37
-1
1
10
21
23
27
44
68
85
81
69
66
101
113
84
67
71
84
91
114
146
145
91
58
88
132
144
117
107
132
168
164
132
145
176
184
141
112
137
154
116
84
86
74
55
39
27
38
43
35
28
12
-9
-17
-7
22
80
108
80
20
-12
-10
11
22
2
-29
-22
13
41
44
34
16
2
19
11
-23
-69
-76
-50
-36
-33
-26
-8
7
34
84
151
177
129
99
97
97
96
76
54
58
64
82
121
101
7
-38
-21
18
36
21
16
24
40
65
76
53
8
-20
-9
34
65
85
100
105
92
82
71
73
84
90
98
108
132
136
101
66
52
42
22
4
3
24
55
59
54
60
65
38
27
66
102
99
66
60
66
55
27
5
-9
11
54
100
102
67
36
12
3
17
18
8
18
36
68
108
144
145
109
57
25
19
28
59
97
98
57
9
32
97
118
85
48
49
98
99
44
0
4
23
27
42
58
92
102
74
80
108
84
34
29
42
35
29
37
57
73
81
106
104
56
29
32
50
67
68
33
5
40
90
118
141
153
164
161
144
124
117
112
112
101
88
87
85
59
36
11
2
0
4
4
18
42
49
37
43
39
9
2
11
40
68
52
25
22
51
96
88
40
21
90
138
74
20
35
69
60
17
2
28
75
122
149
137
113
96
87
77
69
80
92
0
97
96
88
87
101
124
123
57
-1
8
57
58
13
1
25
56
89
120
134
133
98
87
114
88
43
32
43
55
57
53
36
35
54
55
60
82
92
67
55
92
101
34
-38
-44
-25
-21
-29
-40
-42
-10
34
64
66
59
49
39
27
17
6
12
27
34
13
5
42
60
42
23
32
44
84
92
60
52
67
93
144
177
153
99
64
66
80
80
67
61
55
42
54
71
75
101
103
65
39
70
84
42
-17
-40
-38
-26
23
48
60
93
119
103
59
18
22
57
57
42
54
104
113
57
2
23
59
38
-3
-21
-7
-1
2
4
27
56
68
44
35
59
102
132
136
101
42
20
38
60
54
38
25
44
82
82
18
-43
-42
-17
-13
-23
-35
-35
-51
-40
8
39
49
43
36
34
41
44
40
60
105
176
178
123
116
124
130
137
130
97
56
36
29
42
89
113
98
73
77
93
101
99
67
39
41
51
56
72
84
84
55
3
-26
-23
-5
-2
-13
-18
20
134
139
37
-28
-51
-67
-56
-29
-46
-57
-1
73
104
101
85
76
74
72
82
81
72
69
66
60
69
72
54
44
51
76
121
123
102
85
81
70
39
44
88
92
24
-39
-66
-45
-13
-17
-38
-43
-8
72
118
106
66
37
43
68
61
27
27
55
83
55
9
20
54
81
121
151
132
123
124
123
118
92
50
24
55
114
120
92
52
34
57
67
66
66
75
91
84
80
67
64
43
-4
-26
-3
11
-4
-28
-50
-52
-46
-49
-38
-11
34
73
60
32
6
3
24
29
-1
-42
-27
54
122
90
27
2
8
40
68
56
40
43
58
85
89
73
56
38
40
60
60
60
67
71
75
58
25
4
18
40
64
80
65
28
-17
-29
22
70
91
118
121
97
67
49
49
38
-4
-29
-13
23
45
64
73
67
86
122
122
83
56
65
98
103
76
50
29
17
10
16
26
26
12
5
43
115
121
44
-8
25
82
82
44
11
-6
-8
22
67
77
37
0
8
36
53
34
6
9
36
40
36
10
-12
9
68
91
70
42
11
-4
21
54
57
51
70
98
84
60
58
53
32
24
45
58
76
116
140
120
83
42
21
24
33
40
56
77
91
85
69
39
4
-21
-4
0
-20
-19
-13
-5
32
54
40
9
-20
-13
8
25
20
27
72
132
148
152
155
124
75
65
88
91
66
48
66
81
80
60
54
68
85
101
82
64
53
57
77
69
40
39
55
74
74
51
18
24
58
0
44
-3
-23
-7
1
13
27
22
8
10
34
55
44
18
10
33
53
41
2
-7
35
80
87
45
-5
-26
-4
6
-19
-41
-51
-36
3
28
48
68
91
101
120
141
121
81
51
42
52
54
43
13
11
44
65
53
28
29
35
6
-7
3
9
21
26
29
37
44
40
80
114
90
68
49
16
-9
-17
-12
1
2
-13
-4
41
98
119
128
131
81
25
12
26
38
48
68
83
89
85
87
109
99
61
19
8
43
116
183
163
80
22
13
18
10
-19
-45
-30
21
69
69
39
36
45
52
43
43
54
96
152
164
140
122
107
109
116
85
60
54
80
133
138
100
73
71
82
89
76
44
24
26
38
49
66
82
70
39
36
43
32
23
9
-7
-10
-14
-11
27
66
57
32
1
-6
17
26
23
-1
-30
-26
-10
-2
20
42
60
54
21
3
16
32
32
6
-20
-7
29
60
65
58
71
73
60
58
68
85
103
85
43
24
41
50
49
53
65
82
89
97
120
120
89
64
43
38
39
18
20
40
0
-42
-38
7
83
96
44
9
33
100
121
82
49
57
