50
-5
-35
-8
51
42
-9
-13
16
27
21
18
22
38
56
49
24
17
42
82
112
116
102
83
67
51
45
49
49
24
-10
-41
-60
-67
-53
-34
-38
-70
-77
-43
-7
4
19
37
18
2
20
44
60
113
227
230
92
-23
-2
97
146
112
42
8
38
93
121
107
88
81
86
102
114
102
92
85
73
58
41
53
108
136
107
76
68
48
1
-42
-84
-86
-50
-7
36
58
64
41
7
12
40
72
101
93
58
38
40
49
51
51
49
50
66
82
106
136
115
37
-21
-49
-37
6
51
67
74
84
83
92
113
119
82
32
12
9
-6
-41
-61
-49
-26
-9
2
25
41
29
10
-7
-21
-28
-27
-7
12
19
40
80
145
209
167
58
-4
19
52
44
37
48
65
80
115
168
195
172
131
101
87
69
45
32
27
25
17
24
61
40
-7
-11
1
16
13
-20
-39
-22
-11
-18
-29
-23
27
76
72
50
57
77
98
80
42
37
76
100
84
76
68
69
128
195
211
178
153
166
186
177
140
114
85
42
6
6
45
70
66
67
54
16
-10
-18
-10
-10
-20
-11
-12
-42
-70
-58
-17
4
-1
-40
-65
-42
-10
-3
-11
-6
25
37
4
-24
-1
44
60
54
72
87
97
115
113
82
43
26
32
44
69
80
74
72
59
55
72
81
74
42
0
10
4
11
8
-10
-34
-55
-89
-99
-72
-34
-11
-8
3
25
64
74
64
55
82
119
130
116
81
54
37
21
33
49
71
106
150
177
156
133
121
108
101
85
75
70
54
54
76
84
81
100
129
117
70
58
87
124
117
54
4
-4
-6
-13
-19
-18
-17
-4
20
40
76
84
57
36
41
60
56
37
32
71
147
177
139
108
120
117
81
60
54
53
64
55
36
27
21
12
18
48
64
23
-8
-3
24
43
40
28
-1
-10
11
28
42
37
50
56
22
6
17
19
-5
-13
26
58
81
76
25
-17
-17
-11
-26
-41
-24
12
32
32
29
39
50
48
53
65
71
56
34
23
12
11
9
-1
21
58
67
64
66
44
7
3
9
18
29
39
68
119
136
98
40
-11
-53
-92
-82
-40
-25
-12
22
80
100
74
50
43
48
43
19
5
34
85
106
97
104
90
75
88
105
121
125
107
91
84
68
44
36
40
59
76
86
66
33
18
0
-9
9
8
-33
-60
-42
-7
49
83
96
88
66
58
90
130
146
124
93
82
91
75
36
16
10
23
48
52
34
1
4
37
61
57
54
72
80
76
75
59
26
27
33
13
24
51
70
82
80
51
19
3
24
66
55
29
43
50
12
-39
-68
-41
8
50
39
0
-9
12
32
32
11
0
8
27
13
18
50
66
41
-8
-38
-8
55
122
145
88
26
39
84
98
86
50
-11
-57
-51
-9
10
12
-1
-17
1
37
33
-11
-21
41
73
56
60
80
84
105
148
145
66
18
80
149
149
102
67
66
68
48
34
28
12
4
18
52
101
129
123
66
10
13
48
93
128
133
123
141
152
146
147
123
89
66
59
35
22
69
117
114
81
77
88
76
68
68
76
87
90
106
108
100
82
51
41
38
23
16
41
91
117
92
69
80
90
75
52
55
90
106
84
60
48
57
74
66
43
27
12
54
124
144
134
116
90
72
34
21
51
106
149
154
147
139
131
139
166
157
117
65
40
57
80
82
40
8
28
24
-11
-41
-54
-52
-70
-101
-130
-140
-101
-45
-45
-66
-69
-59
-38
-36
-49
-69
-89
-71
-29
7
32
56
58
25
2
17
38
32
28
35
26
7
8
55
123
115
50
3
1
20
7
-19
-10
20
32
23
52
50
-1
-34
-71
-113
-130
-115
-99
-70
-13
32
54
56
25
-12
-37
-39
-39
-65
-74
-51
-20
43
107
114
84
70
68
60
71
82
82
65
49
58
98
77
39
74
107
0
101
102
96
83
82
75
71
58
9
-62
-85
-45
-20
-23
-24
8
54
53
3
-62
-133
-171
-146
-110
-94
-59
-11
28
80
91
60
25
17
8
6
36
93
154
179
160
121
85
89
108
106
112
140
170
153
116
118
119
68
12
-1
5
44
85
102
108
86
32
-13
-8
4
-9
-56
-70
-12
37
43
33
52
83
60
13
-18
-2
20
36
56
89
117
103
70
68
80
64
41
16
-3
0
34
97
136
154
151
150
160
165
166
168
151
115
75
33
-4
23
59
55
51
50
10
-22
-14
26
59
52
24
5
13
41
32
-17
-52
-72
-69
-43
-22
1
33
57
75
73
57
48
67
116
130
102
85
88
80
42
12
13
17
8
51
121
124
76
39
28
36
55
48
26
23
36
70
86
67
65
68
17
-35
-33
-8
13
40
36
33
64
88
87
90
96
73
50
16
-21
-34
2
66
88
82
85
102
87
49
18
3
2
38
108
147
123
101
97
118
133
96
28
-33
-59
-25
20
24
4
-24
-54
-52
-5
41
88
144
139
82
40
50
82
112
134
155
160
121
102
128
148
136
97
66
52
37
21
33
64
89
73
29
29
70
101
102
92
70
32
-22
-66
-72
-67
-61
-45
-12
42
86
66
16
10
38
54
19
-23
-24
-2
21
50
121
157
133
101
107
120
128
105
67
64
72
84
105
108
72
38
37
53
49
38
23
35
57
50
18
3
7
3
-19
-24
-14
-13
-14
-17
-24
-45
-61
-12
37
16
-4
20
66
83
70
37
28
50
69
65
48
45
55
28
-2
5
37
53
65
52
19
-5
-12
-19
-26
-3
66
114
130
136
106
69
40
28
-1
-54
-85
-45
23
87
129
170
188
156
102
50
28
26
12
1
-2
4
42
96
107
88
65
51
56
74
77
76
84
68
37
35
74
104
98
89
90
76
74
76
71
48
38
73
88
37
-9
-28
-45
-35
-13
-12
-24
-25
-20
-5
19
18
18
21
41
86
125
132
113
85
54
38
44
50
57
117
178
184
153
128
124
108
73
38
37
65
80
73
85
114
124
98
51
22
24
28
42
50
10
-34
-26
19
54
57
22
-38
-76
-77
-81
-105
-110
-85
-65
-14
54
93
101
102
139
165
140
84
25
4
-2
-22
-9
23
33
24
42
89
147
168
134
97
96
119
112
68
53
52
22
-1
26
82
97
67
37
22
17
-5
-35
-46
-26
21
60
76
80
82
82
89
114
108
18
-50
-22
26
37
26
20
17
37
52
0
53
55
52
32
51
116
160
145
106
88
96
90
66
42
28
18
17
34
56
53
32
24
22
2
-9
-12
-27
-26
-20
-4
20
34
29
26
40
54
56
49
19
-21
-60
-72
-45
-23
25
69
92
121
136
139
122
88
67
50
39
25
45
97
112
64
9
18
33
24
33
48
58
59
53
51
39
7
-27
-54
-81
-84
-35
25
43
38
75
146
184
181
155
137
129
104
60
43
44
41
23
17
35
52
66
83
97
81
52
53
71
74
65
73
91
71
33
24
23
10
-2
6
-7
-30
34
150
225
234
184
123
104
99
70
28
-8
-33
-23
11
56
67
66
67
69
68
73
87
96
91
91
93
72
44
28
17
9
23
34
35
26
32
52
97
120
69
2
-36
-42
-46
-58
-75
-90
-68
-23
22
38
40
43
45
37
40
65
80
71
58
65
58
38
-1
4
66
88
66
43
50
69
103
120
106
82
74
75
58
58
97
109
75
18
-19
4
34
9
-49
-76
-17
51
55
28
12
23
43
40
6
-22
3
37
54
82
69
54
64
72
61
34
20
38
71
88
87
100
116
116
119
123
112
88
86
99
109
106
85
57
59
66
64
58
53
71
96
49
-13
-17
-3
5
-11
-44
-52
-60
-70
-35
23
48
-2
-61
-49
26
49
28
39
120
267
277
124
5
7
70
102
68
19
7
44
103
147
138
88
44
41
64
87
104
107
88
70
67
53
18
-5
9
51
69
37
-3
-12
-26
-69
-101
-106
-91
-69
-59
-43
-6
41
86
112
75
19
5
22
39
64
87
80
21
6
65
106
100
72
44
21
22
57
100
117
104
72
42
51
65
41
24
45
74
97
109
99
71
60
68
55
4
-53
-82
-67
-39
-13
41
93
77
36
17
26
41
12
-39
-73
-61
-23
-10
-22
-20
-9
11
38
50
51
64
91
109
120
130
119
85
60
87
122
139
144
135
119
103
106
117
109
96
89
85
89
113
84
35
21
32
44
51
21
-34
-100
-131
-97
-45
-36
-60
-66
-33
-5
-9
8
68
80
80
98
118
145
152
122
89
74
56
37
32
40
64
93
120
136
131
108
100
96
96
83
64
57
58
59
81
120
139
141
118
101
108
92
42
-6
-66
-94
-74
-27
-2
10
16
42
89
109
53
-4
5
6
-17
-27
-30
-44
-57
-59
-44
-6
19
28
37
57
59
77
116
119
97
70
48
35
59
98
106
105
81
41
33
38
40
59
77
45
17
29
56
71
72
67
59
26
0
-18
-18
6
5
-10
-12
3
22
36
48
34
18
12
2
22
43
59
65
60
75
81
42
-11
-28
-11
27
65
70
57
43
45
67
87
91
75
88
124
130
84
45
34
12
-3
-9
2
34
43
49
70
106
119
58
-2
-11
12
23
-1
-23
-13
11
23
48
96
101
61
42
52
53
28
9
13
32
41
21
-6
-11
1
38
70
74
71
86
98
101
101
73
51
56
76
101
122
135
116
76
58
116
180
113
-13
-56
-22
17
32
9
-13
-19
6
48
84
88
57
27
9
18
54
74
74
92
133
116
85
96
113
92
91
130
103
22
-37
-45
-5
20
8
38
114
139
98
51
33
24
6
-24
-44
-33
-7
13
27
29
53
66
27
-18
-20
3
18
18
17
21
16
4
26
73
100
96
86
84
52
8
-4
4
28
56
70
82
104
122
115
89
65
42
17
7
22
35
25
4
-4
9
40
67
76
73
83
99
97
90
80
58
52
48
41
53
81
85
53
19
12
24
37
58
84
64
24
5
-7
-7
34
80
72
29
2
22
82
90
42
2
6
43
44
54
116
166
165
134
116
85
34
-5
-6
2
5
38
100
116
101
96
92
99
101
106
118
108
61
20
12
21
22
24
17
18
41
67
100
123
132
123
98
43
2
-3
28
70
70
59
36
28
49
48
18
8
12
17
34
81
130
123
52
-1
0
38
68
41
0
-18
2
34
76
87
40
-10
-38
-28
6
25
8
-22
-42
-36
6
76
129
107
49
26
48
71
57
12
-10
0
37
44
52
81
98
82
52
40
41
43
37
19
0
17
66
104
129
146
150
128
87
50
16
-8
-14
-4
19
17
37
71
70
39
-20
-82
-91
-56
0
35
39
42
76
113
73
-4
-50
-49
-39
-25
-33
-43
-29
12
51
66
58
34
8
11
39
50
41
22
3
-1
2
11
28
36
38
27
57
116
124
72
37
34
16
-13
-11
3
1
18
75
129
123
74
39
65
88
82
68
56
84
105
89
73
96
112
98
75
58
92
151
160
136
105
86
76
84
91
92
98
87
89
105
103
74
48
57
91
120
121
92
109
153
140
90
45
34
35
33
7
3
20
29
39
59
64
26
-3
-1
6
-5
-33
-52
-57
-53
-54
-33
9
19
23
71
148
176
161
144
131
119
70
11
-12
-1
40
60
70
85
91
86
80
69
48
25
17
37
54
49
54
56
40
11
-5
3
-18
-49
-35
-8
-10
-24
-8
35
73
0
74
88
128
124
82
33
6
48
112
124
89
59
71
70
66
102
119
82
48
40
36
38
59
84
87
57
29
39
81
114
132
113
57
5
-7
12
22
24
55
71
28
-20
-37
-56
-90
-125
-120
-131
-136
-78
26
103
74
-17
-61
-38
-11
-23
-38
-24
6
32
68
117
151
153
131
151
212
227
187
155
139
120
97
66
38
42
84
130
140
124
104
87
52
23
51
74
36
1
21
55
56
36
6
-4
-10
-5
5
-13
-74
-132
-124
-60
-25
-42
-55
-42
-37
-29
-18
7
37
29
4
6
36
66
99
98
65
55
58
64
73
80
91
90
85
86
100
106
97
67
19
7
33
69
92
103
102
96
84
86
129
160
118
48
-13
-12
50
92
58
-4
-12
34
59
66
87
114
108
85
76
99
119
125
128
129
125
120
122
145
163
154
138
131
146
180
183
169
161
154
133
82
40
27
21
28
52
72
103
138
132
98
65
45
52
42
42
48
64
90
90
85
86
76
81
103
129
106
88
86
82
67
34
1
-27
-27
2
16
10
5
6
16
26
33
56
84
72
51
42
44
35
-3
-42
-55
-40
-39
-42
-26
-8
-19
-45
-52
-38
-29
-25
-13
-6
5
48
89
83
68
51
16
-3
25
51
36
25
33
67
91
75
71
73
44
19
32
59
61
55
50
40
36
17
-10
-10
19
34
38
53
53
13
-11
11
53
60
33
6
21
28
20
19
16
6
7
27
55
85
76
35
11
24
41
37
34
33
23
36
69
72
32
-39
-53
-3
35
54
93
119
96
60
64
76
56
13
-11
-9
6
12
-3
-7
1
24
27
-9
-11
36
82
108
122
114
75
24
3
1
10
34
50
45
57
117
184
193
182
178
172
187
176
116
56
50
59
60
60
75
88
73
66
90
108
99
52
-5
-53
-36
34
76
74
48
25
16
11
17
23
7
-30
-73
-91
-103
-131
-139
-113
-68
-21
-1
1
10
29
36
22
11
25
44
54
70
113
180
226
214
134
50
17
38
86
102
75
60
74
101
128
131
116
109
101
72
73
107
105
73
38
1
-27
-45
-38
-21
-24
-46
-68
-66
-57
-39
-29
-44
-51
-25
2
24
45
53
41
21
8
20
61
105
131
147
146
136
135
148
149
116
82
61
73
88
75
49
53
68
67
73
98
88
51
5
-12
-10
-7
-38
-90
-83
-18
25
41
58
82
69
38
25
43
52
58
52
0
-49
-39
21
56
36
23
42
100
137
123
102
120
118
87
0
66
58
66
55
37
52
119
168
147
86
43
44
77
84
71
84
114
118
112
107
99
82
58
58
52
17
-24
-18
16
25
12
-5
-22
-33
-13
10
22
3
-4
4
-1
-7
-19
-21
6
53
92
112
112
87
53
25
29
75
100
80
41
37
84
123
118
91
70
84
116
128
104
72
34
-9
-23
-1
21
19
20
37
43
42
51
55
42
12
1
43
119
146
108
68
49
36
34
23
3
-24
-36
-22
2
17
45
101
114
74
37
2
10
60
85
52
8
5
35
55
65
56
38
24
17
7
-3
-12
-1
16
26
43
49
32
5
1
8
3
-3
-6
-8
9
18
2
-23
1
60
96
71
49
43
27
32
51
56
41
8
5
54
96
90
71
50
35
-4
-25
-7
-8
-9
-10
-7
20
68
80
52
35
66
83
64
23
19
71
102
65
24
32
67
60
42
60
83
76
74
73
69
76
71
52
39
58
82
91
59
25
24
57
101
73
9
-21
20
93
131
107
52
16
0
16
55
65
50
37
32
37
26
5
16
80
109
71
43
54
66
76
81
51
9
-7
-8
-20
-21
12
50
26
0
-4
-6
3
45
108
122
97
83
115
153
154
125
66
34
43
49
55
45
25
26
40
59
91
103
81
19
-17
-9
5
26
34
5
2
39
73
87
99
104
129
141
133
120
108
101
85
60
35
26
42
64
69
68
70
59
54
55
25
0
1
20
37
23
2
8
12
16
11
-2
-3
8
23
9
-38
-50
-18
-5
-27
-37
-23
4
32
60
93
119
120
105
83
75
83
68
55
53
73
101
123
135
112
69
67
98
92
53
32
45
41
8
-7
21
59
65
44
38
20
-2
-7
21
48
38
6
-11
-4
7
20
42
12
-36
-59
-35
23
32
16
12
23
25
11
19
42
65
106
161
184
163
97
36
45
104
114
66
29
34
56
72
88
130
178
187
144
97
113
136
105
48
22
44
88
88
60
52
52
43
36
10
-37
-75
-105
-133
-146
-106
-20
38
51
60
71
96
120
74
-25
-104
-99
-33
22
48
67
113
146
124
77
53
64
74
84
57
27
73
180
231
182
100
67
93
105
66
34
27
18
-12
-33
-7
20
11
-12
-28
-9
36
56
50
28
-6
-23
38
106
86
2
-42
-26
6
38
65
71
50
23
18
33
49
34
1
0
33
74
108
124
100
54
37
51
51
59
82
89
64
19
12
48
54
39
49
83
103
100
65
20
-9
-43
-70
-74
0
-55
-17
-1
-1
25
43
57
70
58
50
61
56
49
35
-1
-41
-44
-11
17
64
104
112
91
69
67
65
50
20
-2
-2
2
18
73
147
196
180
132
106
112
129
124
92
45
6
-22
-11
20
44
68
81
64
35
9
3
-3
-19
-27
-27
-23
-10
10
19
18
25
36
16
2
10
20
9
29
83
105
67
21
12
25
61
88
92
85
81
73
70
58
32
36
73
107
130
122
115
147
179
167
117
73
72
104
107
76
55
35
11
-3
-26
-38
-12
11
32
51
60
53
49
58
84
100
57
-9
-46
-20
5
12
6
-11
-19
6
83
163
184
147
81
43
44
73
89
59
8
1
27
48
65
67
54
51
44
27
34
28
10
13
17
10
13
9
8
36
64
92
107
86
51
19
-3
-23
-13
21
19
-19
-35
-26
-9
-7
-10
-5
12
22
24
21
49
92
121
108
81
74
87
105
132
137
129
144
173
210
218
195
148
122
137
135
123
105
71
56
73
120
157
152
141
155
149
109
74
43
20
7
-6
-30
-45
-40
-36
-18
8
18
-2
-40
-43
-24
-7
23
69
86
59
22
24
65
76
65
54
76
86
82
87
84
58
20
-5
-11
8
64
89
61
28
22
35
44
58
54
36
37
66
92
92
59
21
38
81
88
56
10
-10
7
40
54
35
-1
-12
29
97
114
91
80
70
55
41
68
137
156
118
90
91
102
116
98
66
38
22
20
37
52
60
87
120
119
89
71
58
45
27
-6
-55
-86
-88
-82
-56
-1
42
33
8
-10
-1
41
65
10
-37
-35
-22
-5
32
81
105
90
71
52
57
74
67
80
108
76
33
38
66
88
114
130
123
102
82
68
73
91
80
43
26
28
40
56
81
103
97
53
16
-2
1
6
2
-20
-29
-21
-26
-10
23
32
19
13
17
11
29
1
-69
-114
-107
-42
52
84
42
1
26
100
138
128
128
162
186
165
146
140
120
86
51
26
19
24
34
57
92
103
92
91
89
74
35
-17
-57
-66
-41
-22
-8
55
137
138
85
58
57
56
52
28
-8
-17
16
59
89
84
57
19
2
5
18
26
49
64
75
74
52
81
137
121
51
34
83
124
114
73
35
9
1
5
9
5
-30
-59
-26
26
49
57
74
71
36
-7
-12
-3
-10
-22
-22
3
42
73
80
75
91
73
22
-2
18
56
92
88
85
108
140
117
57
35
59
101
122
163
187
173
152
138
122
70
16
6
26
41
36
-3
-13
-1
25
0
45
56
52
45
40
34
44
76
112
106
88
67
34
16
43
67
82
84
74
91
130
118
87
96
130
124
90
92
108
102
88
96
112
96
69
70
81
84
90
104
90
55
49
84
119
133
100
29
11
21
2
-44
-90
-117
-94
-29
9
-11
-60
-72
-36
-9
-3
4
33
61
69
52
43
34
6
13
28
5
-1
33
75
84
40
6
1
37
118
198
259
256
203
154
139
139
115
90
89
92
91
74
68
75
76
71
85
100
84
66
88
100
101
97
67
26
22
69
128
116
22
-53
-51
-14
-13
-45
-75
-65
-17
4
28
87
113
88
57
55
59
39
24
38
41
13
-10
6
48
66
41
20
35
69
76
69
70
69
44
37
36
22
-5
-26
-12
8
-3
-24
-7
41
56
43
34
5
-20
-25
-12
-12
-19
-9
-7
4
12
13
29
38
27
18
13
27
70
89
68
57
67
76
70
54
65
76
75
70
89
116
131
105
44
20
48
59
48
28
8
-10
-13
55
140
161
120
98
113
131
123
92
64
65
82
75
80
71
35
12
32
54
51
38
16
22
52
59
58
67
59
45
37
41
56
69
81
84
69
59
44
52
69
66
36
20
27
43
52
37
21
16
34
55
49
11
-28
-36
11
91
136
117
54
7
3
22
34
36
27
24
39
52
53
50
26
-17
-36
-19
0
-5
6
58
93
82
60
70
86
59
16
6
16
-1
-37
-53
-56
-51
-23
24
74
89
75
68
65
66
57
45
32
38
98
152
171
168
171
137
73
44
28
19
-1
4
28
43
55
77
103
104
89
83
69
39
6
20
75
92
64
25
11
12
0
-7
2
-5
-36
-49
-22
11
27
19
27
57
59
85
146
176
112
19
7
52
98
104
51
26
90
145
130
96
71
65
52
35
40
54
73
96
101
97
81
82
73
59
53
27
-12
-8
25
24
-3
-21
-35
-40
-22
21
34
4
-3
11
25
36
48
42
28
38
41
49
33
12
28
48
36
10
-8
23
100
122
92
83
88
88
84
86
83
80
84
88
93
93
115
118
70
26
38
60
55
32
2
-9
4
4
-9
-9
21
51
66
68
52
32
20
21
29
26
18
36
84
114
122
115
81
50
21
11
20
22
7
-7
-2
22
44
58
74
43
16
20
50
88
97
52
6
-5
-9
-12
11
33
33
37
23
-8
-18
16
27
8
1
21
42
45
43
74
116
107
65
29
7
19
27
-4
-19
13
60
81
65
56
0
68
89
115
119
74
17
-10
-25
-19
-4
-12
-37
-25
10
52
91
113
115
122
132
86
36
33
49
70
96
99
93
84
68
43
36
44
71
77
90
115
119
105
71
38
24
2
-39
-60
-35
20
51
52
65
100
132
137
129
98
71
66
88
85
67
83
101
104
96
91
98
97
76
65
49
25
10
24
84
118
116
118
119
103
69
24
1
8
13
10
-3
-18
6
55
96
100
83
51
21
12
1
-1
18
33
21
-7
-23
-9
-1
-11
-22
-12
60
136
137
114
107
109
105
88
48
-5
-40
-34
21
65
83
102
113
96
75
88
112
114
68
7
-29
-50
-39
8
51
69
99
120
124
128
80
8
4
57
80
37
21
60
102
102
72
55
59
59
45
36
56
75
66
53
45
59
76
86
105
122
93
42
37
69
84
43
10
19
25
9
21
54
55
27
10
25
60
72
52
71
89
48
-11
-27
-26
-58
-59
10
71
66
52
86
145
160
141
105
52
34
40
44
53
67
74
74
57
16
-2
10
42
64
57
44
44
49
37
5
-17
-9
24
57
48
25
21
16
6
3
6
1
-21
-28
-13
22
38
40
22
-7
-34
-62
-46
18
45
32
16
54
120
105
23
-27
-29
-13
10
7
-5
8
52
92
116
89
23
-23
1
57
59
39
84
134
145
106
55
32
36
26
-1
-8
-17
-40
-58
-51
-40
-33
4
68
119
85
36
27
36
36
12
-27
-60
-33
37
104
125
116
115
112
92
73
60
72
90
105
74
32
17
36
69
81
71
80
105
120
108
80
61
29
-23
-2
73
120
144
132
81
50
67
74
59
20
-26
-28
-26
-40
-24
5
24
18
9
9
39
97
101
59
16
12
35
58
66
41
16
54
109
109
72
58
76
83
76
89
98
68
61
84
105
101
68
37
42
36
5
-11
-33
-29
-10
8
23
23
18
27
28
5
2
38
76
66
20
11
53
80
84
67
60
65
83
104
113
90
43
25
33
3
-21
18
81
107
120
130
108
67
36
27
21
-7
-37
-24
27
51
74
113
91
45
19
7
-1
-22
-49
-25
27
38
40
56
75
92
80
52
51
45
8
-23
-18
1
1
-4
0
55
122
137
116
97
72
61
99
136
136
106
122
170
199
189
140
87
50
35
51
70
99
108
80
51
37
18
-7
-17
5
10
-36
-50
22
71
50
-1
-14
9
36
33
10
8
21
20
6
9
27
44
54
74
99
101
98
106
118
130
100
41
24
0
64
107
106
91
92
114
113
85
64
37
10
-6
-1
22
34
33
33
25
6
-17
-22
-4
12
17
23
51
59
50
39
35
27
8
-12
-19
-11
1
4
27
92
138
137
116
120
153
163
136
107
87
68
53
41
23
21
36
74
106
107
101
91
85
67
51
35
18
4
3
1
-3
11
12
-22
-43
1
33
12
-7
-1
4
-6
-25
-43
-52
-51
-58
-57
-20
21
36
40
54
50
33
25
56
69
33
-18
-35
-9
56
128
148
146
137
134
148
153
124
88
66
75
73
51
34
38
38
32
35
43
42
43
50
36
27
35
38
38
13
10
37
41
43
52
42
28
10
8
2
-20
-38
-52
-39
-7
-3
13
68
129
149
124
82
58
57
51
38
9
-23
-18
19
55
48
24
40
86
96
67
49
49
56
75
69
40
22
41
75
85
87
85
69
58
71
60
7
-37
-42
-21
-10
-1
11
19
17
13
25
26
10
-4
-12
-12
-4
42
130
177
184
181
152
115
81
40
6
-4
23
67
84
112
146
155
139
107
75
59
65
80
91
83
81
88
92
106
124
116
116
123
