163
116
53
25
6
-29
-53
-23
33
97
144
98
22
-30
-45
-38
-42
-34
0
13
7
10
21
19
2
-39
-59
-43
-22
5
50
66
34
8
19
43
74
88
128
169
162
134
113
103
92
74
54
29
21
34
37
50
45
27
34
67
74
28
-7
4
11
-34
-53
-20
7
16
28
85
106
64
20
7
12
9
-8
2
73
122
150
134
102
52
9
-12
-23
-26
-33
-26
19
90
129
101
86
75
58
68
100
107
70
32
-3
-19
-2
13
36
71
80
82
101
91
68
28
-23
-55
-38
-11
-7
-22
-26
4
54
102
85
25
-26
-62
-74
-58
-65
-106
-133
-130
-83
10
59
66
61
77
80
68
74
97
105
103
118
131
129
80
19
-19
-45
-45
-13
20
26
-8
-34
-21
-2
-3
-18
-41
-59
-49
8
51
52
53
116
168
109
52
43
58
80
66
23
12
42
54
52
75
114
129
130
115
98
89
82
85
99
100
65
10
-8
4
12
13
9
6
26
42
40
39
67
82
71
50
5
-22
-3
27
33
18
-4
-5
10
25
70
106
89
44
25
41
74
113
124
115
109
104
90
104
140
138
120
98
56
36
28
19
-10
-43
-44
-17
13
60
104
104
83
55
34
27
27
10
-13
-18
0
2
17
65
96
56
13
17
39
50
52
55
57
57
56
86
0
99
48
23
45
81
92
67
39
41
53
49
32
28
44
49
33
10
6
11
11
-9
-45
-50
-11
37
72
70
52
27
33
43
27
8
19
39
55
84
130
140
100
55
26
11
10
19
20
33
56
85
93
89
87
70
51
42
55
76
96
118
150
146
105
69
39
8
6
6
-11
12
99
136
100
70
86
122
124
60
-12
-41
-42
-50
-38
-12
-13
-11
-2
-2
-17
-1
20
2
-23
-17
1
34
51
42
41
45
60
61
24
-10
6
66
87
76
87
122
130
112
116
123
108
77
55
48
34
21
21
36
42
38
50
44
27
8
-30
-44
-44
-52
-45
-19
10
6
-24
-51
-54
-49
-36
-13
19
71
100
88
74
82
74
43
24
39
67
69
52
43
64
87
98
68
40
55
81
101
102
97
93
100
98
90
83
60
52
65
65
35
4
-14
-33
-50
-44
8
82
25
-82
-104
-59
-23
-12
24
50
41
51
75
88
83
70
36
8
-7
3
34
43
64
97
102
68
48
53
71
89
81
50
28
28
48
37
26
21
28
57
65
32
5
19
42
26
22
82
105
38
-52
-73
-36
-6
-28
-75
-90
-57
8
69
93
99
88
57
26
19
27
32
33
55
90
87
66
66
83
113
120
113
97
80
73
73
87
85
68
76
85
65
43
57
90
106
104
81
67
65
56
49
70
86
44
-27
-51
1
29
0
-30
-18
32
65
65
69
84
103
112
80
26
16
50
87
76
41
16
18
32
61
101
114
128
154
153
113
60
42
49
40
34
58
71
41
10
13
42
50
29
16
10
20
40
48
37
22
52
70
45
-3
-34
-17
50
113
120
65
18
29
52
72
101
112
86
42
41
82
105
90
70
56
43
53
65
52
26
25
65
100
101
82
68
40
-3
-9
42
56
9
-17
-13
5
57
109
89
41
7
-1
20
54
57
33
11
-5
-13
-9
10
38
67
87
98
92
83
67
72
98
112
103
101
90
83
90
86
43
16
22
18
-27
-55
-26
11
40
41
32
35
61
91
117
123
90
43
38
40
24
28
37
57
112
161
132
65
24
19
16
3
-18
-34
-28
7
82
144
186
185
115
43
32
48
40
27
19
26
49
55
54
66
87
87
60
38
33
66
116
100
38
3
-22
-41
-29
-38
-69
-58
-5
42
55
57
58
53
37
13
-6
6
43
55
12
-33
-33
-2
24
43
51
64
77
91
118
133
124
91
36
11
25
49
75
101
101
85
98
130
119
0
76
50
57
48
6
-18
-6
40
86
96
71
66
59
61
74
57
26
22
49
59
52
41
64
93
100
70
33
39
82
100
81
51
29
20
24
50
72
66
54
61
70
52
6
-24
-39
-41
-20
21
56
65
80
128
164
140
75
21
0
17
19
-27
-75
-75
-45
-26
-13
0
21
38
44
69
102
108
102
73
49
32
33
44
65
85
89
85
71
77
104
103
67
45
55
69
64
72
101
90
64
37
24
23
16
-1
-21
-38
-35
-4
33
25
-17
-59
-69
-38
-11
-22
-18
-21
-39
-33
-13
-6
3
10
39
64
59
41
40
50
54
54
33
-5
-14
8
40
69
92
109
91
48
20
48
68
60
55
70
106
129
117
99
116
117
104
82
65
40
39
56
70
73
43
6
-2
8
17
11
0
25
72
81
48
13
4
-2
-8
1
20
19
10
37
74
76
37
2
1
11
38
91
132
118
64
20
26
43
54
51
38
25
39
44
35
34
20
22
33
51
72
102
131
144
130
83
45
37
28
17
9
17
40
53
35
-4
-11
6
33
57
76
84
69
50
43
57
68
68
53
42
56
76
81
59
61
84
69
39
50
107
160
146
102
58
40
44
54
57
43
33
60
105
98
44
0
-23
-25
-14
-9
-5
23
105
170
135
61
28
12
-11
-30
-33
-26
-7
37
81
92
89
76
53
13
-18
-21
-22
-28
-19
-4
7
21
39
69
60
5
-38
-41
3
53
58
53
52
76
144
172
114
66
58
69
81
83
69
55
74
117
130
129
121
105
87
61
41
64
128
167
137
58
10
16
52
74
50
28
55
99
122
112
83
65
48
4
-39
-52
-28
3
28
53
51
51
72
114
72
8
22
74
66
12
-5
5
17
5
0
32
60
52
36
54
49
27
22
40
41
19
-13
-24
-13
2
12
25
40
58
52
19
-8
-27
-62
-90
-59
-12
-1
0
32
85
117
119
96
48
2
-18
-10
8
28
57
76
53
27
19
7
7
12
11
23
34
37
44
77
114
132
123
101
68
26
4
36
92
106
76
60
65
60
73
97
90
73
73
82
91
83
69
61
40
13
-8
-41
-39
0
28
50
61
86
134
152
125
80
57
53
39
25
16
17
53
92
105
103
105
122
121
71
22
25
43
52
34
3
-12
3
20
25
-10
-37
6
69
66
28
8
21
34
29
43
91
147
150
98
45
28
34
36
37
69
98
60
9
16
43
53
16
-25
-36
-2
52
84
83
0
81
101
103
83
59
61
88
84
59
51
38
16
9
28
66
71
57
76
98
89
52
1
-22
1
36
44
22
19
35
86
116
98
71
104
164
151
67
-6
-25
-4
39
45
22
8
23
76
107
59
17
39
85
74
37
21
37
5
-46
-97
-120
-85
2
25
20
68
123
84
-19
-70
-61
-35
-18
-8
6
60
133
185
189
136
64
18
27
54
61
70
72
59
69
89
98
104
83
36
9
11
21
1
-28
-91
-113
-60
-21
-22
-37
-67
-100
-116
-83
-27
-10
-25
-33
-25
7
24
27
55
70
48
22
48
84
85
66
51
66
98
107
97
88
75
70
89
103
104
85
56
57
105
163
161
91
34
4
-3
3
24
33
3
-6
57
148
148
67
10
13
17
-1
-7
6
40
74
61
22
8
0
-24
-22
-3
27
53
90
132
133
91
49
22
33
42
9
-19
3
41
50
60
90
76
27
-4
-5
4
8
2
-4
-2
12
24
44
72
90
68
25
9
12
37
53
17
6
26
43
37
9
-5
-8
-10
-17
-19
-24
-17
43
128
160
125
101
130
162
148
87
38
43
55
37
33
67
107
109
88
90
137
135
65
19
28
56
69
65
41
19
35
73
103
119
112
88
74
72
65
52
49
66
88
85
65
64
80
66
32
1
-24
-21
10
36
21
1
3
44
87
120
121
87
69
98
122
122
104
81
52
32
50
57
48
37
40
41
23
4
2
12
20
3
-6
-11
-11
1
32
65
71
59
69
96
98
92
105
109
96
75
74
86
105
86
37
5
12
41
19
-21
-33
-17
-7
-12
-3
41
40
-1
-11
-9
-19
-35
-41
-66
-68
-76
-92
-75
-35
8
81
115
96
87
105
96
88
80
41
18
10
19
49
84
105
106
104
87
74
91
150
163
105
73
73
49
12
11
40
38
7
5
34
54
21
-28
-54
-57
-50
7
67
59
9
-12
7
24
25
10
4
18
38
57
85
117
152
99
-10
-50
-9
49
58
33
32
54
52
34
39
54
41
33
66
109
128
130
136
156
180
164
131
116
87
48
54
82
66
37
16
-1
-8
-13
-13
-2
35
75
80
32
-2
-4
-14
-10
-1
-29
-77
-73
-21
19
25
42
66
59
49
45
50
43
41
49
89
115
99
81
74
60
48
48
32
-3
-1
34
75
92
80
55
48
49
49
58
74
50
10
17
42
41
12
19
39
44
42
49
55
43
16
10
43
72
66
49
59
68
60
71
65
42
33
18
17
22
4
0
5
57
97
90
55
50
85
101
57
2
-1
51
91
105
96
68
51
42
19
39
97
132
129
88
80
103
107
74
44
44
39
29
42
64
54
43
53
55
38
8
-6
39
112
113
93
71
34
32
68
84
49
-4
-28
-21
11
34
24
40
86
90
75
69
73
91
80
40
23
24
29
37
55
71
67
69
92
123
124
69
27
49
97
56
-27
-53
-18
4
6
9
19
38
48
22
32
84
134
135
92
49
38
53
83
107
106
89
87
108
136
132
85
33
5
-3
0
2
0
-2
3
24
35
35
48
57
52
39
34
17
-4
-26
-38
-28
4
43
48
56
88
80
8
-36
2
64
74
51
20
25
54
72
58
8
-30
-34
-8
-4
-3
4
21
41
72
107
113
93
92
103
87
68
68
67
69
75
92
104
70
45
60
67
49
35
64
98
97
85
109
151
170
141
87
58
37
2
-5
7
20
29
48
52
87
107
77
54
55
52
41
33
36
69
99
81
40
7
-34
-77
-106
-108
-83
-34
-4
2
17
48
72
104
137
108
45
5
-4
12
56
71
45
38
52
48
7
-21
-10
-3
-19
-25
-37
-43
6
108
181
157
85
53
72
86
73
48
25
3
-9
26
89
122
132
140
162
200
213
164
102
75
76
69
44
45
76
89
81
55
36
35
33
27
52
58
27
36
83
92
52
26
40
50
56
117
196
165
70
10
13
49
72
67
55
66
105
150
164
167
160
137
100
38
9
21
42
40
39
51
53
54
64
92
104
74
44
52
65
29
4
29
68
61
37
21
22
33
59
76
45
21
-4
-18
8
59
85
56
20
34
90
168
214
164
105
57
44
71
89
85
66
42
44
59
81
77
55
55
72
81
66
43
37
34
1
6
84
119
57
-7
-36
-41
-27
-6
34
85
86
21
-27
-25
-4
-22
-71
-116
-104
-7
100
117
83
35
11
13
3
-8
7
23
25
38
65
82
72
68
72
71
84
88
70
65
65
67
48
36
36
42
59
66
49
23
7
1
-10
-23
-21
8
36
55
84
87
48
8
-6
-4
13
26
18
-19
-28
16
93
138
109
83
73
64
72
100
103
75
51
58
85
97
92
108
122
88
25
-10
-14
-8
24
74
120
136
99
54
43
57
67
57
36
21
34
72
103
100
103
53
-55
-110
-72
-33
-42
-42
-25
38
113
140
145
123
87
38
8
13
18
4
-1
6
18
27
56
69
27
-24
-53
-58
-39
-8
6
16
0
24
34
48
43
35
34
38
39
37
50
74
117
157
178
144
56
1
-5
7
22
85
163
171
138
108
103
101
89
68
36
13
8
22
55
82
85
59
12
-6
1
8
25
53
58
66
80
82
68
35
16
12
22
64
122
98
34
-7
-7
11
11
-34
-72
-83
-66
-24
51
154
203
148
60
10
-4
-8
-19
-44
-60
-25
45
119
131
88
34
-4
-13
-12
-20
-10
10
17
10
39
82
100
112
106
85
57
48
57
55
50
22
-7
-3
16
61
100
93
49
-4
18
45
10
-19
21
73
45
-5
-22
-6
34
68
96
77
41
23
17
40
71
77
49
42
74
91
74
35
12
17
35
48
42
54
84
105
104
80
69
72
60
39
18
4
4
27
33
8
16
69
91
55
38
53
60
59
48
33
35
52
61
61
72
100
128
122
85
49
39
53
65
34
24
85
144
169
183
183
164
99
56
35
7
-19
-43
-49
-19
23
52
51
50
43
34
57
58
28
-1
0
23
54
84
67
42
38
41
48
40
10
-25
-58
-25
69
148
146
105
82
86
101
124
124
81
22
8
9
21
22
6
17
51
57
36
54
114
120
66
20
18
32
32
23
66
125
120
66
35
48
61
41
55
96
109
92
50
35
66
87
65
25
13
41
86
136
146
121
107
76
32
12
18
20
13
8
12
33
43
40
34
22
18
25
11
-7
-19
-9
4
-1
-14
-6
34
64
55
34
25
41
68
108
165
155
85
20
2
23
21
18
20
8
11
40
81
92
59
69
81
37
-6
-19
-33
-27
1
8
-3
20
70
92
76
67
81
101
101
70
56
44
38
28
21
51
70
12
-42
-39
-6
19
6
-4
13
40
64
71
80
71
27
2
27
49
38
11
-7
-17
11
60
74
37
-2
17
92
139
136
99
61
53
43
44
60
69
45
29
41
39
16
-3
42
60
6
-28
-29
-14
2
-1
-12
-6
23
49
35
20
48
76
72
40
22
48
81
81
74
59
52
35
29
38
27
37
57
70
67
52
48
37
41
59
48
16
8
34
90
131
97
58
68
66
58
57
36
-6
-36
-25
-21
-20
-6
21
57
77
70
43
23
37
72
100
113
120
89
12
-6
20
17
-12
-27
-30
-30
12
86
118
128
141
136
102
69
73
88
91
76
64
80
120
125
84
29
8
7
5
16
52
43
5
-1
26
64
106
119
76
39
28
22
3
-18
-50
-67
-44
26
106
147
145
138
114
69
21
0
-10
-3
23
56
119
171
208
181
90
52
73
91
49
-26
-50
-9
6
-8
-18
-20
-42
-42
-17
17
57
60
24
1
6
22
16
-12
-25
-7
39
105
104
40
-3
17
32
0
-38
-51
-12
34
58
71
106
150
157
157
121
61
22
43
85
68
37
20
5
3
4
-7
-4
11
37
27
5
-5
13
49
104
155
160
125
80
52
69
85
69
51
34
8
11
41
60
70
75
76
92
85
51
37
54
71
75
50
23
42
55
55
56
74
99
77
6
-57
-66
-21
36
80
93
68
52
59
53
42
38
29
29
22
20
61
99
91
56
32
34
37
34
33
51
86
148
204
184
80
3
-22
-22
-4
7
6
9
50
105
136
108
59
45
52
50
24
-3
0
6
16
41
53
57
90
137
107
50
33
21
17
21
18
16
16
35
81
137
186
168
105
56
53
75
89
72
38
26
44
75
90
68
54
82
113
132
138
118
75
24
-18
-24
-11
-6
0
4
19
56
75
59
45
34
7
-24
-27
5
57
102
134
145
112
72
87
129
103
50
17
18
40
86
169
182
92
10
-10
-7
-10
-38
-67
-60
-21
49
139
177
128
70
51
36
11
-1
9
25
19
2
2
21
25
25
58
101
92
69
69
74
82
89
85
26
-40
-49
1
43
74
98
61
43
67
61
43
45
71
107
98
39
-10
0
42
55
41
18
5
5
23
52
98
139
134
103
74
56
43
44
56
52
32
26
23
24
75
118
122
129
99
39
-2
-6
9
44
112
107
36
-14
-17
5
38
75
91
93
99
114
92
75
68
43
5
-29
-45
-19
11
49
108
156
153
99
49
38
50
41
16
-1
-7
-10
-13
-25
-28
-19
-26
-53
-90
-86
-37
8
45
57
48
32
44
68
70
70
88
96
113
115
101
92
134
145
89
11
-33
-20
8
-5
-34
-19
13
38
65
99
117
103
84
84
91
85
58
42
38
18
-3
-4
17
40
33
2
-5
37
72
60
50
35
25
58
91
97
74
50
41
65
91
91
98
164
188
107
25
-12
-21
-9
-5
-23
-26
6
10
-4
-6
-6
2
-3
-10
12
54
75
74
74
70
56
49
29
2
-11
-7
6
10
19
34
53
84
91
34
-21
-11
22
38
32
-3
-36
-13
39
85
128
154
101
4
-10
36
85
103
87
57
44
53
68
81
106
119
91
65
68
81
77
55
35
29
27
23
26
49
44
39
36
18
-9
-11
-4
-18
-5
23
48
89
99
65
48
49
0
26
-18
-52
-53
-23
0
24
88
171
189
106
20
32
80
102
84
57
52
68
85
102
113
81
38
40
56
53
42
42
60
93
105
89
86
86
56
24
27
60
67
40
23
29
24
-5
-3
38
119
180
108
5
-3
57
82
51
21
20
32
48
68
98
88
38
12
16
20
19
20
28
45
48
42
54
86
88
66
72
81
51
13
11
34
53
81
92
109
148
140
84
11
-27
-26
-3
40
87
98
97
82
70
73
60
36
37
53
52
50
72
103
131
165
124
25
-34
-35
3
38
54
50
35
27
50
98
112
92
101
98
89
43
-10
-21
-12
-4
-11
-27
-49
-66
-68
-53
-18
34
34
4
12
71
129
148
118
59
9
-2
7
18
32
42
69
118
153
148
133
116
100
87
96
97
48
-23
-55
-50
-39
-17
4
43
96
129
123
93
61
49
55
50
33
32
43
38
24
51
82
76
33
2
4
11
28
34
22
24
40
53
57
57
66
80
89
71
53
48
36
23
34
77
84
51
40
68
68
21
-18
-18
2
7
0
20
96
167
163
121
105
98
82
59
49
35
23
33
45
66
90
76
37
25
27
12
6
7
28
57
49
22
9
16
26
56
97
117
93
67
69
82
82
70
26
-20
-37
17
116
178
167
138
108
58
25
35
37
11
2
6
2
4
33
38
27
48
55
22
-5
2
38
54
44
50
58
59
65
52
60
109
120
70
13
7
33
37
36
57
88
72
21
-10
9
34
48
35
-3
0
54
67
55
50
41
53
76
104
120
97
67
68
74
80
76
68
59
65
65
67
74
88
108
112
118
137
147
139
96
40
17
6
20
43
44
64
107
121
82
33
-4
-36
-43
-43
-44
-29
-5
16
42
70
82
60
48
41
-1
-51
-28
34
77
65
34
35
40
55
75
75
45
9
-11
0
54
93
105
89
43
-3
-24
-18
25
66
64
38
27
37
58
73
49
19
-3
-27
-22
23
42
21
18
53
75
51
-17
-41
-9
18
32
49
54
25
5
0
7
7
6
11
-5
-34
-18
38
68
38
0
-23
-11
24
67
112
147
147
132
138
172
209
208
154
113
104
103
108
114
98
75
61
65
69
93
117
107
98
85
72
68
69
65
61
57
38
8
5
28
51
28
-5
-5
13
17
19
17
18
8
-9
-4
32
48
23
9
33
76
103
92
81
74
52
23
19
27
21
-1
-27
-17
4
-13
-19
38
90
68
11
-12
10
50
56
0
37
1
-27
-23
1
-17
-33
-51
-66
-45
-18
2
16
2
-24
-35
12
73
38
-43
-72
-36
10
41
40
36
56
97
109
105
100
97
107
92
61
65
107
155
181
193
202
194
145
100
123
169
150
91
60
65
57
44
36
0
-22
-6
11
43
51
10
6
56
87
52
-1
-20
-12
-1
43
76
41
11
41
81
103
104
106
118
117
107
86
54
49
58
66
55
71
132
167
146
117
105
91
58
22
11
8
12
28
74
108
84
37
13
10
-8
-33
-35
-41
-28
4
1
-11
10
28
2
-23
9
68
72
36
-11
-23
1
33
66
72
68
89
124
133
123
117
80
37
42
75
84
84
107
115
86
50
27
6
-24
-50
-43
-9
17
37
25
3
-4
-1
19
13
-20
-34
-4
28
22
12
20
3
-25
-35
-4
28
64
82
50
13
4
17
32
36
50
68
68
90
136
140
115
102
102
108
107
99
113
118
107
96
96
107
106
98
75
39
8
17
56
76
42
-34
-99
-113
-105
-98
-89
-86
-56
-30
-38
-40
17
69
36
-22
-46
-37
-10
1
3
2
5
13
35
49
54
60
81
91
86
67
52
72
121
141
132
122
105
71
24
8
65
128
106
48
23
33
74
131
149
121
68
9
1
23
40
36
16
5
21
36
55
70
81
70
40
12
2
1
10
25
38
51
70
84
82
68
74
108
133
123
92
73
75
85
86
74
58
34
5
7
25
26
8
-5
-7
8
42
72
54
20
2
12
27
12
2
-5
-14
-18
5
40
42
25
34
70
96
80
68
74
70
50
38
44
68
101
109
86
65
69
90
98
91
75
43
20
36
69
58
24
18
36
43
16
-17
-10
18
57
90
71
38
43
40
36
39
34
20
22
56
89
100
105
115
102
90
117
144
122
81
65
83
106
130
124
113
128
148
146
129
107
86
77
80
83
99
132
146
105
50
33
25
9
-12
-42
-61
-52
-25
-6
-8
-21
-26
-38
-59
-66
-50
-11
4
-7
-1
17
22
32
42
44
35
37
60
105
100
56
29
27
42
52
48
42
57
88
108
113
122
130
107
83
75
88
85
67
60
55
41
40
66
82
66
4
-56
-73
-56
-53
-44
0
52
69
52
56
100
65
-12
-55
-59
-43
-36
-50
-58
-28
19
34
12
2
21
37
40
41
37
35
52
60
50
34
19
17
35
56
54
52
87
115
103
86
80
66
53
49
41
50
76
89
59
5
-25
-13
17
32
26
21
48
67
86
0
96
86
70
50
23
-5
-9
11
32
59
82
83
86
81
40
6
-3
2
8
9
21
29
11
12
51
85
96
75
69
101
113
86
71
85
90
69
52
75
98
103
131
169
139
71
38
48
55
66
73
81
96
132
160
149
114
57
1
-7
23
44
41
55
70
74
73
64
71
100
92
64
18
-19
-6
12
22
28
0
-49
-56
-3
43
50
22
-6
6
53
51
32
64
57
9
-21
-20
-14
-29
-26
2
17
6
17
41
33
10
45
101
102
70
48
51
72
92
105
104
81
58
68
73
70
69
59
48
51
54
59
67
54
51
72
88
88
68
28
27
44
38
44
58
52
33
36
84
117
72
-4
-41
-20
24
58
86
102
67
41
67
103
84
37
10
16
43
85
134
120
64
37
37
20
4
1
-1
41
73
91
119
112
80
83
121
118
69
44
50
35
10
3
11
35
34
27
25
43
83
92
67
44
44
67
92
98
83
66
44
34
39
52
51
33
9
-4
8
45
60
44
25
22
32
37
52
80
91
49
-42
-68
12
104
89
6
-25
21
96
160
150
66
-4
17
60
50
2
9
98
166
119
26
-9
18
53
51
18
-5
4
19
33
25
7
-13
-43
-39
3
60
115
139
118
69
50
54
48
20
-19
-29
4
48
96
114
84
32
17
23
34
49
56
41
48
113
147
114
42
-8
-19
-5
-4
-10
7
60
118
144
161
165
123
83
69
48
24
6
0
1
-8
-28
-23
-2
9
1
-10
8
70
128
102
41
20
28
49
69
82
43
-9
4
57
86
56
37
74
137
136
72
22
13
19
24
5
-30
-40
-10
24
43
43
60
99
84
26
0
17
64
102
97
53
18
10
21
20
10
13
53
80
65
44
58
56
11
2
64
132
134
89
76
107
144
144
104
56
27
21
23
26
26
26
38
40
34
64
93
80
54
65
70
50
22
9
7
16
43
72
70
21
-26
-40
-33
-8
33
69
89
100
93
57
26
6
-10
-13
-4
8
13
32
48
45
72
136
171
136
76
59
72
74
75
73
59
52
59
88
106
96
72
51
34
40
72
108
132
132
115
102
83
71
69
57
25
-9
-17
-1
11
-4
-23
-4
26
29
8
-9
2
55
104
124
86
35
2
-6
4
9
-18
-41
-13
48
90
100
104
107
87
44
25
21
19
28
58
93
112
101
67
52
85
136
147
103
38
4
9
11
-25
-82
-81
-38
8
51
75
92
83
34
11
0
32
54
55
10
-18
11
64
100
99
45
-1
-21
7
50
61
48
21
32
68
101
129
149
122
85
50
50
66
59
42
37
41
49
92
156
161
113
68
50
52
32
-2
-34
-54
-46
-18
8
38
73
73
59
67
100
123
101
50
17
29
87
129
81
17
-18
-23
-20
-8
-2
-13
-22
5
65
106
114
115
100
59
25
-2
-20
-33
-39
-25
8
53
76
71
54
48
56
83
76
33
-13
-22
5
27
29
25
12
6
27
36
19
34
55
53
58
97
119
120
108
81
43
28
33
34
48
116
163
147
98
71
82
99
67
18
-3
-1
5
4
-2
-6
-20
-37
-68
-125
-153
-122
-54
9
42
32
19
38
108
193
220
160
84
54
51
45
37
28
21
22
20
42
171
267
194
64
-7
9
38
25
10
16
56
112
141
152
152
150
132
91
64
57
55
54
52
53
58
74
92
104
80
25
-14
-12
20
22
-24
-57
-38
-6
23
41
36
22
10
38
82
103
103
85
83
97
61
-19
-56
-14
49
69
53
33
18
28
52
55
16
-7
7
43
58
44
40
36
20
10
11
34
