67
67
81
61
68
66
20
-25
-27
12
55
61
48
-25
-87
-41
61
100
87
86
92
72
54
55
48
43
26
-10
-3
22
26
58
123
137
80
23
39
82
101
140
181
136
60
36
58
61
21
0
18
70
108
86
68
74
104
112
48
-18
-5
40
33
5
8
26
57
89
74
34
-17
-37
-45
-52
-44
-22
43
92
92
68
51
48
51
40
10
-28
-24
1
40
64
51
25
2
-22
-43
-14
73
154
164
145
119
80
68
96
93
49
11
8
24
72
104
102
70
65
89
104
102
106
113
119
116
85
32
10
29
36
8
-17
-3
50
93
105
108
107
108
157
232
212
131
57
40
49
45
25
18
32
65
84
57
19
6
12
20
10
10
55
68
24
-8
-34
-56
-82
-86
-39
18
48
50
27
36
38
6
-7
-22
-46
-42
-28
-13
8
25
29
37
83
128
104
65
82
109
113
112
118
121
92
64
65
53
23
-6
-10
17
50
91
115
100
88
70
34
-11
-55
-70
-58
-46
-33
-1
25
42
43
25
9
9
11
7
-4
-17
-20
-3
11
33
53
49
17
7
37
83
100
76
58
54
61
91
107
88
80
73
53
42
58
69
59
77
85
73
81
85
84
113
138
140
86
19
-17
-50
-50
-7
49
60
48
36
28
49
53
23
-9
-13
18
0
60
83
66
51
67
69
59
71
100
85
42
11
18
49
69
76
77
40
9
25
86
120
113
70
33
87
157
115
39
3
-6
-6
-5
-24
-39
-34
-34
-35
-8
16
16
9
41
76
85
75
83
91
72
36
8
35
67
75
77
72
44
10
-4
24
65
57
33
37
57
35
2
-19
-49
-42
-18
4
18
34
55
69
90
89
66
64
52
-13
-68
-61
-29
2
12
25
57
118
152
124
73
40
28
-3
-35
-2
44
67
60
27
16
7
0
9
53
76
55
26
24
37
6
-28
-4
56
107
146
152
138
114
92
59
3
-12
6
25
45
75
114
140
125
85
35
-26
-42
-13
0
27
68
70
54
57
87
116
109
93
59
9
0
73
155
199
162
71
23
58
77
16
-39
-42
-24
8
48
65
69
71
60
56
49
33
17
8
-11
-41
-35
24
92
97
43
3
-23
-28
-25
-33
-28
-8
-24
-46
-24
-1
0
5
11
-8
-55
-76
-56
38
156
122
48
41
28
-5
0
25
23
21
44
74
105
130
122
88
57
52
50
40
59
80
85
96
74
40
21
27
71
137
186
140
73
44
52
70
88
91
71
44
57
85
104
101
66
23
8
28
41
34
33
28
41
44
37
73
108
124
124
152
183
169
156
182
166
74
16
23
38
34
42
52
50
81
118
135
112
76
44
32
48
82
96
92
90
107
133
141
124
119
165
173
148
148
171
202
189
112
36
21
57
84
73
83
96
131
149
120
112
133
113
71
48
39
37
28
18
49
76
37
-10
-17
-6
-22
-19
11
50
60
68
54
60
105
81
3
-40
-26
-8
-21
0
33
-1
-29
-9
58
71
-11
-101
-114
-72
-34
-28
-26
1
19
11
-12
-2
33
27
-5
-50
-54
-18
4
-3
3
17
69
88
36
-4
2
50
75
39
-3
-17
17
57
82
51
6
-43
-99
-86
-23
27
41
26
24
56
120
177
119
0
-56
-51
-11
5
5
-26
-75
-99
-69
-2
18
4
17
54
107
128
89
41
-5
-26
-34
-44
-29
-4
18
59
86
81
86
98
137
161
68
-20
-12
36
33
-13
-30
-26
-25
-8
34
89
113
55
-2
-1
27
43
20
-6
20
96
120
58
-2
16
84
117
82
39
57
85
97
113
108
42
-17
-33
-46
-57
-46
-36
-10
17
42
91
82
38
23
36
73
81
40
26
55
82
100
101
51
12
44
85
49
-10
-21
13
51
57
34
9
19
56
97
107
112
77
41
44
58
50
23
22
40
76
97
123
0
164
168
146
132
84
28
23
43
69
72
44
39
77
99
90
59
32
10
0
45
113
98
35
8
18
11
34
77
88
97
99
64
28
20
13
-10
-33
-19
35
53
58
88
148
176
67
-52
-89
-60
-3
19
0
0
39
86
103
108
101
58
7
-42
-75
-75
-44
11
58
53
34
67
88
84
69
56
55
68
64
50
48
56
71
58
53
36
18
16
19
38
50
72
115
123
87
87
152
179
84
-4
5
9
-18
9
59
89
43
-23
-43
-10
-11
-68
-85
-53
-23
-11
-4
17
65
71
8
-27
4
50
49
37
61
76
75
100
105
86
75
89
135
155
116
72
88
178
170
60
-39
-58
5
51
36
18
41
76
96
100
108
109
82
26
-10
-10
-4
-9
18
89
150
82
-23
-75
-72
-34
-26
-55
-43
-6
73
164
198
196
156
124
97
66
34
27
66
104
100
68
37
32
36
50
74
73
56
76
106
116
98
91
108
109
71
39
41
51
45
18
-4
-2
28
65
49
7
0
34
49
3
-26
-13
5
-7
-28
-41
-24
29
69
37
-8
2
60
119
147
124
74
42
55
109
139
150
133
76
29
27
44
59
68
75
92
119
141
176
122
26
1
-8
-28
-11
-6
-20
0
58
128
152
121
56
3
-1
25
36
11
-9
-6
21
66
96
43
-26
-19
45
77
70
64
69
75
67
48
11
-12
-10
4
6
18
22
44
86
113
97
67
66
74
52
23
33
71
100
96
44
18
42
25
-11
-25
-28
-42
-41
-21
7
10
-12
-12
5
16
21
33
50
74
72
74
124
122
70
18
-13
8
37
18
-2
-19
-19
16
69
103
107
83
44
-2
-26
-20
8
40
44
18
4
4
4
39
54
-24
-83
-74
-38
20
77
97
100
137
145
120
66
4
-23
-4
4
-18
-9
29
90
176
244
192
70
21
60
103
86
52
38
42
56
96
134
154
113
57
36
49
77
82
64
39
18
20
88
113
57
18
6
-8
-50
-83
-66
-33
-6
9
7
21
60
74
68
53
35
13
-8
18
99
138
106
72
102
149
193
184
116
68
70
88
91
55
35
105
149
100
53
41
52
80
64
6
-29
-25
-6
-1
21
44
22
18
36
25
-2
-10
12
20
5
-6
-18
-24
5
52
45
25
9
5
16
50
69
43
40
82
129
178
178
156
128
67
20
8
17
6
-7
20
82
134
164
176
196
168
101
67
72
92
103
66
19
8
28
60
85
102
108
74
54
58
41
1
-37
-51
-50
0
-21
11
26
35
56
74
91
114
89
49
52
112
148
114
49
23
27
33
27
50
80
25
-29
-5
75
108
84
52
27
20
43
48
22
0
-1
1
0
27
66
57
33
82
179
170
65
-12
2
40
43
50
68
75
83
76
74
90
104
76
41
29
35
29
45
82
82
49
37
69
56
-6
-33
2
51
58
23
3
1
0
25
89
88
21
-20
5
70
73
28
12
41
70
96
70
2
-33
-28
-13
-8
-17
-8
51
98
86
53
34
28
22
-10
-51
-26
13
44
88
122
117
81
59
53
61
55
11
-9
23
82
134
177
156
80
27
56
107
109
57
-17
-13
17
4
-8
9
26
0
-49
-50
-7
39
65
59
54
57
70
101
104
59
11
-5
-2
1
5
57
99
55
10
56
108
55
-37
-65
-29
40
73
64
65
69
64
41
13
4
20
58
75
56
38
52
98
113
56
9
2
19
21
72
121
54
-17
-12
9
16
5
-17
-14
17
39
49
86
107
87
65
56
37
19
51
103
132
106
61
50
54
64
74
70
76
80
34
-2
7
32
41
54
60
54
70
112
83
38
39
40
27
6
17
41
39
44
66
91
93
85
65
33
18
44
67
75
88
71
35
27
55
101
120
82
35
28
48
58
48
38
42
50
60
93
103
66
80
124
131
147
161
139
108
89
73
56
39
37
67
102
86
49
55
93
139
133
67
-4
-11
29
68
65
24
0
28
86
90
42
-3
-1
33
39
-3
-38
-22
24
66
96
107
89
86
83
70
59
28
12
12
39
82
68
34
22
4
-21
-44
-54
-37
-13
-3
42
109
100
45
20
29
36
4
-27
-27
-49
-61
-23
38
71
59
53
66
42
-4
-1
43
71
56
39
57
69
84
88
49
32
44
24
-6
-7
24
33
22
41
88
104
74
49
45
56
44
35
24
18
25
40
49
41
40
64
49
28
69
60
-1
-24
-8
6
13
-1
-29
-42
-11
35
68
70
112
164
130
56
20
36
54
38
10
16
38
39
24
4
-25
-44
-37
-3
24
21
4
11
60
120
133
128
122
68
24
24
24
23
17
-1
0
21
59
157
251
210
119
58
36
49
73
68
23
10
32
37
41
64
87
91
76
52
38
20
-4
-6
13
73
106
39
-11
33
102
132
120
98
51
13
2
17
49
101
136
138
151
186
196
173
129
93
92
104
73
16
16
75
146
149
93
50
37
44
41
26
16
17
29
36
53
57
21
-7
-9
0
16
23
1
-8
8
-8
-35
2
75
74
38
50
61
35
7
27
59
69
49
48
82
145
165
117
33
-8
5
42
64
66
96
136
137
98
52
44
65
67
32
-6
2
39
69
89
81
32
1
38
82
37
-6
-13
-19
-25
-29
-58
-72
-25
19
56
105
122
101
65
71
80
67
44
57
105
106
76
89
93
50
12
32
83
124
121
99
100
112
117
130
148
130
76
43
42
80
115
113
71
58
70
59
28
24
43
64
25
-35
-66
-40
-1
2
-17
-10
29
10
-51
-42
36
97
82
29
-1
34
81
75
68
66
41
7
-13
-10
40
89
121
137
138
120
104
90
86
103
112
101
90
82
65
28
13
-9
-24
-1
25
1
-21
-11
-8
-1
29
35
22
24
56
84
61
20
0
-7
-18
-11
9
39
72
98
88
91
128
155
134
65
23
27
27
35
45
37
21
32
69
89
71
53
56
54
68
42
9
32
55
54
23
-4
-7
3
-26
-54
-19
12
43
116
148
104
50
21
9
16
16
2
-7
5
36
89
119
103
98
92
77
72
84
89
85
96
106
103
85
60
87
155
144
74
28
59
96
87
68
60
74
153
228
188
116
76
71
65
68
84
116
154
199
264
349
381
339
280
235
200
166
153
177
213
253
279
285
332
330
236
152
106
98
108
131
134
122
128
176
244
226
119
53
100
140
105
59
87
148
155
154
199
228
172
109
83
98
102
55
21
55
85
59
16
20
85
123
107
80
39
6
24
69
105
114
88
52
33
42
54
38
23
2
-8
-9
-1
-7
-33
-7
41
65
88
82
10
-28
-25
-4
-37
-97
-119
-71
21
82
64
29
-1
-36
-51
-49
-53
-52
-27
-23
-26
-13
3
16
49
69
33
-25
-73
-61
7
69
57
24
-17
-54
-34
-34
-113
-177
-152
-88
-74
-59
5
65
54
-5
-59
-76
-42
-6
-4
-17
-14
-7
-1
-27
-83
-125
-156
-145
-75
-4
25
35
36
34
18
0
-3
-30
-30
17
65
72
60
58
64
39
8
-5
6
24
32
37
52
44
5
-21
-9
7
25
-13
-82
-83
-34
24
39
16
37
92
87
35
11
32
33
2
-38
-86
-103
-67
-21
4
26
33
18
-12
-19
-24
-55
-51
-30
-25
-14
4
27
56
69
77
71
58
68
82
98
92
72
59
53
68
72
24
-29
-53
-42
-28
-25
4
70
73
21
-37
-108
-168
-182
-165
-152
-146
-121
-74
-21
6
-8
-19
-7
-13
-29
-71
-103
-104
-85
-75
-93
-74
-7
37
52
37
0
23
12
-22
-41
-34
-69
-91
-5
128
193
181
120
49
40
64
39
-8
-53
-78
-89
-69
-41
-42
-58
-81
-104
-145
-155
-113
-74
-121
-171
-166
-166
-210
-247
-249
-212
-141
-97
-107
-121
-85
-65
-99
-133
-125
-109
-91
-135
-211
-246
-221
-181
-177
-219
-260
-251
-195
-125
-99
-104
-114
-145
-194
-214
-197
-170
-162
-154
-129
-101
-76
-73
-101
-131
-116
-72
-61
-114
-124
-56
-4
-5
-21
-28
-22
-12
-6
-12
-10
25
68
86
80
41
18
22
35
44
58
81
108
82
43
64
105
136
120
86
65
76
118
133
132
122
105
76
54
65
114
178
228
250
251
250
253
249
227
173
132
136
179
183
184
216
228
182
148
173
178
119
91
114
139
132
82
40
43
44
91
209
262
219
162
149
169
165
98
7
-19
58
136
170
204
266
320
314
280
259
241
202
166
194
262
300
263
229
236
221
177
160
193
235
249
220
182
147
136
140
140
122
101
57
48
44
39
42
41
37
52
80
116
161
200
196
172
149
97
51
54
93
130
156
144
121
118
116
109
105
83
39
17
19
38
64
83
65
36
38
72
103
86
53
43
67
100
104
89
75
60
48
45
67
82
85
88
97
84
71
100
131
119
88
89
132
135
112
100
71
37
52
98
124
133
161
162
121
98
148
226
224
153
102
98
98
70
54
58
43
12
4
38
91
138
124
85
45
8
-5
28
71
97
124
148
130
91
71
73
102
112
99
73
66
87
109
91
56
56
52
27
19
37
74
85
59
19
-3
4
8
-3
5
34
36
25
28
27
25
36
57
66
44
6
-7
10
45
85
101
89
99
102
81
43
7
-10
-18
-21
-9
48
100
105
107
83
52
51
55
49
35
41
60
59
57
65
65
39
7
-6
-19
-21
-21
-22
-14
6
38
64
72
84
81
74
53
11
22
73
104
90
50
21
36
58
49
12
-4
41
87
66
-17
-75
-73
-38
-22
-54
-102
-106
-61
17
86
107
83
21
-5
33
82
130
144
104
67
68
102
91
41
13
25
33
7
-3
3
8
-1
4
24
27
10
4
10
26
64
107
83
1
-57
-69
-36
-12
-26
-38
-21
4
39
102
140
104
86
103
116
93
61
64
80
74
39
-10
-39
-44
-43
-37
-51
-68
-51
9
67
96
112
113
116
133
112
67
55
57
27
-8
-18
-8
1
18
32
45
56
61
58
67
76
54
17
13
39
64
72
69
50
21
18
20
25
39
35
26
24
44
67
57
26
0
11
36
60
83
103
116
106
101
134
168
169
165
184
216
208
166
140
162
172
154
117
80
68
82
103
109
72
26
21
43
57
43
26
11
16
42
86
88
48
9
-7
-19
-19
1
50
97
118
135
122
70
39
42
35
20
35
70
105
122
123
121
118
76
29
18
43
80
112
117
107
92
69
52
52
61
51
37
39
50
67
72
64
32
16
22
21
21
38
45
36
16
2
-6
-10
17
58
89
106
113
119
125
121
103
98
77
56
44
38
44
69
85
91
80
44
44
75
93
87
68
41
25
28
37
21
5
1
3
13
21
23
34
51
50
35
20
3
-18
-28
-4
27
26
7
41
106
116
92
81
74
56
25
1
12
53
88
87
73
71
75
59
53
65
91
113
97
70
61
64
65
43
11
-6
10
29
44
56
72
84
92
83
37
-4
-13
-10
-21
-13
19
38
16
-2
12
38
59
59
54
71
119
123
117
128
121
96
73
64
50
43
57
71
65
42
1
-34
-34
-8
-4
-7
4
40
69
76
91
108
106
91
74
51
35
4
-21
-9
25
81
106
67
44
60
90
129
115
85
81
83
98
119
99
44
-3
-38
-36
-7
17
48
76
114
138
119
88
64
45
33
33
41
37
37
74
102
69
26
10
25
39
26
10
6
4
-1
-3
-7
0
23
28
17
24
33
16
24
66
87
96
118
135
107
71
83
82
42
6
-4
9
37
58
77
98
113
59
-3
-24
1
35
25
10
35
72
86
76
49
-6
-57
-75
-55
-9
32
82
99
74
54
59
69
55
16
-30
-51
-52
-38
-2
33
65
81
73
64
66
66
68
59
58
59
53
57
73
101
106
49
0
2
36
53
39
33
34
37
36
35
52
76
80
53
25
21
37
43
55
93
114
109
117
100
69
43
38
48
57
58
48
40
44
60
82
85
90
75
42
13
19
51
88
103
89
52
28
44
70
74
56
65
89
96
81
87
92
86
98
82
41
42
91
139
149
145
129
100
84
88
99
98
77
59
59
73
70
66
65
52
32
8
-2
-2
7
21
10
34
90
89
33
1
-1
-12
-33
-34
10
55
77
139
183
157
119
85
87
87
86
115
166
211
269
347
412
394
337
331
371
419
464
507
561
614
624
614
660
726
728
669
585
482
406
393
421
435
395
364
369
391
420
405
330
261
185
135
140
167
182
198
226
233
225
218
193
168
154
99
54
73
98
73
48
37
0
41
19
-38
-77
-97
-98
-71
-36
-44
-94
-118
-102
-124
-229
-316
-323
-281
-252
-290
-340
-333
-314
-312
-283
-244
-231
-244
-277
-282
-254
-213
-121
-49
-67
-117
-89
-9
37
11
-66
-138
-197
-203
-140
-50
7
20
-1
-21
-24
-49
-103
-141
-162
-166
-156
-149
-141
-114
-65
-93
-229
-349
-353
-285
-273
-315
-354
-339
-284
-249
-195
-54
-27
-131
-189
-167
-116
-76
-38
-7
-18
-43
-38
4
89
104
17
-68
-103
-107
-129
-133
-98
-61
-58
-22
82
83
-26
-74
-35
-55
-141
-201
-218
-199
-183
-156
-43
92
92
3
-56
-62
-69
-97
-110
-98
-61
16
82
68
49
50
50
53
50
38
54
83
60
17
-6
3
18
7
-2
24
87
164
193
176
100
0
-58
-52
-29
-27
-24
-6
6
13
32
37
39
42
17
-27
-26
10
37
52
39
24
35
48
64
71
66
53
24
1
16
61
48
-39
-99
-70
-11
27
66
93
49
-18
-40
-38
-41
-67
-72
-41
-18
-27
-18
36
113
180
108
-40
-93
-61
-2
45
109
114
53
41
64
73
66
57
59
39
8
27
107
171
208
197
105
28
41
102
113
73
53
44
57
93
98
81
65
32
2
4
0
-21
-18
-6
-23
-25
3
21
32
86
116
117
102
55
33
60
101
101
80
87
107
80
50
80
150
213
195
133
106
128
152
152
131
105
81
66
59
67
66
44
44
45
26
4
18
55
64
57
35
-1
-18
-12
4
19
12
20
36
64
75
60
26
17
24
33
41
57
83
108
138
162
139
87
39
8
0
35
93
108
101
96
100
133
202
209
135
67
17
7
25
42
27
9
27
73
106
107
116
147
178
136
67
36
29
9
-7
-5
-5
-66
-123
-84
-4
54
113
165
165
104
58
92
170
166
60
-6
20
98
121
103
114
131
120
112
115
149
169
176
220
246
200
118
87
97
98
68
32
7
16
38
19
-4
0
-2
-9
-29
-1
85
148
154
86
19
-8
-19
-27
-8
20
-7
-69
-56
3
42
65
89
155
170
118
73
86
130
121
75
35
22
36
75
137
203
219
162
92
66
85
101
73
44
35
37
55
68
56
28
27
40
20
-41
-85
-77
-70
-101
-71
13
118
146
85
38
53
64
55
33
-11
-58
-60
13
140
205
181
134
105
113
146
152
129
140
156
129
96
92
113
128
83
17
28
112
114
36
-13
-37
-39
-6
51
37
-43
-148
-197
-157
-101
-86
-114
-132
-87
-55
-51
-9
36
21
-22
3
98
170
146
100
104
113
97
87
59
36
41
57
98
0
166
221
149
72
81
104
112
118
124
87
51
49
74
74
37
-9
-36
-3
58
41
-34
-78
-87
-82
-71
-52
-5
17
21
25
56
100
100
56
26
27
28
49
86
133
154
138
137
149
121
81
43
21
8
28
36
5
5
44
76
86
69
20
-14
-9
-1
9
49
67
51
50
77
84
66
51
8
-40
-42
10
83
120
107
80
61
54
83
132
162
128
64
52
81
82
112
147
147
84
22
18
43
34
7
35
115
139
83
28
39
64
32
-24
-61
-74
-59
-27
-1
69
148
162
119
56
28
54
83
80
56
41
10
54
139
133
80
43
41
43
24
0
5
50
86
108
108
66
18
-2
4
20
22
9
-28
-44
-21
4
50
80
71
68
58
44
40
80
73
49
50
34
-12
-36
-4
12
17
18
8
1
36
146
218
168
66
-7
-4
39
59
43
22
24
69
129
133
112
109
106
71
34
24
53
91
136
194
213
124
7
-43
-56
-71
-91
-119
-114
-71
-20
60
135
152
131
72
-5
-59
-33
12
18
8
26
58
84
113
117
86
52
23
12
37
72
87
84
91
104
112
114
119
106
64
23
20
49
80
74
90
102
81
102
114
67
39
48
34
-7
-35
7
44
35
16
21
61
77
36
-2
23
70
80
50
49
74
53
1
-42
-39
-10
-8
-9
11
45
81
100
100
100
98
90
81
74
87
108
53
-23
-39
-49
-33
6
9
-14
-22
26
96
106
68
20
-11
5
48
57
55
48
32
28
28
35
37
38
53
42
12
11
20
21
33
38
52
87
116
107
85
66
59
84
92
66
18
19
51
26
8
3
-6
-1
24
91
151
97
-1
-37
-6
19
4
-22
-18
33
76
93
112
132
98
55
35
18
32
56
70
73
84
99
112
109
100
97
90
81
56
25
-8
-10
17
16
-13
-22
17
42
8
-21
-6
12
29
58
73
64
74
99
112
122
118
43
-26
-33
-3
17
18
20
22
36
82
115
116
83
55
71
71
52
51
49
29
18
22
21
36
41
7
-4
27
44
9
-39
-35
4
44
119
148
98
75
85
68
44
28
56
116
118
74
36
40
82
107
86
45
59
90
89
67
67
68
27
-6
-7
23
75
89
83
84
96
97
104
106
83
48
27
51
87
116
120
75
4
-45
-34
5
13
-4
-11
-4
28
75
107
133
104
60
53
39
9
-4
9
58
89
84
66
67
76
100
167
185
106
49
43
71
86
69
32
-2
5
33
44
43
48
59
0
64
65
73
61
51
44
60
53
-12
-70
-76
-55
-49
-51
-39
-13
39
107
99
43
-3
-24
-24
-21
-27
-17
11
34
51
93
139
133
66
23
22
20
12
20
24
32
28
27
44
88
122
121
129
132
103
74
72
69
60
51
48
55
70
98
131
123
76
40
42
49
41
33
35
50
53
53
69
123
123
53
11
18
40
58
23
-1
32
40
34
51
76
75
43
26
44
56
56
56
57
67
50
18
16
65
103
98
67
42
50
69
60
27
18
34
55
56
53
69
118
157
123
52
-1
-2
44
88
101
97
52
26
41
57
67
71
87
112
82
23
1
32
87
84
26
-19
-18
19
55
81
86
84
58
9
-8
-4
13
50
52
34
5
-4
13
20
23
26
8
-28
-28
25
61
49
33
55
58
19
2
6
22
33
19
49
114
128
87
64
71
83
75
52
42
70
112
132
128
102
50
8
18
32
38
86
139
149
119
98
65
8
-18
-13
-19
-42
-17
53
43
0
-3
26
49
24
7
34
69
99
120
112
83
108
115
56
13
5
26
64
89
99
91
88
100
115
107
68
7
-38
-29
1
9
-20
-34
-3
23
23
4
0
-3
2
11
34
38
41
59
91
118
80
-20
-57
0
54
60
60
90
131
137
108
89
89
113
122
81
39
37
70
116
138
120
72
64
90
107
114
131
137
109
84
86
101
88
50
36
71
117
105
56
5
-24
-42
-19
5
17
-10
-35
-35
-21
16
35
18
5
2
22
55
67
73
107
125
89
44
67
139
133
86
57
37
20
10
22
56
70
54
48
38
1
-25
-20
0
12
18
17
19
36
54
90
119
86
-8
-61
-42
-9
5
-3
-17
16
55
48
21
17
38
26
-5
-29
-33
-43
-41
-12
16
49
86
107
101
68
35
35
53
54
28
13
40
86
118
118
96
80
66
48
22
11
27
67
115
124
99
65
61
81
54
-7
-12
2
-5
8
32
50
55
35
5
12
54
55
7
-27
-13
38
50
11
-1
7
2
-1
2
19
34
49
69
100
113
96
71
51
22
17
23
28
49
91
116
75
40
48
77
86
70
55
61
88
112
92
55
16
-7
-7
7
26
39
12
-20
-1
52
81
66
32
-22
-71
-58
-5
16
-9
-26
-9
18
57
133
198
161
74
21
22
58
81
83
68
57
73
106
108
103
120
139
151
147
113
96
125
182
183
96
9
-7
4
-9
-33
-41
-26
-35
-66
-60
0
82
56
-46
-91
-41
0
8
12
21
53
59
33
18
35
60
68
54
37
36
58
93
114
108
104
117
131
138
152
177
192
195
155
100
50
21
8
3
-4
21
51
29
11
17
28
20
-4
-21
-17
7
69
141
132
76
60
68
70
43
26
35
40
65
104
121
98
66
43
56
89
92
82
92
103
117
116
82
49
23
2
4
27
35
24
35
56
55
42
28
36
38
8
-11
-37
-60
-59
-42
-23
2
68
124
113
65
71
138
108
-10
-97
-116
-77
-24
-8
-2
34
69
87
106
107
107
122
133
116
100
113
148
155
125
103
112
132
125
69
23
9
17
39
34
37
88
74
9
6
13
0
-27
-38
-38
-19
58
100
60
27
44
50
3
-40
-38
-4
36
55
59
73
99
137
144
138
148
138
122
124
130
139
133
130
129
98
80
75
81
87
64
19
18
65
102
72
32
71
144
148
133
147
116
67
26
-14
-82
-139
-142
-91
-39
-21
-7
39
135
186
115
5
-43
-41
-26
-9
12
33
48
72
92
50
-1
26
92
101
45
-19
-33
20
67
70
44
-11
-59
-81
-87
-92
-104
-119
-125
-118
-109
