-17
-33
-45
-37
-25
-13
-18
-34
-27
-12
-3
11
26
26
19
12
11
22
42
65
70
83
105
115
115
116
118
114
116
132
146
145
132
124
131
122
109
106
97
68
40
49
52
38
28
24
10
-10
-25
-27
-26
-28
-25
-12
-10
-21
-24
-12
-2
6
13
18
25
39
51
48
43
54
61
67
73
86
102
130
160
156
145
147
162
170
173
182
192
188
182
177
166
152
135
117
108
108
99
68
29
7
4
7
1
-8
-12
-12
-26
-53
-65
-68
-68
-66
-55
-44
-56
-74
-66
-46
-56
-74
-76
-71
-56
-36
-13
-6
-5
5
12
17
24
44
56
60
72
83
87
87
85
85
81
71
76
84
84
88
97
105
102
69
54
65
66
54
40
35
26
19
3
-9
2
5
-12
-26
-18
-2
13
22
22
22
33
35
21
11
9
28
40
32
24
24
51
80
90
87
67
45
57
88
101
90
80
65
66
73
73
67
65
57
43
44
60
68
66
59
39
26
34
37
9
-9
-1
6
-3
-19
-33
-42
-61
-61
-38
-21
1
27
44
68
81
65
28
20
44
64
57
48
57
71
74
70
61
72
81
65
52
54
50
41
40
36
25
24
27
39
43
32
22
27
23
17
16
10
20
40
45
37
34
33
21
19
19
17
21
29
44
56
76
102
109
101
90
90
96
92
85
76
67
58
69
72
60
57
68
69
58
49
32
23
25
16
-4
-10
-9
-10
-13
-9
2
18
39
60
69
58
56
52
38
26
34
44
38
39
50
55
57
56
48
40
37
41
64
82
86
82
90
105
108
113
121
133
144
147
145
134
130
138
137
116
83
69
49
35
29
22
13
-6
-27
-22
-1
2
-9
-13
-14
-26
-37
-26
-11
-9
-13
-11
-14
-24
-36
-52
-65
-43
-20
-11
-3
8
19
36
49
56
67
86
109
124
135
137
133
116
100
88
89
98
100
83
86
116
132
130
123
119
117
112
102
73
37
11
7
12
5
-10
-20
-24
-21
-22
-25
-34
-21
10
27
19
1
-2
26
57
59
43
45
69
88
108
138
141
112
90
112
147
164
150
138
145
166
179
164
133
93
80
84
89
73
43
34
33
34
39
39
37
38
29
12
-4
-5
9
22
12
-6
-17
-11
-7
2
23
37
26
19
32
45
35
12
9
22
37
49
44
36
44
54
52
66
85
82
68
45
22
25
39
36
18
2
-8
-11
-6
9
28
32
17
-6
-27
-24
-7
-1
1
-6
-19
-27
-24
-17
-5
5
20
33
32
41
64
70
70
76
74
59
38
33
50
64
71
84
93
87
74
75
89
99
92
81
60
51
57
53
40
43
51
44
36
36
34
22
9
6
8
16
20
8
-11
-28
-33
-25
-8
3
0
6
23
36
26
24
37
55
68
70
64
61
71
90
106
102
92
107
128
128
120
118
118
113
75
41
34
41
52
49
39
52
83
99
96
81
57
51
59
51
42
58
67
66
66
56
42
42
52
54
55
60
50
32
27
38
44
38
36
23
3
9
36
41
29
28
50
74
83
69
56
55
60
61
65
64
68
83
85
73
70
89
97
81
67
54
38
29
38
41
33
9
-13
-20
-9
-6
-12
-9
-10
-7
13
22
0
-12
-20
-21
-4
18
24
21
32
67
107
120
108
106
109
114
115
104
88
74
53
43
59
80
87
86
82
82
85
81
58
38
20
19
28
34
19
10
20
34
45
54
44
20
8
18
37
53
56
41
23
34
58
69
60
45
42
40
49
58
56
52
58
82
91
91
104
116
128
132
122
112
105
104
105
96
68
43
22
22
35
36
28
19
11
6
7
18
34
49
42
32
32
39
41
41
40
23
6
5
21
35
23
4
-13
-9
16
28
23
9
-2
4
37
88
128
121
87
70
91
105
91
75
68
64
66
71
68
59
55
49
32
19
16
8
0
-12
-24
-7
17
24
11
-1
5
8
9
18
12
-2
-8
-5
2
4
9
22
35
43
54
61
65
58
58
70
82
85
92
105
102
103
119
121
97
76
59
66
72
59
44
32
24
34
32
8
-12
-17
-11
-20
-12
6
25
48
57
58
51
56
70
70
54
34
17
-2
-5
13
34
39
37
38
55
77
76
56
32
25
37
45
59
71
71
57
37
33
36
37
33
25
18
16
17
9
-4
-5
5
4
-5
-18
-12
-9
-13
-9
16
22
1
-9
2
18
22
19
5
-7
-3
9
18
28
45
68
74
76
101
130
137
123
119
119
118
120
112
104
120
141
136
112
88
82
72
53
32
13
8
6
-4
-29
-51
-58
-56
-38
-24
-18
-9
3
33
49
52
53
67
88
108
122
107
87
85
105
136
154
154
146
133
120
119
131
145
150
161
172
167
154
161
171
169
169
156
118
86
84
92
103
121
130
116
82
50
50
66
66
38
7
-7
-7
-20
-44
-50
-41
-38
-29
-7
6
5
4
12
20
24
41
53
66
67
49
23
5
1
19
49
64
50
36
41
66
89
104
112
106
109
99
70
42
41
53
49
28
7
-12
-18
-6
3
4
5
9
12
13
13
10
9
9
2
-8
0
11
11
10
12
16
21
16
17
37
49
68
97
120
117
86
58
54
58
70
73
68
67
73
81
76
72
73
76
76
74
66
71
85
82
69
53
32
7
-7
-17
-19
-22
-29
-39
-45
-52
-39
-11
-7
-34
-65
-60
-30
-11
-33
-49
-37
-7
18
25
32
44
71
96
103
90
90
97
99
112
115
102
85
87
90
77
76
86
89
85
85
83
73
57
38
33
33
26
13
-6
-10
6
26
23
16
16
17
32
53
52
37
23
16
16
24
41
50
40
28
33
48
49
42
44
51
57
73
72
65
67
67
65
70
81
85
82
82
86
91
76
53
39
44
50
43
38
41
51
50
38
26
33
42
52
51
34
19
16
11
2
7
24
23
25
43
71
84
83
75
60
43
40
48
50
38
36
35
33
35
23
0
-7
0
19
26
26
32
55
91
104
85
76
90
105
117
105
85
75
73
59
56
57
49
33
16
3
9
22
34
28
13
6
9
24
34
19
7
27
60
87
105
106
100
106
114
104
96
98
97
88
85
99
106
98
81
72
81
81
66
52
58
67
71
71
72
66
50
27
12
10
13
19
10
0
5
17
24
28
18
0
2
24
49
48
33
19
7
8
13
33
59
82
77
68
67
81
113
120
98
67
55
51
43
54
75
71
54
44
58
82
83
86
113
124
112
99
100
113
121
104
85
82
89
100
103
91
77
75
81
73
58
36
25
38
49
38
24
3
-14
-17
4
35
52
49
37
22
21
37
42
37
35
42
55
70
73
69
64
67
69
72
75
82
91
85
67
61
66
60
55
41
21
7
19
36
35
26
21
26
38
43
50
42
21
-12
-11
23
44
35
8
1
16
33
40
38
35
37
40
38
25
16
8
5
12
25
34
35
35
34
35
33
12
-5
-12
-9
2
8
4
-5
-10
3
24
28
19
7
8
22
27
21
12
8
-1
-12
-12
-3
6
19
35
43
36
26
40
72
106
114
115
122
132
124
114
104
80
49
37
51
67
70
59
48
48
58
64
53
26
4
8
24
34
41
53
57
43
29
19
18
16
8
16
21
19
22
26
28
22
18
21
35
41
49
59
68
66
60
48
43
59
64
64
68
80
90
87
84
87
91
92
82
64
52
48
39
35
38
39
36
40
52
51
38
24
17
8
19
48
73
77
65
56
50
50
49
37
16
7
7
3
-4
-9
-17
-10
-8
-8
1
27
48
49
59
84
106
101
72
59
68
82
89
82
64
49
48
55
60
42
17
11
25
42
55
65
59
44
34
33
32
22
20
11
-7
-8
9
17
23
39
55
55
44
36
36
48
58
66
65
52
44
59
87
98
86
74
81
107
125
133
155
165
150
132
124
139
138
113
97
112
129
129
114
105
108
100
77
81
113
129
97
67
64
75
82
73
54
41
43
54
65
67
68
66
59
51
42
50
60
60
49
42
56
59
50
34
48
67
45
25
35
44
42
33
22
7
0
3
11
10
5
3
1
-6
-11
-9
-4
-10
-19
-18
-35
-51
-41
-23
-18
-21
-37
-37
-19
-6
-10
-10
9
28
39
40
40
42
36
32
34
32
33
39
42
42
52
64
58
54
59
70
80
75
64
65
75
73
64
51
32
12
16
26
21
-6
-33
-21
2
8
6
1
9
22
25
41
53
52
39
34
40
40
36
23
9
4
21
25
21
34
52
52
44
69
97
96
71
64
92
133
151
152
144
121
108
113
118
109
90
86
77
69
60
48
37
35
18
1
-3
2
-2
-11
-19
-29
-41
-34
-21
-23
-34
-28
-24
-26
-37
-42
-44
-50
-58
-60
-39
-23
-4
32
57
70
72
70
87
102
102
132
155
149
128
115
133
167
183
170
155
153
147
132
119
114
115
121
128
121
106
90
84
73
71
74
69
58
64
66
53
32
19
21
18
6
-18
-26
0
24
32
35
25
20
29
50
58
71
77
68
68
65
57
60
86
106
99
87
75
69
59
52
43
43
53
57
55
56
44
39
48
55
52
28
11
18
38
43
32
16
1
6
19
26
34
34
37
37
32
28
28
37
52
54
50
40
35
25
1
-20
-21
-10
1
23
37
42
49
48
44
64
80
66
45
53
75
74
56
55
64
57
37
23
23
28
48
59
42
11
3
22
45
52
42
21
7
3
9
23
22
16
11
12
4
5
12
33
53
61
57
43
44
60
82
101
104
115
130
129
117
106
108
119
120
113
100
85
71
69
80
91
107
128
140
134
120
101
84
81
86
87
77
70
66
64
52
35
23
10
-4
-10
-12
-9
-5
-6
-22
-41
-54
-68
-57
-35
-24
-46
-74
-66
-35
-17
-27
-53
-68
-61
-30
-3
12
28
26
35
60
81
84
76
60
67
92
114
119
121
115
100
96
103
106
107
112
115
108
91
90
106
115
100
71
43
39
40
26
12
12
25
32
24
18
20
22
5
-22
-42
-40
-30
-33
-20
-3
13
28
29
36
50
49
43
45
54
67
80
90
102
96
85
82
90
101
88
55
40
52
69
81
81
76
76
86
92
88
71
64
52
26
0
-7
-5
-4
-17
-38
-51
-50
-40
-37
-37
-27
-20
-22
-7
17
40
54
42
24
27
25
16
25
35
32
34
50
66
70
70
70
83
98
108
112
113
119
117
113
119
115
90
90
96
92
103
89
66
65
75
82
82
64
48
55
68
65
55
35
4
-19
-25
-23
-12
-9
0
17
20
28
49
40
25
25
40
56
44
32
43
67
80
83
90
113
124
118
108
99
83
81
86
91
88
83
72
74
83
86
84
80
80
82
76
90
102
92
80
70
65
52
45
37
16
5
16
23
23
12
2
-2
0
0
5
13
19
32
61
89
97
98
118
131
114
88
80
76
84
90
88
89
83
69
80
98
106
99
81
51
24
23
36
37
23
19
27
33
39
50
42
17
3
18
25
21
20
26
40
48
43
22
9
17
17
12
12
21
5
-10
5
36
66
91
97
76
70
80
75
64
68
71
55
39
28
18
19
33
17
-11
-25
-42
-67
-58
-19
20
23
18
23
29
40
49
59
74
72
51
33
32
29
20
33
58
76
84
83
85
99
97
73
58
54
64
81
69
24
9
28
39
28
18
10
-3
-5
11
12
-1
-18
-21
-13
-4
-4
-18
-29
-22
-10
-10
-11
-8
5
38
73
100
108
108
118
116
87
60
59
64
50
29
23
33
49
56
50
35
19
24
49
68
75
71
54
41
38
34
12
-18
-21
-7
5
17
19
8
1
12
32
38
49
52
56
66
80
88
80
65
50
60
80
80
84
92
97
100
104
102
104
117
134
151
154
146
138
149
145
117
98
89
77
70
74
90
88
67
54
60
70
74
75
71
64
55
51
55
61
44
23
26
49
74
92
109
135
144
135
132
128
133
128
113
117
123
121
129
133
117
113
131
153
153
128
89
70
65
66
75
88
80
71
69
58
52
55
69
69
42
7
-8
6
28
23
-9
-56
-73
-42
-19
-10
-8
-28
-50
-33
3
18
10
5
17
28
27
10
8
18
22
22
21
13
19
28
28
35
44
61
75
72
61
42
34
36
41
37
19
-4
-37
-57
-50
-25
-9
-6
-13
-24
-20
-20
-21
-7
-12
-35
-45
-50
-41
-22
-5
-9
-26
-37
-23
-2
11
9
7
9
5
7
25
53
67
61
60
67
75
81
75
76
91
103
116
132
151
163
154
138
136
144
133
114
113
102
71
51
43
39
35
18
0
4
9
13
18
26
25
19
8
-4
-12
-9
1
8
9
6
10
32
53
65
67
57
48
35
34
50
71
91
104
102
91
91
96
114
132
128
118
124
139
144
138
137
122
93
68
56
58
56
41
25
39
70
72
50
40
56
72
80
84
66
38
37
57
81
71
44
33
53
85
88
82
101
133
140
135
136
146
160
166
150
119
92
85
88
88
86
90
90
82
82
102
117
100
82
82
83
81
70
64
71
68
34
3
4
17
1
-40
-55
-38
-28
-29
-27
-27
-27
-30
-20
0
5
7
4
-11
-25
-26
-42
-50
-26
-3
-2
-18
-26
-11
11
26
41
51
61
72
65
59
77
92
86
58
40
26
16
12
21
37
41
35
23
11
-2
-11
-14
-19
-17
-11
3
23
23
9
-14
-39
-35
-9
-9
-33
-43
-28
-5
10
22
27
20
5
5
20
40
50
52
54
60
64
55
50
40
40
43
52
57
60
56
38
12
-1
-4
1
19
34
22
18
33
39
27
17
3
10
26
23
0
-13
-10
-10
-10
-8
3
22
37
42
44
50
56
70
73
69
60
48
41
56
70
73
76
89
97
87
76
72
67
61
60
49
35
50
83
99
92
76
58
49
51
57
52
36
25
25
38
48
45
44
53
60
54
43
49
43
26
25
51
60
52
49
57
86
96
91
87
68
52
49
52
50
40
27
28
49
42
24
26
40
42
36
23
12
3
0
9
35
52
65
74
66
51
48
44
41
49
70
74
68
68
73
71
58
40
39
58
72
64
59
65
58
56
59
65
60
48
33
27
27
38
42
33
28
50
68
66
53
52
54
64
81
99
109
122
135
137
147
164
156
137
137
157
178
184
176
167
155
144
155
185
212
213
183
153
146
156
173
171
152
144
149
146
128
112
101
105
113
100
67
48
65
83
82
70
56
44
28
16
23
54
68
61
58
52
43
42
43
53
74
98
100
97
100
108
115
121
133
138
122
102
86
80
100
119
106
71
57
59
66
57
24
3
4
6
-6
-25
-41
-49
-49
-37
-33
-27
-20
-23
-29
-27
-17
-5
-7
-22
-33
-27
-30
-39
-39
-43
-44
-36
-24
-8
2
12
22
35
52
58
61
69
69
66
59
59
60
64
43
9
-7
-11
-11
-6
-6
-9
-5
8
28
39
38
34
25
5
-17
-23
-20
-17
-13
-14
-10
-3
16
19
5
2
8
23
35
38
37
38
48
49
44
45
39
26
26
34
33
28
27
22
20
21
12
5
9
19
27
32
24
7
-11
-28
-35
-22
-7
-9
-12
-7
3
8
5
-1
-9
-10
-5
-8
-30
-49
-42
-26
-22
-8
9
21
29
48
55
56
58
72
83
69
56
55
60
73
80
72
67
64
58
69
98
116
121
114
97
88
98
114
109
90
71
59
50
42
41
28
20
22
28
37
28
13
12
29
50
52
32
10
5
20
24
5
-6
-9
-8
-10
-10
0
-3
-4
6
20
24
40
69
80
85
101
118
124
125
129
139
141
133
138
155
169
166
153
137
138
156
168
181
194
196
193
188
183
176
152
133
139
150
133
106
98
100
102
96
85
93
103
118
134
116
82
67
64
58
59
57
42
23
22
38
49
49
41
21
17
24
34
52
74
103
115
101
99
113
108
85
71
83
89
83
82
105
131
132
103
64
26
36
66
74
56
43
42
38
33
24
16
7
-1
-14
-7
7
13
3
-11
-13
-7
1
4
11
20
11
16
22
16
-6
-11
-4
-10
-18
-5
4
-2
-12
-17
-7
-3
-17
-34
-29
-22
-11
-5
-6
-22
-44
-44
-18
-2
-7
-19
-11
2
6
0
-3
11
28
23
5
-2
11
34
54
60
69
76
67
59
66
66
64
60
56
60
72
64
37
22
19
19
21
17
17
39
59
71
80
87
87
71
57
55
55
55
55
43
22
17
25
35
34
26
23
28
24
13
21
34
24
20
42
52
35
29
43
64
83
88
65
48
54
68
72
72
71
69
71
80
70
60
57
52
52
54
65
76
81
66
48
39
36
37
43
41
35
40
52
44
35
28
34
48
41
28
27
33
43
39
21
4
-10
-8
9
20
22
17
0
2
17
18
17
18
6
6
23
26
20
22
38
43
39
45
44
27
16
23
40
48
42
41
32
26
35
44
43
32
32
58
76
75
65
33
9
20
32
24
16
9
8
26
45
37
17
9
25
36
29
36
45
51
49
50
51
52
44
41
48
43
34
32
51
76
89
89
86
83
72
68
81
98
89
65
43
50
80
97
92
77
64
55
55
54
38
19
5
1
13
36
37
17
11
26
53
66
55
43
48
66
100
101
58
36
58
99
132
134
117
97
80
70
58
58
74
88
89
83
83
98
102
80
49
34
37
54
70
61
28
17
32
36
41
54
52
43
60
90
105
100
85
72
82
82
74
66
56
64
81
80
61
48
50
41
26
33
55
73
72
53
36
42
57
72
87
96
96
107
114
91
75
73
85
93
100
93
81
71
71
75
58
28
13
10
25
41
51
54
56
60
52
52
71
86
86
91
102
103
93
83
70
57
44
40
40
28
8
-6
-13
-13
-17
-18
-20
-33
-36
-24
-9
-3
-8
-23
-30
-33
-33
-23
-23
-37
-43
-46
-41
-33
-23
-24
-23
-18
-13
-4
17
36
50
58
67
83
106
132
163
171
155
149
154
161
163
164
160
160
157
145
115
97
98
96
88
81
70
56
51
52
37
39
64
67
39
22
35
43
34
16
9
10
17
11
-3
-12
-9
-4
-6
-5
12
38
43
24
12
28
60
85
100
102
91
98
114
128
129
132
139
148
146
121
102
105
113
106
83
50
37
52
60
50
20
-5
-10
4
16
7
-4
-5
-2
0
7
18
11
-5
-18
-18
-17
-6
3
7
8
20
38
41
24
22
39
67
80
72
58
56
68
82
84
74
71
75
80
76
69
66
69
65
43
18
1
3
5
-10
-41
-40
-7
7
2
-8
-2
12
34
44
45
52
54
54
64
91
121
124
108
93
89
100
113
124
129
119
113
113
108
106
112
101
83
57
50
68
88
80
67
60
68
80
80
96
105
99
80
68
52
26
3
-5
-9
-19
-23
-24
-23
-23
-20
-2
19
26
16
7
1
-12
-7
17
42
51
53
52
41
25
11
11
24
35
53
71
85
84
69
66
91
117
120
106
104
93
74
71
69
59
53
39
37
40
25
5
10
27
23
8
-5
-5
-1
0
-3
-2
2
10
22
28
28
18
-2
-8
3
22
24
12
11
24
38
36
25
24
35
36
33
38
48
51
49
37
24
25
37
51
55
54
59
72
85
96
88
67
40
36
43
51
53
38
33
38
43
45
38
24
17
13
11
16
35
43
28
12
10
17
23
34
34
35
38
36
36
41
43
49
54
52
52
43
34
34
39
42
45
27
7
6
25
36
32
33
33
34
35
26
32
51
59
48
35
37
44
36
20
9
2
7
27
51
55
44
44
64
80
72
60
64
57
56
65
72
70
64
68
69
68
75
98
105
85
58
57
72
83
84
80
83
87
98
96
74
60
66
81
85
85
82
68
52
54
53
39
33
32
41
35
19
18
43
59
44
22
23
40
37
17
8
16
16
12
25
37
33
29
35
34
25
25
36
55
59
52
50
50
50
48
43
43
51
58
69
83
87
84
82
77
75
72
72
80
86
96
100
82
67
70
66
50
33
19
8
-2
-21
-24
-33
-37
-26
-18
-9
-3
8
13
17
16
19
26
37
39
34
32
37
52
49
34
21
9
11
23
51
72
88
105
117
115
107
114
112
115
119
114
98
96
101
96
80
69
59
48
38
38
41
42
51
68
73
72
66
53
45
41
35
39
57
64
39
26
34
33
27
36
35
33
33
34
38
56
83
89
76
73
86
92
97
91
89
97
102
98
92
89
87
88
91
85
70
75
102
113
99
82
72
74
73
60
44
36
40
37
17
-1
4
18
21
28
28
10
-6
-9
-1
6
0
-8
0
17
24
29
25
10
2
0
-3
3
2
-10
-20
-19
-3
17
26
37
42
51
53
51
57
75
99
102
89
81
76
73
77
76
69
64
57
50
35
23
10
12
34
42
36
44
68
76
73
70
72
82
76
65
51
39
35
20
-6
-13
1
28
39
34
32
53
72
77
82
76
66
58
70
84
91
92
82
82
100
112
104
84
73
83
104
115
101
89
96
108
118
122
131
122
96
70
51
40
56
70
50
22
16
24
29
13
-8
-20
-20
-22
-26
-23
-17
-12
0
5
-11
-21
-5
17
29
34
33
33
38
40
52
71
74
68
57
58
75
86
87
98
114
118
118
113
92
84
83
72
60
53
52
49
40
34
27
19
7
-7
-29
-35
-18
-4
-7
-22
-39
-38
-33
-25
-18
-13
-19
-11
13
53
74
68
72
81
69
69
76
83
98
117
119
106
103
121
145
152
148
134
123
115
93
83
81
80
77
70
61
48
22
17
29
44
43
33
10
-5
-9
-5
-12
-35
-44
-43
-38
-24
-19
-24
-29
-28
-25
-22
-18
-19
-26
-27
-29
-22
0
3
-5
-6
13
58
99
102
90
96
104
109
121
131
132
124
130
135
139
137
122
99
74
72
92
104
85
56
49
58
68
55
27
2
-6
3
16
7
-9
-37
-52
-38
-12
5
10
19
20
9
-1
4
32
58
66
57
60
68
77
85
86
89
102
108
124
149
163
161
163
168
163
150
128
112
97
75
64
52
39
25
16
11
21
21
10
4
1
9
26
38
42
41
40
36
27
16
-5
-18
-12
17
49
52
35
21
29
37
36
39
38
32
44
74
88
73
70
83
106
119
112
92
98
114
113
96
72
66
73
87
98
92
91
83
80
75
58
49
56
60
60
52
16
-13
-20
-6
6
4
-9
-6
16
36
24
-6
-18
0
1
-26
-39
-36
-43
-42
-22
-1
10
6
5
16
33
44
50
58
72
70
44
42
69
74
55
52
66
65
56
55
49
50
51
41
42
52
54
44
25
22
26
34
41
51
69
69
70
76
59
28
8
10
25
41
39
16
6
22
40
54
65
67
61
56
50
35
18
25
50
66
73
69
53
52
68
90
97
89
74
68
83
99
107
104
81
58
50
60
69
68
59
70
83
70
42
33
29
28
26
19
19
23
18
1
-6
8
28
49
59
59
57
69
81
81
85
83
73
75
75
66
56
58
68
70
55
35
25
21
20
25
34
40
56
61
56
41
38
37
39
36
22
2
-5
-7
-6
11
26
28
24
26
23
24
27
23
20
21
35
39
36
55
92
120
135
131
103
86
86
88
98
104
104
97
80
65
51
48
38
22
16
18
22
33
42
44
38
38
41
50
44
28
21
28
40
44
48
49
53
68
83
88
90
89
87
87
92
88
72
70
76
85
73
54
42
51
67
64
48
38
37
42
45
42
40
36
19
7
11
23
35
34
22
8
8
21
33
37
51
54
35
28
51
70
70
64
59
65
65
80
97
96
98
107
113
108
108
97
84
87
89
69
44
40
53
57
49
35
23
19
8
-9
-17
-10
-10
-21
-34
-44
-54
-61
-55
-52
-54
-51
-44
-36
-18
-2
0
4
18
43
60
69
65
55
80
116
130
124
129
125
121
132
151
163
163
154
151
155
156
137
113
98
85
71
72
69
43
23
9
-1
-10
-33
-50
-60
-71
-82
-88
-91
-91
-83
-59
-37
-26
-17
-3
18
28
24
10
10
34
59
66
81
103
123
132
139
148
140
125
128
151
167
160
150
157
171
182
180
183
183
170
152
130
108
91
72
64
53
35
8
3
3
-6
-24
-41
-46
-51
-52
-53
-58
-67
-58
-50
-45
-53
-57
-44
-28
-9
9
24
40
56
70
73
71
71
66
44
24
21
38
56
56
55
58
61
61
70
89
117
134
146
162
166
171
164
148
145
135
112
89
75
68
59
36
12
19
41
41
16
6
17
21
16
6
2
3
4
5
12
5
-7
-10
-8
-6
-4
0
11
20
21
20
12
3
-2
-1
3
11
9
4
17
36
35
24
32
52
71
86
92
101
103
91
81
