22
19
25
39
52
50
39
36
41
45
45
52
69
83
82
83
84
89
108
128
118
97
91
108
123
123
123
132
138
129
105
96
103
104
87
64
39
22
22
32
36
26
9
-3
3
11
8
-2
-25
-36
-33
-34
-29
-19
-2
6
-14
-50
-46
-1
44
49
22
10
16
27
39
49
60
68
68
64
68
83
92
97
96
93
89
90
102
115
118
106
88
91
112
131
138
138
139
133
119
101
76
57
41
25
19
21
28
32
25
33
42
37
19
4
-12
-25
-34
-37
-35
-33
-34
-29
-13
-2
-5
7
27
22
11
11
18
17
23
33
43
59
73
85
89
101
104
114
137
138
123
121
120
119
122
118
100
75
61
50
28
11
10
24
32
23
9
13
22
19
3
-6
-8
-20
-36
-38
-22
-13
-9
-4
22
43
35
18
8
19
28
28
27
19
17
17
12
6
-3
-5
5
22
43
60
59
55
43
48
58
65
67
71
73
56
38
40
48
48
52
66
71
64
51
34
17
5
9
16
6
4
11
16
8
-9
-19
-2
18
24
24
26
38
44
53
55
48
42
51
65
66
72
92
92
83
85
106
125
114
85
81
103
115
108
96
71
41
33
36
25
4
1
23
38
26
11
6
16
13
17
35
54
48
17
-12
-9
20
48
50
32
25
35
39
42
45
53
73
87
80
68
64
70
88
83
65
66
76
72
60
53
66
75
71
50
29
23
41
58
44
21
28
42
35
10
-10
-25
-28
-13
17
42
33
16
21
48
68
73
74
76
77
80
64
53
55
42
35
41
49
53
58
59
52
54
69
85
90
88
80
72
85
100
96
70
52
49
36
11
-4
2
23
27
3
-25
-24
0
8
-5
-11
-4
1
-9
-14
9
44
57
42
27
51
87
102
107
113
112
81
55
54
48
40
54
75
81
76
77
71
64
69
87
91
69
56
64
68
60
41
11
-11
-17
-17
-19
-25
-27
-24
-25
-25
-33
-25
-8
8
21
23
23
27
34
26
26
40
49
44
42
57
81
75
45
32
38
57
75
89
101
99
84
73
76
85
84
75
58
52
70
84
82
85
89
86
75
70
80
83
67
37
6
-3
-2
-6
-14
-23
-27
-23
-9
4
13
19
23
23
35
57
71
72
59
41
53
82
100
92
68
54
50
42
48
51
50
53
60
72
77
82
87
100
106
93
68
59
89
120
129
104
74
66
59
48
23
5
-6
-20
-26
-21
-26
-29
-12
2
3
-7
-20
-19
-3
10
9
5
13
32
44
43
26
17
28
41
39
53
69
72
65
48
37
54
81
100
104
100
89
89
96
96
92
90
87
91
91
75
81
84
40
-4
-29
-44
-51
-58
-68
-67
-54
-43
-43
-41
-34
-17
-3
8
20
25
33
39
55
84
102
107
118
135
128
88
60
67
100
120
101
74
75
96
102
93
81
59
55
73
93
99
84
74
88
102
99
88
70
52
38
33
32
17
4
-9
-21
-9
-2
-18
-37
-35
-22
-9
-2
-3
-10
-9
5
22
25
12
1
2
18
37
44
42
41
56
59
55
66
61
40
40
60
81
87
88
86
99
122
153
160
132
106
88
82
73
60
59
71
84
92
93
82
67
54
50
51
42
34
36
27
11
-3
-10
-13
-11
-11
0
22
42
57
70
66
65
75
96
118
121
107
93
86
84
81
69
43
34
48
58
56
49
35
35
49
71
100
124
129
106
81
83
97
92
75
61
51
40
45
68
80
65
41
23
21
24
17
1
-3
1
-2
-4
-1
9
28
28
22
38
67
90
97
92
89
88
91
108
114
101
97
103
112
102
82
61
57
66
66
43
10
4
11
13
11
16
5
-22
-41
-39
-35
-42
-56
-70
-71
-69
-73
-75
-75
-81
-66
-45
-44
-38
-9
2
-8
-13
0
20
25
18
25
57
85
98
106
114
116
136
157
168
162
145
128
98
65
56
80
105
109
100
86
74
58
42
36
33
23
10
-2
-12
-20
-19
-9
-3
-4
0
3
6
16
27
43
53
56
60
49
48
56
57
56
64
89
109
105
86
70
68
70
88
108
122
123
118
114
107
100
88
71
60
50
36
11
-17
-38
-49
-60
-66
-45
-22
-24
-44
-57
-56
-42
-26
-9
-4
5
25
38
38
37
18
-6
-17
-9
21
67
87
82
68
61
81
114
149
166
156
137
123
133
148
153
144
128
113
99
80
68
77
76
54
17
-8
-19
-17
-12
-13
-17
-7
12
33
42
32
23
25
26
32
36
36
33
37
44
42
28
19
19
24
40
49
55
70
83
101
121
131
131
122
118
120
121
102
69
66
75
91
104
107
116
128
124
117
104
92
89
90
98
105
97
74
67
73
70
41
21
18
27
43
41
28
21
18
13
19
32
40
36
22
10
13
21
19
12
7
10
18
22
37
56
71
77
74
60
55
58
59
54
39
23
16
13
16
13
16
6
-7
3
38
67
68
54
41
36
28
13
8
11
20
20
21
16
21
23
11
-2
-5
4
11
10
7
12
19
20
24
35
51
70
80
81
84
89
83
64
70
87
86
73
70
64
51
56
65
57
42
23
10
11
24
39
36
12
2
11
28
37
34
20
10
8
9
20
26
24
35
54
64
65
56
48
48
51
54
60
65
72
86
100
97
93
97
102
102
88
81
74
65
51
39
32
37
35
13
-6
-7
-2
-6
-17
-17
-2
20
33
38
48
40
23
12
17
18
8
2
-2
-5
-5
2
18
41
59
61
64
65
58
44
44
55
55
65
74
68
64
71
66
52
44
35
32
25
21
27
38
49
53
54
40
24
29
40
34
16
-6
-24
-19
-1
0
-3
-5
-20
-38
-34
-19
-5
4
7
16
18
23
35
52
57
54
55
65
75
87
99
106
119
133
140
153
176
182
181
177
168
155
144
149
161
144
120
90
77
87
91
90
77
54
25
1
-12
-19
-6
6
-1
-18
-23
-18
-11
-1
12
9
1
-1
-4
-5
-1
-1
-5
-10
-5
16
16
7
20
40
55
68
74
84
106
125
133
124
107
113
131
136
124
108
107
114
108
87
68
50
34
37
42
32
20
22
21
5
-6
0
18
20
23
36
38
28
27
34
40
41
40
49
64
71
74
76
85
100
108
114
116
108
107
114
105
100
105
106
112
117
112
99
83
69
66
52
23
0
-8
-12
-21
-24
-19
-24
-24
-10
0
0
-2
-2
2
-6
-6
-10
-23
-28
-27
-22
-12
-2
8
20
33
40
56
72
87
89
76
80
108
139
150
146
140
147
156
153
147
145
152
156
161
164
152
128
92
56
28
13
0
-19
-33
-40
-53
-74
-91
-101
-102
-87
-69
-60
-69
-84
-74
-51
-53
-60
-69
-76
-70
-36
-4
-5
-19
-21
-1
17
24
36
59
80
73
85
113
122
112
103
117
136
153
164
167
163
149
131
121
131
139
144
149
152
147
121
89
67
57
53
57
60
55
55
39
6
-10
-22
-34
-35
-28
-37
-55
-57
-53
-45
-42
-44
-39
-19
-8
-20
-35
-38
-33
-23
-17
-18
-9
20
50
54
38
39
57
73
77
81
83
88
100
118
132
122
113
113
120
132
129
128
134
121
101
87
80
58
38
33
45
66
70
64
60
67
60
38
13
8
18
21
11
-6
-17
-14
-8
-7
-9
-17
-12
8
38
43
37
40
53
65
65
48
32
22
28
42
43
42
52
76
93
97
101
107
120
122
109
93
75
69
73
71
65
48
24
3
-5
-2
1
10
23
21
24
43
50
37
32
39
55
68
69
59
48
38
42
52
44
17
-5
11
58
91
99
99
106
131
149
151
148
137
131
130
120
115
113
102
71
43
51
56
37
12
-4
-13
-11
-3
7
17
18
13
18
35
55
65
49
25
21
23
27
44
50
41
40
53
64
37
13
9
17
24
28
41
58
61
52
51
68
83
82
73
64
43
26
19
17
11
8
20
18
-1
-25
-49
-51
-33
-13
-2
0
-2
2
8
9
16
37
54
49
37
32
42
55
49
40
40
57
91
123
136
140
144
145
151
149
137
133
135
133
129
122
116
92
66
53
50
23
-11
-35
-43
-56
-75
-97
-105
-91
-87
-94
-94
-81
-59
-44
-26
-5
17
28
27
37
55
72
83
96
113
133
151
169
193
201
180
155
154
169
181
180
170
170
178
166
148
144
145
140
130
122
131
130
113
106
112
100
74
43
23
24
27
8
-27
-49
-58
-83
-106
-118
-121
-117
-113
-119
-122
-119
-116
-116
-122
-134
-132
-117
-107
-92
-69
-51
-37
-27
-13
8
39
66
70
69
88
121
147
169
201
214
204
188
188
212
219
212
194
178
168
151
144
135
108
74
44
43
57
54
26
-1
-21
-35
-34
-10
9
6
-6
-7
19
42
49
40
28
26
32
34
41
51
50
43
35
23
18
19
23
24
25
35
54
73
83
83
75
64
53
42
35
34
34
35
39
29
19
20
18
7
2
3
5
7
18
33
40
44
49
59
72
84
97
107
116
117
121
135
149
151
139
132
135
130
118
115
108
82
57
60
68
60
52
51
33
8
5
6
4
2
4
6
6
22
45
51
29
11
8
12
19
24
21
17
16
2
-13
-23
-20
2
24
34
42
67
93
116
124
130
147
165
150
121
124
155
165
141
115
98
81
67
66
80
75
57
48
35
26
18
-7
-42
-69
-74
-73
-66
-52
-52
-54
-45
-38
-37
-39
-43
-53
-43
-7
26
35
36
43
44
35
28
32
38
41
38
40
52
91
140
166
180
202
224
228
216
197
182
192
215
218
193
161
153
167
164
135
112
89
73
68
57
39
13
-5
-9
-5
-18
-43
-59
-50
-39
-51
-82
-102
-98
-81
-71
-71
-61
-74
-100
-108
-101
-90
-85
-71
-55
-56
-54
-34
-8
8
11
13
24
32
41
52
58
76
103
119
123
128
133
139
138
129
116
107
102
98
97
105
116
120
115
90
58
41
40
40
39
38
27
20
13
9
0
4
19
32
33
39
49
57
70
91
106
108
118
137
154
165
161
165
186
208
210
188
186
195
204
210
185
140
117
105
81
50
24
0
-12
-21
-37
-57
-76
-90
-101
-99
-91
-103
-116
-118
-92
-50
-28
-42
-58
-53
-22
19
43
51
60
81
100
109
103
96
103
125
157
165
162
167
184
200
196
180
179
184
177
156
134
115
108
103
90
80
67
43
22
13
11
5
0
-9
-33
-57
-87
-89
-62
-49
-51
-72
-101
-107
-97
-81
-59
-38
-26
-7
18
49
69
77
81
85
100
120
136
134
120
106
106
97
72
59
64
69
69
44
11
-6
7
28
44
37
8
-2
7
18
26
42
53
44
34
34
42
52
41
13
2
9
18
26
40
40
37
38
26
10
12
32
60
81
77
71
90
119
117
86
66
70
84
84
68
64
83
104
97
73
64
55
41
20
0
-13
-24
-34
-38
-37
-27
-19
-21
-24
-25
-23
-13
-6
-6
-20
-28
-23
-7
0
-10
-22
-8
8
19
32
52
54
36
28
50
83
114
134
123
93
71
89
128
145
135
116
107
123
136
145
135
117
98
80
75
73
53
21
1
6
27
42
39
20
0
-20
-41
-49
-40
-41
-53
-49
-46
-61
-71
-61
-46
-42
-34
-22
-7
3
23
45
67
65
36
23
44
82
106
117
123
146
149
133
124
136
148
140
129
122
128
137
128
112
119
138
136
113
80
56
53
66
74
67
52
38
32
18
1
-12
-35
-54
-68
-66
-61
-70
-72
-51
-13
-5
-24
-52
-58
-22
33
68
59
40
40
52
77
87
86
101
92
76
71
80
92
97
96
88
72
49
39
58
70
59
41
42
45
35
12
0
5
10
6
1
4
25
52
67
52
16
-10
-13
5
20
22
23
36
66
100
108
81
39
16
28
50
53
50
51
66
76
73
67
67
73
84
92
101
104
105
106
112
119
109
91
84
91
90
67
51
28
4
-2
2
3
0
-11
-20
-4
4
-7
-7
5
7
9
32
55
65
59
59
65
64
54
45
45
64
81
85
86
98
112
122
124
130
138
154
162
141
116
90
80
73
55
25
-5
-20
-11
3
11
4
-14
-25
-12
10
23
20
12
18
28
34
28
22
36
65
93
117
121
121
121
123
122
114
105
99
90
90
100
103
115
121
120
130
121
102
93
96
92
86
70
50
48
50
43
28
12
5
0
-6
-25
-35
-19
4
23
17
-5
-6
11
22
18
17
22
27
17
4
23
59
81
82
66
49
41
51
72
107
136
131
114
109
128
162
171
155
137
109
82
68
57
54
55
53
41
18
-1
-7
-17
-38
-60
-69
-67
-61
-57
-44
-33
-26
-27
-34
-36
-26
-10
4
6
-9
-23
-26
-13
9
18
12
26
42
43
48
60
80
92
98
104
112
103
82
74
85
93
96
90
84
74
65
57
52
42
33
33
41
38
23
16
13
39
64
58
48
37
42
65
84
87
71
53
53
65
58
44
38
55
71
69
58
52
41
34
35
61
81
69
58
66
82
93
87
57
52
65
70
51
25
26
57
66
36
6
0
10
25
34
22
2
0
22
33
26
28
28
21
19
44
97
147
155
128
106
113
122
128
124
118
130
149
153
163
167
154
149
151
146
133
131
148
167
166
148
134
123
105
85
66
53
41
28
16
-6
-29
-44
-45
-36
-20
-12
-28
-44
-51
-44
-26
-12
-24
-25
-11
-10
-19
-14
-3
2
11
32
52
80
97
99
98
83
51
49
75
107
129
131
132
132
137
140
128
114
103
82
54
50
50
32
16
0
-21
-43
-66
-77
-76
-66
-72
-106
-122
-103
-71
-51
-49
-45
-41
-36
-19
9
29
37
38
36
36
33
19
18
24
36
57
84
88
77
75
92
121
160
182
173
153
152
154
139
119
106
97
85
71
44
18
3
3
-17
-38
-40
-39
-44
-51
-57
-58
-59
-68
-60
-57
-68
-55
-24
-18
-28
-33
-34
-28
-22
-25
-20
-4
-1
5
16
38
71
93
105
115
118
134
147
156
176
194
212
211
183
168
167
165
165
161
149
145
150
145
130
106
84
76
74
54
38
50
71
72
57
34
8
-3
-4
-6
-13
-25
-34
-24
-7
-5
-8
6
24
21
2
-8
6
23
33
39
48
53
58
74
88
83
68
58
81
109
112
86
87
112
115
106
99
88
85
76
55
32
23
18
19
17
8
6
-2
-22
-44
-49
-20
3
-2
-18
-20
-6
5
4
-3
-4
5
11
9
10
29
50
49
28
18
22
38
68
98
107
93
80
80
88
83
70
57
42
28
11
5
-4
-14
-14
-18
-28
-34
-18
-4
-19
-55
-68
-54
-42
-54
-58
-54
-37
-13
-8
-17
-26
-11
10
23
24
22
39
50
53
57
60
72
80
83
96
108
112
113
136
152
146
131
134
136
134
132
124
130
146
149
148
144
122
100
76
67
59
44
25
10
5
0
-3
-5
-18
-36
-55
-50
-40
-43
-39
-28
-29
-36
-35
-19
-5
-10
-13
16
52
70
83
83
84
89
96
91
102
108
107
104
89
90
104
113
106
99
106
123
137
145
147
140
129
106
99
116
130
128
108
91
118
170
178
145
97
70
84
100
101
102
112
116
121
140
162
161
154
145
129
115
121
134
137
145
146
135
136
153
155
134
109
98
80
66
75
99
97
73
44
24
26
42
49
52
58
51
25
9
0
0
10
21
12
-10
-30
-24
-9
-8
-18
-34
-54
-65
-67
-56
-43
-36
-39
-43
-43
-42
-24
-4
5
20
35
37
33
35
40
40
52
72
86
83
54
25
21
25
44
66
52
34
37
40
38
16
-25
-49
-55
-45
-20
-11
-11
-9
-9
-21
-34
-41
-27
-9
-10
-18
-8
10
20
18
12
8
11
19
9
-12
-20
-6
26
52
56
43
51
72
85
77
68
67
76
90
98
81
65
65
65
64
57
50
43
40
37
42
66
84
74
57
43
13
-2
9
27
28
9
-11
-22
-23
-19
-11
-11
-20
-9
17
36
55
69
85
91
91
102
106
91
84
96
121
146
144
131
137
152
160
140
114
90
80
81
86
92
86
70
50
39
43
51
51
53
69
87
101
103
106
117
123
116
115
129
137
138
132
130
133
138
137
128
99
75
73
83
86
90
92
87
80
81
86
91
96
91
93
99
87
72
73
89
82
57
59
66
61
67
60
44
35
41
49
49
42
39
42
42
33
11
1
-3
-13
-25
-23
-13
-14
-20
-13
-5
-4
-4
-2
-3
-12
-14
1
13
3
-9
-1
22
28
5
-17
-21
-13
-12
-6
6
12
10
17
27
45
48
40
51
54
43
34
24
18
12
12
8
0
-9
0
7
-9
-36
-54
-55
-39
-23
-27
-39
-40
-26
-11
-10
-19
-17
5
27
33
25
37
64
71
65
58
56
59
61
69
80
81
76
73
60
51
38
25
10
-7
-18
-17
-5
-5
-22
-29
-24
-26
-34
-26
-19
-25
-39
-51
-41
-41
-45
-34
-9
-2
-6
-13
-12
-9
-6
2
17
26
37
49
60
73
92
109
116
103
82
88
131
164
171
183
194
196
203
217
215
204
198
193
189
176
148
128
117
106
98
93
87
71
41
9
18
53
77
73
66
65
67
74
64
45
49
54
54
49
48
50
55
65
66
61
64
73
101
129
151
156
136
119
128
139
145
148
138
121
109
115
129
136
133
114
92
88
85
86
100
100
86
76
73
66
54
44
38
36
43
51
38
10
10
40
59
59
51
37
12
22
67
96
87
76
81
86
87
81
73
71
75
90
106
119
135
151
156
145
128
133
151
162
160
136
104
87
96
96
73
42
12
1
0
-4
-14
-36
-61
-81
-69
-49
-41
-55
-66
-58
-35
-3
2
-22
-56
-75
-60
-17
13
9
3
10
32
41
49
53
50
54
60
64
56
37
18
9
7
16
36
34
12
18
40
41
11
-12
-23
-12
4
20
22
22
21
6
-6
-7
-3
4
6
0
-2
6
29
52
51
21
-12
-19
5
27
29
26
42
52
50
50
55
57
52
55
67
71
75
75
64
51
50
54
59
72
67
49
35
27
27
26
34
44
44
33
16
10
26
36
25
9
-2
-1
5
1
-6
-2
3
5
18
26
29
48
61
66
64
69
91
100
92
87
75
64
39
10
2
25
52
60
49
27
20
34
43
48
36
22
29
45
41
19
5
0
-2
6
20
21
16
12
28
52
66
68
44
19
18
36
60
80
86
91
100
89
92
115
112
92
86
105
140
155
153
135
115
99
87
80
64
51
60
76
91
107
117
106
89
65
35
11
-3
-7
10
18
3
-20
-23
2
32
34
23
20
18
22
18
23
41
54
56
51
42
50
55
57
53
41
42
68
98
107
100
90
84
74
72
72
60
48
42
43
27
6
3
6
4
-7
-18
-17
-14
-25
-42
-50
-53
-54
-59
-65
-37
-8
-6
2
25
41
42
44
56
71
81
76
67
58
75
117
137
134
139
153
157
146
129
122
119
113
122
131
124
118
118
121
115
103
93
81
68
60
58
59
61
52
39
42
44
38
26
32
59
104
119
105
89
87
86
75
71
80
88
96
109
134
144
140
140
132
112
90
83
97
120
146
162
154
144
131
114
101
91
75
55
37
32
28
22
5
-2
-1
4
4
-19
-44
-55
-45
-45
-76
-94
-84
-62
-66
-76
-75
-50
-24
-8
4
7
4
1
-7
-1
19
26
35
58
90
106
107
88
71
88
105
90
70
59
76
85
67
51
45
45
37
18
4
5
8
10
12
4
-20
-37
-37
-65
-92
-83
-58
-50
-67
-75
-67
-62
-61
-53
-34
-4
9
21
38
59
77
82
70
53
41
48
71
102
115
104
99
115
136
138
115
91
84
75
66
51
42
45
38
12
-6
-6
4
17
20
19
10
2
6
26
51
67
66
57
51
51
53
42
32
27
28
32
49
70
83
84
67
65
76
91
101
105
98
86
85
91
106
102
86
72
69
80
71
51
39
40
37
25
20
16
2
-2
-2
-7
-5
5
7
0
-1
11
36
51
34
26
44
55
44
36
37
51
65
83
104
115
112
112
129
140
145
138
130
124
134
148
145
133
137
164
186
195
185
177
165
155
145
129
122
136
132
102
74
69
77
88
96
96
91
80
58
55
59
57
52
38
26
24
33
39
35
36
49
54
50
58
76
85
83
72
54
43
43
51
73
90
76
56
58
67
75
83
61
32
40
57
54
45
35
20
8
-14
-42
-49
-27
-11
-4
-10
-14
-12
-7
-18
-35
-29
-24
-36
-39
-35
-28
-20
-10
-10
-9
-4
9
23
24
25
37
52
58
56
57
65
76
91
100
92
85
90
99
90
75
73
71
57
36
9
-4
0
-2
-11
-25
-51
-69
-68
-60
-43
-28
-33
-46
-66
-66
-55
-58
-55
-42
-25
-23
-24
-20
-4
12
27
41
52
56
60
70
81
82
84
104
124
129
132
132
133
147
162
169
168
166
165
152
137
137
132
114
101
93
90
81
51
17
7
19
23
22
19
18
0
-37
-43
-30
-23
-2
36
51
50
55
55
38
13
-4
-6
-2
0
8
29
55
67
48
36
38
33
20
25
42
51
56
65
68
66
66
65
61
68
67
38
0
-11
-14
-23
-26
-29
-23
1
11
11
21
38
48
41
26
21
25
27
25
19
24
27
22
22
24
22
27
44
53
51
65
88
92
80
55
40
50
71
85
99
98
76
58
38
28
40
58
76
81
68
57
67
81
105
147
172
171
157
149
171
203
209
193
173
169
176
177
183
195
193
193
187
171
163
150
133
129
138
153
147
118
88
67
57
55
56
54
42
28
24
32
38
28
8
-8
-33
-50
-50
-50
-50
-41
-33
-23
-9
0
6
1
-9
-13
0
23
41
67
86
83
64
61
77
75
52
32
36
52
69
83
70
43
34
26
22
29
32
12
-1
-5
5
21
19
3
-3
2
-2
-11
-25
-36
-38
-39
-36
-29
-30
-28
-11
1
-3
3
12
25
35
38
48
50
40
28
36
56
66
66
52
41
55
80
75
57
49
45
48
41
24
-2
-8
5
38
66
72
70
68
67
59
45
27
19
25
38
42
32
10
6
7
4
1
5
17
24
33
49
59
67
85
104
92
71
64
68
74
66
44
41
58
60
44
28
10
5
17
24
34
39
42
43
48
48
53
55
48
41
40
41
50
51
58
65
59
54
44
35
19
5
0
-6
-4
2
13
24
25
26
25
22
22
18
10
17
39
51
54
60
72
84
90
96
98
90
99
109
115
119
119
116
123
147
160
145
118
112
116
109
99
92
90
72
44
27
23
21
17
12
-2
-23
-37
-29
-10
-4
-12
-23
-23
-17
-2
18
35
40
26
3
-11
-12
5
43
72
71
58
75
119
134
117
85
69
98
130
128
108
101
113
138
160
152
138
134
140
165
179
173
148
117
87
59
36
27
38
52
44
23
-3
-24
-36
-29
-20
-20
-17
-18
-23
-13
2
12
12
1
4
17
0
-23
-14
-11
-28
-28
-5
8
22
36
50
60
65
71
101
118
108
114
124
134
139
137
119
109
121
122
105
100
97
87
75
71
80
86
83
58
38
28
27
33
33
22
21
25
34
28
11
-5
-11
-8
-4
3
21
52
61
35
17
11
19
27
33
38
51
60
81
109
122
104
90
93
89
85
86
96
109
133
136
115
97
96
86
73
74
71
53
40
33
17
6
4
3
-9
-35
-54
-57
-53
-46
-45
-54
-59
-51
-42
-43
-36
-8
17
12
-5
-20
-7
34
75
88
71
55
70
86
76
54
56
85
96
82
76
84
97
104
90
67
40
26
26
23
8
-14
-40
-42
-34
-26
-24
-29
-40
-54
-62
-58
-49
-35
-25
-17
-5
0
-5
-11
-18
-17
-23
-38
-36
-4
25
39
51
59
66
67
75
102
113
113
121
136
148
155
157
152
133
117
124
131
123
108
96
96
102
91
68
35
5
-9
-10
-4
-4
-7
-5
-13
-41
-68
-49
7
45
51
48
48
52
51
49
45
37
37
45
54
69
80
80
80
84
82
69
67
64
66
74
92
105
107
103
106
107
99
92
91
96
97
90
76
58
44
36
36
26
17
16
13
4
5
17
10
5
9
19
17
1
-9
-3
19
34
33
24
22
23
33
41
67
98
86
44
32
51
71
81
84
92
115
118
107
99
99
104
104
89
77
81
89
81
56
38
26
20
22
23
32
35
26
18
12
21
39
48
36
11
3
13
25
28
27
17
2
7
32
54
52
44
64
83
90
97
97
97
89
81
81
97
112
107
86
64
66
92
107
100
86
77
65
59
65
64
58
69
85
87
64
39
42
51
40
22
5
2
16
27
45
48
28
18
19
26
34
51
72
71
58
49
56
76
87
80
65
55
65
74
89
106
114
108
98
83
72
69
67
60
49
40
50
51
52
55
39
10
-4
3
21
32
27
12
7
4
2
12
40
66
72
72
75
70
49
22
4
3
12
33
44
55
58
50
36
35
34
20
17
23
39
49
50
53
57
59
64
59
56
57
53
26
5
-4
-9
-8
0
6
6
7
6
1
-5
-8
-1
