13
28
44
52
49
41
28
35
51
67
67
54
54
70
84
84
97
109
107
96
70
50
67
85
74
50
37
39
49
61
66
55
40
33
36
35
26
28
41
45
38
22
8
9
16
4
-7
-6
-7
-9
-9
-17
-23
-30
-26
-6
3
-7
-17
-11
-1
7
5
16
36
54
60
57
66
77
90
85
74
71
75
88
86
85
80
66
56
56
52
53
59
66
73
75
67
64
66
56
56
69
58
38
22
17
25
26
18
25
52
58
35
16
25
57
81
88
90
87
86
86
92
93
82
83
99
101
96
85
86
92
76
52
35
34
36
21
-3
-9
3
8
12
19
18
26
50
57
56
58
59
75
102
120
106
74
60
52
65
85
82
58
54
64
75
81
68
55
64
65
43
35
42
54
71
82
71
52
40
39
38
32
21
4
-18
-21
-27
-50
-53
-49
-46
-54
-61
-54
-35
-18
-17
-26
-34
-35
-37
-34
-14
3
11
26
37
34
35
44
65
76
80
84
90
88
88
99
116
120
108
105
118
134
140
147
146
137
131
123
115
103
89
64
48
54
64
52
23
-5
-33
-52
-56
-44
-33
-28
-38
-50
-53
-42
-22
1
11
19
24
11
5
17
36
55
68
67
71
97
114
109
106
118
129
119
102
83
68
58
56
58
59
57
60
74
98
98
70
40
23
17
16
22
34
33
17
8
5
0
-6
1
24
34
24
0
-26
-12
16
34
38
22
0
-9
0
28
51
57
50
42
51
58
68
75
84
75
69
76
89
117
133
130
133
144
146
137
130
123
128
117
97
88
86
77
65
58
64
65
64
58
49
36
36
39
40
25
-5
-25
-11
1
6
-1
-12
-6
-3
-13
-17
0
18
34
28
0
-28
-45
-39
-26
-22
-17
-6
-6
-2
11
20
17
2
0
11
24
40
64
68
64
72
87
89
87
81
67
60
74
88
76
65
68
66
44
24
9
9
16
24
32
24
10
9
20
23
20
26
43
54
41
21
20
29
40
51
66
64
54
60
74
73
68
50
32
22
9
1
-1
2
5
9
11
26
54
69
69
73
84
86
73
65
75
75
57
54
54
44
26
18
23
25
23
25
32
32
34
37
40
48
53
49
35
21
21
35
58
73
59
48
48
57
71
75
67
61
81
104
120
124
125
119
104
101
96
80
73
60
39
23
12
4
9
23
26
20
17
16
18
20
18
18
17
19
20
22
32
42
59
68
67
70
73
60
48
40
44
57
71
74
76
70
57
59
69
80
75
67
66
73
84
83
81
86
81
61
58
83
101
89
59
43
34
13
5
20
37
43
28
8
5
21
35
32
17
8
9
20
41
59
61
45
52
73
87
82
74
84
96
100
97
88
87
88
91
92
86
72
68
58
51
55
69
82
84
68
53
64
70
54
34
27
29
29
41
54
55
44
25
8
-2
-9
1
27
43
36
21
13
16
8
1
-3
-1
-1
-1
9
16
23
25
21
24
23
21
33
56
72
68
55
53
53
43
49
58
49
27
17
19
38
55
56
52
52
50
45
44
35
24
18
9
4
23
41
34
24
17
7
16
26
26
22
25
40
51
54
49
44
51
49
55
57
53
59
66
61
68
81
80
75
82
82
81
70
61
72
86
73
50
41
43
52
58
51
39
39
59
73
72
66
52
53
71
76
69
55
34
12
9
36
52
40
17
9
32
56
60
45
44
59
60
57
65
68
68
64
50
38
39
60
81
69
43
35
36
22
17
21
18
16
23
36
43
39
24
17
9
6
6
10
21
17
0
2
21
29
29
16
2
2
2
2
16
25
28
27
35
51
58
64
68
68
67
64
66
77
85
80
61
59
70
72
67
68
71
71
73
72
73
74
76
84
88
73
67
72
74
60
35
23
22
26
37
34
21
5
-2
6
21
19
9
10
19
23
18
19
39
71
86
88
89
91
100
104
102
103
101
105
105
96
90
103
108
96
75
68
58
53
55
61
65
53
26
1
-11
-17
-33
-41
-26
-7
-9
-28
-21
10
35
36
36
43
51
65
83
87
75
67
67
72
72
70
70
72
73
76
76
64
38
35
59
73
80
90
93
82
58
37
55
87
92
76
66
67
73
73
83
98
97
75
66
66
68
67
54
40
27
17
3
-5
0
22
39
44
48
38
24
26
24
10
0
2
2
0
2
0
-6
-3
12
35
56
52
43
56
73
81
82
80
66
44
43
52
48
35
19
4
9
26
26
16
7
17
33
41
65
73
58
42
44
66
92
106
115
119
108
92
91
92
101
115
128
118
96
75
67
73
92
100
83
67
61
58
34
7
12
36
44
37
19
7
12
19
13
3
-1
7
8
2
3
10
18
17
17
22
27
34
38
44
50
57
73
85
80
58
32
13
27
57
71
68
60
65
83
105
113
98
80
71
71
73
76
77
75
69
56
35
21
29
37
25
13
10
16
25
26
27
35
34
28
22
23
32
41
49
53
64
84
92
87
85
80
64
54
52
44
48
42
35
42
58
73
87
105
114
90
70
83
103
91
66
61
61
53
45
61
80
65
38
21
20
10
-4
-9
-9
-21
-25
-23
-33
-51
-54
-49
-38
-26
-24
-29
-28
-14
2
7
6
10
21
29
37
36
37
42
56
73
76
81
84
90
114
133
137
128
114
105
104
98
86
91
93
74
60
72
81
72
60
38
18
8
12
12
5
-2
-2
-5
-4
-4
-13
-12
2
19
20
6
16
48
66
64
52
44
38
28
26
33
36
42
53
44
36
39
41
45
70
102
105
97
92
92
92
98
102
103
104
114
136
152
147
129
119
107
87
77
86
92
86
57
33
22
27
39
35
19
9
9
12
10
8
8
7
5
0
-3
11
37
38
20
5
-3
-12
-17
-19
-8
8
35
54
52
34
35
60
86
81
49
28
43
56
61
73
84
82
70
66
70
72
64
51
34
16
11
21
16
7
17
37
43
36
40
61
66
34
4
0
-2
-4
2
11
9
-6
0
19
20
1
-14
-18
-6
8
16
9
8
25
39
25
-2
-21
-14
-3
1
0
1
-10
-23
-11
1
0
3
20
35
37
41
60
75
83
84
80
75
83
86
75
64
65
73
69
57
65
82
89
90
96
84
73
81
91
102
107
115
108
101
99
89
82
74
82
98
106
104
99
85
67
60
50
20
2
8
17
8
0
5
24
25
9
2
-3
-9
-8
1
7
6
16
34
49
44
27
24
32
38
48
59
75
72
65
70
80
89
105
121
116
114
108
97
90
89
86
91
92
74
58
66
75
73
54
43
54
56
54
60
81
86
72
57
52
54
50
40
35
35
36
32
36
39
37
39
51
56
45
49
66
65
40
36
58
72
64
41
28
39
61
71
64
50
38
44
66
69
68
67
75
99
117
105
82
60
42
22
10
10
40
75
86
82
65
48
45
45
28
7
6
28
58
71
69
65
65
75
88
81
56
37
26
43
60
57
53
54
53
50
41
39
40
42
55
80
98
97
84
67
52
34
11
5
13
18
6
0
1
7
8
8
6
-12
-38
-34
-22
-18
-14
-9
-6
-7
-7
-8
-2
6
22
48
65
65
58
53
60
86
99
97
107
124
129
117
105
99
112
117
118
133
135
120
91
73
82
98
75
36
10
-4
-6
5
4
-20
-43
-49
-25
2
11
5
-1
3
12
12
6
1
8
20
23
32
34
19
9
1
-8
-8
5
22
27
24
32
42
50
53
57
68
84
97
85
83
93
101
89
87
93
98
87
82
81
75
59
39
20
4
1
-9
-11
0
6
4
4
11
21
39
40
9
-7
13
51
73
76
72
70
81
106
120
117
117
103
73
59
75
98
105
98
81
70
73
67
66
70
74
85
89
84
70
49
36
38
39
28
27
43
57
58
48
29
22
32
39
38
39
51
70
81
72
50
27
26
40
48
50
44
44
58
74
80
68
49
48
68
85
68
44
57
90
108
92
67
57
60
54
37
25
23
22
19
16
25
43
53
49
38
53
65
70
84
97
97
81
71
85
106
112
96
88
101
120
119
113
114
106
89
73
66
56
42
44
67
90
89
65
34
13
13
10
1
-3
4
25
50
51
36
37
41
36
26
28
41
35
22
10
8
12
24
24
18
25
37
32
18
23
40
50
53
58
60
68
83
97
99
87
67
55
71
86
92
89
68
41
38
37
33
29
43
52
53
52
39
22
-7
-39
-42
-28
-25
-26
-22
-12
-10
-13
-7
6
21
34
24
2
2
22
48
55
49
39
33
34
45
65
68
65
60
54
52
55
58
55
51
48
41
53
77
92
96
87
80
74
70
65
53
42
32
20
12
5
1
6
12
22
11
8
29
44
38
36
45
49
41
41
49
50
42
25
4
-9
-4
6
3
1
1
1
6
13
24
16
-6
-13
-19
-29
-33
-13
-4
-3
9
32
48
65
80
84
80
84
87
72
60
59
77
83
70
54
58
76
88
68
38
37
55
58
43
36
32
34
42
45
45
52
54
53
64
71
80
84
80
83
97
97
80
66
74
86
90
93
97
88
66
51
60
69
59
43
36
32
32
37
28
3
-13
-14
-9
1
11
12
2
2
9
16
22
27
33
40
58
72
59
49
49
51
50
37
32
51
69
67
66
69
71
68
66
65
55
48
51
67
75
82
101
133
160
152
133
129
130
132
132
132
132
106
61
48
59
72
68
57
54
33
-2
-17
-8
-1
-7
-10
-6
9
20
12
6
4
2
7
17
27
38
40
41
39
41
55
55
41
38
55
82
96
75
53
36
27
33
33
18
1
-1
5
1
-7
-13
-26
-52
-72
-74
-68
-65
-66
-68
-66
-53
-25
-1
4
-7
-8
10
21
36
55
71
70
49
39
50
66
76
84
97
120
124
121
118
119
125
134
128
107
96
86
87
97
89
80
80
81
85
88
71
55
50
38
33
32
19
-2
-13
-18
-22
-19
-11
-20
-20
-7
2
8
26
49
50
39
28
21
16
19
35
48
42
36
40
54
65
69
57
53
68
89
96
83
80
88
100
104
89
71
76
96
98
82
67
64
71
74
69
69
65
43
26
9
-3
-2
26
50
34
5
2
6
3
-5
-8
0
5
16
24
29
27
32
40
50
60
55
60
71
72
68
70
75
74
81
97
107
112
112
113
124
132
123
109
98
97
88
65
37
16
3
7
26
51
50
21
24
57
87
86
48
13
22
60
102
117
98
75
84
103
114
108
107
116
117
107
104
115
130
123
106
89
90
116
124
103
84
74
74
76
80
69
50
34
19
1
-7
-8
-5
-19
-44
-67
-65
-68
-86
-101
-94
-81
-62
-43
-36
-45
-67
-68
-50
-23
9
48
83
98
99
106
118
116
89
67
77
113
136
136
120
101
92
90
88
98
105
107
104
102
97
99
115
129
121
106
97
75
61
59
64
66
54
34
26
28
41
49
38
26
24
32
22
11
16
25
44
55
48
33
16
12
26
39
45
58
74
82
67
55
50
44
53
66
81
84
69
55
51
51
56
68
66
53
37
35
48
49
35
19
9
2
-3
-1
9
17
23
29
33
32
21
6
2
20
28
24
20
16
6
-1
3
4
9
23
34
34
34
53
59
48
37
38
50
58
65
69
72
76
77
51
28
34
43
49
52
55
60
57
43
26
19
17
3
-11
-9
18
56
65
41
23
23
34
40
50
59
65
66
68
74
82
88
97
91
76
58
56
70
73
50
38
48
49
38
33
37
58
84
98
96
90
89
84
70
65
49
23
17
33
58
80
82
69
67
82
88
76
65
55
56
81
103
120
120
112
96
85
87
93
89
74
71
68
59
59
56
54
50
35
28
42
55
52
28
17
32
37
34
35
37
34
35
48
60
80
86
76
65
61
59
59
69
70
65
57
52
51
55
59
44
20
19
24
13
5
10
11
2
-3
-3
-13
-23
-13
-5
-3
2
7
-2
-17
-4
24
43
38
9
-1
18
57
80
70
38
24
44
74
89
85
91
109
124
129
121
129
139
140
136
130
109
81
45
36
45
53
53
41
17
-8
-11
6
11
4
-1
-7
-17
-22
-9
-5
-14
-30
-43
-40
-29
-33
-24
-13
-19
-21
-29
-22
8
27
28
40
50
56
71
77
89
121
152
155
132
117
140
173
171
154
144
139
152
167
160
146
130
108
80
60
53
49
56
57
45
33
18
2
-7
-13
-6
-3
-21
-42
-70
-94
-91
-68
-58
-62
-56
-27
-2
5
19
23
1
-10
17
56
73
74
72
74
89
105
109
108
108
101
105
122
129
124
116
115
120
116
104
97
103
108
107
101
89
82
81
81
65
48
50
66
69
57
48
42
37
33
28
20
3
-20
-25
-13
-8
-19
-24
-24
-30
-34
-22
-2
13
28
45
61
69
60
43
21
3
0
21
54
83
80
64
57
66
70
54
40
28
20
27
42
38
24
34
41
36
32
34
29
26
33
44
54
53
49
41
23
16
28
55
73
59
38
33
37
42
39
36
42
50
53
53
49
36
39
56
58
42
42
57
75
84
82
83
84
76
80
82
67
58
69
81
73
50
27
20
6
9
38
57
48
33
23
16
5
-5
-10
-5
9
24
23
35
52
57
54
60
65
49
38
50
60
70
69
72
77
73
68
64
56
54
53
53
56
58
66
81
93
72
41
34
49
59
53
34
26
40
50
49
51
52
42
42
57
64
49
40
44
52
50
42
38
41
53
60
58
50
50
57
60
64
65
70
92
113
116
116
114
116
124
133
124
101
82
87
108
114
98
80
66
64
77
76
55
32
16
13
25
37
37
25
12
4
-6
-11
-1
17
25
37
45
42
49
65
72
75
75
72
53
38
44
67
82
75
60
54
65
75
73
59
65
89
101
87
71
55
38
25
12
-1
-9
-6
5
3
-7
-18
-27
-39
-35
-20
-12
-23
-38
-36
-12
-5
-8
-4
5
5
3
8
8
-2
-3
6
9
8
7
17
37
64
77
97
112
119
136
150
162
161
148
138
132
134
146
145
130
115
99
82
72
60
52
49
48
35
21
21
20
10
19
33
40
35
39
53
51
29
23
49
75
74
54
29
19
18
24
36
26
13
24
45
71
84
83
72
69
81
99
97
80
75
77
89
103
100
96
85
59
40
41
52
56
59
65
64
49
20
-3
-7
4
6
-10
-20
-21
-21
-13
1
8
11
23
28
6
-12
1
27
39
26
0
1
38
88
118
124
135
139
125
113
108
119
138
144
128
100
83
68
48
39
24
19
28
40
38
38
43
35
11
-8
-17
-12
-19
-20
-10
-9
-23
-26
-25
-18
-8
-5
-6
-7
-12
-5
7
6
12
33
58
76
69
52
52
58
61
52
53
69
60
54
65
80
92
102
99
83
73
73
69
66
65
59
57
54
55
73
88
75
40
26
33
35
28
23
10
2
-8
-8
-6
-18
-30
-39
-44
-57
-46
-27
-5
11
12
18
24
27
40
44
42
41
40
28
5
-18
-29
-33
-12
8
22
27
49
82
101
99
87
88
91
88
76
69
56
41
29
23
24
32
38
37
22
17
10
4
-6
-20
-18
-5
5
18
24
29
40
51
57
57
65
82
107
128
131
118
104
98
82
77
91
91
90
98
89
86
92
104
115
107
97
89
93
105
104
83
56
34
25
36
60
67
48
32
19
7
-3
3
24
52
64
66
67
64
54
51
52
51
57
56
45
52
70
75
68
55
51
44
35
42
65
86
104
91
65
56
65
72
83
83
66
55
68
77
60
33
28
43
53
42
34
26
40
74
87
70
51
39
38
36
40
44
42
48
57
55
54
64
72
75
80
76
60
52
68
98
104
82
64
56
50
55
66
59
52
45
48
44
39
45
49
41
43
68
72
58
53
57
80
100
98
73
61
68
67
53
41
38
34
20
8
4
3
10
21
18
4
0
8
16
25
36
29
16
5
7
11
17
17
-5
-21
-4
24
37
32
33
41
65
84
84
80
67
50
51
66
70
70
72
68
54
38
35
48
56
58
42
20
5
19
36
27
19
38
53
55
57
58
52
41
32
28
27
29
51
66
55
44
41
48
52
37
21
40
65
81
86
70
51
32
12
10
20
28
35
38
42
41
43
43
37
36
40
48
40
27
27
42
57
53
37
22
28
38
34
28
36
42
49
56
49
38
39
49
48
33
36
56
70
72
76
83
75
83
101
112
112
92
76
73
80
90
102
107
107
96
87
92
101
98
89
89
92
97
91
81
84
102
105
108
116
114
101
86
90
104
101
76
65
54
51
55
72
87
80
52
33
38
58
64
56
59
49
24
16
37
75
97
77
44
37
72
97
83
71
69
67
80
101
109
105
99
87
68
61
89
103
84
59
38
12
2
4
-2
4
19
18
-6
-22
-9
8
5
-27
-57
-60
-58
-53
-44
-41
-35
-45
-55
-43
-13
25
39
21
7
26
58
69
54
36
42
65
84
98
106
109
99
83
85
86
73
60
55
50
35
32
41
43
35
23
11
12
23
21
0
-23
-27
-14
-10
-19
-24
-28
-34
-24
-14
-13
-12
3
9
4
4
2
4
24
38
35
21
23
51
72
73
71
80
96
109
116
103
77
75
90
92
74
58
55
70
82
82
74
65
50
39
29
32
36
19
-17
-49
-71
-83
-70
-45
-49
-67
-69
-43
-21
-5
3
11
25
43
40
22
9
22
51
69
75
76
86
101
108
128
154
163
155
161
160
156
165
170
160
144
134
119
107
90
81
82
88
88
72
48
27
26
35
49
52
25
-4
-3
8
9
12
7
-8
-7
11
34
39
34
28
34
50
57
57
71
104
135
146
147
140
144
160
168
161
149
148
169
179
161
144
122
97
83
87
100
87
58
45
51
54
51
39
8
-24
-39
-37
-34
-29
-39
-53
-59
-51
-38
-51
-73
-84
-57
-28
-28
-41
-49
-54
-49
-33
-26
-8
22
52
61
59
66
96
128
135
131
115
102
113
135
145
138
124
119
125
125
129
137
144
131
113
92
80
85
97
92
67
32
8
3
6
2
-12
-27
-37
-34
-34
-39
-57
-83
-93
-89
-73
-53
-39
-28
-24
-20
-6
10
16
10
32
39
22
5
5
19
32
34
24
27
50
74
92
107
103
97
102
104
104
87
61
77
114
125
107
77
64
57
51
43
41
43
36
33
40
42
34
20
3
-19
-30
-19
-11
-20
-25
-27
-33
-30
-17
-2
8
25
42
55
71
84
73
59
68
86
90
89
90
96
93
91
100
107
123
135
135
135
124
121
128
132
123
112
93
70
56
57
58
52
37
36
44
36
12
-2
-12
-28
-22
2
18
10
-9
-18
-17
-9
2
6
8
17
24
38
56
60
58
70
84
77
73
72
77
86
90
89
74
55
53
70
87
88
77
60
56
55
59
67
69
68
58
41
34
51
67
68
60
52
51
57
67
60
53
50
51
55
52
42
42
42
50
59
64
49
27
29
49
53
44
33
32
34
42
65
75
66
43
16
2
7
18
9
-6
-5
5
10
10
5
4
7
3
-4
-9
-18
-11
6
42
67
54
32
24
33
38
40
37
32
20
28
57
73
49
29
40
65
72
56
48
55
58
76
112
119
106
92
70
59
59
61
80
97
104
99
83
82
99
104
92
75
59
54
59
71
85
93
84
67
59
55
52
54
44
32
25
18
-2
-14
0
13
1
-9
-4
9
33
52
70
81
65
40
37
55
73
74
75
76
81
80
85
107
113
101
99
120
135
112
64
34
32
35
20
-6
-28
-41
-49
-44
-38
-34
-33
-29
-24
-17
-8
-4
-10
-21
-7
2
-3
2
21
54
81
82
64
55
69
97
104
86
69
73
85
76
59
66
86
105
100
81
69
84
102
113
109
105
113
121
125
131
123
106
99
106
117
122
108
75
53
26
-3
-20
-12
-5
-10
-27
-38
-34
-24
-14
-19
-42
-56
-42
-28
-29
-29
-29
-30
-26
-20
-11
1
10
-1
-10
-1
22
37
38
42
58
71
72
71
88
114
116
105
105
113
116
123
133
120
99
87
86
91
85
72
64
50
36
39
48
44
39
34
25
34
50
50
42
48
41
23
20
28
35
44
54
50
49
55
67
68
68
68
74
75
57
52
58
75
87
89
75
59
71
81
68
51
48
60
72
73
60
42
39
53
56
48
37
29
33
33
20
5
-7
-10
-11
-12
-9
-2
4
-1
-6
9
36
44
51
48
37
24
12
7
6
5
9
25
50
68
75
87
99
104
113
133
150
140
125
123
138
155
165
157
144
129
107
97
92
74
44
20
7
9
6
1
2
-2
-9
-12
-21
-22
-13
-10
-8
-8
-8
-1
5
5
11
20
23
35
35
33
33
27
24
29
32
34
51
76
97
114
122
130
146
153
152
136
116
81
66
64
54
39
16
0
-3
0
6
22
38
52
68
71
66
52
29
10
-1
-18
-26
-22
-14
-11
-8
-4
-2
2
13
34
48
55
73
97
103
100
101
105
112
123
134
112
96
107
133
148
140
114
73
39
40
48
39
21
6
0
-6
-25
-39
-46
-43
-34
-36
-39
-37
-24
-1
11
12
20
28
35
50
80
96
80
56
54
56
44
32
20
23
24
11
22
57
81
84
93
104
112
116
124
121
103
83
69
45
25
24
36
35
39
58
60
48
49
74
103
108
96
87
89
88
83
84
90
98
87
71
66
75
75
70
64
41
32
39
42
36
37
41
25
6
0
-11
-21
-6
7
10
8
4
4
18
34
36
23
16
18
32
54
66
53
26
5
-4
-7
-6
0
11
18
4
-12
-6
7
4
-1
8
19
24
27
23
17
20
24
22
10
1
-3
2
10
19
20
10
3
6
10
10
-1
-24
-24
0
16
25
41
68
104
128
146
156
157
166
180
171
160
149
148
151
151
155
163
154
144
129
100
67
40
26
19
3
-17
-38
-45
-39
-34
-34
-34
-25
-7
2
2
12
25
29
35
36
35
34
29
28
27
23
18
4
-4
-5
-7
0
1
-7
-24
-36
-22
0
10
8
1
-4
-3
-11
-26
-28
-17
-10
-21
-26
-9
22
39
33
24
39
76
99
89
73
99
151
178
154
120
108
118
134
150
155
147
144
152
166
177
179
169
152
147
153
154
150
140
147
151
145
116
83
66
53
41
39
48
38
22
20
35
39
22
5
7
4
-4
-13
-21
-10
-1
4
16
20
21
27
41
57
54
45
55
71
86
99
106
130
144
122
109
128
149
166
170
156
146
161
186
187
166
157
170
184
177
153
140
139
138
135
136
135
125
112
105
99
97
76
36
18
27
39
56
68
55
42
44
64
69
56
41
27
19
9
-4
-19
-24
-23
-25
-27
-30
-10
21
37
32
23
32
39
35
28
40
59
60
36
22
28
33
19
1
-11
-13
-5
1
-9
-38
-55
-46
-38
-37
-39
-37
-36
-38
-38
-38
-43
-57
-68
-67
-61
-58
-61
-55
-35
-22
-19
-17
-12
-13
-13
-4
5
3
8
22
32
56
88
108
112
114
124
138
136
129
139
139
117
100
88
81
73
71
73
80
81
81
80
71
64
59
54
51
51
55
60
69
70
58
49
43
42
36
41
44
43
53
75
75
64
58
55
49
54
75
84
69
60
53
53
72
87
82
59
48
53
69
71
64
69
85
87
82
89
101
102
93
85
68
51
38
26
11
3
12
34
39
29
17
11
8
-2
-8
-7
-5
-9
-18
-23
-19
-12
-20
-22
-2
18
33
48
58
53
37
51
80
85
67
61
73
74
64
54
57
54
41
41
57
66
51
29
17
17
9
-2
-5
-2
-5
-10
-5
7
12
6
5
11
17
13
13
19
22
24
27
28
29
42
73
102
107
104
107
106
105
102
108
121
115
91
82
88
102
113
102
85
85
87
85
69
48
35
32
24
21
35
48
45
57
65
57
48
24
-1
-8
-11
-8
-2
8
8
-2
-12
-10
-5
0
9
22
10
-2
1
4
13
40
58
56
48
54
55
51
53
72
92
99
81
54
40
36
39
52
53
43
38
40
39
27
18
21
34
36
22
17
23
27
35
39
43
52
48
28
33
49
64
69
72
73
71
81
97
92
80
81
89
86
75
64
59
73
83
90
102
105
87
69
55
53
57
55
59
72
68
53
51
58
71
72
68
65
70
74
76
86
88
66
43
40
41
42
51
53
50
57
74
87
88
75
65
67
80
96
106
107
101
90
98
99
88
74
56
42
40
39
37
40
36
32
24
20
21
17
11
21
28
25
10
7
19
23
24
34
36
34
39
42
39
28
10
3
7
23
33
21
17
