-38
-23
-21
-11
9
23
20
5
-6
-6
4
21
22
-3
-7
10
34
43
42
50
54
56
49
34
28
41
52
53
52
54
74
98
106
101
103
124
141
146
156
161
149
145
132
106
93
98
93
89
92
100
101
90
83
69
52
41
37
28
26
33
28
22
16
-3
-24
-10
18
18
-5
-26
-44
-61
-76
-101
-119
-125
-120
-104
-87
-86
-101
-98
-65
-37
-35
-21
17
61
91
99
106
120
120
117
123
151
179
196
208
212
232
257
257
241
218
180
150
156
162
146
124
108
97
76
55
32
13
-18
-42
-57
-75
-106
-136
-141
-153
-188
-211
-209
-197
-196
-199
-216
-234
-235
-210
-172
-145
-126
-129
-125
-98
-65
-50
-53
-42
-11
27
55
68
70
84
99
92
88
86
89
117
148
156
148
147
177
213
233
244
235
227
230
235
251
258
241
210
170
137
117
89
54
32
21
9
-4
-6
-9
-17
-24
-41
-45
-36
-27
-22
-18
-20
-34
-37
-19
1
3
11
58
117
154
179
176
170
185
210
226
234
233
235
242
234
229
216
203
200
202
203
212
215
194
154
130
114
87
66
60
51
39
33
37
37
23
-3
-20
-27
-33
-38
-62
-89
-91
-86
-92
-108
-99
-66
-43
-35
-33
-23
-5
11
25
34
39
49
58
69
91
99
87
88
99
97
96
97
89
74
65
67
70
71
66
52
44
52
53
48
45
51
50
50
50
45
44
52
50
40
43
53
51
35
11
6
22
34
22
5
0
-4
-13
-28
-30
-24
-19
-34
-40
-9
24
32
8
-23
-37
-37
-36
-41
-37
-37
-54
-60
-45
-29
-29
-37
-28
-3
27
61
75
76
82
98
107
117
136
151
160
165
167
163
154
161
173
176
162
146
140
139
135
133
135
132
115
108
107
88
26
-34
-38
-20
-20
-49
-75
-84
-56
-24
-18
-19
-28
-50
-69
-50
-9
6
4
4
-5
-19
-17
-2
5
24
70
100
91
89
114
145
172
205
210
185
170
167
164
168
176
163
136
120
122
123
107
92
96
85
70
68
66
45
13
-8
-22
-29
-39
-60
-85
-89
-88
-92
-89
-84
-74
-71
-73
-55
-26
-25
-36
-39
-29
-9
11
34
59
74
71
67
60
64
68
86
108
106
84
83
105
129
128
104
81
57
42
50
64
69
57
34
4
-13
-19
-24
-28
-9
13
17
-8
-29
-37
-34
-18
-17
-29
-42
-50
-55
-45
-38
-34
-36
-27
-7
7
32
64
87
98
89
86
89
104
134
151
149
153
152
133
123
123
117
97
71
51
37
38
45
48
37
25
24
37
66
66
24
-6
-20
-22
-20
-25
-35
-43
-41
-29
-10
4
3
-1
20
51
68
85
88
85
83
72
82
100
104
101
109
123
132
144
147
133
132
161
183
183
184
187
185
168
130
91
69
50
45
54
44
40
33
2
-26
-26
-11
-5
-10
-17
-9
-2
3
-1
-6
-20
-25
-25
-24
-5
21
27
16
16
27
48
69
87
106
117
98
88
112
133
145
145
132
123
123
113
100
90
89
102
115
114
97
88
88
67
40
18
-7
-36
-44
-29
-25
-27
-25
-23
-29
-40
-50
-57
-54
-37
-11
3
2
-2
2
3
-3
1
21
52
73
82
81
82
81
91
123
140
145
146
152
166
168
166
183
197
182
161
163
167
150
123
85
51
53
73
69
54
64
84
87
74
65
51
33
26
42
52
42
25
23
44
68
67
53
37
21
34
56
57
41
28
17
12
10
9
39
70
91
105
97
65
42
39
53
73
68
35
16
21
40
53
60
68
49
3
-29
-34
-11
17
38
25
-1
-22
-28
-13
11
25
13
1
-7
-13
-10
20
55
55
36
28
37
37
27
38
71
99
96
81
87
108
119
103
73
50
34
23
19
19
6
2
6
8
22
36
36
38
52
54
54
55
53
39
25
22
29
40
38
21
10
16
22
23
16
-8
-17
-1
7
-1
0
16
26
38
59
84
101
109
100
83
82
86
84
80
82
84
84
66
36
17
11
26
35
36
33
23
25
24
16
12
28
40
43
44
36
23
26
34
20
0
2
13
19
19
23
24
22
16
11
25
36
37
43
58
45
26
48
83
89
82
82
84
80
69
54
53
76
101
107
100
100
97
90
104
123
136
129
105
88
72
57
53
57
52
42
52
58
42
28
43
73
96
90
82
84
85
83
84
75
49
22
-2
-22
-25
-8
5
2
-11
-6
18
42
49
41
49
43
27
-1
-20
-12
6
35
50
42
8
-3
3
6
27
64
74
76
100
147
171
160
135
119
112
105
106
108
108
98
83
80
70
39
13
-9
-34
-28
-3
12
5
-10
0
32
37
17
-5
-13
-13
-2
16
12
0
-1
13
16
12
17
4
-11
-10
4
26
37
37
42
64
82
89
88
96
103
105
97
84
88
103
101
85
66
39
23
34
44
36
5
-18
5
37
38
27
29
49
50
24
1
-9
-1
12
12
7
8
10
8
5
9
9
5
5
13
35
54
60
67
88
105
109
100
82
73
81
82
81
84
98
120
135
148
162
162
146
125
108
96
76
56
48
55
69
55
19
-9
-13
9
25
22
24
22
19
16
6
2
-2
-5
0
1
-9
-21
-25
-23
-24
-25
-13
8
35
53
72
91
97
108
136
156
164
155
161
178
203
217
189
161
157
160
155
154
144
114
100
106
102
70
33
6
-9
-6
1
-1
-21
-46
-57
-46
-43
-52
-42
-29
-35
-21
11
24
26
35
48
58
60
39
9
16
52
74
80
102
112
92
88
100
120
135
144
169
189
182
163
165
171
161
135
120
131
151
162
145
115
91
88
98
106
96
64
60
69
56
36
21
11
7
11
28
21
-13
-25
-18
-10
-6
0
5
7
20
27
37
48
49
53
54
41
38
49
59
64
53
34
17
13
21
16
7
13
17
9
-13
-42
-58
-51
-39
-51
-75
-74
-51
-39
-45
-46
-33
-8
-1
-12
-9
20
41
45
38
19
8
21
42
44
37
43
49
33
23
35
45
51
49
42
42
51
71
77
58
48
55
49
33
23
28
37
40
34
24
12
9
7
1
3
6
4
-5
-23
-30
-36
-21
-7
-18
-24
-5
10
5
-12
-14
1
9
7
18
27
38
52
40
23
37
66
80
66
53
74
97
96
84
86
92
99
90
80
76
76
64
49
38
28
29
33
32
39
48
44
48
56
65
66
58
54
58
50
22
10
21
40
57
68
76
83
90
107
113
104
107
130
162
171
152
146
148
140
119
100
108
136
144
123
104
97
100
106
113
113
90
56
32
8
9
32
32
10
-21
-33
-14
10
32
23
5
-7
-27
-54
-43
-8
9
1
-2
16
34
67
105
105
70
41
50
83
130
145
121
113
116
115
114
107
92
76
65
68
72
65
67
74
77
80
85
85
64
39
26
28
25
6
-5
9
25
13
-10
-43
-62
-57
-43
-20
-11
-22
-25
-14
-1
13
23
9
-20
-29
-14
3
17
25
44
82
107
116
121
115
104
97
92
91
99
104
100
93
96
88
82
65
36
9
-4
4
22
33
36
28
21
12
4
-5
-20
-35
-35
-35
-36
-22
-11
-28
-52
-55
-43
-30
-12
-4
-4
4
21
41
35
16
18
50
86
105
115
113
83
59
64
76
86
85
82
93
118
129
122
115
102
93
96
101
101
92
85
85
73
59
37
20
10
2
-2
-2
-4
4
5
-1
-11
-20
-26
-38
-33
-8
4
3
-4
-11
-12
-9
9
28
37
39
44
61
87
92
85
76
71
83
108
122
107
87
89
113
130
131
122
106
92
100
106
105
92
70
52
51
45
43
41
35
33
27
8
-24
-43
-22
9
11
-6
-13
-7
6
19
33
32
21
27
49
60
65
65
60
50
50
56
50
55
65
67
71
68
74
102
124
129
108
100
100
106
116
123
133
134
131
137
135
140
152
145
132
119
128
144
133
100
77
75
80
84
87
81
55
26
19
24
35
43
49
36
18
5
6
11
17
20
8
-4
-8
-12
0
16
8
5
12
23
45
59
45
17
4
12
27
33
36
41
41
28
20
6
-3
-8
-7
-4
4
11
11
-4
-8
-2
4
-14
-44
-50
-37
-25
-20
-12
6
21
19
21
27
27
26
27
35
39
48
70
76
51
43
55
58
58
64
68
74
83
73
71
80
73
68
66
65
57
41
26
19
27
40
28
8
1
-7
-13
-13
-2
4
-1
-1
5
12
27
37
19
-3
-9
5
22
28
39
48
51
57
67
66
65
83
99
89
84
97
113
102
85
77
75
82
88
85
86
85
84
64
51
54
53
40
25
9
-8
-33
-42
-39
-35
-28
-28
-37
-38
-41
-25
-2
-14
-43
-57
-60
-35
7
27
27
35
40
45
74
121
145
150
149
162
201
242
233
213
200
201
213
215
224
235
236
225
210
213
225
231
215
182
152
129
112
92
64
38
36
32
12
2
4
5
3
-4
-13
-26
-34
-37
-45
-27
2
21
27
19
3
1
10
22
33
42
51
54
52
56
74
69
38
39
53
52
55
66
64
56
58
68
66
60
65
65
73
81
81
90
107
97
68
57
55
52
56
56
42
21
11
20
25
23
5
2
12
19
6
-11
-23
-24
-25
-30
-25
-19
-13
3
36
56
41
24
29
35
25
23
27
35
51
60
35
5
-2
18
44
48
26
12
11
35
57
61
64
82
91
99
103
104
106
115
118
104
93
80
60
45
34
37
50
56
59
64
64
57
34
4
1
19
34
24
10
10
24
41
58
65
50
29
18
1
-14
-20
-9
5
4
0
2
3
-1
-4
2
0
-8
-18
-4
26
75
107
108
97
81
60
52
49
51
64
70
80
88
92
74
48
39
40
23
-10
-22
-1
18
20
3
-21
-21
3
27
13
-17
-20
4
23
23
12
12
19
20
20
27
38
43
45
45
55
58
69
77
81
85
81
72
72
70
80
83
80
89
109
116
96
70
56
57
64
54
24
-1
1
16
19
4
4
39
58
39
18
19
37
49
37
23
23
37
40
25
12
18
33
48
43
41
55
81
98
85
64
55
59
56
50
52
52
51
56
59
65
72
73
68
54
45
48
44
29
20
24
44
58
56
40
20
4
9
28
25
8
3
2
5
17
34
41
45
53
52
44
49
56
64
75
104
122
119
106
92
87
99
100
84
64
54
70
106
120
112
102
88
90
106
102
85
70
73
92
97
75
55
53
65
65
49
23
26
50
67
81
88
103
105
83
52
41
64
101
117
108
97
90
97
97
70
49
39
48
56
72
91
101
105
91
66
52
35
7
8
49
82
85
58
25
10
7
2
-8
2
24
35
22
8
18
43
58
36
-2
-10
11
33
37
40
33
21
0
-14
-17
-20
-21
-3
26
43
41
36
28
33
41
42
34
27
40
54
64
67
60
56
36
16
3
-8
-18
-14
-3
-4
-6
-12
-22
-19
-9
-5
-1
-2
8
3
-21
-22
7
32
38
34
29
38
48
60
60
43
33
35
54
81
87
87
100
102
97
90
91
91
91
93
86
75
71
68
71
74
81
86
91
85
70
68
71
82
82
68
56
53
60
71
76
75
59
44
50
57
59
68
68
43
23
21
23
40
70
86
83
81
91
107
105
104
112
117
115
104
103
122
137
120
86
68
67
65
65
68
66
60
57
45
33
26
22
2
-20
-21
-10
-19
-28
-25
-13
-3
12
22
22
8
-3
-3
6
21
27
24
20
17
17
8
5
9
18
23
34
43
42
42
55
73
82
74
74
76
64
57
69
68
54
41
44
61
65
49
25
13
16
17
27
37
32
16
-1
-6
-4
-11
-17
3
20
22
18
19
37
52
42
33
28
24
24
25
24
24
33
43
56
86
109
109
103
88
73
75
89
96
85
81
96
109
113
100
84
72
54
39
32
24
45
74
74
51
25
24
55
80
75
52
37
44
58
56
40
20
11
19
32
43
54
64
65
53
42
39
49
56
57
53
53
52
49
48
40
36
49
65
69
65
64
69
72
59
41
43
53
54
59
50
35
27
24
21
5
-20
-21
-6
5
4
1
-1
-9
-27
-20
-11
-23
-30
-29
-25
-17
-6
-1
3
0
-8
0
19
43
60
75
90
92
98
115
136
137
131
128
116
115
132
153
146
109
81
74
76
58
52
60
69
57
50
42
32
19
10
21
34
34
21
18
20
10
5
8
12
18
18
19
25
29
35
43
52
55
57
56
51
58
82
99
100
76
58
80
107
118
106
87
83
99
107
114
109
89
66
54
53
55
58
71
80
66
43
40
44
43
40
35
23
21
33
38
40
25
4
1
8
21
29
29
8
-1
16
52
89
103
90
72
51
44
56
65
76
82
84
84
82
96
93
76
70
67
72
71
48
50
86
108
103
84
75
77
75
72
69
71
82
85
76
58
39
35
41
34
6
-10
-2
13
17
19
32
38
32
24
33
41
51
51
43
57
81
96
102
89
81
81
82
71
56
44
37
41
59
72
73
69
68
70
72
67
51
53
70
73
56
21
-1
-9
-11
-1
4
-2
-20
-29
-26
-13
1
22
26
23
24
37
51
61
72
88
112
114
96
84
89
100
101
92
86
85
73
57
50
40
36
32
18
3
-13
-20
-4
10
3
-21
-20
0
19
38
43
36
26
34
38
29
38
49
40
32
28
29
32
17
6
12
38
51
55
64
69
84
101
105
93
76
75
87
91
86
76
60
34
16
8
3
2
-4
-11
-5
6
8
5
5
1
-6
-13
-12
-11
-6
-11
-24
-14
-5
-4
0
9
21
36
34
34
58
77
69
57
56
66
88
102
96
88
100
113
116
124
132
123
104
81
85
123
145
135
121
115
112
103
81
59
48
26
16
27
58
83
87
85
71
48
38
44
64
81
87
86
70
44
33
44
65
74
71
57
55
56
64
72
60
23
-1
10
37
59
75
85
88
76
68
64
68
72
64
42
18
10
19
35
44
34
2
-18
-9
-2
-18
-49
-54
-27
-8
-5
-17
-34
-53
-67
-59
-41
-24
-22
-40
-39
-9
16
26
33
34
35
36
51
68
89
89
73
75
90
88
77
80
93
115
118
106
101
116
113
91
84
74
52
38
34
20
12
19
20
25
40
45
38
22
6
2
2
9
13
19
26
25
7
-2
8
24
29
34
23
21
44
64
57
41
37
45
66
72
56
44
50
53
58
61
64
65
67
71
69
59
44
32
38
39
25
22
39
60
75
70
51
38
32
36
41
40
27
25
37
50
56
55
54
64
77
97
113
106
107
118
120
124
118
115
134
153
166
162
138
117
112
113
100
82
74
80
98
107
100
76
64
74
93
100
87
64
59
87
108
121
124
112
92
89
97
101
97
93
101
114
119
119
104
83
76
86
86
80
75
84
108
132
140
130
120
112
90
75
64
48
23
17
7
2
12
22
5
-22
-50
-52
-30
-13
-18
-28
-42
-50
-50
-51
-52
-35
-17
-18
-30
-36
-23
-3
9
18
24
34
38
37
50
53
39
33
26
27
37
50
67
83
83
80
66
49
53
58
60
52
42
43
49
51
38
20
24
33
32
24
12
-1
-2
0
-2
-17
-42
-44
-26
-24
-38
-37
-25
-22
-4
4
-3
-6
-18
-19
-5
5
4
5
17
34
49
64
65
65
70
74
72
58
57
74
87
99
103
104
109
113
115
116
112
106
103
98
97
93
80
52
26
25
37
40
22
-1
-2
17
22
5
-12
-9
-7
-7
3
21
29
37
43
44
35
35
40
35
20
24
51
71
58
42
51
59
73
90
114
130
120
114
114
120
134
133
115
100
91
91
99
101
91
84
91
96
66
27
17
25
50
58
52
49
53
50
42
50
64
66
65
48
27
28
48
65
81
86
80
75
80
89
97
97
90
74
56
53
76
106
116
99
83
75
59
35
28
41
49
42
28
12
2
-19
-38
-35
-18
-11
-29
-37
-19
1
2
0
-2
-10
-13
-9
1
26
42
43
48
53
68
75
80
92
104
108
101
85
77
65
56
68
69
68
80
88
86
81
74
65
49
38
36
23
34
60
80
77
67
49
25
22
37
41
32
21
11
20
36
34
25
18
12
18
10
7
12
22
26
34
42
50
49
41
32
40
60
67
81
91
92
83
73
80
75
42
12
6
3
-4
-10
-20
-26
-43
-69
-71
-53
-35
-18
-11
-14
-2
10
19
26
24
8
5
17
28
37
42
53
53
53
57
56
54
67
85
89
83
73
69
67
69
70
70
72
75
60
44
54
61
53
34
27
38
40
29
16
7
5
8
9
5
-11
-23
-12
18
39
34
22
17
16
11
10
9
20
25
21
26
43
44
38
41
40
26
32
51
80
99
101
96
99
120
134
132
134
154
176
177
168
161
144
147
151
131
106
97
93
75
64
71
70
51
35
40
74
113
120
92
43
20
34
40
27
27
27
24
10
7
20
34
35
13
-13
-26
-21
-11
-2
10
7
6
33
64
69
67
68
73
75
69
71
87
86
68
44
36
48
52
48
40
37
40
33
27
38
50
56
52
38
36
36
25
22
32
35
37
45
50
42
42
59
76
89
101
83
45
29
36
50
67
74
80
87
96
101
108
117
114
102
91
96
91
75
68
82
86
68
52
41
32
35
35
19
-9
-19
-17
-13
-18
-11
-6
-3
-2
8
23
33
34
20
12
16
12
5
2
18
43
53
37
21
10
4
3
4
6
3
7
20
42
58
64
70
83
83
91
100
93
85
73
71
71
54
8
-5
28
38
12
6
17
20
10
6
25
44
33
7
11
39
57
52
41
27
24
37
50
42
26
11
11
25
35
42
40
24
20
42
72
84
84
75
67
81
100
117
117
97
75
70
76
85
73
50
42
52
48
38
52
69
60
34
5
-5
-7
-21
-26
-7
13
16
8
0
4
13
18
25
34
25
17
17
21
25
36
48
34
20
33
55
57
45
60
83
90
90
87
83
73
68
86
106
81
48
50
75
100
116
123
113
80
52
42
36
25
10
-1
1
9
-2
-33
-52
-58
-54
-55
-44
-35
-22
-13
-3
9
7
7
22
32
39
56
73
71
55
44
50
72
96
105
120
145
150
129
101
104
133
152
147
122
99
87
87
82
84
105
121
118
99
80
67
53
37
27
22
11
4
6
21
39
40
34
22
6
-7
-21
-27
-21
3
28
34
29
25
8
-3
5
25
45
58
60
58
58
69
98
117
117
105
97
96
100
100
103
96
76
71
67
61
53
37
34
40
43
48
59
76
72
52
49
40
21
21
26
23
20
8
-8
-7
6
22
36
37
38
54
68
56
36
39
51
50
26
21
45
76
84
77
80
80
81
83
99
116
118
113
102
98
98
103
101
85
68
57
54
54
59
58
42
32
25
18
12
18
11
2
6
25
51
60
45
23
5
3
21
33
48
67
68
70
83
97
102
102
93
91
115
132
130
117
115
114
112
105
102
91
71
50
40
44
35
19
13
20
7
-11
-19
-4
19
27
17
-10
-41
-53
-28
0
3
-12
-17
16
64
70
42
26
29
40
42
25
10
5
-8
-17
6
38
40
20
4
18
55
83
88
88
87
92
104
103
101
107
102
76
56
49
51
51
52
58
73
66
53
37
4
-6
16
39
45
37
18
16
39
54
59
59
54
48
41
54
82
102
107
104
92
73
67
85
100
96
87
71
65
76
90
108
117
108
108
112
100
99
98
89
80
80
91
99
102
102
97
87
86
87
85
83
81
67
32
4
1
6
5
-1
0
5
17
25
28
19
3
-3
-10
-5
4
21
41
44
40
41
49
57
68
83
84
68
56
70
96
98
87
71
48
28
41
49
36
39
49
37
19
16
19
22
25
27
26
24
6
-20
-29
-20
-3
3
0
-4
5
18
28
35
29
24
17
13
18
24
27
26
19
18
26
38
42
43
53
55
55
53
53
73
104
114
97
77
71
65
61
71
54
9
-23
-25
-8
2
-9
-25
-21
2
12
4
-13
-30
-39
-36
-34
-39
-33
-12
-8
-23
-25
-13
0
21
35
49
69
83
80
68
57
59
75
89
88
80
70
82
121
172
195
164
115
100
109
120
128
118
97
60
45
57
66
66
64
52
42
34
18
8
11
17
23
28
36
42
41
25
17
16
3
-3
-8
-17
-22
-14
11
41
56
59
54
56
81
100
107
118
135
133
107
87
80
76
80
81
82
83
96
114
123
106
75
64
69
72
74
86
89
73
43
29
23
28
40
32
18
11
17
8
-18
-22
4
23
33
42
44
50
51
32
16
23
33
26
20
21
33
41
37
21
13
25
54
80
91
98
99
86
76
85
101
120
120
96
89
104
115
104
88
87
108
117
89
60
52
51
48
28
8
2
7
16
11
5
10
32
44
41
21
7
5
17
42
52
40
33
37
42
42
42
49
41
26
24
33
42
67
92
101
87
74
71
69
66
72
92
96
65
25
20
42
68
69
53
39
26
20
17
7
-8
-18
-20
-5
8
17
27
24
3
-6
-7
3
18
27
26
28
40
42
32
26
38
56
60
53
48
52
57
56
57
58
44
51
74
82
75
60
56
71
82
76
74
80
81
64
40
39
52
53
52
56
58
52
40
35
34
37
44
42
29
20
22
36
41
24
4
8
25
36
40
50
65
72
65
41
43
72
84
72
60
57
72
98
116
120
107
80
64
72
73
65
65
70
72
51
21
19
35
39
24
-2
-13
-6
11
20
18
18
11
19
28
23
7
-7
-13
-6
4
19
28
49
64
56
43
44
57
61
57
65
74
102
118
115
103
89
84
93
108
114
98
81
74
84
96
90
85
82
71
45
19
3
7
22
41
58
64
54
48
53
66
75
81
72
72
73
65
56
50
48
52
40
13
4
7
9
11
19
29
41
43
40
50
72
84
77
80
84
97
112
120
112
96
87
88
84
72
64
50
39
32
12
-4
-2
8
-2
-17
-23
-33
-33
-34
-24
-6
0
-4
2
9
8
6
12
11
1
1
26
44
43
41
52
73
96
109
109
105
109
128
138
130
116
102
107
123
120
101
91
106
115
108
100
92
86
74
67
59
54
52
39
26
26
29
27
12
3
-2
-11
-28
-33
-24
-26
-28
-18
0
10
9
18
33
32
22
22
37
45
60
75
91
101
92
86
98
121
135
125
122
132
134
118
104
100
100
96
84
82
83
85
84
82
75
68
45
18
9
2
-9
-18
-25
-24
-22
-21
-20
-25
-29
-21
-10
-6
1
11
18
2
-4
9
25
39
53
59
69
85
100
101
92
83
88
117
140
139
132
129
114
90
75
77
86
77
53
43
54
59
42
9
-11
-13
-4
8
11
8
10
29
48
42
33
42
51
49
52
48
38
28
23
18
16
24
32
29
19
12
23
27
37
52
64
72
72
69
75
97
120
122
104
74
65
67
65
56
39
17
2
-1
-8
-24
-43
-55
-71
-74
-60
-57
-61
-54
-34
-28
-29
-18
2
16
22
35
49
45
35
28
26
29
53
71
66
64
70
74
75
75
82
86
81
72
75
87
109
116
104
91
87
93
107
107
85
66
53
42
27
21
28
24
13
4
-4
-11
-10
-2
-2
1
17
34
49
52
52
64
76
89
99
101
97
99
108
109
102
98
98
93
80
65
66
70
80
76
57
43
52
57
58
65
66
60
50
39
37
36
33
35
40
37
12
-8
-12
1
21
22
6
-4
0
3
1
-2
-7
-14
-10
8
22
37
40
25
10
21
51
72
89
91
67
41
42
75
100
87
64
50
57
66
53
42
44
43
35
19
13
33
55
57
39
26
37
49
43
33
16
12
29
42
41
33
27
50
73
75
64
43
29
35
50
58
60
42
20
17
28
38
50
57
64
69
76
93
116
118
106
106
117
134
155
165
148
113
88
96
118
121
107
85
69
71
71
64
53
56
52
4
-36
-38
-21
-13
-29
-40
-39
-36
-3
35
44
21
-19
-23
-4
16
32
28
22
23
33
55
75
87
85
73
56
45
43
43
48
55
59
60
40
22
27
34
26
27
55
77
57
34
37
48
42
38
29
23
21
13
19
18
9
22
49
73
84
75
67
74
86
87
93
101
97
102
112
105
84
69
65
75
100
108
108
106
100
88
80
80
89
89
70
44
34
26
13
8
2
-11
-12
0
9
3
-20
-21
4
12
5
1
-6
-7
0
18
34
41
39
36
57
91
102
83
66
67
75
80
68
65
71
71
67
67
70
81
75
66
60
66
66
69
67
52
41
53
55
38
22
7
2
10
25
24
1
-17
-21
-17
-20
-29
-21
2
7
7
11
5
3
5
10
11
13
27
40
25
10
13
17
8
5
4
10
35
65
75
76
86
102
92
68
59
72
81
81
75
75
84
76
58
