20
21
12
10
21
43
55
48
27
18
22
35
50
52
58
71
66
54
57
74
84
83
73
55
41
51
71
86
84
70
48
35
33
35
36
35
27
24
21
10
-3
-7
-5
-9
-8
5
27
39
28
9
4
20
38
36
12
-4
-10
1
8
9
23
49
70
74
70
76
97
112
107
97
97
105
120
137
141
133
116
107
107
102
102
107
100
73
50
50
50
33
7
-2
-1
-11
-27
-22
-7
7
6
1
10
29
39
44
42
33
24
27
37
37
26
19
23
39
69
100
116
113
101
117
153
176
166
135
104
105
119
123
123
120
106
92
72
54
48
41
17
-7
-21
-20
-4
-4
-33
-51
-51
-44
-46
-55
-55
-51
-50
-49
-33
-8
2
3
8
8
7
26
64
80
53
41
57
67
64
66
71
66
64
77
89
103
124
145
155
152
128
103
87
92
129
152
144
108
82
74
90
102
88
59
27
3
-3
-3
-18
-37
-37
-20
6
26
21
11
16
12
6
-3
3
27
37
25
20
20
11
-5
-5
7
11
10
20
38
54
71
81
86
99
114
123
147
171
156
113
84
69
56
60
74
90
106
114
96
70
60
65
59
45
36
24
20
22
16
0
-20
-41
-69
-72
-41
-13
-7
-18
-28
-28
-4
12
5
-7
-2
19
38
40
37
53
77
88
90
89
86
85
92
103
109
114
104
85
74
85
101
98
73
58
58
58
55
66
67
50
36
32
40
52
50
36
9
-4
8
18
12
16
19
13
5
2
-3
-1
6
4
-8
-19
-10
11
33
36
27
21
32
42
59
82
99
103
90
87
82
64
50
55
66
60
54
38
22
23
35
39
51
67
67
53
54
76
80
53
35
37
50
49
22
-5
-19
-18
-12
-12
-10
7
38
59
64
64
52
25
26
67
115
134
128
113
96
86
83
81
70
55
48
50
67
81
74
68
65
64
68
75
83
86
91
96
92
81
73
80
82
72
69
80
85
76
70
53
37
26
24
22
12
8
12
17
23
34
23
9
8
10
26
55
70
61
59
65
54
44
38
27
17
5
-1
4
18
34
40
38
38
37
25
13
19
40
50
39
20
3
6
22
24
10
-4
-2
11
21
18
25
28
34
36
26
12
22
40
56
49
37
36
45
66
83
100
105
98
100
117
120
113
88
65
61
75
83
83
77
65
48
37
28
18
5
9
24
23
7
-5
-13
-9
-1
16
26
33
57
70
57
41
37
34
35
42
55
71
81
92
114
118
108
103
104
113
124
134
129
115
104
82
60
58
70
87
83
59
40
38
32
11
3
4
16
19
19
13
16
32
40
34
24
37
40
29
18
21
27
25
25
22
3
-2
10
28
45
41
26
33
50
67
80
77
71
60
68
87
97
104
122
144
163
179
185
178
164
147
118
77
49
36
32
25
27
25
11
-9
-34
-51
-51
-44
-36
-33
-22
-23
-38
-42
-42
-44
-46
-42
-33
-9
16
35
33
9
1
5
17
41
60
64
57
72
106
121
129
134
140
156
194
228
236
229
219
218
212
181
140
116
101
84
54
20
-5
-22
-33
-38
-40
-44
-59
-77
-98
-116
-121
-106
-84
-71
-70
-74
-77
-66
-42
-29
-21
-9
6
36
58
66
72
90
104
112
120
128
138
161
188
203
198
197
203
212
225
232
218
182
150
144
154
161
140
119
103
84
71
69
66
43
2
-37
-46
-38
-38
-59
-85
-100
-107
-116
-113
-103
-97
-92
-98
-103
-108
-106
-91
-69
-57
-55
-55
-43
-23
3
17
12
22
53
83
88
82
86
97
92
81
88
115
132
145
147
136
114
97
96
93
74
54
42
36
18
8
2
-13
-24
-4
24
28
10
-5
-9
-2
5
9
13
11
20
28
38
26
-7
-25
-11
11
22
27
33
22
20
48
84
100
103
107
102
104
132
153
154
149
146
138
131
129
139
146
134
117
108
92
69
49
41
41
41
48
51
38
18
13
17
-13
-55
-76
-91
-88
-68
-56
-51
-38
-18
-3
-4
2
10
13
27
36
37
38
52
74
88
101
103
91
88
99
114
129
136
132
132
135
140
137
119
106
98
91
90
99
106
106
103
102
102
91
75
59
42
27
24
25
19
8
7
11
18
8
0
-4
-1
-3
-14
-14
3
5
-9
-21
-24
-14
1
6
-4
-6
9
27
39
40
36
36
35
34
43
65
84
99
96
84
76
81
96
103
98
83
57
48
50
59
67
57
44
38
35
29
17
-4
-13
-5
11
21
26
48
64
52
34
24
28
39
52
51
39
21
34
64
81
92
100
89
83
91
97
87
76
72
74
75
70
65
65
70
74
72
72
74
76
76
73
69
51
21
3
0
1
-1
-17
-39
-53
-38
3
34
36
32
27
42
64
58
34
9
10
42
71
77
64
44
40
48
49
39
27
26
40
53
67
67
65
81
80
48
24
28
42
53
70
88
86
54
33
36
49
49
43
50
55
52
52
61
74
85
85
69
43
34
39
53
67
70
64
52
44
36
17
-4
-5
9
25
35
27
25
33
43
55
65
66
60
55
55
55
57
53
38
22
13
11
9
10
12
11
22
28
27
18
10
10
16
20
11
-4
-12
-11
-5
-1
12
21
25
33
41
51
55
61
68
68
71
70
69
67
65
65
72
77
80
76
80
81
71
64
55
49
35
24
35
44
54
51
38
24
24
35
48
53
50
44
40
41
36
24
32
56
80
89
83
71
65
60
60
55
44
42
66
90
97
102
119
123
113
113
121
124
118
105
91
71
66
105
139
128
99
86
98
122
138
133
93
52
55
88
107
106
92
76
67
65
75
72
56
41
32
16
10
26
48
56
44
28
35
57
74
73
65
56
60
51
32
27
32
36
39
45
45
34
33
50
70
81
73
56
49
54
66
80
73
48
24
12
4
-3
-5
-1
7
-1
-5
2
3
-1
-8
-29
-52
-52
-41
-39
-41
-43
-51
-40
-13
0
16
45
66
59
36
12
16
32
48
52
40
33
41
49
54
71
86
83
75
74
80
83
88
89
77
57
71
97
87
55
42
36
23
19
19
21
26
41
67
80
75
58
42
37
42
57
67
56
42
54
72
84
86
86
96
91
73
51
58
76
69
55
40
25
22
44
60
57
56
69
81
86
80
67
64
64
66
60
52
64
77
74
53
21
6
7
19
33
34
25
11
-5
-21
-12
12
35
25
5
11
40
53
53
33
13
26
54
71
72
65
67
69
68
71
87
106
112
96
84
91
104
117
122
131
136
137
123
105
96
84
66
60
57
50
37
21
1
-1
4
-8
-24
-26
-33
-29
-18
-5
-2
1
17
24
25
26
26
20
17
27
26
9
-2
-3
6
19
26
28
27
32
40
53
74
83
77
75
84
98
105
104
103
96
77
65
53
51
58
67
67
66
60
64
75
70
52
28
5
7
20
28
40
41
19
-9
-38
-57
-49
-25
-7
-6
-3
11
17
4
-4
-6
-12
-18
-10
7
27
39
52
72
84
65
48
55
73
97
105
104
97
97
105
108
103
112
119
120
117
115
104
85
64
39
29
48
57
52
38
33
38
58
67
54
29
9
13
36
51
37
19
6
-2
5
26
45
54
42
32
33
27
11
5
20
55
80
70
60
83
113
112
98
96
100
100
97
89
90
93
96
88
74
59
44
44
59
58
34
12
20
36
45
49
34
12
22
44
64
49
21
5
5
13
22
23
25
29
22
9
7
18
25
28
26
27
35
38
38
45
58
60
67
83
86
73
70
80
67
39
38
50
60
56
29
12
9
12
27
42
43
44
49
56
65
57
55
58
56
55
56
57
58
60
68
65
55
44
42
40
51
80
87
77
66
64
65
69
55
40
38
44
43
35
38
44
37
34
32
40
52
48
51
72
87
84
64
40
32
35
43
37
21
25
43
59
68
72
67
38
5
-8
2
32
49
43
33
38
56
72
77
65
37
20
35
52
44
33
42
60
60
39
27
42
57
57
56
66
74
80
74
52
26
16
20
22
20
7
1
8
18
12
10
13
2
-17
-22
-12
4
11
7
10
18
13
19
40
57
58
54
60
82
86
66
48
49
65
67
54
41
40
65
96
109
103
97
100
106
113
107
98
85
86
103
116
103
69
29
17
37
54
53
43
39
44
52
48
39
32
34
25
22
33
43
42
40
37
36
41
36
28
38
50
44
41
48
56
58
66
54
38
35
54
85
105
113
108
97
71
39
25
32
25
20
19
6
-11
-27
-27
-10
-9
-20
-33
-25
1
18
18
1
-6
2
4
6
24
44
61
72
80
82
86
92
90
71
50
38
42
67
80
69
58
69
97
107
96
80
70
72
90
92
81
80
83
75
64
38
12
5
8
2
-9
-17
-20
-11
5
32
52
43
34
38
49
51
50
51
58
65
56
60
83
89
72
57
57
69
81
72
71
77
73
54
36
35
45
43
32
26
26
34
49
58
49
35
32
36
38
28
19
12
9
9
11
19
40
58
49
19
1
3
11
21
16
-17
-38
-35
-9
20
39
35
20
22
36
57
87
98
85
65
56
57
69
72
65
41
22
17
28
56
81
96
104
102
96
93
84
66
44
17
1
5
8
4
0
3
17
22
9
2
0
-7
-9
-3
8
7
3
7
11
20
40
69
80
85
100
104
105
122
135
139
133
118
104
101
105
117
128
129
131
125
112
101
102
115
123
112
96
81
81
83
71
58
51
48
40
34
35
35
19
3
2
3
3
11
19
16
12
21
23
12
6
7
13
22
26
24
8
-10
-5
27
65
80
66
44
48
60
71
89
104
92
71
68
84
97
104
109
101
84
66
60
57
61
84
93
73
36
10
1
3
11
17
10
6
7
5
5
8
7
-2
-9
-5
-9
-7
8
11
21
44
70
61
36
27
36
39
45
65
84
87
85
89
99
98
85
80
65
35
9
18
36
40
37
33
26
16
16
25
28
6
-18
-13
10
27
27
33
34
25
8
8
22
29
18
7
21
54
67
51
29
22
25
41
55
58
67
69
56
53
59
71
77
85
92
96
81
56
52
74
81
65
51
56
69
69
57
54
49
38
26
23
34
26
6
9
35
43
37
29
22
36
66
84
81
66
60
76
97
109
114
109
105
100
99
99
98
100
106
119
117
97
80
73
86
105
118
116
105
98
92
88
85
69
64
64
56
64
72
66
43
18
-5
-19
-17
-14
-26
-36
-30
-36
-37
-14
9
20
16
16
25
42
42
26
23
33
42
51
54
53
58
83
105
115
108
99
97
92
87
85
97
112
116
104
82
81
77
74
83
81
68
55
51
52
43
29
24
23
21
10
1
-3
-3
-7
-21
-30
-19
-8
-6
-2
-8
-26
-38
-34
-8
21
35
43
53
52
59
97
124
133
132
112
89
88
101
104
97
87
100
113
107
117
128
116
105
97
71
45
25
22
36
55
57
37
16
12
27
52
52
36
24
23
24
19
8
11
26
37
28
9
0
5
23
43
48
32
37
74
115
129
116
92
83
85
76
60
56
59
60
70
87
81
55
36
37
60
73
61
48
38
42
50
53
38
19
11
4
-11
-7
0
-12
-25
-33
-38
-41
-38
-35
-35
-29
-17
-8
-7
-4
-2
2
20
35
32
26
42
55
55
64
71
74
70
67
65
72
93
120
129
114
96
90
98
97
86
80
80
87
80
53
32
28
26
17
21
42
57
44
34
37
37
36
27
19
9
3
9
12
-1
-14
-23
-29
-26
-19
-8
0
9
17
21
34
52
68
70
66
69
80
84
89
104
119
124
114
92
81
76
75
80
77
61
41
27
24
25
19
18
23
24
20
11
7
22
35
44
61
70
59
43
34
27
24
17
12
11
22
29
21
11
17
19
17
6
0
7
34
61
75
71
61
64
83
91
88
81
66
60
70
83
66
32
18
22
37
33
17
19
36
40
33
28
21
3
-8
17
57
64
50
48
64
75
82
96
117
125
114
97
86
99
116
114
101
77
52
38
59
82
89
87
83
70
60
67
82
97
87
67
57
70
69
45
37
43
38
25
18
17
16
8
-3
-9
-11
-12
-10
4
12
5
1
6
21
23
7
-9
-5
6
27
53
65
65
64
53
44
60
82
72
49
42
64
91
115
102
64
44
54
66
76
76
49
19
11
21
40
64
75
72
60
53
69
92
109
116
97
61
54
55
56
56
48
33
18
5
-2
4
19
32
38
38
20
-4
-5
23
54
67
66
65
76
86
81
72
60
53
57
55
57
75
85
75
76
88
102
107
101
91
92
92
83
66
52
61
77
81
76
80
74
57
45
56
65
61
64
66
61
52
37
21
11
19
24
11
-2
-12
-3
25
49
55
50
44
50
57
73
98
105
91
72
58
45
38
56
87
104
99
96
98
115
123
103
72
55
41
36
39
44
42
24
19
22
19
16
20
36
54
68
64
51
48
44
38
39
53
66
66
56
54
70
80
74
76
71
52
39
39
38
28
17
11
17
19
8
2
2
19
39
40
16
-7
-3
7
7
-1
-4
1
6
9
12
13
26
35
40
48
51
53
52
57
64
48
38
41
36
25
32
44
56
66
65
57
55
54
55
60
67
60
40
20
5
0
4
19
28
21
2
-4
6
16
11
-11
-22
-20
-20
-20
-3
5
-2
-2
4
1
4
21
35
39
44
49
36
24
27
35
38
49
59
55
49
56
69
66
49
49
72
84
85
86
90
98
102
98
86
73
65
69
90
92
66
40
43
58
59
51
43
39
44
57
57
54
54
51
53
50
39
32
33
36
50
54
43
37
33
21
16
34
65
82
71
54
51
59
68
73
81
81
73
59
50
52
57
75
83
67
60
54
24
3
9
11
-4
-20
-18
-3
11
32
41
42
38
36
48
56
51
40
29
22
18
17
25
34
49
72
87
80
58
56
66
76
85
84
82
86
85
81
89
98
98
103
113
107
89
73
68
64
60
68
57
16
-18
-18
2
17
20
18
16
17
12
4
-9
-12
1
11
21
17
16
21
23
21
20
26
33
33
35
41
59
86
103
104
90
87
86
82
89
92
97
99
99
100
97
93
97
92
82
74
70
64
61
68
70
55
38
32
32
39
35
33
25
-3
-25
-36
-24
-11
-13
-26
-26
-18
-1
6
0
-2
5
3
-20
-28
-12
1
5
18
28
36
41
48
49
59
73
81
76
70
73
82
90
105
117
130
144
138
128
120
120
133
137
135
124
102
88
90
96
100
104
84
53
54
71
80
83
75
70
69
67
56
40
18
-4
-4
16
33
34
28
41
71
80
66
53
44
41
43
51
59
58
49
42
53
83
100
85
58
51
54
61
65
52
48
43
37
32
25
25
28
16
-14
-38
-38
-24
-5
8
11
12
8
6
16
25
33
36
37
39
45
45
42
52
57
56
49
54
65
61
65
67
70
76
81
81
71
57
60
67
66
73
82
82
71
54
39
36
40
38
29
17
10
9
3
-6
-13
-19
-23
-37
-40
-30
-14
1
13
18
22
21
28
43
57
54
44
50
60
74
76
73
80
90
90
87
88
90
87
85
87
99
117
121
114
100
88
67
48
34
18
16
18
21
20
7
-4
-21
-18
6
10
1
-4
-8
-18
-23
-23
-10
4
7
-7
-17
-13
-6
1
6
19
36
43
49
54
54
44
52
64
69
76
89
102
101
107
130
133
106
82
89
114
123
122
107
85
69
66
69
57
42
34
20
8
7
10
10
3
-7
-9
-1
1
-6
-5
9
21
22
20
16
13
23
37
42
36
41
54
65
65
60
61
65
68
66
65
65
57
64
66
68
70
54
37
37
50
72
75
65
52
48
52
64
81
88
71
39
25
21
17
12
17
16
8
5
10
21
29
22
8
20
32
34
40
44
41
48
58
76
88
85
81
84
96
91
74
68
69
74
84
74
67
67
66
71
76
70
68
72
83
82
70
68
72
71
69
65
49
32
17
19
17
2
-3
-4
-4
5
11
11
7
5
10
12
5
0
2
2
4
8
10
10
21
26
20
24
32
40
69
103
119
117
100
85
93
107
103
86
80
82
88
96
87
58
26
12
25
40
41
42
57
72
70
55
39
32
33
25
20
20
26
25
24
29
26
10
17
42
58
45
38
43
55
60
68
68
74
90
97
90
89
97
96
97
96
91
91
99
105
105
97
97
90
81
81
87
85
80
80
71
60
52
40
34
41
51
45
42
44
40
27
21
33
42
45
50
55
49
25
22
36
56
74
72
59
54
58
65
67
67
69
72
76
83
76
72
73
83
99
108
109
97
75
66
65
64
44
35
48
49
36
26
35
44
41
23
0
-9
-4
7
16
17
9
1
-2
3
-2
-7
-3
8
20
27
23
11
2
6
21
34
51
66
67
74
87
98
99
92
99
100
83
58
67
91
91
77
77
82
66
39
32
35
43
42
27
23
18
11
10
8
8
19
27
18
1
-13
-9
4
3
-19
-36
-21
1
-7
-29
-37
-28
-19
-12
-5
6
18
29
40
59
82
100
105
101
102
119
140
139
113
98
104
116
106
91
84
86
93
108
119
116
99
85
75
72
65
51
27
5
4
18
25
11
-11
-22
-22
-19
-20
-17
-9
-4
-4
-11
-10
7
22
26
26
32
36
41
49
55
76
106
123
123
121
124
120
108
89
69
61
66
66
56
41
18
8
25
38
34
20
20
39
40
20
17
34
49
44
34
33
41
42
32
17
13
25
28
18
5
8
28
51
49
32
16
3
-1
7
22
40
56
72
88
101
93
74
67
68
58
51
56
68
81
88
88
81
67
54
52
49
41
44
50
50
56
72
85
75
58
51
39
24
11
-3
-11
-12
-10
-8
-4
2
6
22
36
38
33
37
52
61
66
61
56
53
48
56
74
87
101
103
101
99
87
75
70
71
80
83
80
71
57
40
29
34
25
18
20
22
27
32
27
16
1
0
8
26
41
45
28
5
8
26
32
32
26
24
35
49
54
60
73
90
103
104
101
98
91
83
68
75
92
91
87
87
77
66
69
73
64
54
55
59
55
39
25
28
38
33
17
-2
1
33
53
33
12
8
7
8
10
12
10
7
3
8
32
51
56
54
50
59
83
103
118
121
117
109
107
103
99
93
91
91
96
97
87
74
76
85
86
71
43
26
34
44
50
48
19
-10
-10
5
16
10
7
6
6
10
12
13
16
20
26
38
56
71
72
60
66
73
75
73
64
65
80
90
92
91
96
107
119
120
112
100
98
102
108
116
125
132
121
116
117
116
100
85
84
71
48
22
1
-9
-9
-17
-24
-36
-42
-28
-10
-1
-6
-4
8
22
25
36
51
54
53
56
56
59
59
64
80
96
104
102
98
100
108
122
121
102
93
102
97
75
59
58
67
66
57
54
53
45
43
40
29
22
18
7
-6
-19
-24
-33
-33
-25
-21
-5
8
4
-17
-37
-44
-36
-6
24
44
53
55
60
69
72
81
90
105
115
114
107
101
91
99
104
93
86
88
99
93
75
64
64
57
57
67
75
68
42
28
19
4
-4
2
3
-8
-27
-40
-27
-7
1
2
-2
-17
-27
-19
7
24
19
10
16
28
37
32
20
21
41
57
72
87
101
107
115
114
116
128
122
114
112
116
124
120
106
99
103
102
85
75
82
89
87
75
56
37
28
34
26
19
16
17
10
0
-6
-9
-5
0
2
-1
-5
5
22
36
37
28
24
21
24
36
42
39
37
36
37
52
68
86
112
118
112
105
104
122
150
157
147
141
145
138
120
107
108
103
82
55
37
29
32
28
26
27
26
22
6
-18
-38
-45
-43
-34
-29
-25
-17
-10
-20
-18
-2
21
27
16
2
0
0
1
6
11
27
56
74
72
69
80
88
88
87
90
98
105
105
107
117
122
123
122
116
100
85
67
54
48
40
39
39
29
10
2
2
2
-4
-9
-11
-22
-37
-41
-25
-11
-22
-37
-37
-39
-51
-44
-20
-4
-2
-11
-18
-9
6
25
35
48
67
74
72
74
82
98
118
119
100
90
92
96
84
68
53
44
49
45
44
45
38
38
67
87
74
54
50
48
43
37
24
16
17
23
43
55
42
35
35
27
27
35
42
38
21
6
3
12
29
45
51
53
52
48
64
90
102
86
74
84
97
105
108
97
80
73
66
43
20
0
-2
17
27
32
39
50
55
56
56
59
58
59
50
27
28
40
50
55
55
48
27
24
26
26
32
39
51
67
83
89
90
90
83
75
67
59
58
57
58
55
56
59
64
73
97
116
108
91
84
74
71
72
65
54
54
60
56
38
20
18
25
32
24
22
27
48
58
68
64
53
57
68
60
34
16
24
35
28
28
34
26
22
24
41
65
85
99
91
80
80
88
92
73
41
29
32
35
36
33
35
39
40
35
25
19
19
22
32
38
51
55
50
43
41
55
70
65
41
25
22
32
38
34
16
0
-8
-4
12
35
39
25
18
20
34
52
71
91
107
117
117
108
91
60
38
44
60
75
81
74
71
59
40
27
21
19
12
17
27
28
11
2
3
10
10
8
25
43
48
48
48
35
18
8
8
18
19
6
1
10
19
22
23
25
36
34
33
53
81
101
108
108
103
88
84
75
61
70
83
75
65
53
45
45
49
53
56
48
43
54
57
39
22
26
44
55
49
42
44
49
42
49
68
75
57
44
48
59
70
68
43
21
9
28
49
53
68
81
70
60
68
76
82
82
74
76
92
98
85
72
70
61
51
39
40
44
36
37
52
52
38
26
51
82
100
128
150
139
107
96
103
106
91
68
48
44
51
56
67
71
68
57
43
49
58
54
51
59
68
64
52
52
58
50
34
25
21
9
-2
1
17
26
18
-3
-5
1
-3
-6
-4
-3
-4
-1
6
9
12
16
13
12
13
20
24
37
49
52
72
93
105
116
120
120
120
124
146
161
163
152
133
115
104
90
72
65
65
55
44
42
44
42
41
38
24
5
4
17
17
8
10
11
7
-1
-8
-3
6
13
16
6
6
24
38
48
43
35
27
27
32
43
66
72
57
41
37
41
44
34
22
40
81
106
101
80
72
69
60
59
64
64
70
86
89
76
60
51
33
9
1
13
36
41
42
48
50
49
43
49
77
89
52
18
18
41
56
56
49
32
18
4
-10
-21
-24
-33
-53
-69
-61
-44
-33
-27
-25
-23
-17
16
44
53
59
70
89
113
123
106
80
59
57
66
72
82
92
98
93
88
86
88
89
82
70
68
72
68
54
42
40
49
53
57
60
66
61
57
66
91
115
92
58
44
51
61
71
74
67
50
36
25
17
11
12
17
8
-11
-28
-37
-34
-22
-23
-34
-38
-34
-13
-8
-21
-30
-22
-9
-19
-30
-19
5
19
19
21
36
44
43
40
45
51
52
60
77
87
85
83
82
73
74
76
67
56
53
55
51
42
40
49
58
64
67
60
58
70
83
86
67
37
8
-2
3
11
20
18
12
16
13
18
24
23
12
12
19
20
24
25
21
28
33
22
29
44
61
76
82
83
99
113
128
138
139
141
139
128
117
115
123
136
129
103
90
103
115
99
81
75
67
61
72
89
89
67
42
38
41
50
51
33
24
29
33
22
17
22
22
11
8
12
22
34
29
22
13
12
26
40
37
21
7
-3
-10
-14
-18
-14
-13
-19
-13
-1
11
12
8
9
3
-5
2
9
12
12
16
19
11
10
24
28
23
24
28
18
7
25
39
40
38
34
35
44
53
42
21
17
36
41
36
37
43
44
50
49
48
65
92
99
97
106
123
136
145
145
139
130
113
102
103
116
117
105
89
74
71
81
73
64
70
84
100
114
114
107
112
118
121
123
116
86
67
75
81
55
26
12
25
49
50
38
21
16
23
27
26
34
42
49
53
59
80
113
120
104
88
81
81
76
74
67
53
42
37
40
42
37
27
26
29
29
27
29
40
57
76
87
84
76
84
85
73
58
36
23
34
34
34
35
33
26
17
21
40
49
35
28
48
74
86
85
83
72
70
81
106
122
121
120
118
120
115
99
85
74
71
74
70
57
38
24
21
28
33
20
5
10
19
7
-1
11
20
4
-23
-21
-8
-11
-28
-50
-53
-44
-50
-53
-45
-25
-3
7
20
23
20
24
48
71
86
99
118
138
133
119
112
114
122
139
154
166
168
151
124
112
116
121
114
104
103
97
85
74
60
42
22
