17
5
3
9
16
13
8
-5
-17
-14
-22
-38
-36
-29
-37
-28
-27
-22
-3
17
27
26
23
16
9
5
11
21
7
-9
-1
26
48
36
10
10
18
22
32
26
16
26
53
72
77
71
65
65
53
21
1
3
4
-3
-7
5
16
11
17
24
24
33
55
80
84
74
70
84
90
96
83
48
37
64
71
57
33
25
37
20
-6
-14
3
20
5
-2
19
35
38
39
40
75
106
101
85
75
70
68
60
52
59
68
69
74
72
61
68
74
81
77
75
76
83
89
74
56
57
74
85
71
48
52
81
98
96
84
73
64
60
70
71
53
24
7
7
16
22
33
21
16
29
43
44
36
23
35
51
28
-5
-8
18
24
10
-1
17
49
64
55
48
50
64
74
67
52
59
73
74
70
71
67
39
5
1
24
27
4
-12
1
17
26
33
51
76
70
42
33
48
69
88
87
73
65
69
72
57
44
48
51
42
27
37
71
96
82
39
12
21
54
66
51
43
55
73
76
68
65
66
52
41
48
67
84
72
44
36
29
19
11
12
13
7
-11
-14
-2
16
16
10
10
11
10
4
5
21
34
45
48
38
45
68
73
73
76
85
93
98
99
92
86
90
97
101
100
106
122
149
156
145
130
115
96
83
74
67
58
52
55
55
33
1
-11
-22
-33
-34
-22
-8
-2
3
6
25
52
59
44
20
1
4
7
3
17
35
28
10
12
35
53
72
81
73
67
53
64
90
99
84
58
49
49
42
37
32
38
49
28
12
23
40
40
26
16
-1
-8
0
9
7
2
26
52
36
11
7
16
24
37
41
28
24
39
58
70
68
55
48
52
69
75
77
82
74
66
74
88
91
81
65
59
72
92
93
84
86
81
59
54
65
75
76
57
33
29
42
39
27
32
32
32
37
36
23
12
10
19
22
32
49
55
58
45
20
22
57
83
74
73
101
120
132
139
154
164
161
160
164
156
132
114
121
132
113
67
25
42
80
92
89
80
51
26
26
27
24
5
-11
-11
2
23
33
12
-14
-22
-2
5
-3
-18
-24
-23
3
37
42
20
-5
-20
-29
-38
-36
-38
-36
-33
-14
10
25
37
41
40
43
52
41
28
54
82
70
42
34
42
51
43
39
25
7
12
22
17
1
-4
2
1
-3
-8
-7
0
4
8
17
20
13
18
40
53
37
26
25
32
44
53
67
64
52
53
57
70
68
67
72
70
67
71
73
72
64
54
60
72
68
60
67
81
90
104
117
117
96
76
80
90
92
92
73
49
54
66
68
74
84
72
51
37
18
6
4
22
50
59
45
32
38
65
81
65
50
51
73
108
136
138
102
60
50
59
66
52
28
39
70
88
89
80
73
88
108
100
74
69
82
92
85
70
50
40
56
81
104
128
134
114
80
73
99
105
96
93
88
72
72
105
119
105
89
84
82
73
55
23
8
26
25
4
-9
-11
-10
-28
-51
-67
-84
-87
-74
-49
-21
-5
-7
-20
-25
-18
-12
-18
-18
-10
-11
-18
-19
-5
1
-4
-17
-20
-19
-9
-5
-6
8
28
45
74
91
88
71
60
56
50
39
33
26
32
34
28
41
58
64
67
74
83
91
86
73
70
69
53
32
25
38
52
58
53
42
48
53
51
42
41
37
29
21
26
59
99
92
45
9
7
32
54
48
19
-3
1
25
52
56
43
22
2
5
28
52
49
24
4
0
9
8
-1
-6
-4
-2
-2
-4
0
2
8
13
3
-17
-4
28
64
77
58
43
59
83
85
69
48
38
50
83
116
114
84
73
74
80
93
100
91
97
99
88
68
54
67
85
103
91
70
57
65
67
59
39
20
2
4
7
-13
-29
-33
-42
-41
-35
-38
-52
-54
-28
-7
-2
6
32
56
56
37
20
26
37
41
44
43
59
76
70
59
54
54
60
57
52
52
74
102
97
64
49
53
70
77
71
75
86
76
50
33
32
32
28
17
4
2
3
16
5
-3
-2
6
20
22
26
55
93
109
93
74
65
66
83
76
40
11
32
77
84
52
33
42
48
45
64
89
92
67
52
70
107
123
100
76
74
75
69
64
72
80
80
85
88
66
34
13
10
33
52
53
50
52
67
87
101
114
124
118
106
107
133
160
165
151
151
160
151
134
131
123
115
116
118
113
117
124
118
102
85
53
24
13
12
19
13
-4
-20
-27
-29
-52
-85
-89
-73
-57
-45
-53
-61
-51
-42
-41
-34
-19
-11
-11
-11
-9
-3
8
26
16
-12
-10
21
53
56
40
41
71
97
103
107
107
104
99
84
64
53
65
77
74
66
66
65
50
35
22
26
40
37
26
7
2
0
0
4
0
-4
-5
-9
-11
-2
10
6
-6
-11
-13
-5
22
39
33
22
24
33
50
69
92
104
90
80
96
125
130
107
104
122
139
146
138
133
144
136
123
131
138
134
119
104
92
75
64
56
41
23
25
66
115
120
74
28
25
71
113
105
88
101
118
116
108
118
117
107
99
89
75
65
45
34
39
52
53
48
55
80
97
91
66
34
25
27
16
7
36
61
66
55
56
55
40
36
48
42
26
9
-3
-20
-18
5
25
33
32
23
22
36
56
69
73
64
57
66
76
82
72
49
23
18
24
28
24
8
-10
-9
10
23
22
22
39
74
92
65
26
19
37
49
40
33
26
28
38
37
24
19
18
11
-2
-12
-14
-6
12
24
5
-20
-18
6
22
8
-13
-36
-23
4
24
23
1
-24
-24
2
8
6
22
44
59
69
75
81
87
84
65
61
83
81
55
38
49
64
43
13
2
-6
-3
9
12
13
25
27
16
8
18
17
4
-7
-24
-26
-19
-7
-10
-13
-18
-29
-24
-2
10
9
12
32
37
38
41
55
87
119
120
113
105
93
88
93
104
117
131
130
114
118
125
116
88
82
90
92
77
51
37
40
40
23
4
-8
-23
-38
-40
-37
-26
-10
-10
-10
2
11
19
27
50
65
65
67
59
60
80
90
105
117
119
114
114
131
147
150
136
129
128
129
124
121
128
130
121
115
101
96
106
104
97
92
84
66
60
67
73
70
57
34
-5
-43
-45
-6
27
37
25
-1
-11
-2
2
4
-4
-18
-13
-5
7
22
43
69
66
52
56
73
75
71
65
54
50
57
77
89
100
114
124
122
123
134
149
141
117
103
103
97
81
74
72
44
12
-7
-20
-23
-25
-28
-43
-38
-19
-10
-12
-11
5
20
-5
-54
-74
-36
10
24
13
21
40
35
29
57
87
100
107
118
134
147
140
120
92
81
86
85
81
80
81
67
53
67
91
84
42
24
41
71
91
82
58
56
76
98
98
69
25
2
-2
10
35
44
27
20
41
70
65
39
17
1
-14
-12
20
59
70
67
87
118
129
113
98
88
100
128
150
133
101
97
109
102
56
17
10
26
60
74
61
49
51
70
85
60
18
12
50
83
80
40
4
-8
-4
9
19
19
10
10
21
36
36
20
13
16
11
20
35
53
61
53
45
43
52
68
55
35
29
39
33
8
-3
-6
-12
-21
-21
-13
-14
-33
-52
-59
-49
-34
-21
-9
-9
-10
-12
-18
-9
9
19
25
38
40
29
19
12
8
8
17
25
35
37
43
50
54
57
60
65
73
83
82
83
88
103
115
114
103
102
98
81
55
33
21
37
57
51
45
41
25
6
-4
-11
-22
-35
-42
-25
4
18
8
-3
1
19
40
58
56
48
37
27
27
41
60
67
55
42
44
50
37
19
13
23
38
53
56
44
38
53
81
87
60
39
57
91
91
66
51
53
52
39
24
20
27
32
18
4
-20
-20
7
11
-9
-7
17
36
28
9
7
5
-1
4
22
34
28
24
27
26
40
56
60
53
38
32
34
55
120
162
146
112
91
113
136
135
130
129
98
72
83
121
149
135
104
87
86
89
104
139
141
113
99
102
101
92
81
64
45
53
86
100
86
65
41
23
25
42
67
77
75
69
69
70
74
86
84
75
70
67
71
71
66
64
61
43
28
35
51
61
43
2
-18
-10
3
12
12
-3
-7
-4
-21
-27
-10
18
35
36
33
22
17
10
-4
-14
-4
16
18
-5
-17
2
23
22
0
-27
-44
-24
23
68
82
82
82
84
84
81
76
70
67
75
96
107
103
96
97
82
50
40
51
57
58
65
68
64
61
68
75
69
55
51
44
32
24
37
58
76
91
91
84
68
65
76
72
52
32
24
38
40
16
-6
7
37
53
50
37
40
49
48
37
33
36
32
8
-17
-22
-7
3
-1
1
7
2
12
35
39
26
12
11
21
24
23
33
39
50
74
92
80
60
64
60
58
53
44
54
59
56
65
70
64
48
49
59
70
73
85
101
91
74
67
65
55
33
22
40
38
-5
-49
-34
9
1
-30
-21
17
43
43
33
26
28
37
59
65
43
42
64
73
74
76
85
90
93
96
92
96
101
90
73
75
88
96
107
128
132
133
128
105
92
84
64
40
52
82
80
66
55
40
34
23
2
-6
-25
-51
-56
-44
-42
-60
-67
-45
-12
4
11
10
7
3
3
17
32
18
-7
-21
-7
10
20
21
29
52
59
44
27
20
35
60
76
84
92
108
115
109
104
96
80
66
55
44
25
6
9
24
13
0
4
26
28
28
22
3
-13
-18
-8
4
21
26
3
-12
5
29
38
50
65
71
81
91
101
103
96
75
65
74
92
112
116
112
117
124
113
99
107
136
154
141
121
118
132
151
152
118
99
106
105
90
71
58
49
44
35
19
7
2
3
13
27
52
52
44
56
68
58
42
26
18
19
23
21
25
34
54
81
98
99
90
80
66
54
50
54
59
55
67
86
86
66
45
27
19
20
18
3
-3
6
26
45
50
19
-13
-27
-14
2
-5
-38
-56
-50
-40
-33
-19
0
7
-7
-25
-23
-18
-2
12
25
38
56
80
104
115
98
77
70
69
77
101
128
148
148
121
103
105
105
91
73
51
48
45
39
34
20
3
4
0
-9
-11
-28
-39
-25
-9
-17
-21
-9
1
6
2
-1
0
-3
-6
-11
-23
-21
2
40
68
68
70
76
93
117
123
128
133
145
145
122
106
104
102
93
81
69
75
81
71
55
54
53
35
20
12
7
10
17
20
9
2
5
4
-9
-20
-28
-28
-13
-6
-14
-39
-52
-49
-39
-22
4
22
19
12
35
65
82
85
90
85
58
55
88
112
117
125
117
105
91
75
67
74
86
76
75
97
109
93
58
41
56
71
71
49
27
42
68
75
80
85
82
59
45
42
42
41
53
60
71
88
87
57
40
58
81
86
73
49
29
33
48
64
83
97
100
101
108
121
128
106
74
50
49
56
65
76
82
73
60
55
67
66
64
52
38
41
51
44
19
-6
-23
-26
-17
-9
-17
-23
-27
-30
-29
-27
-33
-30
-23
-4
22
36
37
28
12
3
16
33
41
56
73
77
65
51
48
33
12
-6
-9
5
9
10
20
25
37
45
48
51
59
57
37
23
22
23
33
44
43
36
40
42
27
19
8
8
6
8
20
24
29
33
40
66
80
71
64
71
83
93
93
81
86
96
101
96
75
64
76
92
80
42
23
18
9
2
7
20
35
39
29
12
8
3
3
12
26
43
41
28
38
58
69
66
59
59
50
40
38
43
64
69
61
82
101
100
99
98
107
113
99
90
105
104
89
87
104
118
106
83
81
103
121
117
107
103
102
98
81
58
66
88
96
66
28
36
68
112
135
147
151
134
112
105
100
81
72
73
76
72
64
66
72
65
44
29
24
26
27
51
86
105
102
98
81
52
39
49
51
39
18
0
-6
-22
-42
-46
-24
2
-4
-23
-13
21
38
29
35
42
42
49
55
58
67
67
64
52
49
64
86
90
80
54
27
24
37
29
7
8
28
51
61
69
89
90
48
7
5
35
66
57
33
22
25
37
52
51
51
49
40
32
34
52
58
41
22
21
29
41
50
48
39
37
39
39
40
48
49
41
36
36
43
54
50
25
4
-7
-10
-1
20
25
16
19
33
36
41
38
36
37
20
2
16
38
39
5
-20
-22
-27
-26
-22
-40
-65
-58
-38
-24
-30
-39
-35
-28
-21
-7
1
1
-3
-5
-6
-25
-43
-40
-25
-22
-28
-35
-19
20
54
61
73
104
133
138
133
129
128
115
100
93
92
105
131
161
156
128
106
102
105
88
67
68
71
58
41
33
23
20
16
7
10
22
32
35
38
43
55
70
81
85
89
96
99
97
85
88
116
131
108
91
102
108
114
148
182
180
163
157
157
164
176
176
161
133
84
51
58
74
92
114
113
83
39
12
10
23
39
32
7
8
37
64
59
44
32
22
12
6
1
1
-3
-5
-13
-11
18
51
55
32
5
5
29
55
60
49
20
-3
-7
16
56
83
90
82
64
54
69
76
59
50
53
58
50
35
20
33
48
52
57
50
41
42
49
53
49
32
25
33
35
27
24
33
43
50
41
24
18
27
34
12
3
16
35
52
48
34
33
42
56
58
59
66
50
28
28
39
42
32
11
8
8
23
43
49
33
16
8
21
41
54
64
65
52
42
52
67
64
48
65
98
104
76
67
74
67
54
49
52
56
54
53
69
86
84
64
43
53
74
88
84
84
80
60
44
40
44
43
35
12
-20
-23
3
28
37
23
1
-17
-20
-5
9
26
49
56
35
5
3
22
37
42
36
17
-4
-7
13
55
72
80
81
84
88
89
88
75
58
59
76
83
83
86
92
100
98
88
88
98
98
81
60
53
51
42
38
19
-6
-17
-9
-3
-14
-29
-24
-17
-20
-20
-6
-1
-6
-5
2
5
6
-5
-19
-6
17
26
34
36
23
10
16
19
26
38
36
35
45
55
53
57
84
116
129
119
115
115
113
103
90
75
66
64
65
58
49
40
51
56
44
25
17
13
11
9
6
-5
-13
-10
-2
0
7
9
16
36
48
43
44
41
45
66
86
103
107
85
66
67
53
35
45
71
80
65
48
38
44
51
45
38
37
36
19
-5
-19
-6
20
27
17
1
-10
-11
-11
-8
-5
-5
6
11
-5
-20
-20
-18
-8
7
22
25
25
16
18
36
55
59
52
44
48
53
64
66
66
75
104
131
123
92
66
76
100
108
113
107
108
106
109
122
136
139
119
101
105
122
123
113
91
65
66
88
98
96
85
67
59
68
64
40
19
20
38
64
70
65
59
54
48
55
75
98
108
100
80
81
92
105
114
99
77
64
66
91
118
130
115
82
60
68
73
67
56
49
40
50
73
92
106
93
60
32
22
27
22
8
2
16
37
44
36
27
19
1
-13
-8
8
13
11
24
61
90
69
41
53
81
96
91
75
67
70
66
58
51
42
33
18
2
-4
1
4
-5
-8
10
40
52
50
55
73
74
69
77
92
96
80
56
43
43
43
48
50
55
64
71
74
65
50
44
57
58
48
40
38
35
42
40
32
38
48
50
34
8
-7
-18
-12
0
11
12
3
-14
-26
-17
0
19
20
8
16
35
56
67
55
42
52
66
81
76
74
72
52
43
56
56
33
8
6
20
38
67
75
65
44
36
38
26
19
27
37
35
28
25
24
33
32
25
28
32
28
33
26
5
3
20
32
34
42
49
41
35
35
51
71
89
102
99
96
101
118
139
153
148
121
99
103
100
81
69
71
65
52
45
25
0
-2
2
4
1
-1
-3
-19
-25
-25
-35
-41
-35
-35
-27
-21
-20
-17
-10
12
35
36
34
36
42
50
54
65
68
68
71
86
113
131
122
115
122
130
118
108
107
90
69
59
54
41
25
23
26
16
-1
-7
0
6
4
6
12
4
-9
-1
7
5
-6
-25
-37
-27
-17
-17
-18
-8
2
13
24
12
4
9
22
19
-1
-8
-6
17
36
37
40
48
54
49
39
42
49
52
41
35
38
53
70
59
42
36
32
24
21
10
-1
-3
1
16
20
8
-2
-13
-20
5
38
52
53
52
50
38
26
29
36
49
72
98
105
91
75
68
84
106
125
140
150
166
188
208
214
213
200
187
181
186
189
171
138
113
92
80
68
51
36
27
34
32
19
1
-2
2
-7
-13
-5
1
6
23
41
38
17
6
4
1
-5
-13
-18
-9
-12
-18
-7
-5
-22
-22
2
32
59
90
119
144
168
187
189
186
185
169
146
116
99
99
97
83
70
64
64
68
68
58
44
32
25
25
32
21
-5
-22
-38
-50
-45
-10
34
44
37
22
11
21
51
76
86
84
71
59
65
75
84
74
57
50
71
93
97
99
113
128
140
150
140
119
105
103
112
102
71
29
5
5
9
10
21
21
7
-3
2
0
-4
3
16
10
3
-4
-8
-18
-24
-34
-35
-10
21
27
20
28
50
53
55
69
77
82
82
90
105
113
106
103
106
106
114
124
123
115
106
91
81
81
72
50
33
33
51
61
42
13
10
21
27
19
2
-7
-12
-18
-28
-29
-22
-7
-5
-6
0
7
16
27
32
21
21
33
37
38
34
35
41
51
67
85
92
109
130
124
99
89
92
91
107
128
131
124
118
108
108
118
114
98
82
67
55
64
96
109
101
75
57
53
44
38
49
68
60
29
24
45
56
51
42
33
51
86
103
87
64
51
58
77
102
102
92
90
82
73
74
96
113
106
70
32
37
67
82
83
66
34
11
18
37
39
27
22
19
6
11
35
60
64
37
16
-2
0
11
8
-12
-42
-54
-33
-2
4
-12
-36
-36
-21
-6
-13
-33
-24
-4
2
9
26
42
51
42
36
38
45
52
48
52
71
86
87
80
68
68
80
82
60
27
11
24
43
60
69
68
60
60
59
50
37
22
10
12
34
59
45
22
8
9
17
21
25
18
5
10
32
51
68
66
44
33
25
34
41
43
42
50
68
88
96
98
106
115
103
88
89
96
93
82
70
69
64
48
54
53
27
8
4
4
10
11
6
8
25
32
22
37
60
70
71
67
60
70
84
100
101
76
59
74
91
99
108
115
105
99
96
102
106
88
77
90
98
97
101
108
118
109
96
87
70
56
59
66
70
92
117
116
87
74
88
96
87
76
82
99
112
102
83
75
69
53
39
36
40
53
65
56
49
60
87
88
81
75
82
101
102
89
80
52
20
2
-8
-8
5
17
13
5
1
8
26
37
24
5
1
1
0
4
6
8
16
16
8
5
9
16
12
7
-3
-25
-40
-38
-25
-18
-21
-27
-28
-24
-26
-28
-19
-8
-5
4
23
25
22
28
43
59
53
36
17
13
19
24
33
35
38
35
21
6
6
19
34
41
44
44
42
36
25
17
9
19
48
60
49
38
32
20
12
17
17
0
-12
-6
6
24
41
56
65
44
28
39
55
58
52
51
53
53
40
36
49
59
60
65
60
56
41
38
42
49
48
48
71
113
138
153
141
100
72
80
101
115
107
84
86
124
154
140
104
77
80
103
108
99
86
88
97
82
50
29
28
27
26
25
34
41
39
27
25
24
10
-5
-7
-5
-22
-43
-44
-26
-12
-4
1
8
26
51
67
57
32
11
12
32
43
52
70
89
85
75
76
72
67
69
67
70
76
89
105
101
86
74
75
73
61
55
50
42
36
27
19
17
26
22
-4
-27
-34
-20
-6
-10
-14
-9
4
22
38
39
44
60
71
74
88
106
121
125
108
90
83
77
57
39
50
66
68
69
70
75
82
81
74
84
92
92
101
116
119
114
103
87
68
48
35
34
38
36
24
13
17
33
53
75
89
96
91
81
65
65
72
84
88
81
86
108
132
129
105
92
93
98
85
74
80
92
100
88
67
56
68
71
57
40
37
33
19
18
22
11
-5
-22
-26
-24
-30
-40
-42
-35
-29
-37
-27
-3
7
0
-3
3
-3
-4
18
42
54
38
8
11
40
64
68
56
42
49
59
68
65
65
93
116
114
102
92
87
89
96
96
81
48
33
36
34
17
4
-10
-29
-42
-39
-27
-19
-14
-8
-12
-22
-10
0
-2
-5
-9
-8
5
24
26
17
16
24
32
32
36
50
76
112
128
120
130
150
152
140
136
146
151
147
145
145
139
135
133
128
108
82
83
90
83
84
101
96
53
21
19
17
25
34
11
-19
-28
-23
-20
-7
8
8
-8
-21
-11
3
19
28
26
22
25
35
55
72
72
49
25
28
56
81
84
72
84
120
146
155
152
134
115
100
97
89
81
67
53
55
60
53
38
17
-1
-13
-28
-33
-28
-38
-50
-50
-51
-53
-45
-33
-24
-33
-55
-70
-52
-37
-34
-29
-23
-7
-4
-13
-28
-45
-54
-24
4
-5
-8
4
28
51
55
68
84
100
137
169
166
155
150
156
171
179
162
130
128
145
131
106
100
76
45
56
65
52
35
21
20
17
-8
-41
-44
-34
-30
-35
-34
-27
-33
-30
-33
-30
-10
3
20
42
54
50
54
68
71
68
74
80
65
69
82
86
87
100
112
107
96
91
101
108
103
99
97
81
68
82
102
101
89
86
69
38
18
2
-10
-11
-7
4
22
19
12
12
2
-11
-13
-5
1
1
7
22
50
68
61
65
70
71
73
84
104
112
97
72
61
58
54
48
43
53
72
89
100
102
99
82
61
56
68
81
85
80
57
49
58
71
73
67
65
54
41
44
67
77
71
59
55
42
27
18
2
-2
-8
-34
-41
-21
-6
2
18
35
60
83
84
81
69
57
52
59
81
91
87
72
45
38
44
39
25
23
17
0
-4
5
9
19
22
21
25
23
12
-2
-20
-22
-9
3
2
-6
4
18
24
23
25
34
37
39
40
38
48
60
59
55
54
56
80
100
103
98
98
107
128
145
150
150
137
138
160
162
149
137
135
136
137
131
100
66
45
42
49
54
61
61
52
37
33
52
65
24
-7
10
55
65
40
23
28
48
56
65
81
89
88
90
92
103
101
80
67
81
96
100
91
88
99
97
85
60
43
53
74
71
41
13
-14
-37
-20
16
26
9
-13
-35
-41
-29
-7
2
-21
-49
-58
-41
-2
33
26
-2
-23
-17
1
-8
-46
-55
-43
-43
-55
-65
-58
-43
-25
-12
-6
-4
0
4
11
20
19
21
35
55
68
61
59
65
68
65
59
69
76
76
72
56
57
72
86
72
53
42
38
29
40
48
45
50
37
13
9
10
2
-4
-5
-10
-19
-10
9
28
37
53
80
92
93
85
87
85
71
71
73
75
85
89
87
75
61
59
56
49
41
32
35
58
68
48
36
38
33
22
22
27
13
4
18
25
23
25
29
37
57
82
86
88
99
106
105
116
137
152
157
168
171
165
140
112
123
165
183
163
121
100
97
98
121
145
149
140
121
109
112
116
115
101
80
68
73
93
117
118
99
80
67
58
66
65
67
80
90
101
90
66
64
75
69
42
16
5
22
25
17
10
10
28
42
52
55
42
28
12
-2
-5
3
34
45
28
12
7
18
24
11
0
10
34
45
39
32
23
-1
-23
-38
-44
-45
-24
8
32
26
12
17
25
32
21
4
2
-4
-10
0
9
2
5
28
64
81
77
71
82
98
105
98
80
80
93
100
96
89
85
75
60
60
69
52
26
18
19
12
-3
-11
-22
-33
-44
-57
-45
-33
-24
-24
-25
-21
-13
-3
12
16
3
5
35
76
115
118
90
61
58
74
83
76
72
81
88
81
64
50
44
39
41
43
50
50
34
19
23
41
43
51
71
64
38
38
38
36
33
16
-1
9
43
72
70
48
37
43
59
69
61
48
54
69
73
86
105
106
96
100
114
116
113
113
120
122
119
120
130
137
139
139
152
166
162
139
116
102
101
90
60
22
-2
0
7
-9
-41
-57
-55
-55
-84
-117
-126
-116
-84
-50
-35
-23
-7
2
-7
-22
-22
-10
-5
5
23
48
73
90
74
56
75
97
125
147
128
97
103
134
141
121
107
103
89
80
85
96
100
89
66
43
50
64
67
54
37
21
-5
-38
-55
-41
-33
-37
-42
-42
-35
-40
-45
-52
-52
-50
-39
-23
-1
9
-6
-21
-12
6
16
11
6
9
26
49
60
64
70
82
83
75
74
87
102
107
109
107
114
120
108
92
84
76
71
69
68
66
57
41
33
34
35
28
33
35
29
24
27
43
70
90
85
54
17
9
36
48
38
24
8
22
53
82
86
88
99
103
105
107
105
88
65
60
96
134
147
123
89
82
91
102
105
112
118
108
90
64
41
40
45
38
25
36
56
65
44
8
-17
-24
-24
-19
-18
-17
-2
18
25
24
10
-4
-2
-6
-14
6
48
68
66
68
80
84
76
69
67
65
52
43
48
42
21
2
-17
-26
-28
-19
-9
-13
-29
-44
-51
-43
-33
-33
-35
-36
-33
-25
-25
-36
-40
-26
-9
