44
57
56
58
61
57
50
42
43
56
68
74
76
66
49
51
44
22
13
25
35
21
3
-4
-17
-22
-8
3
-3
-17
-14
1
19
22
18
11
8
12
24
11
-6
-17
-26
-37
-34
-22
-8
2
3
-1
2
7
17
23
24
26
37
50
55
58
60
59
60
59
60
75
86
76
60
57
60
56
51
52
53
51
38
26
24
21
19
28
21
18
28
34
25
10
-1
1
11
21
35
37
32
37
53
58
53
66
90
103
106
113
114
108
109
106
92
93
114
140
153
161
177
186
188
176
141
113
116
129
122
117
118
123
123
113
102
101
87
54
42
53
56
48
29
35
42
42
43
49
53
56
39
16
20
36
32
10
9
23
28
26
17
9
18
34
51
59
59
56
53
56
71
77
82
85
90
97
89
75
64
52
36
9
-3
-8
-13
-18
-23
-36
-46
-53
-60
-74
-86
-73
-40
-36
-59
-70
-30
22
36
11
-8
-12
-7
6
29
44
36
34
51
55
56
68
86
96
96
104
119
130
122
115
116
116
115
117
107
81
50
25
21
37
51
52
36
22
22
25
17
-8
-28
-40
-50
-49
-26
-24
-37
-28
-11
-13
-25
-13
6
4
-7
-12
1
32
45
38
16
6
22
50
68
72
80
82
82
93
104
102
98
83
57
56
97
140
146
130
123
122
109
84
58
36
11
-8
-11
-2
4
-17
-52
-83
-99
-105
-114
-118
-105
-77
-49
-34
-27
-34
-53
-57
-43
-35
-28
-20
-6
5
24
35
36
42
55
77
102
108
106
114
120
128
132
123
116
119
121
97
60
39
26
19
2
-29
-53
-54
-56
-65
-61
-58
-72
-90
-94
-92
-82
-56
-36
-27
-24
-28
-43
-28
-8
-1
-4
1
23
39
59
82
82
81
93
113
124
137
138
137
137
135
144
162
184
200
198
181
162
156
165
154
147
140
133
120
113
114
115
92
50
26
40
65
66
51
33
24
41
53
35
21
22
24
10
-23
-38
-25
-5
12
23
33
38
37
49
90
124
123
104
83
82
100
96
73
69
71
69
69
69
56
34
19
18
20
28
35
27
16
11
24
33
12
-17
-35
-26
-11
-18
-38
-50
-66
-87
-84
-61
-55
-52
-30
-8
-2
2
17
27
38
55
68
81
87
87
81
77
86
92
86
86
88
90
85
73
54
36
22
19
18
16
2
-17
-21
-9
-7
-12
-8
3
12
10
6
6
0
-2
-3
-7
-5
7
17
13
28
48
50
51
53
52
64
81
80
72
84
98
97
74
55
50
49
65
84
74
51
48
55
64
70
81
96
99
85
72
57
42
39
37
43
40
24
25
24
5
3
17
8
7
25
38
41
42
50
51
56
76
90
99
112
118
107
96
87
99
120
141
144
124
124
150
149
120
105
99
104
104
88
82
86
90
83
66
65
77
72
49
24
10
6
13
39
41
6
-34
-40
-9
22
45
56
42
12
3
29
70
76
64
52
52
74
105
119
107
106
133
154
154
148
145
129
117
120
123
119
101
80
76
84
92
100
89
83
74
64
43
28
18
5
7
25
51
68
59
43
58
92
91
64
45
40
33
34
48
65
70
60
56
70
91
98
85
68
58
66
76
86
89
81
74
76
77
75
84
89
77
51
34
32
25
17
5
2
10
20
11
4
-9
-27
-37
-45
-53
-56
-60
-56
-38
-33
-40
-40
-33
-33
-37
-35
-14
1
-1
-10
-10
0
3
0
7
21
8
1
16
27
40
56
61
68
84
102
108
117
121
107
87
89
93
90
81
68
58
61
58
38
25
21
12
18
34
36
21
2
-6
0
4
1
-18
-27
-29
-27
-17
4
2
-5
4
27
43
57
76
102
133
135
109
91
96
107
122
133
128
103
80
67
70
86
101
102
88
91
101
92
60
34
24
23
7
-21
-43
-55
-52
-28
-1
16
16
20
25
37
68
99
91
67
53
64
80
80
80
71
49
48
65
89
102
89
81
84
91
100
102
106
101
93
108
119
92
58
39
21
6
7
16
10
1
-13
-26
-26
-18
-17
-25
-38
-43
-36
-28
-29
-19
4
13
0
-19
-20
4
37
57
66
69
65
52
53
61
65
54
52
57
65
67
64
56
49
33
6
6
22
21
8
5
7
17
22
8
-3
-10
-18
-17
-19
-23
-23
-29
-35
-29
-21
-7
-4
-7
-4
10
22
24
36
48
55
64
65
52
43
54
64
54
37
12
6
42
113
154
154
136
137
147
149
130
98
80
80
97
114
123
138
131
97
73
75
87
105
122
121
97
74
66
64
44
11
-8
1
24
36
36
35
43
54
43
23
16
25
39
42
49
55
40
17
7
10
23
39
50
48
34
23
27
32
20
12
6
4
22
59
85
80
57
45
49
51
48
43
49
58
55
42
28
28
40
37
20
26
48
48
26
-3
-8
8
27
36
21
11
12
8
13
38
52
36
19
22
27
29
24
19
22
39
51
52
57
61
54
45
43
43
42
37
35
38
38
36
29
8
-13
-23
-13
-7
-10
-10
8
33
35
26
28
42
56
73
77
72
73
83
91
100
107
97
67
56
64
66
69
71
74
85
91
83
72
73
75
65
51
61
87
88
69
68
86
98
103
106
109
114
107
100
88
74
64
57
59
85
98
70
26
6
6
8
4
5
9
19
28
37
16
-27
-57
-56
-38
-20
5
35
40
25
23
38
37
26
33
43
55
61
58
43
40
53
66
89
133
148
119
97
97
98
106
112
96
70
50
36
38
49
43
16
-11
-25
-13
18
32
32
24
9
5
22
34
26
18
12
12
21
29
29
25
27
28
28
20
3
-2
-3
6
16
21
28
33
33
34
39
44
38
36
50
58
60
56
48
34
20
2
4
19
22
16
9
10
4
-7
-12
-19
-21
-19
-2
16
39
58
66
68
73
74
66
69
77
82
84
85
82
77
65
45
36
36
29
27
34
34
23
26
38
53
71
75
81
86
81
72
56
36
33
49
52
51
58
75
88
87
82
69
65
71
85
93
96
80
53
27
20
25
35
38
23
7
-1
-4
5
16
12
11
-2
-14
-9
5
26
33
26
35
56
55
39
24
20
27
36
42
53
61
70
80
84
81
74
70
67
70
81
82
88
99
98
93
103
112
108
104
103
98
90
96
112
130
138
139
148
155
165
186
201
200
202
212
210
186
178
189
182
166
162
148
119
99
80
55
51
53
51
29
2
-20
-38
-50
-34
-9
-1
-12
-25
-21
7
36
25
9
3
-2
-6
-5
3
26
53
70
60
44
49
60
68
68
69
66
58
48
24
10
23
50
66
65
58
53
40
29
38
53
57
52
35
17
16
18
13
5
-8
-20
-36
-39
-24
-21
-23
-30
-36
-38
-44
-44
-54
-72
-70
-51
-45
-62
-66
-56
-55
-49
-21
5
5
3
2
7
18
24
27
40
49
50
50
53
56
54
57
59
60
65
72
71
68
65
60
54
35
16
2
-12
-29
-38
-44
-50
-45
-41
-51
-67
-78
-84
-78
-59
-43
-44
-43
-21
-1
3
10
17
20
36
49
55
66
72
84
91
90
89
102
122
141
149
135
124
122
125
128
132
146
165
171
170
171
179
176
171
183
188
172
156
145
123
96
64
48
55
82
100
101
81
72
92
113
117
101
69
54
73
101
101
71
49
45
54
58
37
7
1
20
44
51
43
28
22
38
67
73
53
33
21
11
1
-17
-34
-56
-56
-34
-33
-55
-76
-86
-88
-83
-67
-55
-46
-40
-28
-13
-1
7
19
24
19
3
-11
-9
10
25
29
45
59
55
49
56
68
70
80
92
104
104
91
89
98
84
58
43
48
50
43
26
-5
-33
-39
-25
-10
-13
-26
-41
-41
-36
-34
-50
-72
-77
-58
-34
-25
-27
-24
-13
1
21
43
54
60
58
60
70
71
66
60
76
104
129
131
128
136
144
144
150
172
198
212
212
205
205
208
197
178
161
139
109
108
138
152
139
120
106
90
75
56
37
21
3
-5
4
16
21
27
34
37
34
34
41
50
52
44
33
27
19
9
24
33
18
6
16
38
73
114
128
104
77
89
124
135
108
81
70
74
75
80
82
74
56
38
12
-22
-49
-39
-28
-45
-67
-85
-102
-102
-91
-78
-58
-38
-26
-36
-40
-27
-12
-21
-33
-21
-1
3
4
19
40
51
38
20
16
27
44
57
58
64
73
82
81
81
80
72
77
105
131
130
116
115
128
133
121
112
106
93
73
68
73
60
26
8
17
23
9
5
17
16
0
-5
3
5
-2
-10
-11
-13
-23
-18
-5
0
3
4
1
-2
4
18
42
72
83
74
80
104
118
118
118
131
147
148
146
162
176
162
130
90
57
56
80
104
128
136
134
123
115
108
112
92
56
38
42
64
70
72
69
66
57
43
27
23
24
24
32
41
44
52
42
10
-11
2
27
37
38
43
53
56
59
69
77
68
54
54
45
38
53
82
106
118
103
73
51
44
41
39
41
33
12
0
-8
-23
-40
-52
-65
-61
-50
-44
-45
-55
-69
-65
-37
-13
1
7
6
-2
-2
18
29
28
19
7
3
18
51
67
64
59
77
85
77
72
72
84
84
75
80
91
99
84
76
92
102
75
40
20
11
7
6
4
2
9
19
20
16
7
16
35
53
56
44
34
34
40
40
43
44
45
43
29
17
19
33
29
25
22
21
22
28
35
42
48
50
72
102
119
134
145
139
132
137
153
150
131
112
102
114
134
135
120
123
162
179
153
122
122
136
136
134
134
137
144
144
116
91
88
85
73
57
53
53
53
52
65
73
58
44
60
76
84
84
77
74
74
72
66
49
28
27
44
49
27
6
-4
-2
9
22
12
-7
-25
-27
-30
-28
-20
-24
-45
-53
-49
-44
-40
-36
-27
-23
-22
-33
-29
-19
-22
-23
-3
17
20
12
17
19
27
41
42
26
32
44
37
10
5
16
10
3
-2
-8
-5
1
1
8
12
-3
-17
-6
5
7
0
-13
-13
0
18
35
39
39
50
56
60
74
89
89
84
85
76
55
48
64
92
107
89
73
72
75
85
88
75
68
59
55
65
70
66
64
59
54
45
42
38
34
37
49
50
44
43
42
45
40
28
33
35
27
20
22
27
34
33
28
20
6
3
27
74
107
123
140
137
112
101
107
118
109
90
82
92
120
141
138
132
138
149
148
154
169
170
156
128
99
87
82
87
98
108
132
144
129
100
87
80
70
72
92
104
97
86
85
87
85
60
41
38
32
13
8
35
45
18
-12
-17
-9
-3
8
9
-2
-13
-14
-6
-4
4
26
40
38
33
22
18
23
21
19
26
35
38
38
28
29
35
32
18
-2
-11
-3
-1
-26
-41
-46
-57
-65
-54
-38
-38
-51
-61
-56
-43
-51
-57
-55
-35
-11
-9
-22
-34
-33
-18
-6
-1
8
20
33
50
69
70
67
68
70
74
83
81
61
54
66
75
67
51
45
50
64
74
64
51
43
50
55
48
32
29
32
28
23
10
1
-2
-1
-12
-22
-18
-2
7
6
10
19
33
52
70
84
103
105
96
82
73
71
76
92
106
104
92
96
106
119
134
137
120
113
128
144
147
139
137
130
115
89
65
54
56
59
56
53
57
53
38
24
6
-8
-13
-4
10
17
20
26
34
41
57
74
92
102
101
108
122
119
108
91
64
43
74
128
147
132
112
116
132
131
120
101
74
61
85
112
106
90
75
65
77
104
92
57
39
42
37
28
23
12
21
37
40
37
38
37
25
24
26
23
24
45
69
57
32
27
49
70
86
83
65
68
77
74
68
59
57
66
64
54
52
54
57
58
57
41
24
11
-4
-9
-2
0
-19
-29
-42
-43
-33
-25
-33
-37
-27
-26
-36
-36
-26
-29
-25
-25
-23
-11
-6
-2
3
16
27
17
-7
-9
1
11
21
23
32
43
43
40
40
49
54
53
43
28
17
6
8
12
16
27
37
28
19
22
41
59
54
42
38
50
73
93
96
81
72
86
120
138
135
128
120
106
101
102
102
98
89
87
88
89
92
98
91
74
73
86
92
98
98
84
67
52
39
35
35
38
54
60
49
32
32
40
39
27
17
11
19
26
25
16
7
5
20
36
39
38
37
39
39
51
70
71
67
68
70
61
52
55
67
88
115
129
130
131
144
164
178
166
139
123
135
140
122
87
57
41
50
55
53
56
42
13
-3
0
16
54
97
112
100
89
92
109
138
160
148
128
117
112
109
115
121
114
106
113
118
109
90
84
98
109
100
80
75
86
92
103
108
117
130
131
114
100
101
101
75
39
10
-10
-18
-10
-9
-23
-43
-62
-78
-93
-99
-97
-87
-69
-56
-68
-76
-74
-73
-65
-50
-55
-71
-82
-78
-65
-49
-29
-13
-11
-9
3
32
55
55
60
85
96
86
87
104
108
108
107
91
68
51
42
33
16
16
18
5
-13
-39
-53
-54
-53
-51
-54
-50
-44
-59
-77
-81
-86
-85
-69
-68
-78
-71
-43
-37
-36
-27
-14
3
29
60
74
84
112
138
148
146
153
169
180
179
185
188
184
181
183
186
171
145
119
132
177
211
200
165
135
148
171
165
130
102
96
117
148
140
93
55
41
41
32
18
5
2
20
53
67
48
27
18
13
13
21
32
50
74
76
55
43
64
89
100
90
81
74
87
102
112
113
97
70
55
59
74
80
80
81
76
82
91
88
64
37
22
17
11
5
-6
-21
-41
-55
-59
-52
-39
-39
-49
-59
-60
-54
-50
-43
-40
-50
-56
-57
-51
-42
-37
-37
-41
-36
-36
-40
-27
-7
4
0
-10
-19
-13
-2
8
20
20
17
16
16
21
28
26
12
0
-1
3
1
-5
-2
-1
-21
-27
-12
0
5
12
12
-1
-10
-4
9
25
36
34
20
35
70
97
103
100
118
146
163
170
179
192
194
183
177
177
185
203
196
162
123
105
103
112
119
128
124
103
71
55
48
42
35
20
12
27
41
40
42
54
52
35
16
18
40
37
7
-1
1
1
2
11
20
33
39
35
39
56
56
50
51
48
37
42
66
85
87
88
91
85
66
39
37
42
36
32
38
32
9
4
6
7
-3
-23
-30
-24
-23
-42
-59
-53
-40
-43
-49
-40
-20
-5
-10
-25
-33
-34
-29
-26
-11
1
0
-3
-1
11
27
25
21
38
64
76
82
88
105
119
124
131
130
118
116
114
104
97
100
112
118
115
98
73
56
36
12
5
4
0
-20
-22
-4
7
-9
-23
-21
-25
-37
-39
-28
-21
-10
-7
-12
-12
-6
-1
6
17
23
26
36
64
89
91
93
105
112
124
154
173
171
162
154
155
153
160
176
183
179
166
155
146
151
163
146
121
112
106
102
85
67
54
49
41
19
7
24
51
73
97
108
112
118
131
141
138
124
117
128
144
147
149
153
150
154
167
168
157
155
155
148
146
148
144
135
134
137
138
137
114
82
59
55
80
100
97
60
34
32
41
39
25
7
-22
-40
-29
-12
-1
-3
-12
-20
-27
-37
-26
-17
-14
-18
-20
-21
-20
-7
4
-3
-24
-38
-39
-24
-8
0
11
44
86
102
98
88
83
74
58
51
43
35
48
72
72
42
8
6
32
37
25
10
4
-3
-17
-20
-8
-3
-10
-23
-20
-10
-4
-1
-2
-1
-5
-7
-13
-19
-10
-6
-8
1
10
11
18
45
67
70
91
116
109
91
76
77
91
93
88
85
73
56
34
17
16
9
0
-6
-3
5
-3
-17
-8
5
7
0
-8
-6
1
-1
-6
-13
-13
-12
-19
-36
-46
-36
-24
-9
10
23
21
24
28
38
60
82
100
118
119
120
138
153
153
146
148
148
135
128
132
128
102
74
58
70
101
113
100
81
75
83
68
39
27
41
60
71
70
58
59
72
86
97
98
97
98
96
88
83
80
84
83
75
65
54
59
68
58
45
37
35
36
38
49
48
44
44
45
50
54
55
51
41
21
0
-13
-19
-8
9
22
27
22
16
20
38
48
34
22
25
37
41
29
21
23
23
12
7
12
20
11
3
1
18
33
41
52
49
32
26
37
49
48
35
25
35
55
57
48
52
59
59
54
48
51
67
76
74
65
50
44
48
33
19
32
52
60
54
41
44
56
59
55
49
67
98
107
91
76
80
100
115
115
112
106
92
83
92
117
134
138
131
106
88
100
118
120
112
88
72
83
107
105
70
44
53
64
51
28
17
12
27
37
20
6
11
17
21
24
41
48
36
21
22
42
49
35
34
48
56
59
56
39
35
41
26
17
41
69
70
59
50
56
53
34
26
36
44
43
28
24
38
60
70
53
17
-2
18
38
42
27
6
-7
-20
-18
-5
17
24
18
4
-7
9
44
66
58
37
32
44
76
97
90
71
48
34
27
35
40
27
9
4
-4
-9
9
26
11
-1
3
17
40
70
92
96
86
102
125
119
100
90
91
89
99
106
106
107
99
70
38
10
-3
-1
5
16
32
41
40
35
37
52
56
43
27
22
38
50
52
44
33
23
25
33
35
44
69
75
57
53
72
80
72
71
75
68
50
36
37
41
35
25
20
25
39
43
33
17
-6
-21
-17
-2
7
-1
-4
2
6
7
5
1
-4
-5
-14
-24
-14
-7
-20
-36
-26
-8
8
22
26
23
27
55
97
122
130
119
97
74
73
89
107
101
85
75
83
92
86
59
45
54
64
58
40
32
38
59
69
55
28
6
-3
-8
-2
8
6
8
20
35
44
59
74
85
69
44
49
67
72
71
76
76
65
49
44
52
56
70
85
85
77
73
71
71
81
73
41
32
45
64
58
33
5
0
3
-1
-18
-28
-18
2
19
21
8
8
9
2
-5
-1
9
5
1
11
28
39
34
26
24
34
37
48
68
67
59
69
75
75
70
52
25
3
5
32
54
45
29
21
22
26
33
52
67
56
38
34
32
22
22
13
-6
-22
-18
-2
5
0
-7
-9
-4
2
4
16
18
16
25
40
38
33
42
52
48
44
42
45
67
85
107
113
98
96
97
99
101
101
106
114
125
137
145
145
133
132
139
139
137
124
108
105
108
97
74
55
38
35
64
81
64
24
-4
4
53
91
81
43
32
48
60
70
71
73
81
70
59
70
73
65
51
44
42
43
48
40
49
75
96
96
84
71
87
121
129
105
84
72
66
64
65
68
54
38
40
40
37
38
39
34
32
36
34
20
10
9
5
-4
-12
-19
-10
-3
-2
4
7
1
-2
-2
1
7
32
52
50
54
72
80
70
57
50
45
49
65
64
48
40
43
50
48
54
65
73
96
115
119
116
105
99
113
120
113
109
104
104
114
123
118
92
70
60
70
74
68
71
68
49
33
39
45
42
35
24
35
55
80
101
106
99
91
103
128
150
166
184
183
170
154
148
148
149
151
136
103
67
65
76
57
41
49
60
64
65
68
58
60
72
69
52
34
23
36
57
66
60
69
86
89
88
82
66
38
12
7
36
71
74
77
86
66
43
49
70
81
75
56
38
35
27
9
-17
-33
-29
-23
-30
-36
-21
-5
-8
-28
-41
-41
-41
-43
-40
-19
-11
-29
-45
-49
-39
-42
-51
-42
-19
-6
-9
-10
-2
6
6
8
16
23
34
41
50
56
39
23
32
51
65
60
52
38
34
38
34
25
22
24
26
17
-12
-41
-36
-20
-19
-23
-22
-25
-33
-34
-35
-38
-53
-72
-68
-55
-56
-56
-52
-45
-43
-35
-20
-4
17
37
43
53
57
55
43
37
52
82
104
102
91
85
88
108
119
108
98
93
98
102
85
50
33
41
49
48
36
28
26
18
6
4
8
11
9
7
8
19
28
27
19
17
24
25
22
24
40
58
69
81
85
77
57
37
38
60
81
75
61
69
86
100
102
106
102
84
72
82
90
81
48
22
16
17
19
22
22
18
20
33
41
32
19
18
28
36
41
42
37
41
56
68
67
68
67
68
69
69
80
82
75
68
66
80
106
120
116
101
84
75
72
75
84
98
106
114
122
129
121
108
89
68
49
38
35
29
17
-1
-3
3
-2
-5
0
-4
-14
-8
12
26
17
-1
-7
5
26
40
38
38
54
82
88
87
91
101
96
81
74
80
84
74
83
114
130
123
113
112
116
112
108
121
132
129
115
100
89
96
107
103
76
56
68
74
71
60
43
26
17
16
24
25
13
2
-5
-2
7
24
33
28
20
10
-4
-8
4
12
1
-19
-21
-5
11
22
22
11
17
26
25
19
18
24
23
18
19
13
1
-10
-9
0
-5
-10
-8
-3
-1
-4
3
3
-5
-19
-28
-23
-11
-11
-26
-42
-38
-26
-20
-13
-19
-21
-9
1
-6
-21
-21
-5
8
13
21
32
35
49
60
55
48
51
49
45
66
81
84
80
80
80
88
89
70
42
36
45
57
60
59
56
51
52
75
105
121
115
99
87
76
76
84
81
72
74
86
100
105
105
104
93
83
74
72
86
103
102
97
98
99
101
114
128
140
154
154
154
163
168
156
130
108
100
101
115
107
87
75
59
50
64
100
122
103
70
53
54
58
49
33
17
7
0
-4
6
23
37
39
26
18
21
32
28
20
7
5
18
20
19
32
42
40
25
20
36
43
48
59
73
87
100
101
98
97
114
134
145
136
121
104
86
67
52
48
49
41
42
43
37
34
27
35
40
27
7
5
11
21
29
41
45
37
37
49
52
56
52
44
41
42
58
87
103
101
90
80
76
83
77
70
71
70
66
71
73
68
60
54
53
59
61
49
35
35
44
49
26
6
8
10
-2
-18
-17
-13
-24
-38
-44
-26
-8
-7
-1
3
-2
-3
4
7
20
41
44
48
59
69
70
74
77
75
71
71
74
85
102
116
113
91
73
71
80
82
83
84
81
82
88
92
88
65
44
48
39
11
-12
-22
-14
-7
-24
-37
-39
-28
-14
-4
-12
-23
-9
8
22
32
33
49
71
75
88
108
116
103
84
71
69
72
92
105
100
97
122
164
177
160
135
124
112
103
105
107
105
98
88
86
91
93
82
71
70
68
48
34
52
77
76
57
48
48
37
21
11
26
52
64
56
42
36
38
44
60
69
56
39
44
66
90
108
105
104
132
146
129
112
108
121
123
98
68
71
90
100
84
68
74
92
91
70
55
67
84
69
33
4
2
9
5
-6
-17
-25
-25
-20
-19
-13
-12
-19
-27
-35
-43
-42
-29
-21
-19
-20
-17
-9
-6
-1
22
59
93
89
53
32
50
73
75
71
73
101
146
157
132
109
104
98
86
72
71
74
85
96
81
57
48
39
25
6
-12
-34
-37
-18
4
1
-9
-7
-17
-39
-53
-35
-9
1
3
10
39
58
59
40
23
41
70
73
61
52
43
40
49
88
116
97
55
33
33
56
80
81
69
50
42
45
40
44
49
44
37
25
11
0
-4
8
27
36
21
9
16
22
20
18
17
8
-2
-4
-10
-13
-8
-7
-8
5
34
48
51
74
106
122
115
103
103
114
121
130
124
117
124
131
122
116
113
113
121
132
123
97
71
64
43
10
-21
-34
-26
-12
-6
-3
3
7
5
1
-3
-3
5
10
4
-7
-1
18
18
1
-5
-1
0
-1
5
20
38
49
50
49
56
75
84
82
82
83
89
109
139
154
139
115
96
87
74
57
45
26
11
9
1
-5
-2
1
-10
-24
-28
-43
-53
-40
-29
-35
-44
-41
-25
-9
-5
-6
-4
-9
-19
4
49
84
88
67
39
25
22
23
39
58
73
90
103
115
122
121
134
155
160
135
112
115
122
114
98
89
87
82
70
70
72
66
51
38
38
41
36
24
12
13
18
12
9
26
64
83
74
66
70
80
80
61
41
39
55
83
99
92
82
83
90
102
97
77
82
113
135
134
112
85
83
83
70
72
92
105
113
109
97
80
59
44
18
-19
-36
-38
-43
-54
-56
-45
-25
-8
-2
-2
-4
-11
-29
-52
-59
-44
-25
-12
0
13
19
5
-10
-20
-10
12
40
44
35
32
38
43
49
64
86
102
107
107
99
82
69
61
52
28
16
16
21
20
32
49
41
17
-2
0
20
35
24
7
-5
-17
-14
-9
-6
-4
-7
-10
-12
-8
2
-3
-9
-10
-7
-4
-2
4
11
25
42
52
43
41
41
45
48
37
26
33
49
55
52
42
29
23
29
36
34
37
45
53
51
35
13
3
-4
3
9
9
12
17
7
-6
-3
8
22
37
48
35
28
44
59
73
76
68
61
61
67
72
76
81
83
87
89
90
99
105
97
86
82
77
82
84
73
60
59
67
72
60
48
44
48
45
39
38
38
33
19
4
1
-2
-10
-7
6
28
50
59
64
60
57
59
70
73
69
67
85
104
129
141
137
129
124
131
137
139
146
162
168
164
152
123
86
64
57
80
102
101
75
49
40
55
66
56
37
8
-7
-8
-4
-4
-9
-14
-20
-19
-4
10
21
33
48
70
82
74
65
64
67
75
81
92
113
124
117
108
113
116
124
133
131
