65
82
87
69
58
65
59
55
59
59
37
10
10
24
25
13
9
9
0
-6
-10
-9
-8
-7
-4
-9
-12
-5
3
7
3
12
12
2
-2
-10
-27
-37
-20
7
19
25
27
33
41
43
36
38
53
58
57
64
68
65
49
40
43
34
20
23
36
37
24
12
12
16
7
2
6
7
7
10
16
22
18
16
11
18
34
44
43
32
19
17
20
20
26
40
50
53
66
81
74
51
33
34
48
57
73
103
109
102
101
93
56
33
43
57
42
19
11
16
16
19
26
24
20
7
-3
-2
1
3
-1
6
32
43
40
39
32
13
2
-8
-13
-2
16
28
48
54
64
81
85
93
105
98
90
101
118
132
134
122
103
84
87
90
74
56
51
44
41
43
52
49
42
53
58
49
32
22
23
27
28
27
32
26
23
23
32
51
69
74
58
53
60
59
49
34
44
72
83
91
105
112
116
124
133
120
93
74
65
80
96
86
53
20
18
23
18
19
8
-29
-65
-66
-33
3
2
-13
-17
0
21
33
23
7
12
32
37
36
49
64
57
48
45
55
54
36
27
42
67
89
101
104
109
115
118
124
122
113
98
76
65
49
34
10
-19
-36
-40
-35
-41
-61
-69
-55
-33
-24
-26
-22
-17
-11
-9
-4
0
7
20
38
56
76
102
112
107
99
81
69
76
93
104
115
113
105
114
115
116
125
134
121
109
123
130
107
92
96
91
82
64
32
10
3
-3
-13
-39
-60
-69
-51
-12
-3
-14
-21
-22
-18
-6
-1
-18
-37
-27
-5
22
39
27
18
24
48
56
51
49
49
42
55
71
70
77
97
109
108
109
108
98
87
102
137
156
147
119
104
104
102
93
75
49
21
13
28
38
35
18
1
-4
-8
-19
-29
-38
-37
-33
-35
-34
-26
-6
7
13
16
10
18
19
25
33
24
9
9
12
11
8
6
6
2
5
17
25
39
49
49
53
57
49
36
34
33
34
54
81
89
75
56
48
44
36
29
37
41
28
8
11
34
55
50
26
9
7
21
38
42
38
48
70
83
69
44
32
36
44
43
41
42
51
66
90
102
68
36
41
57
55
40
33
23
6
-10
-20
-23
-22
-30
-29
-9
1
3
-4
-10
-5
10
27
36
28
25
24
9
0
10
17
8
7
8
10
16
23
36
44
48
43
37
34
51
68
76
76
66
67
80
91
90
76
56
37
27
35
59
68
42
16
1
-5
-1
2
19
28
32
35
37
36
37
49
56
49
44
56
80
99
106
103
102
103
85
68
60
64
83
99
96
88
100
121
139
137
116
101
113
138
152
147
135
130
131
128
118
105
82
64
59
68
80
84
73
73
81
69
59
51
40
54
76
89
82
65
51
61
59
40
32
33
39
48
50
44
58
70
59
59
80
88
84
84
101
116
117
120
130
124
100
84
83
69
40
18
11
16
12
7
9
10
4
7
20
18
18
5
-6
-8
-1
3
16
36
45
50
65
75
86
89
90
75
33
0
18
68
89
70
48
53
80
106
131
137
135
134
149
161
167
169
160
145
131
120
97
74
56
34
9
2
22
38
34
25
7
-6
-7
-12
-23
-34
-49
-53
-42
-33
-23
-20
-23
-21
0
33
51
51
35
24
32
48
53
53
55
55
64
83
89
88
97
104
117
116
96
76
69
66
72
80
83
88
82
45
12
7
16
13
8
5
5
7
13
16
6
-8
-17
-29
-40
-40
-22
6
4
-18
-18
1
25
38
42
51
64
74
86
97
90
84
93
104
96
91
90
84
71
56
51
53
60
56
45
39
39
48
44
17
-19
-40
-51
-54
-58
-65
-68
-68
-51
-43
-39
-34
-41
-67
-65
-49
-41
-46
-41
-20
-4
-1
7
24
50
72
73
64
71
93
107
105
103
113
118
112
115
130
123
128
138
144
148
140
133
123
120
118
107
96
82
59
37
41
65
81
87
81
60
53
69
92
97
76
64
71
81
66
55
55
54
70
76
72
74
92
113
108
90
82
81
85
93
106
107
106
117
114
93
83
82
66
52
52
39
24
32
66
90
82
44
17
7
3
-3
-9
-25
-54
-73
-85
-107
-116
-114
-93
-72
-53
-34
-13
-2
-2
-5
-5
11
38
41
33
39
57
60
48
34
26
34
37
27
32
36
25
9
0
-6
-7
-6
-1
10
3
-20
-25
1
21
21
24
19
17
25
32
29
23
17
8
21
53
67
53
51
68
82
82
65
55
70
84
82
84
88
86
71
49
29
16
8
34
64
64
43
38
54
67
67
55
49
43
38
39
48
43
38
36
22
7
10
27
41
41
20
3
0
3
9
27
55
64
38
21
28
57
85
97
100
103
115
128
129
121
131
147
160
165
160
136
105
100
109
128
133
120
117
133
134
117
104
102
103
105
92
70
56
51
39
35
36
33
23
21
16
16
28
41
42
49
72
87
84
90
106
107
89
74
88
120
144
136
132
138
135
117
97
100
108
101
99
97
100
109
98
75
73
73
73
69
52
39
41
43
29
7
-9
-1
24
38
21
-7
-28
-27
-19
-12
-22
-37
-50
-59
-54
-41
-35
-38
-60
-78
-76
-55
-36
-22
-10
-25
-38
-33
-25
-28
-26
-7
16
19
26
51
67
67
61
55
56
70
84
82
83
87
85
90
84
69
68
61
50
49
56
65
64
36
16
24
44
56
67
67
54
44
33
16
5
-7
-10
-3
6
17
28
37
27
11
10
20
22
17
9
3
3
16
35
41
38
34
26
23
35
48
41
25
12
20
35
43
50
50
35
25
33
49
54
42
27
24
33
35
16
-21
-25
0
12
22
37
65
86
102
114
108
93
96
108
108
103
107
113
122
135
136
118
113
122
124
100
75
90
112
119
118
103
102
105
100
99
92
76
71
98
144
155
121
70
56
72
75
74
60
41
39
51
59
67
70
55
25
9
19
42
50
27
4
6
39
71
75
59
45
56
82
80
69
59
54
41
21
10
23
43
53
35
8
-3
-9
-5
-5
-3
-6
-23
-35
-40
-55
-70
-72
-65
-43
-28
-37
-55
-55
-29
-4
2
1
-2
-2
-1
4
7
-6
-22
-17
-4
-1
-1
3
22
38
57
74
89
103
116
131
136
141
145
145
133
108
97
80
57
57
81
86
56
26
18
2
-7
4
2
-14
-22
-35
-43
-38
-22
-8
-4
-6
-7
8
21
18
9
16
9
-5
-1
11
17
20
35
51
76
88
99
122
138
140
124
114
120
138
151
151
155
154
133
106
93
87
75
67
57
34
12
3
-7
-17
-11
-10
-39
-71
-66
-44
-24
-19
-26
-37
-33
-24
-18
-13
-22
-12
3
19
34
37
49
68
85
112
129
132
134
137
135
129
131
136
137
153
168
169
164
162
161
151
122
77
51
54
68
68
53
39
55
75
97
116
122
97
68
59
70
80
82
80
81
85
86
70
40
33
41
51
32
-1
-5
9
18
25
36
48
58
74
86
97
101
90
72
55
38
28
36
40
44
52
48
38
25
12
1
4
23
26
7
0
3
-5
-11
-9
-11
-11
-8
-6
4
8
-3
-20
-22
-5
2
-13
-22
-24
-22
-10
3
5
-5
-20
-25
-14
3
10
16
36
66
86
87
80
74
81
85
92
113
120
112
96
81
73
80
91
101
97
76
66
59
64
66
76
76
50
22
33
60
69
69
65
51
54
77
90
84
80
97
124
139
119
91
86
87
90
97
113
123
124
121
109
90
81
83
89
99
108
121
131
120
86
55
48
52
54
41
21
19
32
33
23
6
-18
-37
-38
-17
-6
-8
1
10
2
-18
-20
-9
-4
-6
-17
-25
-21
-7
-6
-8
4
5
-3
-6
-3
-5
-9
0
4
6
8
2
1
7
11
11
6
-7
-19
-22
-29
-41
-53
-51
-33
-8
7
2
0
8
11
18
28
35
29
25
21
17
24
35
44
65
73
72
69
66
66
71
90
100
84
57
64
85
88
73
55
44
40
54
57
38
29
34
38
44
58
64
73
75
64
65
72
68
49
33
36
33
19
16
8
6
19
40
48
37
26
27
37
38
39
32
24
35
53
55
34
37
72
88
77
72
77
100
104
96
88
86
72
55
52
56
52
43
37
41
52
66
76
72
64
80
102
108
108
104
108
130
140
140
124
100
97
123
151
154
144
136
140
160
186
202
188
170
172
178
157
146
146
150
160
167
163
153
140
131
115
98
89
93
113
116
99
72
42
25
23
25
26
8
-30
-57
-41
-4
7
10
17
5
-18
-17
19
54
56
27
0
6
27
35
19
10
22
37
43
40
40
57
72
60
35
9
-3
4
11
-4
-28
-44
-54
-61
-66
-58
-55
-71
-88
-88
-87
-77
-62
-67
-82
-93
-85
-67
-54
-45
-39
-30
-42
-56
-53
-41
-30
-19
-8
-7
-1
6
2
9
22
35
52
74
92
102
91
84
86
96
114
133
141
138
120
99
100
121
123
105
98
98
99
82
65
57
50
37
26
17
4
-17
-33
-35
-19
-9
-18
-12
-5
-12
-20
-17
-5
-1
3
16
19
18
34
55
59
49
39
33
34
45
80
114
140
156
155
138
128
129
123
113
105
99
89
86
97
123
136
128
115
96
97
123
141
137
130
119
104
101
96
100
103
83
57
64
93
116
116
99
74
61
66
88
109
101
80
85
112
123
119
107
96
93
104
105
107
112
113
104
84
64
49
41
26
-3
-28
-36
-23
-21
-34
-38
-14
9
20
7
-7
-10
-17
-11
-6
-8
-18
-23
-18
0
22
49
64
60
50
37
38
44
43
32
24
43
69
71
69
82
102
115
121
116
107
103
93
88
103
108
100
92
87
72
70
71
56
28
-6
-24
-18
4
11
8
17
25
28
13
-1
-6
-8
-7
-10
-24
-24
-9
-4
-8
-14
-29
-49
-54
-37
-8
16
20
16
23
34
42
28
8
24
45
45
34
36
56
72
71
75
87
97
92
84
72
74
75
75
77
59
26
4
24
87
122
107
86
90
131
176
187
172
153
134
115
109
120
132
135
123
92
68
68
87
116
133
122
97
59
55
85
108
84
39
12
5
11
23
37
60
74
55
23
22
37
39
23
2
-12
-12
-8
18
44
38
21
1
-19
-24
-8
0
-10
-19
-21
-5
19
18
-6
-28
-27
-7
12
18
1
-11
-13
-10
-7
-11
-6
3
9
17
25
26
25
20
16
9
-1
-13
-33
-36
-27
-13
-9
-19
-28
-25
-17
-22
-29
-34
-13
8
24
38
42
35
40
55
56
50
40
41
48
50
54
54
55
66
67
60
64
71
64
54
80
107
112
90
71
69
80
80
58
34
17
17
21
16
-4
-10
-11
-26
-41
-36
-30
-43
-67
-76
-78
-61
-50
-56
-60
-55
-36
-6
12
38
72
103
114
115
123
136
138
130
123
130
135
134
133
132
132
132
132
141
153
152
154
147
122
89
73
73
74
66
57
57
48
36
36
34
28
29
29
34
41
44
41
50
61
55
35
33
38
37
44
56
55
44
52
66
66
58
60
67
69
72
84
115
147
152
155
166
177
171
169
170
162
132
99
85
97
102
82
59
54
49
28
23
34
28
5
-18
-23
-20
-10
-4
-19
-41
-49
-36
-2
26
36
24
1
-22
-23
-1
25
37
24
-4
-22
-9
23
51
53
34
24
56
98
101
75
57
54
59
71
83
89
104
119
123
121
123
119
105
91
81
80
73
69
52
28
21
33
35
11
-19
-41
-39
-27
-37
-56
-61
-42
-14
-13
-22
-34
-50
-45
-28
-9
-6
-17
-5
19
37
35
24
24
33
42
52
67
82
81
76
81
88
102
113
106
104
113
114
108
112
116
123
117
102
105
121
128
118
106
109
107
96
88
60
29
33
39
32
8
-6
-5
-5
-4
-7
-9
-1
5
-2
-11
-7
0
6
18
23
22
25
40
52
66
76
90
101
105
116
137
154
161
170
187
187
172
162
161
156
135
112
108
100
99
118
123
103
72
45
34
48
73
83
58
28
34
68
90
83
56
24
12
36
67
76
61
22
0
0
16
41
55
48
41
44
56
67
64
42
10
-6
-2
12
17
3
-7
-2
27
51
25
3
7
8
8
18
24
32
36
36
32
25
29
33
28
26
16
11
18
21
12
3
2
17
35
39
32
24
25
49
70
69
43
11
6
17
27
23
0
-36
-57
-51
-41
-41
-43
-44
-42
-40
-26
-13
-17
-22
-19
-4
11
23
28
28
28
35
39
48
57
70
81
83
86
89
93
102
98
87
89
113
136
153
160
161
160
156
147
132
131
130
122
106
100
102
105
104
80
55
51
65
87
92
76
70
73
56
45
52
54
43
48
57
44
27
25
35
52
68
68
60
61
69
73
74
65
50
48
50
45
41
38
26
24
24
18
7
-18
-40
-35
-27
-46
-56
-45
-35
-28
-25
-12
3
5
-12
-12
20
40
36
13
9
33
44
43
51
66
73
82
82
58
42
53
80
93
85
51
38
73
132
167
160
117
83
92
122
138
123
97
80
82
91
89
66
40
28
18
-2
-24
-42
-55
-60
-69
-66
-45
-42
-57
-75
-76
-65
-66
-73
-74
-55
-21
-2
-11
-25
-12
9
10
-3
-9
1
22
56
88
91
86
106
128
131
130
135
151
149
124
98
80
58
49
38
23
13
7
-2
-12
-18
-8
-5
-18
-26
-29
-37
-28
-23
-23
-26
-41
-53
-39
-8
5
6
8
8
12
32
42
40
50
75
98
89
76
84
104
123
134
135
152
166
163
157
169
180
171
162
150
138
135
119
97
87
88
90
93
82
66
66
59
37
25
33
40
45
50
51
53
54
52
43
38
26
12
11
35
64
73
64
43
34
33
36
35
40
49
53
57
56
53
37
33
53
81
91
83
82
89
96
88
77
75
75
76
73
60
57
68
85
90
82
71
68
65
58
70
88
85
100
137
157
148
138
164
203
217
212
217
212
187
178
185
194
179
165
162
156
168
184
181
153
122
114
96
59
26
16
26
35
16
-23
-55
-76
-78
-65
-56
-59
-71
-75
-78
-73
-67
-60
-43
-33
-20
3
26
27
18
11
10
1
-5
11
27
22
13
9
5
11
24
27
27
36
43
51
49
50
52
49
39
35
36
37
36
36
38
32
12
-4
-12
-12
-22
-25
-19
-18
-27
-29
-25
-11
1
0
-17
-34
-29
-13
-5
2
10
1
-6
9
23
10
-12
-27
-24
-12
-6
2
16
26
33
28
25
36
50
58
57
51
44
43
55
76
84
76
80
82
85
88
97
99
83
56
29
23
10
-4
-8
-21
-28
-36
-43
-54
-55
-56
-65
-60
-49
-34
-29
-25
-7
7
10
4
2
25
53
58
60
86
116
133
137
140
144
144
152
167
179
181
162
155
179
199
203
188
177
181
186
170
156
156
137
102
74
70
85
100
81
37
34
66
83
75
60
54
58
65
81
112
130
129
112
102
114
128
133
117
88
76
89
90
90
99
88
60
40
45
75
92
89
93
129
154
156
137
124
130
125
116
98
80
68
55
38
24
13
2
-8
-6
-6
-17
-18
-9
-4
-11
-21
-20
-20
-29
-50
-65
-52
-18
-7
-23
-40
-40
-28
-19
-22
-28
-29
-29
-38
-53
-58
-50
-42
-42
-36
-23
-8
6
12
4
9
26
25
10
6
4
1
10
24
19
4
1
2
-6
-24
-34
-23
-11
1
-2
-12
-14
-6
2
3
19
45
55
58
60
53
53
74
101
102
89
85
103
121
119
112
117
124
123
117
114
140
163
155
135
119
120
132
128
113
106
121
138
146
139
120
108
107
108
109
102
82
72
82
88
75
53
33
21
28
55
73
73
64
73
86
58
25
32
50
44
12
-4
-3
16
45
70
67
43
33
41
54
68
64
41
48
65
74
80
67
48
36
28
25
19
9
1
-8
-10
-17
-20
-13
-3
-1
-12
-12
-5
-3
1
6
2
-1
1
-1
5
16
11
10
28
45
50
36
26
26
25
34
48
64
70
69
65
58
71
91
100
87
73
75
75
67
59
58
52
36
21
27
41
42
33
19
11
20
27
23
19
19
12
0
-14
-4
42
65
55
38
35
43
60
65
52
41
39
37
38
48
59
83
101
107
115
124
144
157
157
164
184
181
148
113
103
121
138
144
124
93
42
21
65
121
132
104
80
82
101
115
107
96
85
83
73
73
84
82
76
76
69
64
72
73
52
29
20
33
48
54
58
60
56
41
35
40
51
58
48
17
1
-2
4
23
37
25
12
11
10
6
5
6
25
49
50
41
39
37
35
21
8
6
5
19
50
66
67
57
43
32
20
16
26
49
74
99
107
92
65
50
42
48
58
54
44
50
49
50
51
53
55
51
33
9
-3
-11
-28
-42
-45
-52
-59
-74
-86
-89
-90
-90
-92
-89
-70
-57
-53
-39
-34
-40
-27
-4
7
18
26
43
56
57
65
68
76
82
82
76
82
88
93
108
120
108
76
57
72
96
100
93
84
75
59
45
36
28
27
24
12
8
16
24
23
21
9
-5
-5
10
24
35
39
42
38
25
24
38
52
66
76
82
85
96
112
118
104
102
130
149
138
112
101
106
105
100
86
88
103
109
100
64
25
0
-4
9
4
-24
-43
-40
-6
23
20
3
-1
4
9
12
10
20
42
68
83
83
75
75
61
51
61
73
73
91
123
128
98
75
93
116
112
92
76
65
64
68
73
74
65
49
42
66
87
84
59
37
24
6
-19
-38
-53
-67
-70
-75
-82
-77
-67
-59
-56
-58
-61
-52
-34
-14
-10
-5
-9
-19
-17
3
24
36
40
52
81
108
106
84
73
85
108
120
93
67
71
85
86
89
97
99
98
100
97
87
86
80
72
64
44
36
44
52
49
48
48
44
36
26
29
38
53
64
65
65
61
67
82
84
83
89
103
108
103
100
101
99
96
96
100
109
117
107
104
108
114
113
106
98
83
86
92
86
75
70
60
48
40
44
40
33
32
16
1
5
19
25
9
-1
-1
0
3
-10
-23
-24
-21
-21
-27
-28
-33
-34
-22
-8
-12
-12
9
32
42
43
49
68
83
82
71
80
87
84
83
86
89
87
72
56
53
54
40
34
56
77
82
69
58
75
90
88
83
77
75
85
97
97
90
87
89
90
89
86
100
109
101
101
98
86
85
92
99
81
64
57
49
37
33
24
12
3
10
17
-1
-12
-9
-6
-8
-6
-11
-25
-11
16
16
-5
-33
-37
-6
38
69
66
64
86
124
139
125
108
103
106
131
173
201
201
182
157
164
180
164
128
109
104
102
100
89
75
70
64
48
52
67
67
55
43
37
42
49
41
40
50
50
39
25
11
12
21
20
13
28
41
29
25
33
32
19
6
3
6
18
36
51
45
38
32
23
22
26
22
7
-10
-17
-12
-6
0
5
9
7
-4
-17
-19
-21
-36
-41
-51
-62
-69
-57
-26
-9
-13
-5
19
35
32
7
-3
25
61
70
68
72
66
67
73
73
61
50
56
82
85
72
68
69
74
93
104
101
96
103
114
96
72
68
72
73
58
44
48
43
23
-1
-8
3
12
13
4
-10
-5
2
-7
-8
-3
5
21
22
20
11
16
17
17
12
27
38
40
51
66
85
91
91
88
90
101
113
107
98
102
115
117
98
75
70
66
61
60
55
39
19
1
-13
-21
-22
-29
-38
-37
-28
-22
-22
-28
-36
-34
-19
-3
6
6
6
21
42
45
39
39
43
50
40
39
67
85
75
65
64
55
54
51
44
55
72
77
84
92
106
134
165
178
161
133
123
138
152
154
131
97
67
53
57
55
43
44
43
25
28
58
87
92
82
57
29
9
7
35
72
92
88
87
90
104
122
124
109
83
67
73
92
102
97
80
66
70
85
87
71
44
23
19
23
20
8
3
3
16
25
27
21
17
10
-5
-18
-7
12
28
41
48
41
20
-11
-22
1
23
32
27
16
12
25
29
19
10
10
6
8
12
22
36
58
72
73
74
75
75
81
89
84
66
59
64
56
42
40
37
17
-2
-3
-3
-1
1
-7
-24
-27
-8
5
2
19
35
27
27
28
27
25
33
49
68
86
101
106
116
121
128
133
132
132
140
136
124
122
128
136
141
131
103
76
68
67
57
44
33
19
22
24
19
17
9
-3
-9
-13
-9
-2
11
19
19
23
24
16
9
28
40
36
28
32
44
48
44
67
86
86
77
74
81
92
96
87
81
83
101
109
104
107
118
108
103
114
122
120
109
97
86
89
103
115
108
76
61
60
59
42
19
1
-13
-17
4
21
21
2
-12
-21
-29
-30
-27
-35
-52
-59
-36
0
22
28
42
54
57
64
76
85
85
73
66
74
86
73
54
50
58
71
72
71
77
83
85
86
75
54
48
45
28
3
-5
4
13
4
-13
-25
-20
-19
-27
-50
-72
-72
-38
-5
1
1
1
16
38
41
41
64
72
64
48
35
38
50
66
75
84
86
86
92
108
125
122
105
103
120
139
150
144
131
123
107
90
84
89
86
58
42
40
33
18
2
-5
-12
-27
-36
-24
-4
-17
-46
-52
-29
-18
-21
-39
-59
-56
-28
-5
4
2
-6
-2
24
53
81
106
123
122
107
104
118
124
130
132
146
179
202
200
189
170
148
131
132
146
153
140
114
90
89
105
116
120
122
125
108
70
39
36
57
75
77
57
49
54
53
36
20
33
38
17
-2
-11
-4
9
20
28
27
21
27
50
84
107
112
99
87
96
109
124
134
121
107
103
90
72
70
80
73
53
25
0
-4
6
19
27
17
-8
-27
-37
-38
-25
-7
2
-5
-6
-1
-9
-20
-28
-40
-37
-12
-3
12
33
41
42
37
44
59
67
56
43
34
23
36
51
60
67
57
57
69
80
100
115
108
88
64
54
60
66
49
23
24
44
59
61
45
26
17
18
28
13
-21
-34
-17
0
-2
-9
-6
10
32
41
34
33
44
48
40
49
67
74
70
69
75
87
105
125
133
121
97
73
65
60
68
84
83
66
51
50
70
90
93
68
41
35
32
35
42
48
56
55
43
43
52
64
67
58
55
61
57
41
36
35
33
41
50
41
42
48
38
21
10
4
5
16
18
-1
-3
11
23
4
-18
-19
-2
5
12
22
19
20
25
20
19
2
-19
-23
-12
-7
-21
-43
-56
-44
-38
-39
-34
-21
-8
1
7
21
32
22
3
-6
2
22
34
28
21
35
41
44
51
41
34
56
77
80
73
69
80
92
92
85
83
84
72
54
39
32
39
53
68
77
77
70
56
54
66
68
59
50
54
70
67
55
70
86
84
75
55
42
55
75
76
66
57
52
40
39
54
57
52
48
48
52
52
52
55
66
59
50
52
48
50
64
57
35
12
-6
-3
19
27
20
18
24
33
45
51
42
44
54
50
34
28
28
32
33
44
56
53
52
58
66
60
54
55
70
89
81
51
41
52
68
80
86
91
102
96
72
65
59
49
40
32
25
24
36
37
22
4
-2
-3
-17
-26
-29
-25
-8
7
16
16
17
20
22
20
16
12
25
41
44
44
49
53
58
55
43
34
41
60
70
55
41
36
19
-3
-12
2
34
34
7
-6
3
25
32
34
50
69
91
106
114
116
104
88
72
57
57
68
75
87
82
54
43
52
69
70
64
76
97
99
82
61
54
60
67
59
48
45
55
60
57
49
38
35
39
56
68
60
65
85
92
73
54
58
68
72
81
81
69
54
41
48
54
39
18
5
1
-5
-9
-1
9
24
23
5
6
24
40
50
68
82
72
55
44
38
56
80
71
45
42
59
83
96
92
85
89
90
82
74
68
60
54
58
69
74
85
96
104
120
138
148
155
148
131
123
121
107
99
90
84
86
98
104
98
91
91
102
105
91
64
37
38
51
43
33
25
17
4
-4
-2
4
2
-10
-26
-23
-9
-5
-1
4
10
25
40
34
8
-1
0
-2
9
17
1
-11
-8
3
22
41
42
35
28
27
27
16
-3
-8
-5
2
11
18
19
37
53
50
27
10
1
7
25
43
48
28
28
42
28
5
-7
-8
1
20
20
9
0
4
10
18
28
44
50
34
29
43
66
84
87
75
69
88
106
98
81
59
35
38
50
44
32
22
13
-6
-20
4
33
27
3
-11
-6
23
54
56
40
41
53
69
83
92
108
103
86
97
120
125
108
101
107
100
85
72
77
114
137
119
100
100
99
89
90
100
107
106
102
98
98
97
91
98
100
82
64
52
43
45
55
57
53
64
88
112
104
102
105
113
120
129
135
133
112
88
89
106
121
113
89
80
80
74
69
67
64
61
71
74
75
69
67
82
97
97
88
72
59
70
84
73
69
68
67
59
50
42
56
61
28
-11
-10
19
49
53
42
38
40
48
51
51
53
66
75
76
77
80
82
89
82
56
37
9
-14
-33
-30
-27
-35
-38
-39
-36
-23
-2
12
16
3
-14
-23
-18
-11
-26
-39
-26
-5
0
-7
-18
-23
-10
6
9
