41
58
50
20
-7
6
52
80
72
52
22
-8
-19
-4
9
17
10
-3
-22
-26
-5
23
37
36
19
-7
-8
8
27
24
4
-9
-9
-5
-2
-3
3
21
23
10
-1
0
3
-3
-4
16
37
58
86
99
87
84
85
44
-3
17
85
120
105
83
90
113
113
99
71
33
11
20
24
18
22
37
43
32
9
9
7
-4
-13
-21
-8
5
10
25
44
70
92
96
89
89
98
97
84
68
50
40
42
49
59
65
59
53
42
32
21
11
16
22
27
27
25
18
10
17
39
48
51
53
51
60
91
113
114
105
76
26
3
26
58
73
74
85
92
90
75
54
34
43
68
86
99
109
118
107
90
76
55
49
66
81
82
76
59
52
65
88
98
73
40
21
23
37
58
45
10
7
12
17
25
39
35
21
9
7
7
12
34
52
69
59
27
21
51
57
28
28
68
89
84
68
42
23
9
21
41
42
25
24
52
61
32
8
9
4
-1
16
37
48
53
52
33
20
32
40
45
37
35
52
57
48
24
1
-6
-5
-3
-5
-3
7
10
-3
-20
-18
-1
17
26
33
34
21
9
18
38
37
35
51
55
34
12
23
50
68
58
33
36
66
85
74
55
56
71
81
71
54
44
54
74
67
40
28
38
49
32
17
18
25
36
32
27
35
33
12
-3
-4
3
12
40
74
65
41
42
59
69
56
58
81
96
85
91
133
163
161
132
100
87
87
88
76
64
57
65
73
75
66
55
57
66
60
56
64
65
55
33
9
11
21
27
28
17
13
11
5
6
4
18
35
10
-29
-38
-8
20
24
8
-8
0
34
54
57
58
56
39
19
5
6
19
39
53
38
11
9
29
45
26
-8
-29
-26
-13
-17
-37
-44
-36
-37
-38
-26
-9
8
25
27
11
-3
-24
-25
-5
12
21
34
37
44
65
83
86
83
73
66
75
91
88
83
97
100
87
66
45
50
69
83
77
74
73
76
100
138
149
132
120
108
100
92
90
92
83
59
51
44
48
69
93
99
81
44
19
19
38
42
45
54
50
43
43
44
53
41
17
13
32
54
86
99
91
84
75
64
61
70
71
54
32
37
70
83
73
73
74
66
67
86
100
100
80
54
43
40
40
36
22
6
-11
-9
-7
-12
-6
8
3
-13
-20
-19
-5
0
-28
-53
-59
-54
-37
-17
4
8
9
25
39
40
39
48
50
43
44
58
76
91
96
99
107
116
121
118
105
86
76
83
72
49
33
28
20
4
-3
-4
-19
-29
-12
19
38
38
35
24
9
10
26
34
22
20
19
17
16
41
67
52
22
4
7
29
60
100
136
146
146
122
90
70
69
57
36
37
56
76
92
100
89
66
45
16
-22
-34
2
56
85
77
35
-3
-9
-2
13
12
-6
-9
16
43
43
12
-23
-34
-1
28
22
-3
-9
1
34
53
57
55
48
44
53
61
40
6
-7
-6
22
58
81
82
86
101
97
82
71
67
64
60
58
39
5
-10
-24
-40
-44
-53
-70
-65
-38
-24
-21
-19
-6
10
20
25
35
41
44
42
38
32
34
35
32
26
34
40
48
50
49
66
86
81
66
53
57
71
65
48
41
34
21
22
34
33
25
10
5
11
19
20
12
-8
-14
-6
-3
-11
-20
0
11
20
21
20
22
33
35
11
-1
5
18
21
23
26
38
72
92
72
49
43
48
40
35
48
66
90
114
108
96
92
104
112
114
124
139
145
136
115
88
72
81
73
49
51
49
5
-17
-4
3
-17
-35
-22
0
10
17
11
8
5
8
16
9
12
17
17
26
40
60
74
83
92
112
138
163
171
155
140
131
121
115
132
162
181
179
179
185
168
130
105
106
101
57
21
35
44
34
49
82
76
58
58
52
49
50
42
26
6
-2
-6
-8
-3
5
24
49
66
88
88
74
83
106
130
134
122
98
82
76
87
120
147
153
149
122
107
102
104
100
81
74
74
50
11
2
11
11
13
19
13
9
24
38
5
-45
-71
-74
-76
-70
-51
-41
-41
-34
-17
-6
-14
-23
-22
-25
-33
-27
-1
24
17
-8
-37
-38
3
45
59
71
69
69
77
82
75
75
86
91
81
69
74
93
103
90
85
88
87
87
102
88
51
23
29
44
40
44
51
48
26
16
35
48
33
9
-7
-7
16
34
33
24
26
35
38
26
28
55
73
64
41
39
40
44
51
40
34
36
34
54
82
82
66
57
55
44
42
41
35
34
32
16
-5
-9
-13
-25
-22
-33
-49
-54
-53
-36
-6
16
16
16
12
19
34
50
48
25
24
35
39
50
55
56
68
83
87
97
92
89
85
92
113
130
132
108
80
64
66
83
98
102
86
66
58
64
74
72
57
37
27
33
34
33
25
24
54
98
115
98
86
89
98
99
75
43
32
43
56
50
35
44
74
97
85
64
56
68
71
77
84
73
69
60
45
43
55
72
83
73
64
59
54
51
50
41
41
41
38
41
43
37
41
69
103
124
117
100
97
96
90
91
85
75
84
91
93
87
87
103
115
105
73
52
45
40
38
48
50
44
44
50
55
58
59
33
5
19
42
40
12
-10
-22
-11
5
12
5
6
19
33
34
26
26
28
23
16
4
-7
-9
12
27
36
43
36
26
38
68
91
120
124
104
91
81
81
87
96
91
76
64
65
72
82
69
54
55
55
48
38
40
56
68
73
57
21
1
8
43
76
73
49
50
70
70
41
12
35
83
112
113
107
115
120
132
132
101
64
51
56
64
68
83
107
116
92
64
58
92
122
108
70
45
27
26
52
70
49
12
2
21
39
38
9
-29
-45
-21
-9
-26
-41
-53
-72
-62
-7
36
34
6
-4
17
34
20
10
17
12
2
-6
1
11
16
28
56
58
42
17
9
16
17
27
40
42
44
34
25
32
34
27
27
36
37
34
26
28
36
17
-24
-44
-36
-34
-27
-18
-1
20
5
-28
-35
-23
-11
1
0
3
38
57
55
58
71
72
56
50
58
81
100
101
91
87
84
76
73
73
67
50
25
19
37
48
44
38
27
27
26
-7
-40
-37
-22
-13
-24
-40
-38
-12
19
32
17
-2
-1
18
33
32
39
48
52
52
40
50
59
56
55
67
66
61
65
69
99
134
151
145
112
91
99
114
133
140
140
137
118
81
69
130
182
164
105
67
54
59
74
81
61
28
6
11
40
65
68
58
57
71
73
68
80
87
87
91
88
83
86
99
113
133
133
91
64
70
98
124
139
140
123
113
120
123
114
98
96
89
74
58
51
57
57
22
-12
-19
-7
8
21
13
-5
-30
-40
-26
-9
-6
-7
5
25
35
33
28
25
11
8
11
2
0
6
7
12
21
24
12
5
24
65
90
76
45
42
55
60
48
42
56
75
74
55
27
5
-22
-46
-42
-18
-5
-20
-41
-38
-18
4
8
-6
-17
-12
9
49
70
72
61
50
33
24
54
102
123
120
96
64
32
23
53
89
115
117
86
56
59
81
88
84
61
38
39
61
60
49
54
54
51
50
38
26
5
-11
-1
11
4
-5
-3
-7
-17
-4
12
16
20
10
-13
-6
24
42
50
43
21
-5
-20
-21
-13
4
37
64
74
83
88
87
91
96
82
75
90
87
68
48
41
50
69
83
71
64
65
50
42
65
67
41
10
1
-11
-17
0
22
21
-1
-42
-66
-50
-28
-21
-34
-50
-57
-49
-27
1
32
34
16
7
-5
-9
24
74
105
88
40
8
24
54
77
81
71
60
65
81
98
112
116
104
98
102
100
76
64
56
44
37
29
38
37
12
3
-2
-21
-40
-41
-28
-27
-34
-40
-60
-69
-43
-4
12
16
8
4
12
16
16
35
66
84
71
65
85
102
106
105
106
105
108
119
116
103
106
130
160
165
154
133
105
90
89
90
64
12
2
22
19
-8
-27
-41
-51
-52
-53
-58
-73
-74
-44
-9
7
4
-11
-24
2
38
53
57
58
35
12
16
23
21
17
27
64
93
102
89
80
86
101
101
101
102
100
86
96
122
139
147
123
80
60
69
74
45
10
0
8
18
6
-19
-33
-22
-20
-23
-27
-39
-60
-56
-23
-3
-7
-17
-18
-4
16
21
26
50
67
64
61
73
81
88
82
59
42
40
52
41
33
57
86
88
71
66
69
68
55
27
21
35
48
49
51
42
21
5
5
18
18
2
-9
-11
13
55
76
53
37
48
52
41
38
43
64
70
55
65
83
86
84
82
86
97
89
72
74
88
104
122
145
154
140
135
134
139
147
141
138
132
122
128
132
115
98
84
76
65
55
43
42
53
70
90
92
68
50
42
53
55
41
37
45
40
33
41
58
66
42
49
80
92
86
80
74
67
56
67
82
80
73
90
114
98
72
66
64
43
20
11
-4
-26
-29
-22
-20
-37
-57
-68
-66
-59
-52
-51
-57
-49
-23
-10
-10
-10
6
16
16
10
12
33
49
50
32
18
24
53
43
4
0
19
27
40
58
76
75
71
69
73
87
82
69
55
41
38
40
48
50
37
25
12
6
5
-4
-6
6
18
16
1
-8
-3
-1
-9
-23
-13
24
49
52
51
50
48
37
23
17
23
40
57
70
71
71
74
71
64
80
92
81
82
104
124
146
167
163
167
197
203
172
148
131
113
92
72
52
33
16
4
-3
-2
-4
-18
-24
-26
-19
-7
-10
-5
9
8
3
-4
-21
-30
-17
-2
-1
8
7
7
27
58
81
76
69
83
97
90
75
74
83
103
147
162
150
132
135
152
165
166
165
155
141
137
150
152
146
133
132
124
97
75
86
100
104
106
104
86
96
131
149
146
129
102
89
92
98
96
86
91
96
75
68
64
56
57
56
37
7
4
36
71
69
38
25
38
49
56
71
60
39
32
38
38
19
-8
-28
-27
-37
-55
-70
-78
-72
-69
-82
-92
-89
-75
-68
-59
-44
-29
-21
-30
-36
-22
1
45
77
75
72
67
73
103
130
121
91
81
104
138
167
171
155
137
122
114
116
118
103
73
51
50
36
7
-8
-11
-12
-23
-36
-51
-66
-61
-51
-40
-14
0
-2
4
9
9
-3
-17
-18
-10
-8
-5
-2
3
1
11
32
40
43
43
39
41
57
67
54
43
58
66
53
41
53
71
90
100
84
60
54
56
61
55
35
25
41
53
53
33
12
12
12
6
12
41
64
52
36
48
66
60
39
28
37
52
64
68
74
72
76
86
76
73
91
124
146
132
121
124
139
149
153
176
194
211
219
226
231
220
201
200
204
193
168
147
119
97
80
64
43
24
5
2
4
-4
-9
-4
-9
-18
-13
0
10
3
-13
-25
-18
9
34
60
88
92
90
99
113
146
182
193
172
155
161
156
152
167
193
187
166
147
147
151
140
118
104
101
101
96
84
66
36
18
4
-11
-11
-13
-35
-56
-71
-83
-81
-58
-54
-73
-88
-81
-65
-51
-44
-65
-83
-85
-72
-57
-50
-28
-10
1
24
32
10
-4
-6
-2
8
39
82
115
134
130
99
81
92
121
135
113
85
87
116
135
121
105
97
81
73
75
67
29
3
20
37
32
20
24
39
64
74
64
61
74
83
90
145
227
266
262
257
279
308
316
284
240
217
217
220
243
268
262
235
220
211
196
178
177
182
183
177
163
130
98
82
69
53
44
48
57
67
64
44
55
90
117
114
105
112
123
128
113
105
115
115
122
162
193
218
234
246
272
288
273
243
241
273
274
263
275
281
266
229
189
167
137
103
103
139
156
147
117
100
93
91
83
67
43
6
-20
-17
-12
-24
-33
-34
-28
5
35
26
4
-13
-17
-11
-28
-50
-68
-85
-90
-91
-86
-89
-106
-138
-168
-182
-198
-215
-231
-246
-253
-243
-217
-218
-237
-250
-236
-215
-205
-220
-232
-218
-210
-203
-198
-194
-183
-180
-197
-219
-226
-210
-185
-172
-171
-170
-161
-164
-180
-197
-202
-184
-166
-166
-167
-169
-151
-138
-134
-121
-105
-88
-83
-66
-33
-23
-39
-54
-45
-26
-26
-34
-24
-8
1
-10
-27
-27
-26
-41
-51
-50
-38
-51
-72
-86
-87
-72
-54
-51
-51
-60
-60
-46
-44
-59
-78
-82
-66
-50
-43
-42
-39
-34
-18
17
41
49
66
83
86
82
89
99
117
134
147
152
160
167
156
145
155
172
186
195
211
217
203
184
195
231
252
260
256
242
228
225
224
193
149
124
119
117
112
100
100
97
87
90
82
60
50
53
45
21
-9
-20
-9
8
18
17
32
57
76
80
66
65
74
73
60
49
41
49
69
86
82
54
44
48
37
33
53
86
99
87
69
57
65
77
87
76
51
37
25
22
23
23
24
8
-7
-3
20
40
42
32
21
34
54
66
89
129
167
180
170
168
195
218
208
185
157
136
134
162
148
107
101
114
121
113
98
99
112
131
164
201
234
259
251
247
272
298
299
284
269
249
225
205
187
163
144
131
120
122
130
122
120
114
97
70
59
66
57
42
26
19
21
23
3
-6
-8
-13
-12
-3
1
3
9
8
-2
-3
-9
-41
-65
-55
-30
-23
-26
-19
-11
1
5
-8
-10
-11
-17
-27
-40
-29
-23
-44
-85
-90
-68
-51
-65
-83
-86
-82
-76
-75
-88
-93
-85
-74
-81
-85
-86
-72
-68
-65
-51
-51
-67
-70
-61
-44
-18
-17
-30
-42
-36
-12
-9
-22
-20
-21
-22
-23
-24
-13
-9
-13
-13
-2
21
32
22
3
-11
-13
-19
-37
-53
-56
-49
-41
-40
-41
-20
37
80
64
39
38
40
53
74
88
88
61
29
12
4
4
8
8
4
2
10
19
23
39
71
101
107
102
84
73
89
104
102
85
66
50
51
56
53
40
18
-4
-2
0
-2
1
17
39
56
57
54
43
27
33
45
41
49
67
64
34
8
3
2
7
16
24
26
25
36
52
59
45
20
12
26
26
17
10
16
36
56
65
64
53
51
54
54
49
28
5
-3
6
21
28
36
27
25
33
35
35
44
50
39
33
27
24
23
26
34
26
18
23
40
56
76
86
80
73
68
74
87
84
88
108
121
116
113
112
107
88
81
76
66
57
48
28
18
-2
-11
-4
6
20
24
10
-20
-42
-34
-8
-6
-35
-45
-20
11
18
9
0
0
11
22
16
10
12
41
81
107
104
101
116
116
116
148
183
201
183
147
131
141
165
173
173
169
168
176
166
145
139
141
107
68
55
81
113
122
124
129
114
103
106
113
91
72
80
105
124
117
91
82
87
107
121
107
84
73
82
83
88
118
160
181
155
122
117
116
114
120
135
138
129
109
105
131
153
136
92
64
68
93
113
114
86
51
34
21
-2
-23
-45
-62
-70
-59
-54
-57
-67
-72
-68
-73
-75
-86
-91
-82
-73
-74
-66
-38
-24
-21
-2
23
27
10
16
40
51
38
34
49
64
53
41
52
69
55
35
32
53
85
97
84
59
51
52
50
41
37
36
49
59
41
4
-6
12
25
11
-8
-27
-21
1
2
-12
-26
-28
-24
-24
-25
-30
-53
-72
-76
-65
-58
-54
-53
-55
-60
-55
-38
-20
0
6
5
8
13
18
19
19
38
70
90
109
121
122
120
115
112
113
106
104
116
130
145
147
123
86
60
71
84
80
59
48
44
49
59
71
86
89
82
82
91
97
90
70
57
66
72
74
72
73
72
58
58
67
73
71
54
41
45
55
64
60
44
26
6
-18
-6
34
51
37
35
41
42
27
18
8
-14
-37
-21
5
1
-14
-9
5
11
7
1
8
8
-5
-4
17
28
32
38
50
40
29
23
19
22
25
13
19
48
72
84
84
67
45
36
38
40
32
5
-10
-9
-7
-8
-10
-13
-27
-42
-22
13
21
9
1
-7
-11
-8
-5
-18
-17
17
39
24
12
12
19
21
19
19
26
36
33
18
5
2
-4
-8
-3
0
-11
-11
9
23
10
-5
10
38
39
20
8
17
22
-3
-27
-22
-1
10
9
5
-2
-6
-11
-20
-18
-10
-13
-18
-22
-33
-39
-21
4
12
1
-7
-3
16
33
50
67
92
115
130
146
157
156
144
123
107
108
133
134
115
114
113
104
108
129
162
173
160
139
137
139
136
135
131
121
114
118
112
84
77
75
38
-3
-17
-13
-11
-6
9
24
28
21
2
-3
11
12
-17
-36
-22
-1
6
4
19
33
25
28
54
84
86
70
64
83
108
104
91
98
93
85
90
100
114
128
118
97
102
116
113
102
99
107
105
109
120
118
102
87
97
114
108
84
68
87
104
98
97
90
61
42
38
40
38
43
39
20
24
60
85
81
69
82
98
97
89
88
87
92
113
113
96
81
75
74
65
60
68
59
49
40
44
41
35
39
48
50
42
33
39
49
36
9
9
22
20
23
36
37
24
18
9
17
28
21
-8
-33
-30
-19
-1
9
8
19
50
89
115
104
83
90
128
144
133
124
131
150
165
156
129
100
87
86
89
84
72
75
99
118
109
82
58
65
70
64
42
24
40
54
54
53
42
37
33
33
34
35
33
23
10
4
4
11
38
53
41
27
34
52
58
52
39
37
38
27
10
4
12
20
16
19
39
55
54
36
13
-1
-4
0
-9
-24
-36
-40
-30
-8
1
2
21
41
48
40
35
35
49
51
51
55
57
43
34
38
57
60
36
26
32
35
33
37
39
43
32
0
-6
10
26
24
12
10
13
22
22
19
13
19
23
32
50
61
69
60
52
67
71
48
27
44
71
84
77
67
53
43
57
76
75
64
71
86
76
57
34
19
28
38
23
33
57
58
40
27
32
35
35
25
25
21
20
23
20
17
20
17
10
19
42
64
68
64
70
69
58
59
54
40
36
37
28
4
0
18
28
25
23
39
66
76
58
54
80
113
117
97
59
39
44
67
69
53
44
61
84
74
48
39
43
51
52
38
10
9
33
57
73
64
55
65
82
85
77
71
54
51
72
88
74
40
19
17
28
39
36
29
28
28
33
52
75
81
80
84
96
105
109
105
98
82
85
98
102
107
134
147
129
108
114
124
125
116
97
101
122
129
120
116
105
92
91
91
83
60
52
51
52
48
39
37
52
67
67
54
48
59
80
93
86
59
37
19
12
12
9
2
-7
6
34
58
74
68
54
44
41
53
66
72
65
58
59
55
43
35
20
17
26
27
24
10
-2
-4
6
11
2
-17
-22
-14
-5
0
3
-5
-13
-13
-13
-4
10
17
17
12
13
19
37
59
65
44
48
56
60
96
115
103
82
69
67
66
60
53
39
24
20
29
37
33
34
42
43
34
20
12
26
48
41
25
21
23
18
20
36
36
22
19
6
-14
-12
9
48
75
82
76
93
120
131
118
103
97
84
69
83
114
136
154
187
202
171
134
119
113
103
96
90
88
85
68
64
85
100
90
59
33
36
42
40
34
24
28
40
51
57
52
36
56
96
91
57
55
66
64
61
76
88
98
99
83
66
72
89
89
74
55
43
41
54
53
44
41
49
64
69
66
55
39
26
23
27
37
41
25
2
5
28
49
18
-21
-21
-2
17
33
38
45
58
69
97
104
84
56
48
58
83
89
83
81
76
73
82
83
71
64
72
85
92
99
86
58
40
51
64
69
67
56
50
44
43
36
24
20
11
4
10
24
28
32
28
36
37
29
25
22
24
33
26
7
-3
-6
11
25
12
9
16
26
35
34
48
48
25
12
18
27
35
41
50
51
64
85
85
68
42
36
55
101
133
129
108
101
108
147
161
137
106
83
71
69
80
91
86
67
69
81
90
84
69
84
118
147
146
134
115
103
105
99
73
43
17
8
10
5
-6
-4
5
9
-9
-33
-33
-18
8
39
52
41
22
8
5
4
-3
-14
-35
-43
-41
-53
-71
-68
-65
-70
-77
-66
-42
-38
-34
-21
-10
-7
-2
11
28
51
53
35
32
45
60
70
76
84
90
98
100
91
89
92
96
86
76
70
80
97
87
71
67
54
38
33
33
17
4
0
-3
6
19
13
0
1
26
44
34
5
5
33
44
42
43
54
56
66
81
92
92
67
56
73
96
107
97
70
66
81
89
85
67
69
80
72
64
64
65
73
84
75
58
54
53
44
38
20
0
-2
8
6
0
-5
-6
0
8
-4
-22
-17
0
2
18
33
28
32
51
76
82
67
65
71
80
75
69
80
90
106
115
107
91
75
71
81
81
85
97
96
75
66
68
70
66
57
57
64
71
66
43
36
34
39
44
39
16
-7
-2
18
35
35
28
37
41
43
61
82
81
71
60
48
42
65
87
98
112
119
106
99
104
113
105
83
59
56
67
65
42
38
50
54
54
58
58
61
66
80
92
86
56
36
48
65
60
40
27
36
44
40
42
49
38
11
2
12
27
19
3
2
8
18
23
22
21
33
48
59
54
41
25
18
29
60
83
75
60
53
54
53
43
50
64
69
73
77
75
66
49
49
54
59
55
48
35
20
12
10
20
24
25
20
6
3
21
43
57
59
66
85
102
107
92
71
73
80
75
77
75
64
53
55
53
44
41
51
69
80
67
44
12
2
18
21
8
-2
-4
-3
-9
-18
-18
-9
-2
5
-5
-27
-26
-5
-5
-13
-3
2
4
20
23
22
38
64
59
48
43
50
64
80
88
87
88
84
70
55
42
33
40
54
57
58
64
55
39
21
4
-6
-2
8
-1
-13
-7
20
36
48
49
20
-3
8
28
43
56
61
48
28
34
40
27
17
24
44
71
103
122
122
116
100
86
72
59
64
72
83
98
106
103
98
92
91
99
101
99
104
105
99
100
112
102
72
55
54
64
57
50
53
54
56
45
37
36
38
42
53
70
86
106
115
99
83
76
86
101
128
155
145
103
80
100
128
114
84
84
98
108
108
104
96
75
59
54
45
32
18
11
11
25
37
18
-22
-54
-58
-53
-52
-42
-18
-12
-34
-41
-38
-21
-7
-8
-8
-6
3
10
11
20
26
26
24
18
10
11
19
21
19
16
20
23
23
34
49
58
66
71
70
58
57
74
88
88
67
37
33
42
48
37
25
17
7
-8
-36
-50
-42
-29
-25
-23
-10
-7
-10
-2
8
7
-1
-2
3
25
37
37
53
67
65
58
55
68
82
81
74
69
55
44
44
49
53
48
48
59
72
71
64
52
40
48
67
71
67
60
53
42
38
42
38
17
-2
-3
4
7
6
-9
-22
-8
9
16
16
20
20
24
38
42
40
44
53
56
66
71
66
57
60
61
72
82
67
53
59
72
87
98
93
85
90
113
121
116
102
91
88
76
67
48
36
36
39
39
23
9
8
6
11
13
12
22
28
36
39
35
37
54
74
85
76
81
86
89
84
72
70
65
57
57
67
76
74
68
57
57
68
81
90
93
86
85
83
86
92
86
80
83
92
104
91
76
69
73
84
84
54
21
21
41
50
42
41
52
64
65
58
68
89
98
81
73
83
93
102
100
81
69
71
72
68
64
68
81
100
112
108
100
96
84
75
76
86
97
86
61
55
58
72
74
56
35
32
55
96
132
145
121
80
53
57
65
60
51
21
-1
-2
4
20
37
39
25
22
40
64
68
66
76
77
67
53
35
20
12
20
22
17
12
18
9
0
6
16
16
10
13
12
20
28
23
26
37
41
36
27
21
18
11
5
-7
-19
-29
-38
-37
-38
-70
-91
-82
-59
-39
-22
-2
4
6
18
32
25
10
11
17
21
22
38
61
58
32
11
1
17
45
48
26
34
52
71
84
76
56
43
37
34
23
26
35
49
53
38
27
26
28
21
16
28
45
49
52
57
52
41
38
43
56
52
49
71
96
92
74
49
41
45
49
48
37
34
41
59
65
67
69
50
34
33
40
60
83
88
74
57
65
73
55
35
22
24
41
69
97
118
118
91
60
60
82
86
66
48
54
69
75
73
88
104
105
91
82
82
92
112
105
72
39
35
48
53
53
58
52
37
37
37
24
16
13
18
20
40
68
87
107
107
88
59
39
51
87
88
60
48
56
69
66
54
36
26
27
25
20
27
27
16
6
2
-5
-4
7
9
9
20
27
26
32
40
43
50
48
41
44
49
53
51
60
72
60
56
68
71
58
50
55
65
76
91
102
113
114
96
58
19
4
32
75
98
102
113
128
130
123
134
121
102
89
82
76
73
84
112
124
112
84
61
71
102
129
122
100
73
59
57
65
71
72
89
98
86
75
87
101
101
104
96
87
88
80
83
105
123
113
88
84
84
74
71
89
131
154
128
73
39
43
56
49
20
7
23
53
64
57
57
65
57
37
24
26
32
25
19
35
52
38
11
12
18
10
16
28
44
66
69
57
53
59
57
58
73
87
84
76
74
67
58
60
52
37
38
40
37
40
42
51
48
24
-9
-43
-50
-28
-6
-5
-23
-40
-37
-24
2
