-19
2
24
44
51
40
43
70
81
75
82
86
70
50
57
84
96
91
99
117
135
146
136
119
117
128
129
104
68
41
35
39
22
-22
-70
-92
-92
-83
-77
-87
-82
-58
-39
-42
-57
-58
-56
-52
-33
0
19
17
4
-4
-20
-26
-8
28
74
113
123
112
100
92
99
106
104
114
137
163
181
178
153
135
128
131
138
128
104
92
81
70
72
83
80
60
39
19
-2
-19
-22
-6
19
39
36
18
1
-2
8
22
22
4
-2
12
49
74
76
71
68
67
69
82
104
114
117
122
117
117
132
138
124
106
102
105
112
118
108
86
72
66
41
22
25
38
39
20
-4
-11
-9
-10
-13
-12
-18
-18
-17
-17
-10
-2
3
12
28
36
38
44
55
60
65
65
52
43
43
52
67
85
100
107
89
70
61
66
71
68
51
26
12
22
42
69
80
67
50
55
75
89
84
66
21
-30
-57
-49
-28
-20
-12
-7
-13
-28
-28
-22
-21
-24
-25
-24
-12
7
16
8
-2
-10
-1
10
21
29
33
33
42
65
75
75
75
84
91
96
90
82
75
85
101
107
92
83
88
114
129
122
108
84
54
40
37
25
16
16
20
20
18
12
12
23
34
25
-10
-55
-70
-55
-37
-24
-9
-8
-24
-29
-25
-23
-26
-24
-5
18
33
43
53
53
58
76
104
116
124
136
152
164
165
153
146
148
153
148
137
108
82
80
98
107
90
58
49
68
85
82
67
66
66
57
52
55
55
39
18
7
12
21
40
51
41
21
8
26
57
73
81
83
70
53
49
71
103
123
131
122
113
119
139
162
170
161
140
122
106
104
108
98
70
29
-5
-20
-9
1
-2
-29
-71
-82
-75
-72
-78
-83
-91
-100
-94
-73
-42
-27
-25
-30
-29
-11
-1
-11
-27
-24
-2
21
23
19
23
32
44
74
105
122
122
108
105
105
96
88
101
108
102
86
69
52
36
26
12
6
10
19
26
17
2
-6
-11
-5
4
5
-3
-21
-27
-18
-13
-21
-30
-40
-29
9
40
43
37
38
50
61
61
57
67
75
92
119
140
153
162
155
134
124
120
114
115
114
102
92
83
72
54
35
34
39
33
11
-2
-5
11
16
-1
-1
-2
-9
-17
-7
8
17
17
20
20
7
13
44
71
87
89
83
80
77
80
75
65
40
33
55
76
76
76
74
65
51
53
59
52
53
70
81
76
55
27
1
-21
-35
-28
-18
-17
-19
-23
-19
-18
-18
-22
-18
2
20
29
37
27
8
17
53
88
100
80
53
53
58
49
45
54
64
93
123
129
114
101
81
64
66
75
82
83
86
108
130
138
139
133
101
60
44
52
56
68
88
75
41
25
5
-27
-50
-36
-9
5
10
24
51
73
84
75
48
25
20
22
25
24
19
13
16
24
48
65
61
57
70
80
76
73
74
80
80
69
53
34
32
55
80
70
40
33
40
57
68
70
58
42
40
48
43
35
37
37
21
4
3
12
26
38
42
37
42
64
77
74
66
70
90
100
92
70
55
70
87
85
77
71
66
83
97
92
81
68
64
49
36
32
26
12
1
4
4
-4
-6
-2
4
19
27
12
-18
-27
4
25
20
22
40
41
27
19
17
24
45
55
43
39
57
73
69
69
73
84
102
113
116
116
100
85
84
96
113
122
129
124
121
115
107
105
116
135
122
99
82
75
74
70
59
38
23
45
73
72
50
35
26
25
40
65
76
61
42
48
68
68
45
34
35
37
42
38
20
10
16
26
34
33
37
37
22
20
38
39
19
3
11
26
25
23
34
56
60
55
49
51
59
70
67
56
43
37
33
34
26
7
-8
-13
-5
-1
-11
-23
-19
-10
-7
-9
-13
-9
-1
0
0
17
22
18
8
5
22
44
54
48
32
33
40
40
35
33
45
70
84
72
54
45
43
40
39
44
44
40
34
18
0
-3
-4
-2
20
38
36
24
21
17
1
-7
-2
18
29
38
52
66
80
91
101
91
66
44
44
54
66
76
80
74
80
75
61
73
100
100
89
90
96
85
70
56
33
11
-2
-10
-20
-33
-41
-46
-52
-61
-72
-65
-38
-19
-13
-7
13
23
18
9
2
11
29
29
27
26
28
34
42
55
58
40
33
54
74
59
51
57
67
70
68
68
73
90
100
87
68
68
80
69
39
24
29
32
21
12
9
4
-1
7
23
22
9
10
4
-14
-33
-37
-42
-56
-57
-42
-36
-27
-6
2
-3
2
12
27
38
48
65
84
92
96
102
106
113
112
105
107
130
145
131
101
89
90
81
57
44
44
49
59
75
77
65
54
55
55
55
50
42
35
10
3
10
37
42
23
18
26
35
45
59
64
53
42
56
74
75
68
65
70
76
66
36
22
36
49
49
41
44
58
80
92
100
97
82
70
71
68
56
36
17
7
-6
-7
3
11
13
-2
-19
-20
-19
-17
-8
-9
-9
-11
-8
-13
-8
10
27
36
26
12
9
24
40
67
89
82
65
70
102
115
91
75
82
92
100
103
112
113
92
74
72
87
88
74
59
37
26
40
69
83
59
38
43
64
77
87
84
73
64
52
51
49
41
27
20
38
60
65
56
58
75
88
82
70
69
80
87
99
118
135
135
128
117
108
112
123
144
151
137
119
117
120
116
112
103
81
60
61
74
89
90
74
41
17
12
12
8
5
-8
-23
-25
-7
8
-3
-25
-23
-18
-27
-25
-3
3
-21
-44
-50
-39
-28
-20
10
65
113
131
129
124
131
129
130
137
133
117
112
112
109
109
114
106
91
77
49
7
-11
-9
4
25
20
3
-5
-18
-41
-38
-13
1
-8
-23
-19
21
57
60
44
49
69
86
85
83
105
133
134
113
77
67
84
105
112
104
93
100
113
121
120
112
88
52
18
12
34
50
66
68
65
58
53
58
66
64
56
54
36
13
21
48
52
27
4
-12
-23
-26
-18
-17
-20
-18
-5
7
8
3
-4
-6
8
36
56
66
72
80
80
71
65
59
70
86
86
88
104
114
113
106
85
59
51
61
67
57
39
28
28
34
37
26
4
-3
7
20
8
-19
-45
-42
-12
2
-1
2
7
18
42
57
52
48
45
44
45
48
51
54
52
56
67
83
91
88
72
55
40
28
13
2
10
35
28
19
32
43
41
26
7
-1
5
20
37
55
58
41
34
54
73
84
81
50
22
21
53
91
102
83
49
24
27
43
49
48
53
64
75
98
106
85
54
32
26
28
24
7
-7
-9
1
8
9
23
35
25
11
16
41
55
44
23
4
0
5
12
28
41
38
26
29
39
40
41
45
64
75
85
108
123
112
92
80
67
54
55
67
80
97
122
139
131
108
113
128
128
108
90
81
81
96
106
92
55
13
-20
-29
-11
16
33
26
19
17
21
32
51
48
27
27
41
54
55
42
38
32
23
27
37
39
37
43
67
76
72
73
76
81
83
75
81
99
101
97
98
109
129
144
123
93
83
88
114
124
114
89
71
53
37
33
25
18
12
2
-7
-13
-18
-21
-28
-40
-37
-25
-6
26
45
36
17
5
12
52
89
106
114
115
100
80
81
100
93
77
64
65
83
98
103
109
99
71
49
34
35
54
77
91
96
84
66
51
42
52
65
58
41
35
38
29
8
-9
-11
1
7
-5
-25
-29
-17
-3
2
6
8
0
-19
-22
-11
5
29
35
11
-7
6
51
80
72
42
23
35
73
108
118
106
96
90
91
90
80
65
56
60
65
57
53
58
57
38
13
-4
-1
16
19
17
20
20
5
-7
-12
-5
7
13
10
6
8
26
36
22
3
4
32
68
88
90
91
96
96
101
117
124
128
130
122
104
83
58
28
25
40
44
50
49
35
27
34
34
16
-10
-17
0
12
29
43
40
20
11
35
55
44
25
20
17
4
2
12
16
8
12
42
84
107
109
105
105
105
100
103
120
137
148
152
146
132
113
89
83
90
98
98
96
96
113
125
98
58
34
17
-2
-17
-7
-1
-18
-41
-45
-17
12
13
-11
-24
-18
-2
9
-12
-42
-34
3
26
27
11
5
17
23
26
40
57
76
100
113
104
88
72
65
75
98
116
119
121
134
148
141
128
125
139
129
102
89
77
60
39
20
10
12
18
20
26
26
28
38
38
26
20
11
1
-1
5
4
-3
-2
9
22
39
59
74
70
60
52
49
51
57
67
68
49
33
32
40
51
56
55
42
27
22
20
11
-6
-14
-1
16
9
-1
-3
-6
-14
-24
-20
-8
-3
3
6
-4
-6
12
50
75
76
52
37
58
92
106
101
75
49
52
101
150
161
135
131
153
165
147
121
106
107
104
88
75
59
38
25
28
28
28
35
40
38
28
22
12
2
4
18
35
44
34
18
13
16
7
3
10
24
32
11
0
11
36
56
68
67
60
64
61
58
58
59
53
44
38
29
23
24
36
43
40
19
-6
-22
-25
-20
-8
12
24
18
2
-17
-23
-21
-7
2
-9
-14
11
42
39
18
19
39
44
48
59
86
97
93
92
87
82
68
57
71
85
102
121
133
135
144
165
182
184
165
134
130
161
182
170
140
121
113
102
93
87
80
69
59
51
42
37
35
22
4
-3
-7
-11
-13
-3
18
28
36
32
19
12
10
12
18
24
35
39
40
37
28
19
17
28
44
42
35
41
50
48
45
72
85
65
54
64
74
85
91
81
54
36
27
21
5
-5
-6
-14
-23
-27
-41
-57
-51
-37
-42
-50
-42
-29
-9
9
18
9
2
2
10
24
34
29
20
7
11
18
17
11
8
26
58
83
77
64
66
100
121
103
80
84
90
84
84
90
92
87
87
89
91
85
67
50
37
27
11
-6
-20
-19
-4
-1
-7
-18
-25
-22
-2
16
17
9
20
44
73
76
44
28
43
42
36
33
28
38
54
55
54
67
84
90
96
96
92
96
106
109
98
81
66
76
114
121
92
72
76
89
97
96
64
17
-3
3
12
13
3
-17
-17
-2
8
0
-9
-8
-13
-20
-21
-6
21
37
34
19
19
37
44
27
2
-7
4
37
73
89
82
73
83
108
136
145
146
138
135
134
128
118
96
76
87
108
113
91
75
70
64
68
64
50
52
57
50
24
19
16
7
18
32
42
58
66
72
75
73
75
74
55
36
43
71
87
83
65
61
75
96
115
124
120
112
100
103
103
81
51
24
25
51
67
54
37
35
35
26
13
-12
-30
-35
-35
-33
-35
-38
-51
-76
-82
-58
-33
-5
10
8
-6
-7
18
36
44
54
60
77
100
105
99
84
70
55
57
73
80
86
99
101
98
99
101
89
74
73
81
81
59
44
52
57
58
66
55
21
-5
-7
6
25
33
23
18
12
-5
-23
-19
-3
16
16
-5
-10
2
20
39
51
48
42
28
19
16
24
38
36
28
35
42
50
43
36
41
66
81
80
81
87
105
135
147
129
92
59
61
76
88
101
104
88
81
93
106
87
44
10
10
33
39
24
22
40
59
56
26
-7
-19
-8
20
38
48
60
77
93
85
44
-5
-34
-21
-5
-8
-8
18
38
23
2
-1
10
28
32
25
12
-2
-9
-7
7
26
26
19
23
33
32
32
39
50
49
36
25
41
73
91
81
67
70
73
82
85
81
67
53
49
55
57
53
54
57
68
82
76
70
69
71
76
80
87
101
102
96
97
92
81
64
66
72
64
50
54
65
60
34
16
28
50
41
29
33
39
68
90
83
54
36
40
65
77
60
37
40
67
81
80
67
61
58
57
53
52
66
86
92
77
56
43
42
54
74
68
37
32
55
64
59
55
53
50
38
25
28
42
40
18
3
16
48
64
50
35
32
37
65
97
105
98
83
73
86
88
73
54
44
38
37
27
19
20
18
-4
-14
-4
-1
-10
-12
-4
4
4
-11
-34
-40
-35
-20
1
11
5
-3
-5
-14
-22
-23
-21
-10
-2
4
9
9
8
1
0
4
11
32
52
58
56
53
58
66
72
73
66
45
36
39
34
19
13
24
18
3
-3
8
28
49
41
32
35
35
27
34
33
25
28
38
35
26
33
39
38
33
50
65
56
29
18
28
43
56
72
72
70
82
96
106
108
104
85
80
101
132
139
124
106
99
109
137
154
152
137
116
105
104
108
108
108
121
138
138
131
130
144
156
151
139
134
121
114
122
130
131
133
139
132
112
104
115
119
112
92
87
91
92
92
113
119
103
82
88
116
122
117
109
105
96
90
85
53
21
5
7
20
25
23
11
-7
-24
-12
22
50
36
5
-5
-3
-6
-12
-8
6
22
17
6
8
16
23
17
5
4
6
3
16
27
27
23
32
36
5
-24
-14
5
8
4
5
4
6
4
-9
-19
-26
-26
-18
-18
-24
-26
-21
-13
-10
-3
17
19
5
-9
-18
-14
-6
-8
-10
2
24
37
36
34
36
59
82
74
60
55
66
73
71
71
85
105
108
113
130
154
171
160
134
130
145
160
140
122
132
145
153
163
153
139
134
131
124
98
55
28
34
57
80
81
66
42
29
18
24
50
55
36
17
25
57
82
88
87
75
65
60
68
77
82
81
73
60
81
102
87
65
61
66
56
37
21
28
42
38
18
4
2
0
-20
-52
-74
-87
-90
-97
-99
-102
-117
-119
-117
-117
-129
-135
-117
-88
-54
-33
-42
-57
-61
-59
-41
-22
-13
-13
-5
12
33
41
39
42
51
61
69
70
67
69
71
80
90
92
98
120
136
132
119
116
114
107
105
103
103
103
102
91
80
83
73
39
20
32
49
52
44
54
74
72
49
38
60
86
74
54
55
61
68
69
66
68
89
104
88
71
73
91
108
100
81
84
123
150
141
119
107
100
85
81
93
105
99
84
91
107
98
76
59
28
5
-4
-22
-44
-54
-49
-51
-60
-66
-61
-56
-49
-26
3
13
-6
-42
-61
-45
-25
-24
-35
-38
-25
-12
-18
-18
-8
-8
-10
-2
20
32
18
21
50
74
80
86
98
97
89
84
76
67
52
44
45
41
40
38
32
20
-1
-19
-13
1
8
22
39
43
39
40
44
33
18
17
29
36
21
6
16
28
36
32
25
20
16
27
43
43
44
55
73
77
90
115
128
128
123
120
115
121
129
118
109
113
118
125
114
98
92
93
85
65
49
49
45
39
35
51
61
70
59
42
40
50
57
60
54
36
28
41
57
67
92
118
116
106
112
132
148
151
138
116
105
119
138
139
134
122
125
151
163
148
119
96
73
59
53
50
41
24
3
0
19
27
28
25
21
3
-14
-11
1
21
22
-3
-18
-24
-33
-21
-11
-29
-42
-18
20
44
66
84
85
72
71
77
80
82
92
91
89
100
125
141
135
122
122
120
103
80
53
43
56
52
23
0
-10
-7
-3
-18
-49
-72
-81
-76
-66
-62
-68
-68
-70
-77
-77
-69
-62
-60
-56
-53
-43
-24
-11
10
24
13
3
5
22
40
44
44
43
51
60
66
65
68
64
55
64
80
90
86
74
72
73
69
69
72
71
66
59
59
67
81
81
76
82
89
68
39
34
51
56
48
26
23
36
32
17
9
22
44
55
50
34
20
23
43
50
27
12
7
5
0
-2
-1
-19
-45
-52
-46
-40
-36
-35
-25
-2
16
16
18
33
55
74
85
92
99
92
84
73
74
84
91
93
93
108
117
113
112
116
122
106
89
96
109
104
84
64
59
73
88
89
66
49
42
48
65
76
70
53
43
42
40
19
-6
-3
12
19
22
19
17
19
27
34
36
53
68
51
34
34
42
53
65
76
99
131
144
133
122
131
152
160
141
121
115
122
133
130
107
74
54
48
35
25
35
45
45
36
27
27
34
35
27
10
-1
16
48
52
16
-26
-23
2
-5
-38
-51
-28
-4
6
-5
-11
-8
-9
-23
-11
12
26
43
51
48
42
48
43
39
50
69
76
75
73
73
84
88
85
87
85
87
91
87
82
85
88
86
85
91
91
73
54
35
19
17
18
5
-1
7
6
2
-2
-3
-7
-24
-42
-49
-41
-25
-17
-18
-21
-17
-4
8
28
44
48
54
66
67
74
91
103
100
92
85
77
90
115
140
146
123
116
117
113
101
99
91
89
88
84
83
90
83
54
27
23
42
70
86
82
64
58
82
109
107
65
27
16
24
50
52
36
34
27
19
25
43
28
0
-11
3
34
51
42
38
50
66
75
72
69
70
70
66
68
80
101
115
115
118
112
92
74
70
75
82
71
56
48
42
36
25
35
60
87
84
48
11
12
44
69
55
35
23
23
28
25
20
22
32
38
37
25
27
52
66
66
59
54
45
52
68
67
66
75
75
64
48
38
32
35
49
50
32
3
-20
-28
-23
-11
0
5
10
11
-2
-7
2
4
0
-2
-5
-8
3
24
35
36
39
43
44
38
27
22
25
36
49
55
64
68
88
140
165
136
103
100
121
147
140
105
85
103
129
135
112
66
40
54
75
74
59
36
20
25
41
43
11
-13
-6
21
40
42
51
59
55
39
35
49
60
65
61
50
43
58
81
89
83
66
56
64
74
104
117
97
70
67
87
109
90
50
32
38
52
55
48
32
17
4
-7
-10
-2
-1
-9
-9
-6
-11
-23
-21
-20
-27
-33
-38
-37
-17
-2
-2
-20
-29
-13
3
17
35
48
55
70
85
84
75
82
101
113
108
102
100
100
91
84
93
106
112
115
119
109
86
66
65
61
65
75
87
91
76
69
81
86
69
57
54
44
35
35
39
26
-10
-42
-49
-23
6
12
1
-4
0
13
38
50
45
40
40
32
9
4
37
81
96
70
38
29
43
65
70
57
41
26
29
40
41
39
27
28
38
24
5
-7
-5
16
33
39
23
1
-5
-8
-6
0
4
2
2
16
23
21
18
21
36
50
59
66
65
70
83
93
85
75
75
83
86
81
65
49
35
23
19
17
7
2
-5
-11
-11
1
23
32
36
48
55
53
53
59
70
72
66
56
55
67
81
87
104
124
119
105
98
102
108
106
104
113
120
115
102
93
86
71
65
60
60
59
54
41
37
38
41
38
29
22
10
4
-1
2
16
21
21
21
32
54
77
85
77
77
86
100
113
115
105
93
85
82
74
55
48
44
41
38
52
67
61
54
58
76
104
122
128
116
99
91
109
138
145
136
135
123
106
103
106
105
86
39
6
5
16
11
-2
-10
-21
-25
-18
4
25
26
-2
-28
-19
3
0
-25
-30
-13
-3
2
3
3
12
29
44
57
71
93
106
102
106
114
112
106
105
112
121
134
131
97
75
82
75
54
32
2
-7
10
26
22
5
8
24
33
33
32
12
-6
-10
-11
-13
-12
-7
1
-1
-11
-18
-5
12
28
36
34
41
55
64
68
68
55
44
56
80
90
91
106
121
116
101
100
107
109
112
114
105
86
70
50
36
35
32
18
8
-7
-26
-38
-33
-12
-8
-22
-36
-28
-20
-18
-21
-40
-70
-76
-55
-38
-18
7
25
42
69
85
85
74
69
70
88
130
148
135
141
180
205
216
220
202
182
169
149
128
115
114
90
52
32
37
52
59
71
64
28
-7
-23
-22
-38
-65
-62
-34
-8
2
4
2
-5
-13
-24
-35
-41
-57
-59
-33
-4
3
4
9
21
48
72
68
53
54
66
70
84
112
136
136
129
119
119
131
137
123
101
81
65
54
54
56
54
32
12
23
21
-10
-34
-18
-2
-7
-11
-13
-11
-2
23
39
32
24
38
58
75
84
84
77
73
72
68
66
81
98
96
99
119
133
122
112
115
136
153
169
177
150
115
107
130
139
121
90
82
73
65
53
39
27
16
11
12
2
-7
-9
-20
-25
-13
0
5
25
53
54
41
36
52
82
90
66
37
36
69
102
106
104
104
100
91
86
84
83
86
82
77
85
97
105
107
87
64
50
56
81
84
64
33
9
2
1
-10
-44
-65
-53
-40
-38
-50
-65
-60
-42
-28
-37
-51
-56
-66
-70
-62
-56
-53
-62
-75
-83
-88
-82
-60
-46
-51
-57
-49
-23
-11
-13
-8
5
25
40
43
40
49
64
72
75
84
77
58
53
54
55
55
52
28
16
27
37
28
11
7
19
24
17
9
8
8
18
27
23
8
5
17
33
35
25
23
32
48
59
68
70
77
82
77
71
59
59
80
97
99
91
88
102
117
124
129
124
128
139
145
123
98
101
113
105
82
74
89
106
119
129
141
146
138
122
103
105
117
130
139
138
134
133
130
113
84
68
58
55
57
60
64
73
117
161
150
102
81
99
105
87
77
83
84
90
115
131
115
72
33
12
28
60
75
80
80
67
36
11
11
21
-1
-43
-45
-3
28
26
28
27
22
18
2
9
49
81
80
53
23
18
28
42
39
18
3
1
6
26
68
84
56
18
1
1
5
4
-10
-20
-5
17
21
18
6
0
8
19
19
5
-13
-23
-26
-33
-37
-42
-52
-60
-73
-76
-68
-56
-36
-7
1
-9
-18
-10
0
-7
-25
-38
-28
-6
8
12
4
-3
5
23
34
19
-2
3
28
44
49
44
35
32
42
56
65
66
57
50
50
56
67
66
56
52
57
81
83
68
45
40
52
68
84
97
114
131
130
118
119
131
135
137
140
146
164
181
182
169
170
186
197
182
149
118
122
163
196
185
146
112
102
100
92
100
105
100
81
68
59
48
33
18
-2
-19
-25
-24
-23
-19
-20
-17
-22
-40
-50
-41
-25
-22
-40
-61
-70
-53
-27
-20
-27
-24
-13
-5
-11
-18
-18
0
26
42
49
43
36
26
28
34
27
13
5
10
11
-4
-11
-1
3
-5
-20
-30
-34
-27
-21
-9
1
-2
-19
-19
-1
3
-8
-9
1
13
25
23
21
27
28
32
42
51
42
32
21
18
20
12
4
4
10
35
44
53
73
119
172
212
214
192
183
189
188
176
160
146
130
119
112
106
109
116
114
119
129
136
133
120
120
140
156
140
124
138
160
154
149
166
170
150
120
109
121
133
131
136
134
112
92
99
104
97
83
72
75
83
77
65
56
51
23
0
-3
-3
-9
-19
-26
-28
-36
-39
-39
-35
-34
-25
-13
-8
-9
-7
-2
3
13
16
-8
-21
7
53
66
50
40
52
73
92
108
121
131
134
136
132
124
128
135
137
131
104
75
82
98
104
99
73
58
71
72
61
60
59
51
26
6
-3
-6
-13
-25
-23
-20
-27
-39
-35
-18
-10
-20
-30
-36
-25
-8
5
-1
-11
-12
2
16
10
2
20
36
35
34
42
59
83
89
83
72
64
66
84
96
92
90
88
66
40
38
48
54
50
41
39
50
60
54
28
8
12
39
68
75
70
65
69
84
102
108
104
96
85
86
85
84
98
119
120
104
101
107
114
106
101
90
68
71
100
113
90
64
53
43
33
27
28
25
17
2
-3
3
16
7
-22
-53
-70
-70
-45
-10
10
5
-4
-8
4
22
27
23
9
7
25
49
72
82
81
83
83
83
75
70
80
101
115
113
105
100
99
97
87
75
72
67
68
61
41
27
27
35
17
-12
-22
-19
-22
-28
-37
-36
-39
-51
-53
-28
-8
-14
-30
-27
-24
-37
-44
-53
-45
-25
-9
7
23
37
39
42
54
64
76
106
130
137
146
148
150
156
152
160
169
160
135
115
104
96
92
92
82
61
52
52
51
40
38
36
24
5
-8
-13
-10
-2
-2
-12
-24
-21
-4
10
16
9
18
27
35
44
48
48
57
72
73
76
98
114
121
124
135
149
156
166
185
203
210
212
210
209
192
164
147
132
131
148
150
120
72
48
43
48
54
58
49
24
6
3
12
27
28
4
-25
-25
-7
-10
-36
-54
-42
-25
-10
-1
3
6
23
40
41
40
37
21
11
11
23
51
84
109
120
120
112
93
81
82
90
105
116
123
128
124
103
65
38
22
-3
-34
-52
-44
-13
2
2
-3
-4
-19
-29
-41
-56
-56
-53
-58
-66
-54
-27
-17
-21
-18
-6
-4
-10
-17
-2
22
39
48
42
33
25
37
68
85
76
72
81
97
100
88
82
75
72
77
80
72
66
52
34
8
-24
-56
-71
-73
-61
-53
-50
-59
-71
-78
-77
-68
-57
-52
-55
-65
-45
-23
-17
-11
4
28
27
19
27
49
53
51
51
56
69
74
60
50
76
117
113
82
69
84
114
139
137
128
122
129
136
140
139
139
131
102
80
64
53
39
34
41
33
8
5
27
40
27
10
-1
-1
-1
-2
0
9
20
37
66
75
71
50
38
64
100
123
133
128
121
135
157
156
133
107
107
145
183
200
199
186
180
194
208
199
168
123
87
70
86
118
139
133
96
80
98
104
97
85
73
55
44
50
59
68
58
48
50
50
42
36
36
40
61
89
104
92
89
88
80
67
59
57
40
23
36
66
93
97
73
51
39
36
26
12
3
0
4
2
-24
-55
-71
-85
-78
-59
-46
-45
-45
-43
-38
-36
-37
-41
-42
-41
-55
-59
-33
3
7
-14
-38
-33
-11
1
6
