44
48
50
36
24
40
67
76
67
52
42
43
57
73
81
83
96
113
129
145
133
108
89
72
57
51
39
17
0
-1
0
-9
-26
-50
-58
-40
-5
20
38
39
24
10
11
21
26
25
10
-2
16
41
42
35
24
19
22
28
42
55
53
43
48
65
83
90
92
90
85
91
102
102
98
99
85
53
18
8
23
26
12
18
39
51
43
36
18
4
6
25
33
37
51
57
58
55
41
33
29
17
4
25
52
57
67
74
81
91
99
112
115
86
45
37
60
89
100
89
87
96
102
99
92
85
67
51
35
20
9
8
13
20
22
32
24
2
-8
6
25
19
0
0
27
53
66
66
51
42
49
54
65
54
43
68
106
122
118
108
113
128
132
128
120
106
99
117
140
138
117
116
122
115
100
85
77
81
70
55
41
35
26
9
-7
-25
-34
-36
-27
-14
-1
16
12
-8
-24
-12
2
1
7
26
36
42
43
39
48
66
74
80
96
108
104
93
92
103
114
107
98
100
120
148
160
153
144
123
104
91
99
103
68
33
18
13
-2
-24
-43
-57
-67
-75
-66
-44
-35
-45
-70
-92
-91
-72
-52
-44
-40
-25
-7
4
16
20
17
20
38
64
98
99
85
84
88
85
85
88
91
90
105
130
137
139
135
145
160
146
107
100
116
131
122
101
93
100
98
97
98
105
100
70
38
35
42
54
54
39
22
17
11
3
3
-8
-24
-37
-34
-20
-2
22
40
53
54
41
49
82
98
83
72
81
96
96
89
98
99
100
117
140
166
179
165
128
108
114
119
116
97
74
65
61
57
44
42
42
35
18
4
-4
-10
-12
-22
-41
-49
-52
-55
-54
-53
-39
-12
12
25
27
33
26
21
26
49
65
67
66
57
53
59
93
132
140
112
72
69
84
96
85
56
28
17
10
19
24
19
13
8
-7
-24
-13
20
49
57
53
37
16
7
24
22
18
29
38
41
40
28
18
11
12
20
26
22
17
19
26
38
53
57
56
52
65
83
89
81
69
68
64
43
49
67
66
50
25
4
10
33
33
21
9
1
-9
-19
-12
2
12
20
20
10
8
11
21
38
42
34
7
-8
-6
7
27
50
59
65
81
96
91
91
100
99
82
75
83
81
82
96
119
131
113
83
68
71
83
75
59
52
38
16
5
2
-1
-13
-22
-22
-26
-40
-51
-44
-43
-43
-33
-29
-27
-25
-10
6
9
-2
-5
-1
-2
1
8
12
20
22
32
59
90
106
107
93
88
100
119
131
113
91
80
72
54
51
72
87
73
41
17
16
35
37
33
42
59
60
40
24
17
4
-5
-8
8
42
51
35
24
19
9
11
18
24
27
37
60
85
99
96
91
93
90
77
77
88
98
98
99
104
108
101
82
67
64
58
55
61
53
26
4
6
25
32
32
34
39
52
58
58
56
56
52
59
71
68
51
34
34
56
73
54
26
24
37
49
54
54
54
70
69
66
60
58
73
70
45
49
50
32
32
48
55
41
17
5
27
52
42
37
43
48
58
70
67
64
70
75
67
52
40
29
38
57
57
42
29
23
9
0
1
17
40
43
41
52
65
69
67
54
49
57
71
68
59
53
43
34
32
28
9
-6
-11
-17
-9
-4
-2
9
16
8
6
13
22
27
43
60
65
67
75
77
73
67
65
74
74
60
51
35
25
28
32
41
56
60
57
51
56
66
57
53
41
24
40
67
68
61
48
27
20
19
22
7
-17
-33
-34
-29
-23
-5
1
4
2
-6
-3
-4
-14
-25
-36
-36
-37
-27
-8
-7
-25
-23
-4
0
-13
-4
11
21
24
25
26
26
21
22
37
64
90
100
98
96
102
115
122
122
132
147
152
147
141
121
83
52
42
53
68
66
58
53
55
67
54
27
17
22
32
24
1
-20
-18
4
18
27
41
50
53
48
36
35
49
69
86
82
76
80
73
53
43
54
52
51
74
109
133
138
122
101
87
76
77
98
119
117
100
92
96
99
85
55
33
22
21
19
17
17
10
-7
-29
-30
-25
-20
5
37
48
41
42
41
26
18
27
41
50
64
77
86
86
89
108
114
104
104
128
144
149
150
147
132
108
96
89
83
69
70
74
64
49
28
3
-21
-39
-37
-20
-10
-18
-43
-60
-44
-33
-36
-39
-37
-39
-28
-18
-6
7
16
5
2
24
44
41
26
27
49
68
77
85
88
85
82
90
102
101
92
93
112
116
114
121
133
132
129
118
97
71
71
98
107
100
85
61
41
28
10
-14
-39
-53
-61
-58
-40
-28
-34
-38
-39
-39
-44
-62
-50
-12
-7
-34
-51
-59
-57
-27
7
22
19
9
8
22
42
51
58
72
70
59
45
49
42
17
-3
-10
-2
9
24
35
35
17
5
7
9
-5
-28
-33
-12
-2
-6
-17
-33
-36
-23
-18
-26
-37
-40
-43
-40
-28
-12
-9
-29
-49
-43
-33
-19
1
19
27
24
23
28
32
37
42
51
53
52
48
53
58
48
37
38
68
102
117
119
122
121
121
120
115
104
89
68
64
72
88
102
102
89
76
66
72
82
72
51
44
61
74
74
75
69
76
105
115
98
85
96
102
87
73
89
119
121
103
90
87
89
83
65
58
67
60
59
80
100
107
100
91
93
101
89
84
100
122
129
118
102
90
103
120
116
100
86
80
69
70
92
112
93
68
56
57
68
76
54
22
13
36
60
74
58
39
27
18
1
-2
11
38
67
85
85
76
72
58
50
55
51
32
16
10
19
37
41
38
29
19
27
37
39
38
26
22
34
42
23
-1
-8
-13
-10
2
3
-5
5
25
44
74
104
113
99
89
99
117
132
122
103
97
101
97
75
52
41
43
35
19
2
-11
-23
-7
27
55
71
76
54
27
22
16
12
18
8
-6
-6
10
24
21
1
-37
-73
-81
-56
-33
-18
-9
-4
-5
-1
-13
-23
-17
2
2
-4
2
6
2
-27
-58
-58
-35
-21
-35
-43
-25
6
25
18
-9
-38
-42
-27
-13
-2
1
-4
-13
-28
-29
-24
-26
-24
-17
-5
0
2
19
23
16
25
44
67
77
83
86
88
89
96
100
105
118
121
120
108
108
119
117
129
141
152
160
160
148
131
122
123
123
113
105
101
100
90
85
81
64
44
37
36
34
25
19
17
23
39
55
60
77
108
123
120
105
93
113
140
148
148
162
179
192
215
224
208
199
196
189
193
209
202
177
149
148
165
167
148
137
151
170
186
176
153
132
115
102
105
108
113
120
121
109
90
90
116
148
164
167
169
181
203
219
209
183
173
194
229
246
252
259
243
231
235
227
199
181
170
157
154
167
193
204
183
141
116
105
106
119
132
121
73
19
-1
22
61
84
65
22
-8
0
32
56
70
71
69
80
88
91
100
96
87
76
66
51
40
41
57
76
93
91
81
91
106
92
80
73
69
58
52
41
24
11
16
8
-12
-43
-60
-73
-88
-93
-84
-77
-76
-74
-68
-61
-60
-58
-49
-40
-27
-13
-13
-33
-46
-28
17
66
83
60
50
45
41
50
68
75
76
74
83
103
121
121
115
109
103
96
91
97
107
108
81
49
34
33
42
28
-7
-38
-44
-36
-27
-34
-65
-88
-86
-72
-59
-60
-71
-74
-59
-39
-34
-51
-61
-61
-55
-28
-12
-29
-38
-12
33
58
44
24
36
66
99
120
123
114
103
118
141
154
162
162
154
138
124
118
131
146
150
138
123
116
121
134
144
128
91
73
70
70
60
44
26
-4
-26
-19
-5
-8
-23
-49
-72
-88
-73
-44
-36
-39
-42
-39
-40
-46
-41
-42
-55
-51
-44
-45
-40
-28
-19
-11
-13
-13
-18
-12
3
18
20
23
37
45
36
32
42
44
28
1
-13
-1
17
7
-10
-28
-40
-46
-56
-60
-78
-109
-117
-91
-81
-83
-68
-36
-11
-10
-12
2
24
23
12
4
-2
-1
7
16
20
25
39
44
36
18
10
25
40
44
48
54
58
52
39
34
33
29
34
24
9
6
5
18
23
2
-25
-44
-50
-50
-43
-39
-49
-58
-50
-21
6
23
27
22
23
36
39
49
55
49
42
50
69
82
67
57
72
92
97
83
68
65
75
87
101
125
148
134
99
73
61
60
58
49
41
36
41
60
71
58
39
24
12
12
22
23
13
16
17
23
27
22
16
5
4
12
22
23
26
32
18
12
39
49
26
20
37
54
60
77
100
108
97
96
107
112
97
80
56
40
39
51
65
67
55
45
44
52
53
53
57
51
39
39
53
53
34
34
48
53
56
43
20
26
50
44
28
29
42
56
65
69
74
75
64
54
54
64
68
70
74
74
74
72
58
32
2
4
56
113
123
101
70
65
82
90
77
49
27
28
50
65
73
77
65
55
59
80
87
86
73
72
88
92
80
50
24
27
48
59
51
39
48
67
88
86
65
53
66
81
90
100
100
92
92
92
90
84
69
40
16
-7
-21
-9
4
1
-5
0
10
7
-2
8
32
35
11
-17
-18
9
42
53
38
33
40
54
53
44
44
53
65
74
73
69
68
75
91
108
103
101
121
149
149
135
108
84
92
119
131
115
88
69
60
69
80
76
72
77
68
55
57
66
57
50
45
41
39
43
57
66
48
6
4
39
65
60
44
52
84
109
114
96
89
97
112
114
101
99
105
104
100
90
92
107
114
103
96
85
74
66
70
82
85
85
83
90
85
71
61
56
41
19
2
2
20
28
3
-17
-27
-40
-45
-45
-44
-26
-11
-18
-27
-43
-50
-44
-36
-30
-24
-10
3
13
19
28
44
55
69
75
80
82
88
100
100
97
105
106
104
115
119
116
108
99
90
82
56
34
28
26
20
2
-22
-40
-45
-52
-45
-37
-34
-40
-41
-28
-35
-45
-45
-27
2
19
9
3
3
-2
6
32
56
69
73
72
77
88
91
101
102
91
92
113
121
121
116
122
138
160
172
169
152
141
145
165
172
144
102
87
91
89
74
50
44
49
32
13
6
6
17
22
17
18
11
-6
-9
19
52
56
35
19
24
54
65
51
44
41
53
77
102
101
89
87
86
90
103
117
121
115
103
99
107
115
100
82
69
52
41
37
26
19
11
8
16
16
0
-10
-21
-50
-78
-84
-82
-89
-87
-60
-43
-45
-51
-51
-49
-38
-23
0
25
40
39
33
23
18
34
41
33
42
55
60
70
82
96
101
89
80
82
92
97
86
71
60
53
51
39
21
26
34
32
35
32
16
4
6
4
0
4
7
-5
-20
-27
-30
-24
-10
-8
-19
-21
-10
8
19
19
12
5
23
41
51
56
71
93
118
128
121
122
129
128
121
131
137
123
114
121
130
117
104
92
83
72
57
50
42
42
51
48
23
3
-4
-5
-2
-4
-14
-30
-33
-21
-10
3
5
0
2
11
22
27
25
24
27
44
73
86
86
90
104
119
125
128
129
123
119
113
122
131
113
98
85
68
65
66
66
67
76
80
61
40
19
-2
-18
-17
-3
-1
-10
-25
-26
-24
-18
-13
-26
-49
-49
-26
-8
6
23
28
26
29
43
57
64
70
89
103
103
104
107
108
112
118
119
119
124
135
135
132
132
134
132
128
118
108
105
93
81
70
55
34
13
12
8
8
17
37
55
43
16
-4
-7
-20
-26
-21
-10
-5
-3
-3
-5
4
6
9
22
33
43
57
71
58
41
41
51
48
43
49
55
71
92
91
69
49
42
57
85
103
100
84
82
75
65
69
74
73
60
53
67
82
90
84
58
39
35
38
33
18
9
5
-3
0
7
28
50
51
52
49
49
48
33
22
43
81
97
99
92
80
83
107
114
99
89
84
85
77
70
69
77
88
96
93
84
87
90
81
60
45
32
21
20
23
21
4
-12
-25
-24
-13
-3
-7
-13
-7
12
21
12
3
-1
1
1
2
2
5
20
28
28
27
32
34
28
36
52
50
17
1
13
33
40
52
64
52
42
49
50
40
25
22
28
38
39
26
21
12
-7
-18
-9
-5
0
-1
2
11
35
60
74
68
59
58
57
67
76
86
87
70
64
76
83
68
59
60
69
72
81
82
86
86
84
83
81
87
101
92
71
43
34
38
42
33
20
11
-3
-7
-2
10
17
16
11
16
16
9
5
2
-4
-19
-8
13
24
20
16
18
28
50
61
57
51
54
66
74
86
76
70
82
99
116
123
116
99
89
99
103
112
117
118
107
101
97
99
112
114
105
107
119
120
108
104
105
98
77
68
60
50
29
16
13
21
9
-11
-33
-38
-26
-10
-1
11
22
26
22
23
37
48
53
59
69
76
88
98
112
133
128
107
112
121
114
116
136
141
128
119
128
138
147
152
141
113
80
64
71
109
130
100
65
58
68
68
59
50
28
7
17
37
43
42
32
9
-10
0
35
51
50
43
34
34
48
57
65
58
49
49
57
72
77
68
52
44
44
39
41
49
44
54
74
83
80
71
68
81
98
96
82
82
85
75
53
26
23
33
36
34
41
49
53
56
51
35
17
6
4
-3
-7
0
27
58
69
59
43
40
41
44
42
34
35
43
35
18
25
43
57
64
64
65
67
68
80
97
92
82
84
89
88
75
71
71
64
37
17
4
6
32
34
25
22
7
-12
-20
-13
-12
-22
-14
-2
-2
-5
-4
6
17
16
6
-4
-20
-35
-38
-33
-27
-24
-7
10
26
51
69
73
80
82
75
71
84
104
105
114
128
119
100
90
85
73
60
55
60
59
51
41
26
13
25
39
38
26
19
33
45
40
10
-21
-28
-7
18
29
16
7
33
69
75
60
65
93
108
91
70
56
36
22
40
65
91
102
82
55
49
55
66
73
74
66
56
64
65
53
45
42
34
21
7
-3
-12
-39
-72
-78
-74
-84
-86
-75
-61
-65
-72
-58
-39
-27
-19
-4
2
5
21
33
24
21
33
52
65
72
97
116
119
130
146
144
131
135
146
147
138
114
82
57
36
25
37
42
34
27
24
11
8
10
17
20
10
-1
-4
4
11
4
-10
-22
-18
-1
10
7
-11
-36
-54
-57
-29
-3
5
4
1
2
19
49
59
65
69
71
77
90
112
129
145
157
167
169
155
135
131
130
135
135
115
100
96
85
53
33
27
25
19
11
12
10
6
7
3
-6
-6
-3
-4
-8
-18
-29
-34
-22
-6
-3
-3
3
10
27
53
66
69
73
84
112
134
132
123
119
118
107
100
104
102
75
42
23
22
23
20
20
19
11
5
2
11
25
32
8
-28
-50
-44
-36
-25
-22
-27
-39
-37
-14
11
22
23
33
38
48
54
66
73
86
105
120
120
114
116
114
104
105
118
140
144
120
104
97
88
84
83
74
54
33
12
-1
1
0
-3
-9
-21
-14
-8
-10
-13
-13
-10
-1
17
36
36
28
48
56
51
49
58
74
84
82
93
120
134
132
115
114
128
134
128
121
119
118
131
145
147
132
114
102
106
107
93
88
104
97
53
20
8
7
-3
-22
-43
-53
-39
-23
-20
-24
-37
-54
-27
7
9
10
21
25
28
29
27
39
41
32
32
35
53
69
82
97
108
121
130
134
148
150
123
107
113
114
105
87
81
83
70
48
27
16
9
20
39
36
21
18
25
32
33
43
44
49
55
53
43
43
71
99
101
83
85
112
117
89
60
54
53
70
97
107
86
64
65
88
102
107
114
123
139
136
104
69
45
40
28
16
19
17
1
-8
-7
4
10
8
9
4
-7
-10
-10
-10
-12
-12
-4
-5
-11
-3
16
16
10
25
39
34
4
-2
18
36
51
56
44
39
53
74
72
60
67
74
91
120
134
121
99
90
96
89
52
4
5
40
42
8
-34
-52
-40
-25
-13
-21
-44
-58
-36
4
24
23
22
28
32
24
32
55
72
69
56
60
88
97
97
99
105
108
113
129
148
146
124
104
98
113
128
115
98
105
118
114
113
105
80
60
55
52
60
67
59
50
37
23
4
3
25
36
18
-7
-5
19
40
54
54
39
26
25
21
10
8
19
26
11
-14
-33
-13
11
33
58
81
85
82
82
91
92
74
61
68
87
96
89
90
91
97
98
98
100
86
74
82
84
69
49
39
38
21
5
-1
-17
-39
-37
-19
-22
-35
-43
-37
-11
19
21
-8
-28
-20
-3
18
32
21
7
-2
-3
18
44
64
75
82
74
48
37
48
52
53
55
65
72
82
81
65
44
25
19
22
20
9
3
-1
-8
-20
-25
-17
-12
-18
-18
-7
6
12
18
18
16
19
23
32
41
55
66
55
41
45
54
56
57
54
72
107
108
88
83
89
98
116
116
108
106
104
98
75
56
54
66
71
56
32
24
33
45
55
54
42
33
26
25
35
40
24
1
-3
8
22
28
41
54
59
54
43
35
43
75
101
105
90
77
82
96
107
112
108
114
119
121
113
97
81
82
84
75
74
77
75
64
41
42
49
40
25
20
23
29
37
51
55
43
34
27
18
2
-2
-2
-1
9
20
28
23
1
-4
27
54
55
55
59
60
70
86
88
68
53
54
58
67
77
83
74
64
67
76
74
58
40
22
12
9
4
4
16
24
25
22
16
20
40
50
33
10
1
-2
2
3
-7
-5
4
-7
-3
35
85
128
133
107
89
83
86
84
70
51
39
36
40
51
57
45
38
55
70
60
56
80
98
99
100
96
82
66
50
52
67
70
56
37
24
22
32
23
4
-5
5
32
51
41
28
36
50
55
36
33
54
66
67
57
37
23
36
72
109
121
115
113
114
113
106
102
91
89
88
91
97
88
71
70
73
61
43
26
18
19
21
9
1
9
18
13
9
6
3
6
7
8
7
5
9
26
42
35
25
41
59
64
65
72
70
71
96
122
121
108
101
114
139
155
155
147
134
120
108
105
109
108
88
67
58
61
56
43
32
26
20
-1
-7
2
-3
-6
18
32
26
22
35
60
71
56
33
32
44
44
26
16
28
55
51
28
35
71
96
93
76
68
80
101
118
124
120
100
77
60
48
22
-8
-27
-11
7
1
-13
-18
-24
-34
-30
-22
-17
-22
-34
-25
-1
11
6
0
1
7
11
18
38
53
60
59
52
49
48
43
26
8
2
11
34
52
70
84
89
83
80
85
99
104
96
72
40
29
54
59
34
13
25
43
44
29
20
26
39
33
8
-17
-28
-28
-27
-14
-6
-36
-74
-85
-61
-44
-38
-23
-18
-11
-3
16
35
41
40
37
40
67
84
77
73
82
74
60
68
97
118
135
147
153
152
132
121
124
123
124
131
136
134
124
107
84
61
57
59
67
57
42
34
27
16
6
6
1
-12
-34
-34
-17
-4
-7
-18
-5
19
37
42
41
43
49
50
48
44
38
42
60
76
73
73
100
128
146
154
170
200
212
211
198
188
183
177
165
153
150
150
145
130
129
135
129
87
40
27
33
32
35
42
36
20
8
4
-3
-6
6
20
17
12
1
-6
1
8
11
24
36
19
-8
-3
26
45
43
40
41
52
64
74
89
86
71
73
86
98
97
92
85
74
70
66
68
85
99
96
91
97
89
69
51
39
29
26
28
22
-8
-39
-29
-10
-9
-17
-11
-8
-11
-10
-1
17
8
-3
7
10
12
19
16
-1
-12
-20
-20
-23
-9
12
24
38
42
38
41
53
48
32
28
44
58
51
43
49
53
56
51
35
9
4
13
21
16
12
16
21
25
27
27
17
10
19
21
22
29
32
6
-13
-3
22
34
26
26
32
34
32
25
20
16
18
38
59
69
68
65
60
68
75
87
100
105
102
99
84
51
23
7
9
27
50
56
49
29
18
24
39
45
43
36
18
6
17
40
58
70
68
55
44
40
42
45
53
51
37
28
33
44
64
80
77
57
24
2
10
35
42
38
33
34
42
53
53
38
26
17
11
21
38
55
55
38
20
17
37
67
76
60
53
51
39
29
35
66
99
119
123
112
113
145
168
164
144
119
108
114
118
117
113
104
89
65
44
38
36
34
21
-4
-18
-18
-20
-33
-39
-41
-36
-27
-25
-12
-8
-6
-9
-9
-12
-19
-3
18
36
48
60
69
69
70
72
60
34
11
11
29
59
77
84
70
60
73
89
88
72
54
57
80
89
105
103
68
26
22
42
55
50
37
21
7
0
-2
11
45
57
36
16
2
2
20
34
22
1
-5
4
5
-2
2
9
22
25
10
-3
1
12
25
42
64
65
57
68
84
98
119
147
160
145
125
124
124
112
93
99
105
109
104
81
55
43
43
49
40
21
4
-1
-1
4
11
8
1
2
-5
-10
-9
-8
-6
-3
2
9
28
40
42
40
38
38
41
35
40
60
57
49
66
88
96
86
91
115
123
112
116
145
165
160
140
119
103
83
70
67
58
57
68
68
70
67
57
48
37
40
51
57
48
25
23
41
48
51
58
69
67
50
35
37
53
44
25
11
8
19
27
35
48
56
51
41
60
86
99
102
102
91
80
68
75
89
84
69
60
68
82
89
90
85
91
89
80
77
87
96
86
64
45
33
23
26
28
11
-9
-8
-7
-7
5
25
36
35
34
40
53
60
53
41
36
40
52
71
74
59
59
66
52
32
24
18
4
2
27
67
81
65
44
36
40
38
20
9
24
52
56
52
57
58
43
39
54
77
88
66
27
24
42
50
36
19
4
-10
-14
-5
0
5
10
10
26
52
65
55
50
66
89
100
104
106
104
103
102
98
92
81
68
65
66
60
52
43
37
48
60
60
55
60
55
41
22
11
16
17
16
5
-1
20
41
34
16
6
4
9
32
40
38
40
43
60
74
81
81
86
101
106
84
59
50
50
43
29
21
21
21
23
28
26
21
11
2
-9
-27
-38
-40
-38
-27
-7
2
3
7
12
29
54
59
52
41
27
24
34
42
49
50
49
53
64
59
55
52
48
40
44
57
58
50
50
65
86
85
65
53
57
56
55
64
68
56
39
27
13
9
28
52
50
34
25
35
40
33
20
13
6
3
2
6
26
65
108
135
128
114
130
164
182
179
172
170
181
179
160
148
148
152
164
178
181
177
164
152
145
138
139
136
128
130
131
129
113
82
76
93
106
86
54
42
49
54
52
43
27
18
21
21
13
12
24
26
33
41
48
51
43
18
20
50
84
100
102
90
81
73
83
102
118
118
98
72
64
59
60
57
41
24
27
49
53
35
9
-5
-14
-23
-35
-42
-41
-18
6
-2
-33
-58
-56
-40
-35
-35
-39
-38
-20
-12
-21
-29
-36
-29
-22
-7
5
12
20
22
17
10
24
57
97
122
124
117
120
135
140
135
136
135
131
128
118
99
67
42
48
53
39
24
23
26
26
20
11
9
12
8
3
0
-9
-13
-6
-10
-23
-24
-13
7
25
11
-6
0
27
53
56
56
61
68
75
81
80
75
68
65
67
72
88
99
92
86
81
75
70
55
51
55
43
22
10
8
8
4
-7
-24
-52
-69
-61
-38
-6
4
6
12
26
41
44
43
36
21
34
54
57
58
44
22
2
16
32
26
18
8
4
12
20
16
6
6
12
21
34
57
83
104
121
132
123
113
102
89
91
97
96
96
100
91
72
55
50
35
18
22
36
48
56
52
35
32
42
35
22
2
-7
-5
3
10
22
20
8
-6
-14
-5
12
28
49
58
51
40
44
66
83
93
105
116
130
146
149
161
176
167
138
113
103
117
131
122
103
85
88
93
91
82
64
65
84
101
103
88
75
80
73
42
12
-6
-12
3
23
23
9
-7
-21
-10
2
-2
-1
9
19
24
33
49
74
96
91
84
90
116
136
155
162
161
162
165
172
180
176
163
149
131
122
120
106
82
59
38
10
3
16
25
26
8
-18
-35
-35
-29
-43
-67
-70
-67
-58
-49
-43
-42
-33
-5
16
25
39
54
58
54
64
82
100
116
123
118
120
139
165
164
156
154
146
132
115
100
77
51
29
17
0
-19
-17
-1
9
8
5
5
-3
-1
0
-6
-12
-25
-42
-54
-55
-50
-40
-51
-69
-69
-52
-42
-41
-37
-29
-17
3
25
41
41
37
51
72
84
73
64
65
68
70
80
85
74
55
51
43
28
27
38
48
39
22
18
34
52
54
54
48
35
24
18
10
16
35
41
28
18
25
52
64
57
53
49
37
25
21
18
27
44
58
58
49
52
80
106
113
117
114
106
105
107
99
86
64
35
22
18
7
6
16
26
35
25
7
-3
-3
1
7
17
35
42
37
35
39
41
48
45
33
12
6
8
18
17
18
8
1
10
12
3
-12
-19
3
40
76
84
66
59
80
100
108
112
97
76
76
91
107
113
88
58
44
58
64
38
20
35
52
41
22
7
5
-1
-35
-65
-53
-19
2
3
0
6
12
12
13
9
-2
4
4
-9
-13
2
24
37
26
16
20
32
54
76
85
87
