98
88
83
86
80
76
83
89
87
75
76
89
93
85
73
64
50
39
35
36
41
33
9
9
18
20
16
6
6
2
-3
9
12
10
16
19
9
-4
-8
-2
-1
-5
2
17
24
22
10
19
29
25
27
32
24
25
29
39
48
54
65
81
86
88
96
101
117
134
129
104
88
87
101
108
109
114
106
98
89
84
76
90
98
87
65
41
38
45
43
26
6
7
12
-3
-19
-23
-23
-19
-1
38
71
70
66
76
100
100
74
65
72
73
72
86
100
106
114
117
113
106
106
103
93
83
69
65
73
82
71
57
58
67
70
74
71
65
52
41
28
17
1
-11
-30
-51
-56
-58
-55
-37
-11
-5
-13
-26
-29
-21
-9
-2
3
13
9
2
10
26
34
50
70
73
68
53
52
66
73
61
53
59
77
103
123
118
87
61
59
51
35
28
32
35
40
38
23
9
-4
-12
-10
-7
-20
-26
-13
3
5
0
-5
-12
-11
-11
-23
-35
-37
-22
-4
9
8
-3
-2
18
26
29
24
17
25
50
73
89
99
101
112
119
113
99
90
86
82
80
72
64
57
49
44
48
52
57
65
59
39
35
53
69
67
51
34
28
34
43
44
33
19
8
12
23
29
42
39
23
17
28
43
54
75
82
68
81
114
136
133
119
119
113
100
96
89
91
108
102
66
44
54
65
59
53
45
27
6
12
45
65
58
38
21
28
52
58
32
6
6
25
41
35
24
21
28
42
52
64
72
85
91
84
65
54
61
71
68
64
72
82
82
74
68
58
54
48
39
34
23
13
25
32
19
8
2
-2
2
1
-5
-8
-10
-12
-3
10
20
17
11
4
-5
0
18
20
10
12
26
39
43
41
36
42
67
72
58
49
40
37
35
37
49
59
64
59
61
67
58
50
52
54
48
38
33
26
26
35
38
17
-9
-22
-9
19
34
32
39
52
44
48
74
96
87
74
74
89
102
112
114
103
91
80
71
70
81
82
53
23
23
50
65
65
57
58
71
82
88
86
70
67
90
128
139
123
92
65
57
55
35
9
4
7
16
3
-23
-34
-27
-11
7
12
0
-20
-25
-21
-11
-1
6
7
-1
0
21
38
33
29
37
36
36
57
74
76
77
72
80
98
104
92
84
91
106
115
117
108
105
108
115
122
118
97
70
45
42
64
76
81
75
66
60
76
71
53
44
43
58
72
67
48
40
55
67
67
56
56
74
92
108
113
100
87
89
96
93
85
69
65
60
60
59
45
22
3
-6
1
6
-17
-37
-20
3
11
0
-19
-18
4
28
43
38
29
36
49
44
28
17
18
36
42
28
5
-7
-13
-26
-36
-40
-41
-43
-56
-59
-41
-9
10
22
40
60
85
96
97
96
89
88
85
66
71
104
122
120
119
120
108
77
44
38
33
19
11
21
27
22
20
37
40
29
25
19
20
22
9
2
10
20
20
24
37
32
24
23
36
53
70
74
65
57
69
87
86
68
48
48
65
85
103
103
88
92
123
149
139
113
99
104
115
114
104
89
74
69
61
48
26
11
-1
-18
-22
-19
-24
-38
-49
-49
-45
-57
-72
-77
-75
-61
-37
-35
-45
-52
-42
-21
4
26
35
26
26
32
40
60
86
99
98
103
119
136
151
149
137
145
150
146
149
153
162
161
141
134
132
124
120
124
119
86
38
8
9
19
23
20
11
10
-2
-29
-50
-45
-29
-34
-44
-38
-22
-30
-39
-25
-7
9
8
-11
-18
-6
5
8
5
10
22
22
20
19
20
35
55
64
57
54
70
82
70
68
85
115
129
131
140
156
160
146
128
106
105
131
147
145
117
83
56
44
39
34
17
8
4
-12
-26
-13
-17
-36
-49
-49
-38
-24
-25
-33
-30
-20
-6
-1
-5
-5
4
16
33
52
58
52
33
28
54
82
88
89
100
101
91
82
69
53
59
80
90
98
87
72
69
76
86
91
81
60
52
54
73
90
96
89
85
93
100
103
116
115
102
97
99
104
105
88
74
75
57
29
34
26
13
11
2
-13
-29
-39
-43
-45
-50
-44
-46
-54
-50
-33
-21
-24
-28
-19
-4
1
-6
-23
-36
-26
-2
16
20
23
35
38
27
22
35
66
96
121
138
147
154
156
155
153
151
151
150
134
119
129
136
123
104
99
107
113
97
68
32
11
22
27
12
-10
-28
-29
-23
-22
-35
-53
-57
-50
-49
-52
-27
-2
1
-6
1
6
3
6
25
50
43
38
42
49
50
50
41
34
36
48
60
71
81
102
132
151
162
164
179
211
224
205
188
198
219
233
217
195
169
129
89
72
64
45
26
23
5
-23
-50
-62
-74
-84
-91
-93
-90
-81
-67
-50
-37
-33
-27
-20
-7
-1
-1
-6
-11
-23
-27
-21
-2
8
7
-6
-13
-3
-8
-25
-23
1
23
38
51
49
43
51
61
70
80
103
128
122
115
124
123
113
113
107
100
102
104
89
77
87
100
112
105
86
72
68
80
90
82
55
25
19
21
22
16
11
21
33
23
-1
-4
6
16
12
4
-4
-4
10
35
43
33
16
19
34
36
37
60
88
88
68
51
44
32
20
28
49
65
68
51
20
17
40
44
27
25
28
42
54
59
60
59
54
49
51
55
54
44
43
53
61
69
67
58
52
40
26
12
22
45
70
81
73
55
36
20
25
42
42
32
24
38
50
50
57
60
51
24
-7
-34
-24
1
21
20
16
36
53
54
42
24
37
49
48
43
33
22
24
48
51
28
19
36
55
64
68
66
64
56
43
39
27
10
5
9
22
35
41
50
55
53
44
45
60
69
60
39
26
36
48
42
41
38
23
7
3
8
5
4
5
11
22
35
43
43
36
38
50
52
39
39
52
36
6
-1
5
7
6
9
24
42
57
76
99
100
80
81
113
138
149
140
140
149
140
129
124
122
112
89
87
104
103
93
84
77
69
65
64
66
68
76
96
93
60
28
22
32
38
33
5
-19
-14
4
26
43
50
35
17
25
57
86
91
87
86
86
103
102
58
40
60
91
113
116
97
73
75
100
119
117
92
75
72
59
53
54
43
35
28
21
18
21
27
28
24
20
20
22
22
25
25
12
6
6
-3
-33
-52
-35
-2
20
21
22
27
43
68
85
85
89
102
106
109
114
104
98
97
102
113
101
74
75
91
97
82
61
53
58
49
43
36
20
12
7
4
19
43
53
48
40
37
28
23
27
33
28
20
16
20
28
25
4
-5
18
48
57
50
38
22
10
17
35
50
56
51
39
41
59
70
61
56
65
69
57
40
23
21
28
36
48
53
53
42
37
60
87
87
73
69
56
52
71
91
102
97
75
52
37
36
44
58
75
90
97
100
108
114
118
129
140
128
90
67
73
92
105
109
107
117
117
106
102
98
107
119
112
89
60
44
35
23
21
11
3
-9
-10
-3
-12
-42
-49
-21
2
8
17
27
37
44
45
56
68
59
42
32
33
42
71
81
64
55
69
85
91
85
68
41
32
55
73
65
41
28
44
60
68
59
44
40
37
35
49
73
71
54
45
52
49
40
34
23
13
-6
-46
-67
-52
-28
-20
-29
-46
-41
-19
-18
-26
-23
-18
-20
-34
-42
-37
-21
-17
-22
-24
-21
-19
-7
16
20
4
7
32
54
57
49
44
51
60
71
87
91
85
83
82
81
75
67
65
58
50
55
58
42
26
33
35
32
34
32
23
21
13
3
4
17
36
43
33
16
19
45
60
51
35
27
29
43
55
45
50
71
92
105
113
116
114
112
112
103
91
83
88
91
86
93
103
90
75
70
55
38
28
26
13
0
-10
-17
-10
-5
-12
-23
-24
-25
-28
-24
-4
18
32
36
32
48
81
104
96
82
86
89
83
73
75
101
123
131
134
137
138
133
130
133
151
164
163
176
182
176
166
169
166
153
132
114
115
114
91
64
43
37
22
4
-5
-9
-17
-21
-40
-59
-61
-53
-60
-75
-73
-52
-34
-37
-40
-30
-29
-36
-27
-21
-2
38
56
53
67
75
73
71
75
85
84
75
76
90
102
97
90
91
85
72
60
57
64
68
71
80
75
66
60
55
48
38
25
12
6
10
16
12
7
-2
-20
-23
-29
-38
-42
-44
-39
-35
-37
-28
-21
-21
-14
0
16
38
52
51
60
86
102
101
87
82
75
72
64
50
50
67
84
86
88
91
99
109
109
106
99
88
71
67
76
81
65
48
35
23
17
20
25
26
26
29
19
6
6
9
11
12
10
16
26
22
6
0
12
27
25
11
-4
3
39
69
69
59
66
75
86
85
76
65
49
48
49
51
70
84
77
68
64
45
19
1
6
17
13
12
32
58
73
75
74
69
55
44
43
51
55
64
71
75
86
85
73
61
65
71
70
50
12
-9
-4
8
4
-7
-6
4
4
1
12
24
33
43
54
59
57
52
52
60
64
58
60
66
64
52
50
54
52
44
44
45
51
60
71
87
100
101
90
80
74
71
68
61
44
37
40
33
10
-10
-27
-37
-28
1
27
37
42
44
60
93
106
92
69
57
55
55
57
54
43
42
43
32
17
18
29
51
60
65
68
75
86
80
60
58
71
69
59
64
67
69
70
72
80
91
102
100
91
76
57
60
89
117
131
116
85
80
101
114
109
87
69
70
84
92
86
76
71
71
68
49
25
19
25
33
33
21
13
5
0
4
6
8
18
27
18
9
18
28
53
64
51
44
58
80
83
65
36
18
27
49
58
64
57
44
48
65
67
51
42
40
38
41
48
41
37
39
43
40
26
23
23
12
6
9
9
5
-1
-5
2
4
5
8
2
-2
0
9
22
39
52
54
53
58
82
99
87
70
54
44
41
35
40
52
43
17
7
22
48
56
41
11
-17
-18
5
33
29
19
11
0
-11
-18
-13
-1
17
26
27
23
16
10
24
50
59
53
49
51
60
81
88
82
84
99
104
100
92
92
88
91
99
102
103
104
97
86
74
76
91
86
71
53
26
20
21
9
-13
-33
-33
-26
-29
-44
-49
-34
-24
-23
-19
-11
-7
-12
-8
4
16
33
52
70
98
123
132
118
108
113
121
131
132
128
123
132
138
149
157
154
160
148
112
92
104
115
101
73
42
19
7
5
6
3
1
1
-9
-13
5
28
39
40
29
10
6
25
38
37
36
33
32
40
54
59
58
53
51
53
57
69
84
97
87
59
49
52
55
57
54
53
55
73
88
88
82
83
84
75
71
86
96
77
50
22
16
19
11
11
19
17
3
-7
-14
-20
-13
-5
-1
0
-2
1
8
28
68
101
115
113
107
114
124
121
100
89
88
75
60
48
37
44
54
50
39
36
45
59
64
55
48
39
26
12
4
-3
-7
-9
-7
-1
0
-5
-6
2
12
10
-5
-14
-13
-8
-2
2
18
37
49
51
50
53
70
87
99
102
101
91
98
106
103
91
92
92
86
81
82
85
87
97
107
122
118
88
58
48
51
53
44
26
10
-2
-10
0
18
36
38
28
26
23
10
8
13
18
6
-19
-29
-13
5
11
19
27
40
34
22
24
49
74
90
87
77
83
89
86
76
73
76
82
91
104
101
96
93
98
91
88
98
107
101
82
60
43
26
16
10
12
11
5
-5
1
1
-9
-2
24
48
55
50
37
37
51
58
57
58
76
107
121
108
89
77
71
72
75
80
90
97
99
103
108
109
101
89
84
82
81
85
90
84
69
59
49
34
18
8
1
-4
11
23
3
-25
-49
-52
-53
-61
-73
-81
-84
-82
-61
-39
-38
-43
-51
-49
-35
-12
-4
-12
-26
-21
-4
6
8
10
17
24
39
54
61
71
81
88
91
88
92
91
84
87
84
86
98
109
118
108
82
72
101
132
137
130
116
99
74
65
71
73
74
80
83
86
84
74
64
50
41
43
52
53
57
81
106
129
141
140
131
131
131
131
152
169
156
135
133
155
161
139
114
100
88
73
82
99
101
87
72
64
54
54
58
54
45
34
5
-23
-35
-27
-12
-1
5
-1
-21
-12
7
6
-4
-1
5
9
10
16
25
43
66
81
70
43
26
28
45
66
71
73
76
67
69
83
86
84
84
80
75
76
69
58
56
44
22
4
-4
-9
-12
-13
-7
-9
-13
-19
-27
-41
-58
-59
-51
-30
-7
3
-5
-20
-13
6
7
-4
-2
11
44
80
86
58
28
36
65
85
86
67
51
54
59
71
84
86
88
88
97
117
108
86
82
97
115
112
91
71
65
70
84
96
87
54
37
49
57
67
66
44
25
19
12
3
-6
-3
-1
-11
-20
-23
-14
-9
0
20
26
23
26
22
8
19
33
16
10
23
40
42
33
21
10
8
2
-1
9
16
13
18
29
34
21
7
10
13
17
38
64
64
50
43
51
64
73
74
77
81
81
98
100
81
64
56
69
84
86
82
74
72
80
88
97
101
102
104
104
100
100
90
70
54
52
55
72
75
75
82
76
75
82
82
83
80
60
44
32
19
8
-4
-13
-21
-29
-36
-35
-43
-44
-23
3
29
44
42
39
50
68
90
119
130
123
116
106
119
153
167
157
124
97
92
98
100
105
106
87
61
40
32
33
28
16
5
-5
-10
-9
-7
-5
1
5
2
2
5
4
-1
1
3
8
16
24
39
43
38
38
41
49
57
54
44
41
35
25
36
52
53
48
52
54
49
48
61
74
84
93
102
114
123
122
102
81
72
59
52
50
43
38
32
8
-19
-24
-21
-22
-33
-38
-21
-1
-1
-18
-22
7
25
21
23
27
29
34
41
39
34
27
20
8
16
41
60
52
33
26
33
38
53
70
77
89
96
103
105
104
105
100
88
84
80
72
68
65
58
57
56
34
-1
-25
-40
-34
-17
-13
-29
-39
-35
-19
-5
-4
-17
-26
-20
7
25
26
27
33
41
52
60
75
97
108
124
134
137
150
168
187
199
188
173
179
195
204
194
170
157
153
160
171
180
170
152
145
135
109
85
72
68
68
68
59
44
9
-25
-44
-45
-28
-17
-19
-19
-19
-23
-35
-45
-58
-73
-68
-53
-46
-44
-37
-18
9
17
13
22
40
51
52
50
58
75
89
97
96
89
82
81
83
82
86
96
91
70
41
22
17
21
25
27
39
49
41
23
6
-1
4
11
13
8
11
25
42
49
37
16
10
24
41
55
64
70
84
83
83
85
87
98
109
117
121
120
109
98
86
85
91
85
71
68
67
65
54
34
13
10
-2
-17
-14
-13
-12
-5
-5
4
25
44
57
57
39
7
0
8
18
27
32
21
17
25
33
24
19
32
66
104
131
133
114
98
89
81
73
72
73
84
104
132
137
120
100
84
65
42
32
42
65
83
83
65
59
67
52
24
16
44
72
64
18
-17
-33
-26
-3
19
33
39
40
37
32
34
49
55
38
11
25
50
59
64
67
66
52
37
35
34
27
29
26
20
24
34
34
28
25
25
20
5
2
21
48
54
50
48
32
23
38
53
49
37
43
48
35
35
43
50
42
40
49
44
35
38
49
64
80
69
42
43
58
50
37
34
38
49
66
69
57
49
55
49
19
-7
-18
-11
-11
-33
-51
-55
-52
-55
-59
-53
-36
-21
-12
2
16
26
34
43
45
53
51
44
59
87
99
99
103
113
114
104
103
107
114
108
100
101
119
147
154
147
134
128
125
131
123
100
84
77
69
51
25
4
-2
-2
1
11
23
35
48
40
32
19
6
2
8
21
36
51
51
44
37
32
32
38
51
52
38
33
43
59
83
100
99
76
67
88
106
101
102
105
100
88
65
48
57
65
69
76
69
35
1
-10
-18
-29
-39
-22
2
19
21
6
-7
-13
-19
-8
2
10
12
25
39
43
44
29
23
45
65
51
38
50
74
96
90
69
58
61
72
84
83
68
55
57
65
57
53
55
50
50
45
29
20
17
10
-1
-22
-40
-34
-18
-6
-7
-12
-13
-8
2
25
44
52
50
40
27
24
38
51
55
64
82
96
89
93
107
112
103
89
77
89
107
116
122
132
134
137
145
154
162
161
155
149
123
75
38
26
56
84
67
41
25
20
35
45
36
12
-2
9
37
64
77
76
71
54
33
21
17
22
32
38
38
33
24
12
16
25
38
50
54
52
59
74
76
65
53
64
87
93
76
65
65
64
52
42
43
52
58
66
64
50
35
32
34
35
35
35
22
22
35
32
13
-5
-11
-19
-23
-10
-4
-11
-8
6
27
48
37
13
16
35
53
54
44
34
35
37
42
50
44
40
42
43
36
27
26
26
41
52
39
24
32
53
59
58
55
54
70
75
74
75
68
57
54
54
60
70
61
40
28
42
57
52
52
64
70
75
72
69
72
73
66
59
55
50
36
24
21
10
4
5
3
8
19
22
25
32
41
57
64
71
84
84
75
73
69
60
56
53
48
43
52
52
43
38
38
44
49
44
41
56
74
69
48
38
54
67
74
75
68
59
58
70
80
80
69
66
76
76
69
59
51
41
37
35
28
24
16
12
28
25
10
17
34
38
33
25
17
18
32
32
24
10
7
32
55
69
64
44
41
49
44
37
39
48
51
51
57
82
97
96
98
107
117
118
109
101
91
89
102
130
139
128
101
81
88
112
103
72
51
43
40
34
19
-3
-23
-18
-4
-7
-11
2
20
19
7
-5
-7
6
18
2
-18
-7
25
48
48
43
49
50
38
38
52
69
72
71
82
93
100
103
114
128
128
116
115
122
128
115
101
98
92
89
84
73
68
72
74
76
75
61
42
35
22
4
8
29
37
20
2
-4
-10
-28
-43
-43
-37
-17
-1
1
-3
2
11
22
12
-1
2
20
40
41
34
32
28
35
40
38
36
54
74
76
59
35
21
33
38
25
6
-17
-38
-44
-34
-23
-8
3
6
-8
-19
-8
-1
-11
-20
-4
24
44
50
41
32
28
38
53
59
54
44
40
38
38
50
60
66
70
72
67
51
42
48
53
54
50
58
75
83
82
84
91
104
104
98
96
87
83
88
87
84
76
60
68
93
87
65
64
76
93
101
99
97
82
68
69
81
75
59
42
26
22
32
41
53
57
53
42
39
44
59
65
52
32
18
11
16
24
35
56
76
82
71
55
49
40
41
49
51
58
70
71
67
68
76
89
88
73
64
59
59
65
66
56
44
58
68
52
29
9
8
21
24
16
4
12
42
67
67
38
25
41
52
41
12
-2
-1
12
35
42
48
55
60
52
38
44
59
55
37
22
22
32
28
22
38
57
58
48
41
64
82
93
114
117
107
102
102
105
104
101
114
130
121
107
88
70
43
22
10
1
-4
-4
-2
6
8
11
22
28
32
22
18
9
10
8
0
-1
7
25
36
19
-3
1
11
27
37
24
22
38
59
86
92
82
61
50
56
83
102
90
74
64
51
44
48
45
50
67
90
107
104
97
85
82
104
117
101
80
69
73
86
100
99
77
56
54
55
52
56
61
59
52
42
33
36
44
49
50
52
55
49
36
19
10
19
32
49
52
28
25
34
51
65
56
48
49
57
72
84
87
69
57
57
59
58
42
27
16
7
3
-3
-17
-38
-45
-39
-27
-27
-39
-44
-50
-43
-28
-22
-22
-18
-6
-2
0
3
16
33
40
43
55
53
41
40
54
73
84
72
59
69
97
115
109
97
102
119
128
116
103
97
91
99
102
92
71
51
39
37
27
12
6
17
36
50
40
11
-12
-24
-12
24
54
60
55
43
39
41
56
70
61
39
19
18
38
66
83
90
92
97
116
146
160
147
129
114
107
100
86
69
53
45
41
36
35
27
17
20
34
40
39
40
43
43
38
20
3
-3
-11
-19
-6
0
3
8
16
24
28
28
24
18
19
19
11
6
19
33
32
34
55
70
67
52
42
55
71
73
73
73
82
84
86
92
97
88
97
114
115
104
75
51
37
37
40
32
12
6
7
19
25
34
41
23
-2
-8
-2
-1
0
0
17
32
28
21
19
26
39
38
35
37
40
43
64
84
90
81
76
92
109
113
104
90
70
58
65
71
71
66
65
56
41
36
40
44
22
-6
-11
-9
-6
-2
-1
8
18
10
1
-12
-21
-9
4
9
16
25
32
32
40
61
73
69
67
70
67
74
92
124
154
163
151
137
129
133
139
144
134
117
102
106
121
124
108
102
103
103
105
103
98
89
74
56
39
41
58
58
41
20
1
4
34
53
41
17
5
10
23
32
32
34
38
49
42
39
70
97
91
68
50
51
72
84
70
58
64
68
64
64
70
72
64
50
43
38
36
40
36
19
8
23
40
43
40
34
28
26
17
-1
-10
-10
7
32
38
37
32
36
26
3
-6
3
11
4
-5
-9
-9
-9
-9
-5
5
23
44
68
69
74
83
74
65
59
59
52
34
29
26
13
5
1
0
-2
-1
-4
-2
5
23
45
54
49
42
32
29
48
65
67
67
41
23
35
53
59
69
73
59
57
58
58
56
56
66
70
60
54
50
51
54
53
44
44
45
54
61
67
68
68
73
72
66
72
87
72
44
45
59
60
64
68
67
54
41
49
59
68
51
20
20
26
21
13
6
-2
-6
-4
-5
0
9
16
24
38
40
27
21
25
37
25
8
-2
2
23
38
29
10
-5
-5
10
32
44
58
71
74
72
72
70
60
60
71
86
92
98
98
76
53
43
49
59
59
42
28
37
60
80
74
61
48
41
56
83
108
122
118
93
67
54
55
42
12
-2
6
34
67
87
87
64
33
19
24
41
50
51
60
81
91
97
84
75
86
84
65
52
60
85
102
103
101
102
106
114
113
97
73
64
59
52
48
54
54
48
50
45
36
6
-18
-27
-35
-36
-7
33
42
27
17
6
-6
-3
32
70
81
67
54
42
51
67
67
50
25
12
24
43
54
56
48
27
22
39
50
69
86
76
56
42
29
27
22
11
7
8
10
-2
-7
11
20
18
20
25
35
27
23
26
25
18
5
5
19
39
38
24
18
34
60
90
92
77
71
61
58
67
70
58
53
50
48
48
41
38
41
28
3
-7
-4
7
11
3
-7
-12
-19
-25
-24
-10
2
9
2
-5
-11
-10
-7
-2
4
4
5
25
36
32
41
58
67
72
85
91
102
123
138
144
149
160
164
155
148
154
147
132
132
137
136
130
122
125
123
103
83
83
87
80
73
80
86
76
61
61
70
74
64
61
66
60
51
27
12
11
17
23
22
10
1
0
5
18
45
50
35
34
49
56
51
53
66
75
85
87
100
115
120
123
131
119
106
102
97
84
67
52
35
19
11
2
-6
-8
-6
5
6
4
11
28
44
45
42
55
59
64
61
51
42
39
28
24
21
17
6
-2
0
10
36
52
53
42
27
36
60
74
65
52
51
61
87
102
85
70
64
53
37
35
50
67
82
82
83
80
56
34
32
37
37
36
36
37
36
36
33
28
52
64
49
38
51
67
74
83
84
69
55
38
40
64
86
87
80
70
50
36
28
23
34
51
49
28
11
8
22
34
36
34
27
26
19
27
40
36
17
22
44
56
68
96
117
114
96
81
80
89
99
98
88
74
65
67
74
75
74
64
54
68
76
67
52
49
48
44
29
13
8
21
36
39
41
37
21
11
16
18
23
39
48
41
26
6
-7
8
34
36
38
43
39
28
33
35
37
41
54
57
57
58
64
70
81
100
103
93
104
109
102
102
91
70
48
38
32
22
2
-6
2
22
40
43
28
17
10
16
33
43
40
26
8
-5
-2
13
32
33
21
18
37
67
83
80
73
83
100
119
140
132
112
104
103
107
102
84
66
53
52
64
70
71
73
71
68
71
71
60
60
49
38
35
39
37
20
9
20
22
4
-2
-2
-2
1
9
26
37
27
19
24
42
52
49
43
43
43
49
50
50
50
66
82
88
82
61
52
72
97
90
66
52
59
75
84
82
64
41
23
9
3
9
21
21
23
28
21
16
9
0
2
10
6
-13
-28
-25
-20
-21
-18
-23
-35
-36
-13
4
3
3
4
7
13
32
41
50
52
53
75
105
118
113
91
71
81
115
132
122
118
131
144
150
140
131
130
136
134
130
118
102
83
58
34
18
9
8
2
-11
-26
-29
-24
-28
-23
-9
-9
-10
-8
-9
-21
-44
-46
-13
6
20
36
50
55
60
65
61
52
50
72
91
93
85
83
84
82
96
109
115
113
117
137
152
162
149
108
85
88
105
102
72
51
39
26
13
0
-18
-45
-77
-89
-84
-87
-78
-56
-49
-58
-69
-70
-58
-39
-13
9
11
4
9
29
40
38
42
57
68
77
92
102
