21
37
51
50
51
56
51
44
48
56
56
49
41
49
69
82
77
68
66
77
85
81
74
71
69
67
70
70
67
59
55
40
22
21
26
22
21
19
8
7
8
9
7
-2
-7
-7
0
12
32
40
36
23
22
32
40
36
20
7
10
38
76
86
67
59
60
61
54
51
58
72
68
44
33
53
87
107
105
88
59
36
24
21
12
-1
3
19
21
6
-1
5
2
-8
-26
-44
-52
-42
-28
-24
-26
-5
12
21
39
53
49
64
87
101
99
97
91
101
136
165
168
149
132
140
161
161
140
122
120
131
137
117
72
38
28
37
33
11
4
0
-6
-21
-34
-21
-1
-10
-23
-11
11
26
32
19
-1
-10
-3
13
38
57
69
69
67
74
108
147
157
149
138
134
136
161
187
203
209
198
184
192
205
208
178
131
91
75
80
82
73
66
57
49
35
18
-1
-9
-11
-24
-44
-56
-57
-51
-41
-39
-36
-29
-24
-26
-37
-27
-7
-9
-19
-17
-10
-6
-5
6
36
60
69
71
75
84
89
106
130
147
167
184
192
188
177
176
193
194
169
152
138
116
113
117
128
124
96
55
27
20
17
11
8
-7
-20
-14
-10
-9
-8
-8
-6
-12
-39
-61
-71
-70
-52
-26
-17
-17
-26
-39
-38
-30
-27
-33
-33
-19
-1
18
33
35
35
54
73
83
84
82
73
73
89
113
132
140
135
128
120
117
120
135
136
119
105
98
93
96
87
72
54
48
64
80
72
60
66
61
52
51
53
44
33
21
19
24
37
41
34
27
34
43
55
66
56
28
9
2
-3
1
2
-5
-13
-11
1
10
22
26
25
25
32
36
39
44
29
2
-20
-21
-10
-3
1
10
36
60
71
52
35
38
51
54
49
43
44
51
65
70
50
22
21
39
58
76
76
76
85
90
84
72
74
87
88
80
69
69
81
84
73
58
54
56
49
33
21
10
-5
-29
-43
-45
-27
0
11
16
11
5
-3
-3
7
18
22
28
39
52
67
82
83
64
40
35
43
42
22
12
32
53
56
44
35
32
37
44
48
35
21
18
24
37
45
48
48
54
68
83
90
87
76
75
80
68
53
60
73
65
52
41
41
43
50
60
71
72
75
85
97
105
120
133
137
129
103
88
90
101
103
100
91
82
67
52
45
43
42
37
36
20
2
-7
-3
1
-1
-10
-25
-27
0
33
44
40
35
38
51
45
25
12
4
8
23
34
49
72
76
59
40
28
22
22
29
43
54
56
56
59
77
103
114
103
99
112
104
92
91
86
68
50
36
18
2
-11
-28
-36
-35
-33
-34
-39
-37
-29
-18
-1
1
-4
5
20
18
11
6
1
6
17
27
41
58
70
73
60
41
25
24
25
32
29
19
21
27
25
21
20
24
23
33
50
65
76
85
85
101
117
120
109
89
70
49
42
53
69
81
84
66
36
19
24
42
54
66
71
67
55
43
35
28
17
6
8
23
40
39
25
18
8
-1
2
12
22
29
44
55
57
55
57
73
87
99
103
97
88
86
87
74
42
19
20
25
9
-10
-22
-30
-40
-41
-40
-41
-43
-43
-33
-22
-26
-37
-27
-1
25
38
40
44
56
72
84
84
73
57
57
71
90
104
106
99
76
65
72
81
88
93
93
100
113
120
108
90
72
59
52
45
45
44
49
42
33
33
42
49
40
24
13
12
21
34
55
82
99
105
101
99
103
90
69
59
58
70
82
69
51
53
51
33
21
25
33
36
38
41
54
73
72
59
54
57
70
83
90
86
71
58
57
60
70
70
72
87
100
106
105
92
84
80
68
51
50
59
65
57
48
33
11
1
1
18
28
32
34
39
41
40
34
22
29
58
71
80
89
99
98
87
76
73
84
90
83
60
48
49
51
39
26
23
25
26
33
37
35
26
21
26
38
38
20
0
-18
-13
6
17
7
-11
-19
3
24
32
16
-17
-20
-2
23
50
45
32
39
66
86
91
85
80
74
80
97
112
122
130
122
116
118
106
88
80
70
69
87
91
74
68
68
60
49
34
27
36
42
41
38
36
38
44
33
20
20
24
10
-8
-20
-20
-17
-11
-2
4
25
65
88
98
103
108
118
119
117
107
104
118
136
141
136
129
123
119
115
104
81
56
53
65
76
75
72
54
37
45
61
56
36
25
26
19
-6
-33
-33
-18
-11
-23
-35
-28
-24
-30
-42
-35
-11
6
9
-5
-6
17
25
9
3
21
42
53
56
60
68
89
123
146
140
129
130
133
118
97
91
92
80
64
39
20
9
11
17
2
-20
-30
-38
-43
-56
-65
-65
-66
-68
-74
-74
-57
-33
-22
-28
-35
-20
-2
4
-1
-12
-13
1
10
12
12
17
27
42
54
72
104
120
116
122
138
148
149
148
136
118
106
106
112
117
107
82
54
51
60
64
60
64
55
32
12
4
-2
-8
-10
-8
-9
-13
-23
-33
-40
-45
-54
-58
-54
-41
-36
-36
-37
-33
-12
8
22
37
51
55
60
70
80
83
90
106
113
101
97
117
140
131
102
82
77
84
80
70
61
60
65
52
37
38
36
35
29
19
8
11
28
39
37
18
-4
-4
10
22
33
38
36
27
35
48
57
64
68
76
81
86
98
103
105
103
97
101
117
135
140
122
99
85
89
92
88
71
55
44
32
26
27
23
16
24
45
49
25
13
35
43
36
23
22
35
48
57
66
59
49
43
51
53
52
51
58
70
76
76
75
72
64
55
48
37
42
56
64
64
68
81
101
120
112
90
88
84
71
60
54
48
33
17
6
-2
-6
1
17
32
43
60
67
56
51
56
55
43
23
0
-6
-1
9
22
35
35
27
25
28
26
32
38
49
55
64
71
75
77
82
91
101
92
81
85
86
82
82
72
54
39
34
36
39
36
26
29
44
52
40
27
26
25
17
10
26
42
43
44
53
48
36
42
56
55
41
27
40
58
52
34
28
29
33
37
41
39
35
35
49
64
57
41
29
37
56
58
49
40
44
64
73
71
59
42
26
21
21
23
52
81
64
35
33
48
65
61
38
9
2
16
34
40
44
51
54
56
60
67
72
85
89
82
72
59
53
58
64
56
59
73
87
87
70
53
54
74
100
102
86
81
96
106
108
103
82
68
73
81
81
66
45
27
26
37
29
9
-1
-2
5
12
8
-2
-14
-19
-17
-13
-5
10
9
16
19
16
17
18
28
45
57
50
48
64
80
87
96
98
96
100
112
119
112
98
93
97
92
91
83
71
64
48
25
7
-4
-12
-20
-22
-20
-7
0
-11
-25
-12
11
21
13
8
4
5
16
32
36
21
4
4
18
55
89
97
86
82
90
112
122
123
117
101
83
73
81
101
113
109
101
91
88
89
89
83
66
57
58
59
50
37
27
32
27
11
-5
-11
-2
5
-4
-18
-13
3
9
3
0
1
3
8
17
21
28
37
43
50
56
66
68
60
67
77
82
73
65
66
82
108
131
129
114
116
124
145
163
151
124
102
98
91
84
80
74
51
21
6
8
8
6
6
3
-2
-6
0
5
2
-6
-10
-8
-6
2
16
21
19
7
0
20
54
76
77
69
65
71
88
100
91
84
84
103
120
121
130
136
132
132
134
135
136
123
119
118
121
121
107
91
84
61
40
26
11
3
6
11
5
-9
-29
-50
-57
-58
-69
-83
-88
-81
-70
-73
-83
-71
-51
-39
-37
-29
-22
-17
-2
6
16
19
11
16
34
53
57
49
43
53
60
67
67
70
80
87
90
96
117
124
128
132
128
116
104
104
119
130
118
90
65
52
55
50
38
21
4
-13
-23
-28
-36
-50
-55
-54
-58
-68
-67
-61
-56
-54
-54
-55
-52
-41
-28
-21
-22
-18
8
44
67
74
80
86
91
98
99
102
103
101
102
113
122
129
124
122
129
129
117
117
132
137
128
124
144
163
161
125
82
65
64
70
71
59
34
10
2
4
9
6
3
1
0
3
-1
-3
1
9
27
33
16
3
-12
-28
-28
-22
-14
-7
1
23
34
19
-4
-3
11
34
50
53
48
39
35
41
49
55
59
60
54
40
40
50
58
57
44
42
44
51
48
28
18
27
42
50
41
24
22
36
39
38
32
27
34
27
19
22
33
40
36
21
5
-1
13
32
34
32
38
43
50
55
51
37
33
43
43
40
51
75
103
124
136
141
146
151
151
133
119
118
118
108
89
71
72
86
90
75
61
72
88
93
84
80
86
96
99
98
83
67
66
69
76
85
97
104
96
77
67
60
52
38
25
10
-5
-9
2
18
26
19
7
9
25
28
8
-2
3
8
19
25
26
25
37
50
54
49
40
42
49
53
44
35
36
53
68
72
67
56
54
53
44
36
36
51
65
70
76
86
81
57
38
48
68
74
72
56
39
38
48
54
42
19
7
12
26
40
41
34
22
18
25
28
23
13
12
24
34
35
22
8
12
25
41
50
51
53
53
59
66
55
44
43
53
59
52
48
54
56
64
59
53
37
35
33
17
9
17
19
19
11
0
1
18
33
39
43
50
52
56
70
85
89
84
73
72
82
93
112
120
109
98
102
121
136
132
119
108
108
125
131
115
92
80
66
58
70
96
104
102
98
87
74
54
29
19
25
39
35
21
9
-9
-23
-19
-13
-23
-35
-37
-13
11
10
3
4
11
26
34
28
25
28
39
49
42
33
36
33
18
-2
-2
9
10
3
4
18
29
34
42
60
51
24
22
35
48
58
65
69
74
80
73
71
81
83
75
71
77
97
99
82
74
88
97
87
65
50
66
82
75
59
54
65
82
83
73
65
59
67
68
58
52
51
39
16
-8
-12
4
23
38
56
76
81
73
76
81
81
82
70
49
52
64
60
51
44
49
44
36
27
32
40
42
44
40
25
32
37
32
39
52
44
32
22
18
26
50
65
71
69
77
96
102
87
81
84
82
75
76
74
76
81
75
66
48
36
37
49
65
60
37
12
4
8
6
-2
3
16
13
0
-11
-19
-23
-29
-37
-33
-25
-10
16
27
26
19
26
55
76
76
70
72
87
92
96
89
72
72
83
80
70
66
61
58
51
54
57
57
72
91
100
88
69
55
51
48
50
54
48
27
21
29
36
35
28
26
21
5
-4
-2
-3
-10
-12
-3
16
35
44
42
52
76
92
89
87
87
76
66
68
85
93
87
74
76
90
102
102
92
89
84
83
86
97
103
93
76
65
52
32
26
39
39
28
17
8
10
21
22
3
-17
-33
-42
-42
-34
-11
5
8
0
-7
-1
7
12
22
34
38
49
59
69
81
97
101
88
73
65
74
88
88
74
65
66
75
76
60
50
52
52
40
36
44
57
58
49
28
2
1
16
23
22
19
26
36
37
48
57
44
28
26
28
35
40
38
35
42
66
74
66
53
66
100
108
85
58
56
72
91
104
97
82
76
85
87
77
71
70
67
59
55
48
37
43
51
49
40
19
7
16
18
11
16
11
9
10
4
-11
-26
-28
-13
2
10
10
19
22
18
28
48
60
68
66
67
59
57
65
75
85
91
88
74
48
37
48
58
56
48
58
72
71
74
92
103
105
101
92
85
87
91
81
69
56
52
50
43
43
36
21
8
7
12
9
1
3
9
11
16
16
12
17
28
44
64
81
83
74
74
91
106
98
75
73
84
91
84
68
68
72
60
52
44
38
35
26
21
19
16
18
22
29
34
27
17
12
13
3
-10
-10
0
23
39
40
32
39
58
69
53
39
39
37
34
28
35
53
71
73
76
81
88
86
86
90
90
96
99
87
73
71
72
67
51
32
26
32
25
17
0
-12
-6
4
12
11
5
-5
-7
-5
-3
6
21
22
23
21
17
7
-9
-29
-51
-52
-42
-27
9
58
90
97
96
112
134
141
144
146
153
156
157
154
141
138
135
118
107
104
100
88
73
69
69
55
17
-3
1
8
10
12
18
16
3
-4
6
9
-6
-19
-14
-8
-8
-9
-5
-2
-1
-7
1
22
34
23
6
12
27
32
29
34
45
66
76
83
98
112
101
87
83
77
58
34
17
16
25
43
66
77
81
70
67
70
61
53
53
44
32
25
27
34
28
17
12
17
21
19
6
4
5
-5
-8
-1
4
7
13
24
28
34
48
60
68
58
52
55
59
48
43
57
77
83
71
74
90
91
84
89
96
88
81
81
77
69
60
56
49
41
40
38
39
43
56
57
45
37
45
60
64
55
44
42
53
74
85
82
70
53
44
49
43
36
36
35
37
52
67
66
64
57
53
53
64
75
88
82
71
54
21
2
1
3
2
4
9
2
-3
8
24
27
23
26
16
0
-1
3
5
6
16
22
22
12
4
11
29
37
35
48
66
75
69
53
41
39
48
43
28
33
55
68
73
80
73
66
61
58
60
55
44
48
49
55
64
61
42
27
35
32
12
10
26
42
54
60
65
61
57
50
50
54
52
37
33
38
49
59
70
73
74
76
77
71
57
56
61
68
70
61
49
40
32
38
71
99
100
81
64
72
88
96
97
97
98
97
99
98
92
89
88
86
83
71
48
22
16
24
16
1
2
10
17
5
-13
-20
-12
-3
-4
-11
-13
-9
1
7
-6
-21
-23
-17
-2
3
11
20
27
56
87
91
66
52
73
107
125
114
96
97
112
128
137
128
98
75
77
81
68
57
54
48
42
51
52
50
44
38
33
32
28
23
21
21
16
4
-12
-19
-18
-20
-12
-7
-7
-7
7
28
50
60
65
69
71
76
92
102
105
114
119
122
118
117
122
128
123
129
121
107
98
97
102
98
81
55
40
38
36
33
20
9
-3
-13
-17
-19
-14
3
20
29
39
34
33
48
59
54
27
3
-6
-7
11
40
56
59
66
71
77
93
112
120
132
139
137
134
139
152
166
169
164
152
137
113
89
70
57
40
25
17
12
1
-13
-25
-27
-28
-22
-3
11
7
-9
-26
-22
-17
-19
-13
0
9
8
0
-4
7
11
8
9
16
26
57
84
83
75
87
105
115
113
112
116
117
122
128
128
122
129
134
121
101
90
89
82
76
73
56
36
20
20
24
19
11
8
5
0
-11
-25
-29
-24
-21
-29
-44
-40
-20
-12
-26
-34
-17
4
22
22
10
12
25
32
35
43
53
57
55
58
67
72
73
64
59
72
80
70
55
48
44
44
41
27
24
38
59
68
56
41
45
55
54
60
66
49
25
27
42
41
34
19
18
21
11
8
19
23
17
12
32
49
45
39
51
76
92
100
99
84
77
104
129
122
114
107
100
91
84
69
42
38
58
59
52
39
29
19
7
-2
-13
-22
-23
-21
-12
-4
-3
-3
-2
8
22
22
16
19
34
43
51
61
82
84
75
87
106
118
129
135
134
119
112
129
156
182
186
165
154
154
151
151
155
161
153
139
122
115
107
99
92
89
68
40
35
43
52
49
33
23
24
29
21
-4
-13
3
10
0
-27
-50
-52
-38
-9
25
54
56
40
35
33
36
39
32
26
26
23
24
51
71
76
74
77
77
73
80
80
73
66
49
43
51
38
20
19
26
21
9
13
19
4
-21
-36
-26
-10
0
9
11
5
6
29
44
26
9
7
11
17
19
19
18
18
22
33
42
50
50
48
44
52
72
89
98
91
76
60
60
81
85
73
77
92
99
88
80
66
53
53
58
58
51
39
18
9
23
32
22
11
12
26
35
28
18
4
2
6
20
37
50
45
41
49
56
61
68
70
76
82
81
75
76
98
123
120
96
70
66
88
91
69
40
34
51
59
56
42
36
39
42
39
39
39
32
26
33
33
27
25
23
28
40
36
19
3
7
26
48
53
52
52
51
44
52
60
58
60
80
112
133
148
154
150
139
138
144
144
122
87
66
61
60
49
38
29
21
18
8
-4
-10
-18
-26
-29
-21
-7
2
5
18
36
50
43
23
20
33
39
26
5
-3
5
23
41
25
9
20
42
52
51
52
54
58
68
71
80
89
97
104
116
114
101
96
96
89
85
89
98
92
75
55
40
51
65
54
35
34
39
35
13
-3
-1
7
1
-11
-21
-23
-21
-33
-41
-26
7
28
34
35
32
26
22
16
19
44
74
86
82
72
74
84
80
60
45
45
49
56
73
84
80
66
56
59
64
52
42
37
43
53
70
82
60
38
28
24
16
9
10
17
26
36
48
54
44
32
23
20
16
7
6
10
17
17
16
13
23
38
34
26
40
57
66
70
69
56
50
45
42
33
25
29
39
44
34
20
11
18
34
51
54
43
41
56
76
87
81
60
44
43
56
65
49
32
33
35
26
27
27
25
23
19
21
23
32
39
35
28
32
44
65
71
66
67
66
65
60
59
58
53
51
68
86
89
69
56
69
68
36
6
2
21
41
48
44
49
53
54
69
82
70
48
32
32
38
50
76
92
86
68
55
57
66
71
74
66
35
27
49
68
71
84
89
75
61
57
58
54
43
38
35
34
33
25
25
35
32
19
24
25
18
10
2
-1
5
8
1
-3
-11
-19
-19
-11
-8
-8
-5
2
13
33
59
75
84
89
100
115
128
138
139
135
129
124
128
135
137
122
105
99
92
87
85
101
116
113
89
74
77
90
88
75
74
71
51
27
0
-10
0
6
1
0
10
22
13
11
24
27
24
35
38
27
35
58
83
98
101
106
106
92
85
97
123
151
165
161
141
129
134
148
144
123
106
99
92
87
73
51
39
37
35
32
22
17
12
2
-10
-17
-20
-23
-28
-40
-50
-35
-18
-18
-25
-19
-6
-4
-7
-10
-20
-13
21
50
56
52
42
39
48
64
75
89
104
109
115
117
120
131
134
137
139
140
136
125
116
104
91
76
73
69
60
51
36
21
13
19
20
18
9
-5
-12
-20
-37
-54
-56
-51
-50
-41
-26
-18
-12
-10
-13
-22
-23
-20
-11
-5
8
27
54
68
67
60
55
60
75
86
75
65
69
85
98
102
106
121
138
148
141
134
132
117
103
97
101
104
100
88
85
88
89
80
58
40
34
40
44
54
59
55
45
27
11
5
4
-4
-5
-6
-10
-11
-6
4
10
22
33
39
40
37
44
71
92
103
101
102
114
129
134
132
124
120
106
76
64
74
86
73
56
38
12
-8
-18
-21
-24
-23
-26
-41
-50
-41
-28
-18
-9
-12
-21
-21
-13
-23
-27
-20
-10
-7
-5
3
35
65
66
67
85
107
120
122
116
117
132
151
162
156
148
134
128
125
123
114
97
90
97
96
87
82
74
60
50
45
38
25
24
34
41
35
19
16
23
24
12
7
1
-12
-21
-7
3
8
7
2
-6
-8
2
10
25
39
34
24
35
44
39
22
18
36
48
45
42
48
55
57
42
22
20
36
54
66
73
75
73
76
76
59
32
18
19
28
44
60
64
56
50
39
41
49
45
35
19
20
19
19
26
28
19
11
11
23
39
51
58
68
71
80
83
84
83
75
74
82
75
57
40
34
35
35
32
32
49
58
52
39
41
57
64
48
25
18
9
-1
-5
8
33
42
25
8
7
3
-2
6
27
48
55
55
60
69
70
74
76
86
84
72
70
72
72
76
82
81
72
59
48
37
52
70
80
80
72
77
82
86
74
53
36
33
21
-3
-10
-2
0
-1
-2
6
17
21
38
50
45
39
37
33
27
24
23
33
48
64
80
77
58
45
53
64
65
66
75
86
91
89
83
81
80
85
87
83
72
75
90
100
92
87
90
102
92
66
48
37
24
18
18
21
23
17
6
2
6
16
22
27
26
21
17
12
20
33
36
37
41
38
27
23
27
39
42
37
43
64
69
66
61
57
57
56
54
49
54
71
74
75
76
75
82
80
67
59
71
77
70
55
49
44
32
9
4
0
-4
-4
6
10
5
0
-1
4
24
36
21
4
10
12
12
19
22
29
42
39
27
22
28
37
33
38
50
57
69
74
72
69
69
66
60
60
69
74
76
75
74
83
106
118
116
108
108
119
119
115
118
116
98
74
48
28
22
20
26
33
37
34
24
26
36
40
35
25
26
20
6
-6
-4
4
10
21
28
32
32
34
35
50
71
73
68
64
68
77
85
84
65
57
77
101
106
97
81
56
41
49
59
67
58
48
42
38
27
21
23
26
37
44
43
39
27
9
-6
-2
11
5
-7
-3
-2
-10
-8
-6
-5
2
12
25
37
36
26
35
53
49
24
6
11
34
48
48
44
39
41
54
57
54
57
64
64
56
60
65
49
37
45
56
58
58
64
58
53
58
81
98
97
75
66
60
53
53
53
44
44
52
64
76
81
76
84
97
96
85
90
105
112
112
113
117
121
108
98
107
138
153
138
107
81
83
81
73
67
53
38
36
35
28
21
21
26
27
19
4
-8
-11
-2
8
33
43
27
20
32
37
36
37
43
51
56
50
32
27
37
52
61
53
29
21
26
33
39
50
68
75
81
92
102
99
89
76
67
67
69
72
81
84
74
55
39
37
34
10
-20
-37
-44
-50
-50
-49
-45
-41
-25
-19
-23
-23
-26
-30
-24
-2
18
22
10
-1
8
21
24
32
55
89
108
120
130
121
117
120
123
133
131
112
98
96
105
117
103
73
66
75
86
86
89
103
105
98
89
75
57
43
33
27
21
17
10
-2
-10
-6
10
35
38
23
7
12
34
42
34
17
21
40
56
56
48
42
49
60
76
83
86
87
76
61
58
69
85
90
75
59
55
55
48
41
38
38
27
3
-4
7
11
2
0
-1
-6
-21
-20
8
27
23
19
20
17
18
27
34
25
11
7
11
10
12
26
42
44
35
33
40
55
66
69
77
92
100
98
90
86
90
92
89
83
71
66
65
54
22
5
11
22
34
48
54
56
67
71
72
72
69
73
73
60
54
59
61
53
39
33
26
22
18
20
24
29
39
52
60
59
56
67
83
97
100
99
99
105
115
102
58
35
36
27
16
2
-12
-24
-22
-7
9
20
21
22
18
9
6
7
16
23
22
11
2
9
29
39
34
17
4
2
3
7
10
12
20
38
54
40
37
59
83
91
104
119
138
155
162
149
134
128
129
134
140
134
113
98
99
92
75
66
54
41
26
17
19
23
16
-5
-23
-21
-6
0
-1
0
6
18
22
21
17
10
8
22
41
44
38
42
50
48
53
61
52
41
53
72
84
99
112
115
116
118
123
136
147
147
149
147
122
84
69
80
101
92
51
9
-3
-4
1
7
8
-2
-17
-25
-25
-22
-13
-14
-39
-61
-66
-65
-66
-65
-65
-61
-52
-36
-14
-2
13
24
33
39
49
67
74
81
92
96
81
86
112
134
145
139
132
122
125
135
146
148
136
121
120
125
118
104
90
77
57
34
25
25
24
17
-1
-27
-35
-23
-22
-42
-62
-66
-45
-26
-21
-13
-12
-11
-7
4
9
4
6
20
36
40
34
36
57
85
84
72
83
108
132
138
131
112
102
107
107
103
91
89
85
69
64
61
67
81
92
97
83
57
53
57
53
34
19
11
5
-4
-12
-12
-11
-5
17
35
33
21
17
7
4
3
0
-5
-3
21
38
48
67
84
93
84
72
77
98
109
101
96
114
155
181
166
121
85
74
73
72
52
24
7
3
8
11
2
-23
-30
-6
24
37
50
68
64
40
32
40
57
71
66
58
66
70
70
70
64
48
29
33
38
40
45
57
69
72
71
55
33
35
57
67
51
43
59
80
83
74
68
64
56
48
48
56
54
41
33
28
33
33
25
11
3
-1
-1
0
-8
-6
8
12
11
17
23
33
35
28
24
28
42
54
54
52
59
69
73
83
91
92
87
82
86
83
72
68
64
53
48
42
37
43
49
49
42
32
22
24
29
36
23
-2
-10
-3
7
11
3
3
12
21
35
43
40
44
60
67
71
76
68
51
40
37
50
59
54
50
53
60
74
82
68
54
50
51
57
60
61
74
81
69
51
39
48
68
73
67
54
44
44
51
53
45
40
28
11
-2
0
18
29
37
36
28
32
42
52
45
54
67
59
49
43
44
48
52
64
81
97
97
96
90
80
83
92
88
80
74
81
84
87
89
82
69
68
74
70
58
53
59
72
72
66
49
37
37
42
39
18
5
9
24
28
24
17
10
10
11
10
18
27
40
37
35
36
44
68
83
73
77
96
101
99
88
61
43
44
48
53
55
49
41
25
8
2
-1
6
26
33
11
2
23
40
23
11
10
13
23
33
33
20
16
33
35
21
33
57
84
106
117
102
