23
49
65
86
100
90
81
77
82
92
114
106
91
81
82
104
105
80
58
55
57
51
37
27
35
44
48
34
26
20
-1
-10
-12
-21
-18
-2
6
4
-10
-21
-19
-14
0
23
44
54
52
58
74
92
101
87
77
69
54
52
58
64
66
70
75
68
66
82
96
88
88
97
96
86
69
60
72
77
59
34
24
35
55
67
65
42
3
-17
4
21
28
28
27
24
24
11
3
11
23
24
16
9
6
13
32
43
36
38
50
53
55
50
60
88
106
122
123
105
90
89
99
90
86
97
88
73
84
102
106
106
87
51
22
18
23
36
51
44
34
23
21
19
6
-9
-26
-35
-35
-30
-10
5
17
18
2
10
38
52
41
24
10
9
22
38
75
117
129
118
113
122
128
124
130
128
122
116
104
90
96
97
80
58
44
44
52
55
52
44
28
8
-9
-25
-25
-17
-20
-19
-12
-20
-25
-12
-7
-24
-36
-25
-2
9
-1
-39
-50
-18
18
17
0
11
51
88
98
103
116
121
137
138
141
154
157
146
120
101
107
132
144
135
131
113
86
68
53
32
4
-13
-8
6
17
22
24
16
1
-18
-29
-28
-14
-11
-19
-9
2
1
-4
-7
-34
-60
-61
-41
-25
-7
26
44
36
26
36
55
84
88
81
83
82
70
65
65
57
59
55
37
39
64
82
93
93
82
70
61
61
64
59
51
38
32
22
9
-22
-43
-40
-25
-13
-10
-18
-21
-6
1
-6
-12
-13
-27
-37
-29
-36
-21
10
12
-5
-8
1
8
24
44
50
50
54
50
52
72
87
80
68
75
85
82
65
51
52
54
53
59
55
54
66
75
76
68
52
44
53
48
32
24
20
6
-1
0
-4
-5
2
7
8
10
23
25
21
35
50
41
35
55
85
92
80
73
71
60
68
76
67
65
74
70
66
65
59
60
69
83
82
71
71
72
57
32
27
55
74
73
80
89
88
77
65
60
53
23
4
10
23
33
28
19
17
25
45
70
89
93
89
76
65
56
56
58
48
35
41
59
67
50
29
23
35
59
75
51
6
-4
10
11
2
8
9
9
25
42
44
35
19
12
17
11
8
19
29
33
28
25
28
34
32
21
8
18
40
44
37
35
34
42
55
65
75
85
87
87
92
108
121
122
114
99
82
73
77
85
76
52
34
32
34
32
23
17
19
28
33
11
2
2
8
20
36
54
57
60
73
86
77
56
51
64
70
67
56
51
52
55
72
93
105
100
77
54
57
90
123
140
148
135
104
83
74
65
49
37
11
-4
-4
5
20
29
26
36
49
44
37
37
41
55
70
80
74
58
49
68
86
84
67
52
59
66
66
60
54
51
58
72
69
60
67
80
96
97
90
82
59
51
44
33
33
36
39
42
35
18
5
6
17
19
16
11
18
28
33
11
10
16
9
19
29
25
25
43
51
41
36
36
38
45
42
22
20
33
67
103
99
64
49
51
64
75
89
100
83
44
28
39
65
72
57
49
50
51
48
55
54
34
13
8
17
26
33
25
12
6
3
4
8
12
5
-13
-26
-29
-36
-34
-19
-8
-8
-17
-24
-19
4
17
21
25
33
52
65
69
69
67
75
87
96
101
98
96
112
132
124
112
104
98
83
73
73
66
58
61
67
66
48
34
32
39
42
37
27
18
12
26
36
32
26
24
26
40
43
32
22
18
22
32
49
64
68
76
82
83
88
99
104
116
119
115
112
106
107
102
92
96
92
76
67
56
32
10
2
9
22
20
8
9
26
28
16
1
3
22
32
12
-5
-7
-1
4
-2
-6
-1
3
3
7
21
41
64
71
58
55
60
88
113
116
105
72
45
60
91
108
109
109
119
116
105
113
120
115
96
80
65
59
56
49
37
33
36
32
32
29
17
-12
-42
-53
-44
-36
-29
-23
-17
-3
9
12
19
20
7
2
5
24
41
54
64
59
59
61
69
80
82
73
74
85
100
93
85
86
86
73
70
74
80
87
98
85
68
59
56
54
50
42
41
40
27
5
-10
-14
-11
-4
5
1
-5
3
6
-3
-8
-5
-10
-26
-36
-35
-34
-22
-4
6
22
36
56
71
60
39
40
65
74
55
35
50
88
121
131
125
116
104
115
118
112
107
107
103
96
102
106
102
96
70
27
5
-1
-3
-12
-28
-30
-23
-12
-2
22
33
24
25
26
27
25
13
-2
-10
2
24
35
28
21
23
36
48
44
35
27
28
53
82
96
90
88
89
96
105
106
96
83
83
87
88
86
86
66
35
24
23
22
-3
-28
-34
-36
-59
-89
-84
-54
-36
-37
-53
-70
-77
-72
-49
-6
34
36
12
-3
0
8
24
39
40
36
35
49
82
91
59
39
43
65
81
99
131
161
172
160
155
172
196
195
164
136
130
131
124
114
89
58
26
5
3
12
10
5
8
6
8
28
43
38
28
19
9
8
7
11
18
16
27
50
66
71
68
66
60
51
25
12
20
42
71
90
91
92
100
103
97
89
82
71
64
53
38
33
56
92
113
106
88
61
50
54
65
67
65
59
51
36
26
28
37
42
39
20
-21
-59
-60
-42
-29
-24
-23
-26
-29
-9
18
22
9
6
8
16
32
39
21
9
34
60
68
65
64
67
77
89
86
82
91
107
108
103
112
114
100
82
70
66
67
69
68
64
43
29
37
42
45
35
5
-4
8
26
37
35
10
-6
10
45
60
50
38
37
44
66
87
92
71
54
58
65
59
58
69
77
80
72
67
55
36
28
38
59
57
49
40
40
65
89
86
72
64
56
68
88
99
97
84
69
73
89
92
85
77
75
81
73
60
66
81
88
84
77
70
45
25
29
55
67
55
42
51
69
97
114
100
80
76
76
81
88
96
97
90
82
68
68
76
73
71
80
71
58
55
54
58
48
32
20
13
21
27
34
37
24
13
28
55
60
43
29
36
58
67
71
77
57
9
-13
1
17
8
0
11
40
58
67
69
65
53
48
40
48
57
67
59
41
33
33
38
38
24
18
20
13
1
1
23
34
22
10
11
28
43
50
52
51
52
55
59
67
69
64
83
118
125
89
48
35
48
61
60
59
77
87
81
71
84
103
101
70
42
55
64
35
7
11
26
21
2
-3
6
18
22
16
8
8
5
12
27
23
0
-10
-3
5
17
38
49
33
18
18
32
36
32
25
28
36
48
41
27
22
38
53
49
60
85
91
98
112
124
123
118
113
102
105
107
117
121
116
112
106
92
73
56
34
10
5
4
-7
-25
-34
-40
-49
-59
-67
-69
-68
-56
-42
-36
-28
-43
-74
-92
-91
-77
-68
-59
-58
-49
-29
-13
0
11
27
57
90
97
86
84
98
108
117
119
124
147
172
184
178
166
157
149
137
128
128
122
103
75
51
36
44
49
38
26
21
4
-37
-67
-57
-42
-34
-21
-6
-1
-5
-11
-13
-23
-23
-17
-23
-34
-30
-19
-3
6
13
19
3
-13
-17
6
25
41
53
64
69
80
75
82
97
98
107
124
116
98
88
89
106
118
116
93
77
85
91
92
85
68
64
68
84
89
84
76
73
75
83
81
67
41
35
38
51
57
43
25
9
1
-3
1
16
36
52
50
50
69
92
113
138
147
122
109
130
141
132
112
112
113
106
104
103
97
84
52
17
-6
-18
-19
-7
-13
-41
-69
-71
-50
-41
-59
-67
-42
-4
8
10
7
7
13
17
18
21
17
16
19
5
-10
-2
32
52
68
88
112
123
131
133
132
139
151
155
154
141
130
134
147
145
124
98
68
40
36
53
57
39
22
6
-10
-26
-41
-60
-65
-57
-58
-67
-72
-65
-40
-33
-39
-43
-35
-17
6
33
48
38
35
43
53
51
40
44
64
84
98
113
99
75
87
118
130
119
118
115
97
101
129
144
137
128
113
98
84
74
73
69
57
56
50
35
37
52
53
41
21
3
-4
-10
-9
-8
-17
-36
-52
-58
-54
-44
-43
-52
-53
-34
-13
-4
3
11
18
9
13
32
28
19
22
34
51
67
72
70
71
81
87
90
85
72
74
71
58
53
54
59
70
65
65
83
99
90
68
43
33
20
0
-4
-4
0
-6
-22
-24
-11
4
24
36
24
12
16
21
44
58
51
58
85
85
70
57
59
70
72
59
50
68
105
125
119
97
75
71
72
69
58
54
58
65
73
85
99
100
87
88
104
119
122
106
87
96
103
105
116
134
137
132
141
149
139
119
101
103
115
106
83
70
70
69
51
33
29
32
16
0
1
3
-4
-3
3
1
-17
-37
-49
-38
-11
-8
-12
-20
-23
-28
-20
6
34
43
42
41
41
32
25
32
43
64
68
61
68
69
73
74
60
53
53
55
54
48
48
66
70
58
38
16
17
42
59
57
33
-1
-10
7
28
40
48
44
35
32
41
56
59
60
57
48
43
55
61
60
55
39
37
50
52
52
51
35
16
17
29
26
8
8
24
38
45
59
71
73
68
52
35
35
39
39
36
35
54
93
124
131
112
83
74
88
106
107
88
70
67
67
80
80
81
80
59
48
38
41
58
67
64
54
36
9
-3
10
48
70
58
38
40
57
69
58
49
32
12
9
13
27
38
32
8
-4
9
42
57
35
18
29
50
56
59
75
102
121
123
112
98
87
87
92
91
58
29
28
39
48
54
76
96
91
86
82
81
91
103
98
80
54
42
51
66
69
60
45
11
-7
1
25
40
36
26
19
27
53
71
59
39
28
34
66
90
98
88
90
108
105
89
74
64
71
87
86
60
53
67
70
72
69
44
12
2
7
7
1
-4
12
43
52
27
10
-1
-18
-25
-9
-3
-12
-5
26
40
37
37
28
17
5
0
-3
-7
-8
-4
0
16
40
55
66
74
59
28
24
44
61
54
38
39
41
22
2
-5
-13
-10
8
12
6
8
20
28
41
60
53
29
16
25
53
56
35
13
13
33
34
19
13
23
33
45
48
12
-10
6
43
50
48
67
80
84
93
97
81
59
68
87
93
99
97
74
74
82
73
71
83
101
115
116
102
73
41
25
18
16
11
12
23
27
25
24
32
24
-5
-21
-7
11
19
12
11
18
19
12
16
22
41
57
52
41
53
76
91
81
64
43
39
58
84
106
120
105
81
80
96
97
83
74
83
97
102
113
106
73
36
5
6
51
82
57
22
7
16
13
-3
-27
-52
-56
-37
-8
9
22
32
32
32
39
70
91
87
81
71
61
59
66
71
83
104
118
128
133
123
108
100
108
112
91
73
45
21
6
12
23
19
0
-21
-25
-33
-37
-20
2
3
-5
-9
-10
-17
-8
10
19
8
-9
-28
-26
-7
-1
-1
8
21
13
16
36
65
76
76
89
107
109
106
104
108
116
107
92
80
88
114
134
151
140
116
112
118
109
86
60
48
34
-1
-28
-36
-43
-56
-55
-35
-26
-38
-52
-53
-55
-51
-38
-39
-38
-30
-19
1
25
51
60
49
27
10
1
7
29
76
112
117
101
91
88
97
114
131
130
130
148
179
212
202
166
144
147
156
156
150
151
163
155
130
91
57
33
6
-3
-1
-2
-6
-17
-22
-41
-70
-69
-52
-42
-39
-37
-54
-62
-52
-20
-8
-25
-53
-57
-35
-6
5
1
5
22
43
71
101
112
104
105
117
135
153
163
162
160
165
166
167
169
166
162
151
138
140
156
146
114
90
84
73
57
37
36
45
41
33
17
-2
-1
9
-2
-33
-61
-71
-67
-53
-44
-55
-61
-54
-34
-29
-28
-22
-14
-9
-8
0
12
29
38
37
39
44
67
81
68
26
-7
1
38
59
69
59
49
50
54
60
57
41
29
24
26
29
29
26
25
34
38
33
23
12
9
5
10
33
39
22
-1
-12
-13
-17
-10
-8
0
13
36
55
77
116
135
117
98
98
85
75
67
41
33
52
70
70
74
89
100
102
88
59
44
54
52
35
33
50
53
43
38
27
39
64
68
49
28
36
57
67
43
27
39
58
72
75
71
67
66
58
38
28
38
59
86
101
100
87
86
97
114
129
124
122
122
119
92
70
71
75
71
71
73
82
99
116
104
60
17
4
12
20
0
-19
-8
16
33
37
23
-6
-38
-38
-6
12
2
-9
-1
11
11
13
25
20
-12
-26
5
39
60
70
72
81
101
116
116
106
101
102
123
130
104
92
101
99
81
60
56
58
58
58
42
11
2
7
16
19
19
20
23
19
17
34
60
60
34
7
-1
16
48
52
19
-18
-19
9
27
33
48
60
59
64
71
77
77
72
76
74
56
58
75
81
69
59
64
75
80
56
40
40
38
27
22
9
2
-3
-14
-24
-12
-4
1
7
19
28
34
24
18
16
17
19
5
1
28
52
56
49
48
49
38
45
76
98
99
87
81
80
80
76
76
84
91
90
87
96
99
82
56
52
53
36
8
-2
4
16
22
19
21
7
-10
-19
-6
13
29
42
38
20
10
23
56
76
57
20
5
23
33
23
16
17
32
48
66
65
52
42
45
66
84
107
131
123
119
121
120
112
96
74
57
60
80
81
77
83
81
71
73
92
102
87
82
83
67
36
19
20
34
65
80
64
41
41
49
41
28
11
2
-3
5
23
37
28
16
9
20
35
40
40
38
48
71
91
92
76
65
60
51
35
36
41
55
77
107
122
114
99
87
61
44
41
40
37
36
41
52
59
60
53
44
39
34
26
18
6
-6
7
38
49
27
-1
-6
2
5
9
12
17
27
39
49
51
51
40
34
36
35
38
53
69
85
80
65
57
60
65
71
71
52
42
43
43
32
8
13
32
52
72
93
104
88
71
64
55
42
34
28
40
58
59
67
82
81
50
22
11
19
26
24
20
24
51
72
56
27
20
27
42
54
59
60
58
56
55
64
71
67
60
60
39
12
19
42
49
33
13
1
-14
-28
-28
-11
2
4
-5
-23
-25
-9
4
-1
-13
-19
-1
8
11
35
68
80
71
68
56
43
53
76
89
86
85
86
103
124
140
133
102
90
100
106
100
76
50
35
38
38
28
12
12
27
35
25
12
7
0
-13
-25
-34
-23
3
11
8
3
-2
4
4
6
11
-5
-25
-19
1
19
24
20
12
11
7
3
5
17
26
27
33
44
74
93
92
88
81
77
68
75
103
115
113
106
112
132
135
116
99
88
84
77
70
75
83
86
91
97
80
50
21
0
12
29
16
-1
-1
1
4
1
-1
-2
-13
-18
-10
1
28
56
60
53
54
54
51
51
64
70
81
93
102
104
109
101
84
77
99
118
114
100
102
101
81
53
40
36
40
43
38
33
21
8
-8
-21
-18
-13
-17
-12
-6
-1
-10
-24
-19
8
35
42
60
83
82
83
91
101
106
108
104
102
105
98
90
97
104
118
121
114
106
104
118
132
148
161
146
124
135
147
123
88
67
50
43
49
45
32
23
21
16
24
36
22
-19
-52
-52
-35
-17
-7
4
17
28
44
66
71
49
4
-10
11
37
50
54
57
71
82
85
82
83
91
92
85
83
81
73
60
51
44
43
52
66
74
76
88
103
113
120
133
146
149
136
129
128
119
105
90
72
60
61
60
64
68
64
40
11
-9
-14
-6
-2
-4
-4
-5
-4
-7
-21
-50
-66
-45
-18
-4
12
42
56
32
8
16
39
51
40
40
59
80
76
68
54
43
41
50
66
82
92
91
88
81
74
67
66
85
98
85
72
73
72
68
69
73
72
60
48
36
23
8
1
5
5
11
11
3
11
38
56
51
27
13
21
22
9
5
18
22
20
26
39
45
56
59
58
64
68
59
38
25
32
51
69
68
53
41
54
88
108
103
88
86
97
100
77
59
38
18
11
-1
-29
-50
-29
8
43
42
16
-9
-21
-25
-25
-21
-11
-6
2
1
6
22
26
18
12
21
35
44
52
52
59
66
60
55
52
53
60
57
50
58
82
100
105
107
106
109
118
137
145
132
108
101
100
97
98
90
80
68
60
58
60
53
33
12
0
9
22
1
-41
-61
-45
-18
7
6
-10
-22
-25
-26
-22
-12
1
11
18
10
-1
7
42
76
89
87
85
81
87
103
109
106
98
100
118
122
105
80
70
88
112
113
86
58
55
69
66
56
42
35
38
39
49
58
52
42
44
48
44
37
12
-7
-18
-11
-1
-4
-29
-45
-30
-12
-11
-17
-3
10
16
19
25
33
39
56
70
73
80
84
88
98
104
106
93
74
70
83
97
92
85
86
89
74
60
55
50
50
56
68
85
82
61
44
35
21
5
0
1
3
9
17
7
-6
-7
5
19
24
27
34
32
18
8
11
18
12
23
28
16
-1
4
29
73
99
99
83
65
70
99
120
122
112
100
96
91
91
93
84
66
57
56
41
20
10
26
51
52
32
21
6
-12
-21
-23
-25
-26
-22
-17
-13
-25
-39
-44
-43
-26
-9
0
7
20
42
74
93
98
92
91
103
120
120
102
97
119
135
144
151
150
144
140
150
176
184
180
166
151
145
131
113
90
84
76
70
71
74
69
40
6
-5
-11
-18
-13
-10
-22
-34
-21
-3
5
12
33
38
43
55
66
58
52
44
23
8
8
16
20
17
17
29
57
92
116
112
87
68
72
84
87
82
84
103
132
144
138
129
122
124
112
96
80
71
72
68
44
28
36
41
27
-8
-38
-38
-24
-11
-4
-7
-3
24
48
48
23
-2
-5
1
4
1
0
8
20
21
26
45
65
69
72
69
70
80
81
88
108
121
130
129
117
97
91
101
100
89
90
100
103
98
81
68
71
75
74
55
48
54
66
71
53
22
8
21
45
60
66
60
43
35
41
48
45
35
16
6
4
4
0
6
9
2
7
20
18
8
7
20
39
48
50
50
58
76
82
74
71
66
67
70
54
34
34
52
65
65
44
19
5
2
8
42
69
67
54
58
57
44
36
12
-11
-23
-14
5
11
-10
-34
-17
0
8
16
18
13
5
1
5
28
58
57
45
41
64
96
114
107
87
81
76
84
92
99
113
117
107
92
86
87
89
69
42
40
37
17
-2
-8
-6
-11
-20
-19
-8
-7
-19
-36
-38
-7
7
1
-12
-22
-7
12
20
32
35
13
-2
-5
6
23
34
35
40
69
113
147
163
154
144
132
116
101
98
92
87
87
80
70
80
96
97
69
32
19
17
4
-21
-43
-55
-53
-39
-23
-21
-36
-44
-42
-35
-24
-23
-12
24
45
42
37
27
33
45
60
80
103
119
116
128
155
177
167
140
129
133
144
144
130
107
93
92
97
98
90
90
92
75
42
34
39
37
21
1
-17
-22
-23
-19
-5
5
3
-4
-2
0
-3
8
32
40
38
36
28
10
1
7
20
37
57
76
89
82
68
65
65
70
81
96
113
123
129
139
156
153
138
129
123
117
107
103
96
96
87
74
68
71
80
65
24
-1
-17
-25
-23
-17
-7
4
11
19
35
34
16
13
9
-8
-17
5
25
28
27
28
36
41
40
42
53
64
73
83
96
96
89
91
99
99
89
88
100
106
86
54
43
56
72
64
43
37
33
22
12
0
-17
-19
6
20
9
1
2
-2
-4
6
23
23
4
-7
-3
-5
-25
-44
-43
-22
3
11
5
5
22
45
70
87
92
93
97
97
87
83
86
89
86
60
32
11
4
6
5
10
16
3
-18
-21
1
20
11
-2
-10
1
13
25
41
39
23
29
42
49
51
56
52
42
54
70
81
80
86
106
114
106
117
146
164
169
177
171
167
167
168
163
154
139
115
100
100
96
87
87
75
64
64
58
39
19
12
19
18
11
-3
-10
-2
9
5
-6
-10
-17
-18
-18
-22
-23
-20
-12
-4
6
3
1
20
42
44
53
84
112
137
161
164
148
131
134
153
169
179
197
202
193
184
176
163
148
124
112
96
81
70
60
58
53
32
-11
-56
-78
-73
-52
-36
-28
-39
-46
-38
-17
-3
-5
-3
7
7
-3
-10
-11
-12
-11
-7
1
11
24
38
56
75
72
58
59
73
90
99
97
96
92
96
97
98
102
112
124
136
149
152
148
147
119
83
69
66
67
58
37
9
-5
-14
-20
-9
-3
7
10
0
-10
-17
-12
-10
-2
9
16
7
-10
-37
-49
-45
-35
-34
-29
-10
17
49
84
116
119
100
89
91
92
90
83
71
67
68
59
59
64
59
59
53
53
68
84
99
106
90
73
69
60
49
33
9
-2
3
24
44
50
38
23
16
18
25
32
32
38
51
45
34
35
51
66
70
71
71
81
87
90
86
69
70
74
81
64
27
17
24
32
24
17
8
-13
-24
-17
-1
9
17
38
41
25
16
25
33
27
12
-4
-17
-4
9
11
5
-8
-5
17
35
42
39
36
41
53
60
65
68
72
86
104
119
118
108
115
120
120
115
104
93
74
50
35
28
20
6
5
5
1
-4
-4
-1
7
13
12
9
18
26
26
24
32
27
19
17
19
22
49
80
88
80
60
52
60
74
85
93
85
56
32
42
97
141
145
119
105
115
133
148
144
124
117
104
90
70
48
22
-1
-27
-45
-45
-45
-65
-82
-68
-44
-39
-34
-26
-25
-25
-27
-35
-33
-19
-3
2
4
3
11
32
39
28
29
42
54
66
69
72
72
71
58
56
71
87
98
98
103
113
118
121
130
137
136
121
108
99
98
106
117
120
120
121
117
107
96
89
82
69
51
32
8
-6
-13
-12
-9
-7
1
-5
-27
-44
-51
-53
-50
-37
-30
-30
-41
-53
-54
-52
-51
-38
-11
6
10
23
57
77
88
102
119
138
148
156
171
177
163
151
154
149
128
112
102
88
80
85
98
100
92
70
45
35
37
53
69
60
43
38
34
28
28
32
22
5
-5
-8
-2
6
10
12
12
13
16
25
45
56
52
49
54
57
60
71
73
72
67
69
70
67
64
52
38
25
24
51
77
68
51
58
72
67
43
13
-3
-9
8
26
12
5
12
33
65
97
105
93
82
90
103
97
87
77
60
45
42
52
58
60
66
74
70
52
39
33
22
37
58
61
53
44
34
36
67
97
99
93
99
103
91
75
75
82
71
51
34
43
49
29
26
38
39
40
40
32
24
19
6
8
28
43
37
25
27
22
17
24
35
35
34
36
48
53
43
38
53
83
96
85
69
71
81
74
73
85
88
84
76
65
51
58
59
44
33
28
22
20
24
24
18
3
-9
-7
2
5
13
28
42
43
32
3
-10
3
10
-6
-26
-36
-28
-5
23
48
55
49
52
50
48
42
49
71
87
97
106
113
120
130
132
132
129
123
123
115
96
88
87
86
82
72
53
32
22
38
57
51
36
45
54
43
27
20
39
53
35
8
1
13
41
55
56
52
43
38
28
20
6
4
20
41
65
92
112
112
105
104
99
101
124
141
132
121
122
118
105
84
76
93
103
97
86
66
40
28
19
17
16
17
7
-20
-34
-25
-3
17
10
-9
-40
-49
-27
-4
3
-3
-13
-34
-51
-44
-25
-24
-33
-24
-5
9
25
36
35
39
71
114
135
130
114
120
136
154
163
160
137
129
136
141
133
113
93
80
64
45
34
25
24
11
1
6
18
18
4
-11
-9
4
12
12
1
-14
-22
-26
-23
-21
-23
-30
-41
-42
-50
-49
-24
-5
-7
-4
16
40
54
67
74
85
105
118
129
136
157
194
214
219
212
200
193
169
146
116
89
80
70
53
39
34
40
51
34
10
8
20
21
27
38
26
8
-7
-24
-33
-35
-26
-14
-17
-19
-9
-2
-4
-14
-25
-22
-3
12
13
11
11
7
6
32
70
112
137
138
124
116
124
130
118
106
107
124
144
149
139
131
117
89
56
35
36
49
57
58
64
66
66
72
68
67
74
71
60
48
58
87
92
80
64
50
43
55
72
82
84
80
80
84
82
69
75
102
129
134
121
121
153
170
148
107
83
71
80
96
91
87
90
84
64
36
17
9
25
40
40
42
42
40
35
20
2
-9
-13
-24
-33
-34
-27
-18
-7
-13
-18
-14
-18
-8
3
5
3
0
4
18
38
58
61
51
40
35
44
72
96
102
118
134
144
160
177
177
153
136
144
145
132
113
86
54
38
40
40
23
1
-14
-24
-24
-26
-38
-45
-46
-57
-65
-43
-34
-54
-67
-50
-17
-2
-4
-1
2
-3
-1
-2
-7
5
22
36
59
91
117
132
130
116
104
92
88
93
108
113
100
97
106
114
112
99
70
43
38
29
10
1
21
37
21
-7
-11
11
42
50
43
53
51
21
2
1
-4
-14
-20
-17
3
24
39
50
58
54
38
41
59
60
57
68
88
102
101
96
98
119
136
132
106
90
106
134
150
148
151
153
135
131
129
104
83
85
85
69
50
32
17
4
-13
-39
-53
-56
-69
-83
-76
-57
-42
-33
-13
-10
