59
81
100
107
105
85
69
73
103
98
65
52
43
19
-3
5
26
23
-7
-33
-36
-30
-24
-17
-8
3
12
10
18
33
40
45
42
36
37
41
33
19
23
39
48
45
42
41
59
84
90
85
91
100
83
64
80
100
92
76
74
73
66
54
43
44
44
41
37
24
10
23
40
36
26
21
13
9
9
6
-1
-6
-9
-18
-23
-13
19
44
41
36
38
32
28
57
80
70
71
76
74
72
85
107
116
103
91
103
130
145
147
141
132
118
113
104
102
107
118
125
118
97
89
90
92
90
72
56
41
37
54
68
59
16
-10
1
13
16
10
11
8
10
10
-1
-7
6
18
19
9
-2
-4
-2
3
17
29
51
60
55
69
82
76
67
54
49
43
22
10
36
57
55
43
27
16
11
23
48
53
43
32
17
8
11
29
34
18
21
38
45
41
51
50
37
24
24
43
55
44
45
68
97
102
105
120
131
117
74
44
44
76
103
92
86
86
54
18
33
72
87
85
65
48
39
48
65
74
72
70
55
28
26
41
54
64
53
38
40
60
72
76
69
56
41
16
9
20
25
25
36
48
71
103
114
119
124
99
73
76
86
97
86
72
80
97
107
91
68
61
58
56
52
39
28
20
10
0
-12
-26
-33
-26
-11
-4
-6
-8
-2
9
19
22
26
22
-3
-18
-10
6
9
1
16
39
52
58
53
32
12
29
50
51
37
49
76
75
67
68
57
48
59
87
107
109
105
99
93
86
73
67
51
17
1
19
45
56
35
5
-13
-20
-9
3
19
22
18
9
5
16
27
40
53
52
49
44
27
18
21
32
35
37
27
18
22
21
24
35
37
44
66
86
98
99
100
98
86
84
72
60
69
100
125
131
113
90
80
84
98
91
76
61
40
21
7
4
3
19
34
23
-8
-27
-6
17
16
9
21
28
22
25
42
50
50
48
22
-9
-11
18
50
61
56
27
23
51
57
49
44
37
38
52
77
83
73
60
54
61
56
36
25
27
25
7
-10
-26
-40
-44
-34
-19
-11
-7
1
20
43
49
51
59
69
72
72
72
71
55
50
58
69
87
84
68
59
54
58
84
123
132
103
89
101
104
105
90
58
27
11
5
-2
-4
12
29
29
22
25
24
22
23
19
16
24
40
48
44
57
71
76
82
81
70
70
86
96
81
83
96
84
60
39
34
44
56
66
58
45
48
49
32
25
40
59
57
53
55
42
35
45
53
51
51
49
55
54
49
44
49
68
83
80
76
85
101
98
88
52
26
36
50
44
23
4
-5
-19
-38
-40
-11
9
7
-6
-7
6
17
19
16
0
-1
7
20
27
53
84
105
113
108
97
81
80
101
120
121
112
96
77
64
71
80
70
44
21
19
20
9
1
9
16
2
-21
-40
-10
33
56
50
26
4
-10
-9
6
12
9
13
37
53
57
55
50
48
44
38
44
68
77
85
103
112
114
131
150
136
96
84
109
132
136
113
85
80
82
87
87
67
44
35
35
36
33
39
44
40
26
16
10
21
32
22
17
11
8
7
0
-18
-37
-52
-45
-22
-6
-8
-17
-8
9
19
21
20
23
38
58
76
85
102
119
128
132
130
125
122
114
118
137
154
141
100
61
52
54
55
58
56
45
44
39
41
65
88
76
42
23
20
17
20
24
22
21
11
5
18
33
28
22
33
52
56
52
50
60
83
102
107
97
88
84
86
99
86
58
58
76
89
84
70
60
49
33
33
38
40
44
50
53
49
27
18
19
18
19
7
-17
-17
2
19
23
17
2
-9
-5
2
2
16
42
58
39
10
-4
8
39
55
27
-1
7
37
54
57
67
76
88
92
93
91
86
82
66
44
40
49
67
71
48
52
64
48
35
37
34
10
-7
-7
-1
10
8
8
27
39
22
4
0
3
9
22
23
21
36
42
33
33
48
56
58
65
72
67
53
52
54
64
72
80
82
93
118
137
136
132
125
131
136
131
122
107
92
83
66
66
72
57
40
36
23
10
11
8
-9
-28
-25
-1
23
29
25
16
11
24
28
9
-3
-6
2
19
25
19
7
3
12
19
9
7
19
33
45
71
89
100
99
92
81
75
73
75
88
99
87
61
44
36
51
58
43
13
-5
-6
3
26
48
50
53
53
37
19
20
48
65
57
42
33
25
12
3
-5
-17
-34
-39
-28
-6
42
75
85
69
50
51
71
80
75
72
74
75
71
49
27
33
50
52
51
37
25
40
49
44
48
42
44
54
50
34
22
32
42
44
40
37
50
60
73
91
98
102
99
87
64
65
83
76
65
60
61
60
64
72
80
73
55
43
43
48
42
36
16
-7
-11
-1
-4
-17
-26
-49
-62
-68
-56
-35
-21
-13
-13
-5
-2
-18
-22
3
44
56
38
19
33
45
50
40
27
32
43
57
66
72
81
90
91
80
81
106
123
103
73
84
104
115
100
73
51
58
86
102
93
66
42
33
23
20
27
34
16
-26
-69
-83
-55
-24
-3
-8
-26
-18
-7
-6
12
49
70
75
66
74
89
77
71
84
92
98
115
124
124
118
112
112
117
108
74
40
37
58
73
59
36
35
42
50
53
66
82
93
106
117
103
71
56
66
77
84
84
97
93
70
45
26
20
17
10
8
19
34
26
20
35
56
72
83
72
42
23
36
55
70
73
76
86
88
86
81
73
88
118
129
112
89
72
71
76
69
53
58
58
38
26
33
42
50
41
9
-18
-24
-11
3
6
0
-11
-9
0
-2
-14
-34
-37
-27
-10
-2
-5
-23
-25
-8
6
4
-5
9
37
43
34
33
37
57
69
67
66
71
88
106
122
124
128
136
149
156
154
138
119
105
93
82
73
65
65
65
51
41
49
49
41
41
36
19
8
9
18
25
33
24
12
12
13
10
16
10
-3
-10
-9
5
35
70
96
86
68
67
66
61
67
74
72
75
82
83
91
103
102
102
103
103
101
89
86
86
76
69
58
44
27
17
7
8
9
5
2
0
10
21
8
-17
-34
-24
-5
-12
-35
-38
-6
22
16
7
10
5
-5
3
35
48
33
36
65
84
75
43
32
45
69
80
80
85
87
92
113
116
86
48
26
33
35
40
49
51
52
43
22
6
3
3
16
40
65
68
45
18
13
36
42
48
72
86
85
92
116
122
118
107
93
90
89
92
100
99
89
76
60
58
75
87
82
69
54
45
36
48
73
75
60
56
69
98
114
112
88
55
39
45
51
39
32
38
43
49
50
43
39
32
7
0
21
40
42
33
36
43
54
69
84
86
96
92
72
52
43
51
57
57
42
20
18
24
24
22
35
37
34
37
39
43
53
52
53
68
82
77
66
59
61
57
42
38
54
54
48
53
54
35
11
13
24
34
52
71
74
59
36
34
70
103
100
70
55
65
80
82
73
55
40
43
56
56
49
39
25
19
26
35
27
21
23
26
21
27
49
42
21
9
20
53
80
88
80
75
82
90
84
67
54
55
51
42
39
40
57
65
61
59
53
28
4
0
1
1
3
13
26
21
16
18
27
27
4
-12
-11
-9
3
16
26
35
42
54
68
80
82
73
64
75
109
144
144
121
104
90
84
86
87
85
84
99
106
91
80
88
105
112
102
76
54
41
33
22
17
10
-1
-4
-3
2
10
16
13
4
-7
-13
-33
-42
-20
21
55
66
56
35
25
38
52
72
91
97
102
118
144
153
140
117
104
108
119
113
98
76
71
74
58
26
5
5
20
23
25
28
21
6
-5
-21
-30
-25
-21
-25
-38
-49
-38
-34
-33
-29
-26
-20
-23
-19
0
28
71
97
86
68
64
57
61
70
72
71
74
74
84
112
135
131
122
117
103
90
88
90
91
77
44
13
3
9
18
19
18
17
-4
-28
-36
-25
-24
-26
-9
-1
-17
-46
-61
-57
-62
-82
-76
-43
-6
4
4
25
57
68
68
80
107
136
141
128
129
147
166
172
169
160
156
162
168
179
171
148
128
122
122
113
88
55
28
24
36
37
22
21
38
41
22
0
-12
-33
-42
-29
-7
-3
-19
-19
7
29
20
-4
-21
-40
-50
-20
26
59
70
70
55
33
29
43
50
51
67
85
103
112
117
119
115
103
93
89
97
112
122
130
123
93
57
38
35
19
18
24
20
8
11
19
20
21
16
16
22
23
7
2
3
8
34
59
59
39
18
0
-6
4
12
1
-20
-7
26
50
27
-8
-18
-4
12
26
27
17
3
3
10
29
43
32
11
-8
-27
-21
9
32
35
32
26
11
2
0
-5
-3
9
25
37
43
49
41
23
8
11
36
57
57
37
26
23
21
19
18
23
32
42
69
90
86
71
66
67
60
73
83
81
84
75
58
57
76
81
66
59
45
33
26
21
26
49
81
120
145
152
156
141
112
80
56
40
40
66
84
84
73
71
82
85
82
59
28
17
45
84
67
28
28
74
115
134
138
131
121
118
114
108
103
88
76
71
60
45
28
39
52
54
50
42
41
55
84
106
90
59
39
32
43
57
57
39
19
22
57
72
61
50
53
53
50
51
50
29
11
20
44
58
53
48
54
67
64
40
21
17
23
18
1
-20
-24
-17
-6
-1
0
-4
-1
12
34
26
2
-4
3
10
4
-18
-39
-38
-20
-1
16
26
33
34
25
27
56
75
75
76
80
64
48
41
48
56
60
42
22
26
49
64
59
49
55
68
84
82
70
64
60
60
65
57
50
43
38
48
53
40
20
9
5
3
7
-8
-23
-14
0
10
24
28
41
57
68
91
117
123
137
151
149
138
130
118
104
101
105
116
113
92
85
90
76
45
23
23
37
37
13
-6
0
17
23
7
-12
-23
-13
8
23
26
25
20
7
9
38
67
68
51
39
34
32
35
35
45
66
75
76
73
86
108
106
99
103
106
130
154
165
162
138
136
147
147
149
148
151
163
161
149
152
153
125
97
76
69
53
33
21
12
8
8
1
-4
-2
-10
-39
-70
-86
-91
-101
-109
-102
-71
-45
-52
-77
-93
-87
-51
-7
7
2
12
44
66
58
44
57
74
70
75
96
100
103
118
122
119
120
130
136
134
130
137
144
132
118
96
75
68
67
70
53
19
1
3
6
1
-10
-25
-51
-56
-35
-34
-58
-76
-89
-119
-131
-101
-42
-10
-11
-22
-7
29
49
36
19
1
3
37
91
131
131
117
124
160
184
182
168
169
196
218
204
181
161
152
145
146
160
165
153
136
117
91
56
16
-18
-43
-57
-72
-92
-114
-115
-89
-81
-75
-73
-67
-65
-73
-78
-76
-73
-60
-42
-36
-42
-39
-35
-41
-50
-23
6
24
49
58
59
56
58
55
50
60
84
99
90
83
80
81
87
84
84
88
75
52
41
49
66
81
81
68
55
54
65
90
99
87
72
49
37
36
28
16
-3
-13
-6
22
34
19
12
3
4
13
23
25
19
22
54
98
122
146
162
139
97
82
108
153
166
147
130
133
128
122
131
124
117
100
88
93
107
106
92
83
77
73
69
83
92
85
57
48
55
48
28
41
67
64
56
59
56
41
43
60
59
42
28
41
68
77
72
83
98
96
76
83
105
107
99
83
64
50
40
40
50
40
1
-45
-67
-51
-27
-18
-21
-29
-40
-33
-17
-12
-7
-1
-4
1
16
26
36
34
24
33
57
75
77
67
49
49
59
66
74
82
89
90
81
81
96
124
150
166
171
157
139
133
134
141
151
152
130
97
80
73
74
74
59
35
24
13
-5
-20
-24
-36
-67
-91
-84
-43
-21
-36
-59
-71
-67
-60
-50
-21
3
10
7
12
34
56
64
54
48
38
22
11
29
67
75
70
72
84
100
117
134
133
131
137
141
138
139
145
140
139
149
152
153
153
138
118
106
101
97
86
72
54
37
23
8
-19
-46
-59
-61
-66
-74
-76
-69
-70
-72
-60
-53
-44
-26
-12
-11
-9
4
32
45
42
35
35
41
38
34
48
59
67
70
66
54
69
90
82
54
45
50
51
52
65
82
85
75
74
73
52
18
-4
-5
2
-2
-10
-22
-21
-6
-7
-19
-8
1
-18
-20
8
43
64
69
76
75
65
60
66
80
98
102
96
104
131
152
140
115
97
99
117
117
105
97
102
115
116
100
67
38
40
75
102
92
60
48
37
17
3
7
5
-18
-39
-45
-49
-46
-38
-34
-29
-29
-23
-8
-12
-25
-18
0
5
5
10
12
10
16
26
37
43
44
43
43
44
43
40
45
60
71
71
81
101
133
150
147
137
144
154
150
136
135
144
153
165
162
145
144
154
150
124
92
66
43
24
22
24
22
18
4
-8
-13
-27
-50
-46
-27
-12
-19
-33
-33
-20
-13
-11
-5
10
36
44
42
44
69
89
96
84
86
102
118
122
129
136
146
154
160
153
155
169
172
167
155
146
137
121
98
80
97
123
119
99
72
48
32
11
-13
-30
-35
-22
-9
-7
-22
-38
-41
-26
-18
-20
-4
6
3
3
4
11
22
28
53
68
58
36
26
37
56
64
67
71
52
36
26
4
-6
12
38
27
0
-11
8
41
58
52
35
34
38
21
2
-11
-23
-20
1
24
34
10
-34
-54
-30
-6
-20
-55
-59
-23
5
5
1
19
49
68
60
51
53
64
69
89
119
129
103
81
81
93
122
152
160
147
140
153
166
167
170
170
134
104
119
133
125
115
101
96
84
58
36
32
41
51
53
58
84
101
85
52
24
10
18
24
28
38
59
81
82
64
33
22
35
38
21
-17
-28
-18
-21
-42
-82
-119
-136
-114
-73
-46
-27
-20
-44
-69
-45
-9
-5
-8
4
34
69
93
87
64
52
69
103
119
115
99
81
69
80
101
105
80
54
53
60
54
41
28
26
24
4
-6
2
1
1
-8
-23
-25
-20
-17
-20
-25
-27
-26
-19
-2
11
-3
-38
-52
-51
-55
-53
-50
-53
-51
-34
-7
6
7
18
33
39
32
38
67
87
84
69
66
70
61
44
41
43
42
33
27
29
40
52
36
18
23
25
18
32
48
52
48
40
33
24
22
34
50
60
64
74
96
112
114
116
117
129
154
168
171
168
145
121
120
116
101
72
59
65
71
73
70
58
54
42
36
42
51
53
59
75
97
98
76
57
60
59
54
52
58
81
109
144
144
107
83
91
97
87
81
69
51
51
83
119
150
150
133
117
96
88
105
125
119
96
80
76
88
109
130
113
87
68
56
68
76
68
55
41
28
29
32
34
33
36
42
38
43
64
81
84
82
82
80
68
51
41
37
50
76
96
97
93
99
119
123
105
82
68
86
103
102
103
124
144
137
106
89
90
83
53
32
29
17
1
4
10
7
-3
-21
-17
-5
-12
-27
-30
-30
-26
-28
-17
5
11
9
16
49
73
73
58
32
17
24
52
75
68
44
35
44
64
69
60
51
60
83
85
86
91
91
75
53
28
2
-7
-8
-12
-10
3
3
-14
-36
-49
-38
-22
-18
-34
-55
-50
-20
-6
-6
3
12
16
20
19
19
35
67
104
118
96
73
71
73
85
93
91
86
86
97
108
118
131
136
129
116
101
91
81
64
64
67
41
9
-5
-7
1
8
1
-18
-23
-18
-22
-35
-38
-33
-22
-17
-24
-37
-39
-38
-34
-17
2
16
34
45
54
59
53
52
56
55
70
105
131
150
161
140
103
99
120
137
153
161
148
139
146
149
144
133
119
96
72
53
41
50
50
20
-21
-44
-39
-26
-37
-45
-42
-42
-71
-93
-82
-50
-28
-33
-35
-36
-40
-35
-23
-34
-53
-52
-22
5
6
-18
-29
-18
16
34
33
33
45
56
60
73
86
93
116
139
162
169
152
141
139
125
96
80
89
103
97
75
53
45
53
50
21
-5
-18
-9
1
1
1
6
19
26
9
-19
-21
-2
21
49
51
24
8
19
32
36
44
54
51
49
59
89
112
118
119
122
112
76
60
67
84
84
55
26
24
35
24
9
17
20
16
-3
-19
-22
-9
-4
-7
-9
-19
-35
-39
-26
-6
6
-6
-26
-17
1
2
9
27
40
52
56
69
102
118
112
113
128
137
135
107
86
91
115
130
135
132
128
130
128
107
88
81
68
51
39
43
54
42
28
34
38
24
9
-2
5
16
22
19
16
22
24
9
6
18
22
32
44
49
37
24
10
18
41
66
80
69
65
83
106
113
114
131
144
145
148
151
164
163
154
146
136
130
109
85
82
74
53
36
32
33
28
16
-5
-14
-20
-10
3
-7
-18
-27
-39
-37
-36
-44
-40
-5
16
7
-1
9
38
60
66
55
32
13
26
49
58
65
66
70
71
72
87
92
75
71
83
68
58
60
54
48
57
70
53
4
-4
26
53
68
61
36
-2
-7
23
50
53
39
9
-17
-19
2
29
37
17
2
25
59
85
97
86
64
56
84
101
80
56
49
52
49
42
55
61
65
51
34
37
53
69
64
39
17
25
44
53
40
23
28
42
51
61
75
81
75
60
49
37
33
41
55
51
27
19
36
41
36
38
42
51
64
69
66
57
39
12
-6
9
27
22
-4
-12
-6
9
12
18
36
68
89
67
41
49
75
96
91
80
57
43
67
96
102
108
115
113
99
86
83
97
112
119
106
85
91
129
131
101
86
73
66
68
66
35
5
-2
7
16
6
4
9
18
11
4
5
16
25
33
33
40
54
51
49
59
58
54
72
90
98
104
118
118
99
96
107
109
80
53
75
108
113
108
114
100
83
89
97
96
75
33
-7
-22
-20
-23
-18
-11
-19
-26
-35
-21
-4
11
0
-23
-40
-46
-39
-33
-20
-6
-3
1
5
10
18
21
25
39
44
53
76
99
112
113
101
99
119
134
120
116
135
138
115
89
88
96
92
88
83
76
64
51
40
44
39
19
0
-11
-23
-27
-19
-10
-7
-5
-12
-20
-21
-18
-5
-3
-10
-9
-5
-4
7
20
33
53
57
51
59
84
90
82
77
76
92
107
113
121
125
133
133
144
149
123
91
75
82
87
77
53
32
11
-3
-4
-10
-20
-52
-84
-91
-60
-10
19
11
-9
-10
2
4
-10
-33
-43
-26
-5
13
20
11
21
59
85
76
66
67
93
133
147
120
100
102
123
146
150
147
131
117
128
148
160
148
120
112
123
144
136
112
92
84
70
60
54
48
51
52
36
11
2
4
5
6
3
3
-2
-33
-55
-50
-25
2
19
11
3
3
19
32
23
12
12
25
49
71
89
103
103
76
59
58
41
28
23
23
6
-25
-39
-36
-28
-40
-59
-68
-72
-59
-36
-20
-6
-5
-27
-37
-23
-2
0
-14
-13
5
24
37
32
11
1
-1
2
-2
-6
-5
-2
1
13
45
69
71
83
96
103
105
106
112
114
115
107
86
64
53
56
65
52
27
17
19
20
16
11
25
44
50
28
25
36
27
9
7
26
40
38
25
16
20
25
22
12
17
41
59
55
48
39
40
57
73
66
57
48
49
75
88
65
39
40
51
56
59
68
69
57
51
54
60
67
60
36
9
8
12
16
12
-2
-18
-20
-5
8
16
33
50
61
71
81
92
104
107
117
122
117
109
106
97
85
84
75
58
54
77
96
87
84
104
116
116
113
101
100
107
105
92
85
81
73
57
52
52
40
19
12
18
20
29
37
51
66
61
52
32
17
20
28
39
38
37
45
67
83
92
91
96
99
104
121
122
109
101
86
76
87
109
118
106
86
87
104
108
102
89
85
91
88
66
49
51
57
54
42
33
43
67
77
61
42
45
66
80
74
59
56
66
77
76
71
68
75
96
105
96
84
93
108
119
117
98
89
99
107
106
88
73
69
80
93
96
77
73
83
89
83
65
41
33
36
42
41
20
3
2
17
35
48
57
67
57
36
17
22
37
27
17
8
6
9
20
18
10
5
-1
6
19
33
26
17
36
53
37
21
40
65
74
71
55
42
51
56
73
86
83
76
81
73
66
70
77
55
22
17
37
57
69
57
33
22
42
56
33
2
1
34
49
42
26
17
28
53
54
42
40
40
43
58
73
71
66
69
60
42
27
23
29
53
70
60
48
42
48
52
59
74
69
57
57
69
76
75
77
82
74
68
81
92
85
72
69
74
77
96
115
105
74
43
35
51
87
115
118
137
179
212
212
180
155
138
117
105
124
151
149
119
113
139
162
148
116
93
96
108
128
115
74
51
52
53
54
75
96
100
100
89
83
86
102
114
109
90
81
80
86
109
135
138
130
106
91
102
114
118
123
128
116
84
67
80
89
96
101
97
82
65
58
68
86
99
89
76
82
80
54
38
43
53
43
9
-18
-17
1
10
7
-19
-39
-25
6
40
58
59
48
21
2
4
22
33
34
38
33
25
21
18
24
27
16
-7
-24
-11
9
10
-3
-27
-37
-27
-20
-10
-10
-11
-9
-7
-7
-10
-11
-5
9
16
8
5
13
28
23
4
-12
-5
4
5
-12
-29
-36
-37
-20
-9
-25
-52
-73
-86
-86
-81
-71
-60
-52
-57
-51
-24
-7
-10
-24
-35
-49
-52
-35
-1
24
32
24
23
25
22
27
33
41
58
73
80
66
64
88
99
81
45
18
21
54
74
71
70
57
26
5
5
20
25
11
5
9
10
0
-9
-14
-21
-19
-4
6
5
24
43
49
42
50
43
23
23
38
39
42
69
98
106
102
92
82
72
82
114
131
120
92
69
51
51
64
64
24
-1
11
35
38
20
0
-13
-26
-26
-9
3
1
1
3
7
11
27
51
70
88
103
120
109
92
96
101
89
82
65
58
72
87
96
88
75
81
83
85
115
138
131
120
123
129
121
114
100
82
72
58
21
-6
-21
-39
-71
-84
-66
-50
-23
2
1
-2
7
16
1
-38
-74
-78
-61
-43
-23
-14
-13
-1
35
70
81
72
56
44
52
81
92
76
68
84
96
103
109
106
100
104
112
114
98
87
99
103
86
67
57
60
56
43
39
35
33
23
19
24
24
8
0
4
9
16
25
35
34
33
27
13
10
5
-1
6
6
2
-4
-4
6
19
26
32
38
48
69
99
122
128
113
89
69
76
109
122
101
73
71
86
85
75
89
108
93
58
38
44
52
53
58
53
37
20
8
16
22
9
-6
-4
2
-5
-20
-43
-67
-68
-49
-21
-20
-43
-56
-38
-5
5
1
4
11
11
21
54
75
67
53
43
57
80
84
82
75
71
60
36
33
41
42
42
52
61
65
60
64
64
45
22
17
22
24
32
52
71
70
55
39
35
44
50
33
34
43
56
70
84
71
41
39
64
75
70
68
83
101
109
123
118
108
100
89
91
102
108
108
102
86
70
59
53
49
42
35
33
39
33
6
-6
-1
7
16
23
19
3
-4
2
12
6
-6
-9
-7
2
10
4
0
10
35
73
106
121
130
138
151
150
149
148
133
115
92
73
82
114
133
129
123
124
112
101
108
112
104
102
102
91
67
48
50
68
54
34
50
70
65
48
34
32
33
32
20
6
11
26
37
34
22
7
3
6
23
36
34
27
38
50
66
71
73
71
74
76
80
92
105
101
81
61
56
61
67
49
36
49
60
56
48
37
21
13
24
28
29
38
44
42
51
56
23
-12
-17
3
23
28
21
10
17
32
49
48
20
8
16
24
38
53
58
57
51
64
88
102
98
99
132
168
170
138
98
76
85
101
91
67
65
76
91
112
123
120
107
92
74
48
29
38
52
54
32
0
-6
9
29
39
38
17
-2
3
20
24
21
23
20
11
20
27
24
12
11
9
12
40
73
98
105
88
61
67
84
84
74
57
37
20
22
25
25
28
41
41
25
22
34
44
48
41
33
40
36
19
21
35
36
34
50
70
65
40
25
32
50
55
51
52
74
87
75
61
66
82
91
97
87
80
97
117
108
97
104
102
68
41
51
58
48
42
54
51
39
34
17
3
-2
-2
0
-3
-9
-19
-18
-5
8
11
6
4
2
-4
3
18
10
-9
-11
8
34
33
20
23
34
54
83
97
86
73
80
91
105
102
75
57
56
64
65
60
55
52
58
70
74
64
44
34
32
20
12
33
48
23
2
-2
-7
-18
-20
-25
-10
16
26
34
45
51
54
59
56
52
53
59
67
77
90
92
89
83
85
97
109
113
104
96
98
109
99
68
58
60
50
37
35
39
55
75
81
64
39
26
35
35
24
7
2
5
-3
-19
-8
8
13
3
-3
-1
2
3
2
-9
-20
-14
7
41
67
66
51
54
90
128
123
108
102
107
117
121
123
120
115
96
60
27
17
22
21
11
-10
-30
-25
-14
-11
-25
-39
-36
-30
-33
-35
-29
-18
-13
-36
-56
-46
-29
-21
-21
-10
17
39
57
69
66
68
86
100
101
116
124
134
144
150
149
131
104
103
