53
57
66
77
88
92
92
93
88
83
76
68
55
54
68
70
66
59
59
54
45
49
45
37
26
36
43
45
43
53
64
68
73
89
112
121
113
93
73
67
80
99
104
92
81
82
83
75
66
55
61
73
70
54
44
48
59
69
64
61
72
84
89
92
89
87
96
107
112
112
104
92
83
75
74
68
61
60
56
52
42
32
29
32
25
25
34
39
38
37
41
41
34
35
40
39
40
43
38
29
32
32
29
32
34
40
54
70
68
48
33
24
26
36
45
54
56
44
22
9
13
32
48
64
71
70
61
58
54
51
59
67
65
68
82
88
84
76
81
85
89
97
105
114
113
112
105
103
91
75
65
66
70
56
42
37
24
3
-14
-24
-17
3
19
27
27
20
10
6
19
42
56
53
51
48
41
23
6
3
11
21
25
23
20
18
20
21
12
7
20
51
75
76
68
69
72
73
68
59
59
70
77
82
84
73
58
53
54
48
48
52
49
38
28
16
13
24
33
26
16
12
25
38
36
17
1
-2
2
4
5
13
29
43
48
42
27
23
33
41
53
53
42
40
51
64
70
72
71
59
54
68
77
77
69
65
64
54
38
33
35
49
66
66
54
48
40
40
42
44
57
55
36
27
39
51
45
32
24
37
58
71
74
70
60
58
52
33
28
41
52
50
40
37
38
41
40
28
10
-7
-3
19
28
22
17
17
18
16
18
34
55
70
72
68
60
53
38
24
21
35
44
49
48
50
50
43
40
35
22
19
25
29
29
23
12
10
16
24
26
24
22
19
17
19
27
38
42
50
59
67
72
74
75
89
106
112
100
86
86
87
88
90
86
80
68
66
65
52
39
33
20
9
9
13
18
18
11
6
7
17
25
35
40
39
26
16
11
17
23
24
23
20
20
27
27
22
24
33
41
56
68
65
56
50
43
33
24
29
34
35
41
57
67
54
36
33
41
57
73
86
89
88
89
97
101
96
84
74
70
58
41
33
32
28
22
18
10
5
0
-3
1
4
9
24
37
37
33
26
37
58
81
90
92
87
75
69
71
81
84
73
66
75
85
83
64
39
37
44
38
24
19
27
40
37
24
16
16
19
17
20
36
49
40
25
20
28
36
42
53
55
44
36
43
65
68
57
56
60
54
41
27
23
24
24
28
28
25
24
34
37
37
40
44
42
45
54
58
59
65
57
44
40
49
64
69
72
73
66
50
40
38
44
53
58
53
41
38
37
41
42
41
41
36
26
32
41
51
66
74
81
84
86
86
88
91
96
89
84
87
82
70
59
56
57
58
56
50
39
29
32
43
49
43
43
40
35
33
29
32
36
48
59
64
54
35
19
16
25
32
24
24
27
22
16
16
18
21
26
44
65
70
66
70
77
82
76
83
89
80
66
64
61
68
68
58
41
18
2
0
-2
-2
5
22
18
6
7
16
21
20
26
43
58
70
73
66
51
40
49
60
68
68
82
96
101
97
85
77
71
60
54
50
44
41
34
22
12
9
8
8
8
6
7
17
24
29
27
25
22
23
32
32
27
34
38
33
22
20
26
33
39
44
39
26
19
20
28
41
38
23
19
24
36
48
42
42
51
49
39
37
36
40
52
53
44
42
43
44
58
81
97
98
92
90
90
92
101
112
117
114
107
112
123
134
133
129
117
101
100
107
104
88
80
84
77
71
73
68
55
48
40
34
28
33
40
52
61
67
66
69
82
92
89
72
60
61
65
48
32
25
20
11
8
13
22
16
4
0
5
16
22
17
4
-10
-20
-20
-6
18
43
58
68
68
67
60
64
59
50
44
50
53
52
55
58
59
53
49
35
27
36
48
54
60
55
51
55
60
65
60
59
67
71
73
74
69
65
70
82
85
76
72
74
75
73
72
64
50
37
42
54
55
43
23
4
-12
-28
-28
-11
0
2
0
0
8
23
32
37
43
57
77
89
97
115
136
138
134
129
120
115
113
101
88
82
77
66
50
41
43
43
49
51
43
38
33
29
39
50
54
54
41
26
17
20
37
53
57
64
66
70
83
82
67
55
61
66
54
42
39
40
39
26
17
17
22
32
34
26
29
43
53
56
59
66
68
72
72
68
59
59
67
69
64
66
69
66
66
58
40
17
12
22
23
16
12
17
20
17
9
5
2
-1
1
10
23
27
19
17
16
17
21
29
44
48
41
38
39
52
55
48
41
41
37
32
33
28
16
-5
-12
-6
-4
-1
9
19
12
4
3
12
27
36
42
52
65
84
85
81
81
82
77
71
60
58
66
67
64
55
39
26
21
21
26
32
25
23
33
38
34
26
28
37
45
58
69
70
73
82
89
97
90
75
65
53
53
64
81
92
91
83
74
75
76
75
80
86
84
75
71
74
82
96
101
92
82
68
65
70
60
52
41
25
16
13
24
38
43
44
44
40
41
55
68
70
70
66
57
50
50
43
44
53
52
43
40
28
23
35
50
56
57
57
54
56
67
64
55
55
54
48
40
34
19
3
4
17
27
39
48
53
59
64
58
64
74
86
100
103
100
91
85
73
59
50
45
49
49
48
48
36
20
20
38
49
40
34
48
65
72
73
72
66
58
60
66
66
64
65
53
34
36
50
49
37
26
23
21
22
25
32
33
28
32
37
43
50
50
50
52
61
67
66
64
65
71
76
86
90
81
70
58
51
42
34
35
37
36
25
13
11
12
9
1
-8
-8
-1
6
4
7
19
26
28
39
49
52
52
54
58
64
67
67
66
71
82
82
66
53
48
48
51
54
51
38
18
8
11
12
10
16
20
26
35
36
26
22
29
43
55
56
56
58
50
40
36
40
52
60
59
45
34
27
28
34
35
33
35
32
25
26
28
34
39
55
66
61
60
66
66
68
73
71
73
83
96
104
107
108
113
107
98
87
85
88
85
74
58
38
17
11
16
19
25
32
35
26
8
2
4
6
7
9
12
20
19
18
12
8
10
27
38
34
33
32
22
20
27
40
48
53
64
72
86
99
102
92
90
92
90
85
68
51
43
48
50
42
34
28
26
17
5
3
9
33
51
57
60
70
80
68
50
42
49
59
65
59
50
41
41
50
51
39
41
55
64
66
55
45
36
41
58
73
73
67
68
70
71
72
80
82
75
66
52
42
32
22
16
12
18
29
39
34
21
17
7
-1
-4
0
6
2
-3
-3
0
9
23
38
56
64
54
44
44
54
69
72
65
59
59
70
87
99
103
106
116
116
102
90
87
84
74
70
67
53
40
38
38
27
23
38
56
65
59
56
48
37
36
39
35
26
28
36
37
43
58
72
75
73
71
80
83
68
54
66
93
103
86
65
60
66
61
53
51
53
53
44
41
49
58
66
59
51
50
56
64
64
53
42
41
39
37
36
38
43
49
34
12
8
20
29
25
19
21
24
26
33
41
52
60
69
70
75
87
93
98
98
92
85
73
76
86
84
82
74
66
58
52
51
54
52
42
32
26
33
37
39
42
37
27
28
39
43
49
56
52
42
44
55
67
73
74
81
86
80
73
82
86
72
59
59
60
58
54
43
34
22
16
10
18
32
39
39
34
25
23
34
53
74
91
101
105
115
131
136
136
144
147
137
123
130
149
145
124
105
93
91
89
74
61
60
67
70
68
59
51
43
40
39
25
12
20
29
27
22
16
12
33
50
43
33
36
49
53
42
36
35
33
39
60
83
83
65
44
33
27
27
25
27
32
27
22
21
21
25
26
22
21
22
24
20
11
10
17
17
8
3
-3
-12
-21
-19
-7
3
18
29
29
36
37
33
41
43
32
20
21
26
35
39
34
24
17
20
27
24
22
25
23
33
48
50
44
49
56
58
54
57
59
55
56
64
68
69
64
58
61
69
73
75
71
64
50
38
34
32
32
35
40
38
37
40
36
27
27
24
9
-12
-30
-27
-5
21
24
10
6
16
22
32
38
40
34
25
33
56
82
90
92
96
93
91
86
80
74
82
84
77
67
59
55
41
33
42
55
71
73
65
64
74
86
82
68
57
61
74
81
71
61
58
55
52
57
59
50
40
40
57
73
70
49
23
23
37
45
52
50
38
27
34
51
66
74
85
88
90
99
102
92
83
70
48
23
19
34
40
37
33
27
11
-1
3
9
5
1
4
0
-6
1
18
34
42
45
49
54
55
52
50
48
49
57
58
48
36
36
51
57
65
69
64
41
20
18
33
51
58
54
42
36
34
36
33
38
55
65
56
39
22
16
17
23
37
43
49
45
40
32
25
28
36
42
45
40
32
28
35
36
38
39
38
44
57
53
40
48
68
72
68
68
66
58
56
49
35
36
49
51
39
25
18
17
21
27
38
40
35
35
40
48
48
43
43
45
50
53
54
56
57
60
69
74
80
89
96
89
84
80
66
60
69
72
71
66
59
53
40
40
52
55
54
53
45
35
28
27
26
24
23
25
26
18
19
27
29
24
28
34
38
44
45
38
34
27
19
19
21
21
20
11
4
-5
-10
-4
3
3
5
22
34
26
16
19
33
42
41
39
37
40
42
35
41
66
81
75
68
68
73
83
88
90
89
90
89
87
91
100
97
87
74
70
69
70
68
57
50
41
33
22
16
20
40
50
40
35
40
42
39
29
29
39
48
48
52
58
61
66
74
88
99
105
114
115
107
97
77
52
35
40
74
92
90
75
58
52
49
42
41
36
21
11
22
39
44
38
29
27
28
35
40
49
56
66
68
67
66
61
65
67
70
68
53
41
36
38
49
42
27
27
32
24
18
13
4
-3
-7
-11
-19
-13
-5
-1
5
4
-4
-5
2
9
20
27
32
36
48
59
52
37
26
26
32
36
49
57
65
64
61
67
72
75
85
98
101
101
98
89
86
87
90
82
69
58
52
52
56
64
58
55
57
59
65
61
54
50
52
57
65
65
66
71
80
76
69
55
40
33
39
56
68
69
61
49
44
50
54
57
55
55
53
53
50
41
36
35
34
50
66
59
41
29
35
39
37
22
10
12
23
32
34
34
36
23
11
4
6
21
28
28
37
40
37
35
36
34
36
39
40
36
25
22
20
22
27
36
38
41
41
37
41
48
42
37
28
24
27
42
65
83
86
80
83
89
89
91
86
84
86
82
72
67
57
51
56
69
75
81
81
72
57
50
49
53
55
54
57
70
80
84
88
86
81
76
80
82
88
97
98
97
93
88
80
68
65
59
70
81
68
53
48
43
49
55
44
35
32
35
39
37
29
27
34
45
58
72
80
80
70
68
74
81
74
59
51
59
76
75
65
53
51
52
55
61
60
53
44
48
54
59
54
44
50
64
73
70
56
55
64
65
57
50
44
49
40
29
21
13
4
-11
-26
-30
-34
-24
-17
-19
-26
-29
-23
-5
10
18
10
1
7
32
41
28
11
5
19
40
52
57
55
50
41
40
38
38
40
45
48
35
22
26
32
22
16
10
7
9
11
9
-1
-11
-25
-26
-18
-5
-3
1
2
2
9
17
22
27
36
42
39
26
18
23
36
40
36
32
32
26
25
32
39
52
56
51
40
29
34
43
45
42
37
43
58
69
69
67
70
80
90
98
102
102
89
75
67
52
39
29
19
19
23
32
33
20
3
-7
-9
-4
4
9
19
21
20
29
38
35
34
38
49
51
52
57
58
59
58
53
51
57
66
70
70
67
66
68
74
85
85
76
72
74
76
71
66
60
65
70
68
65
61
55
43
38
38
37
28
23
20
8
-1
1
10
28
49
57
58
59
68
83
93
101
106
115
123
128
116
106
103
105
108
98
74
59
59
64
58
52
37
25
23
23
21
20
18
23
40
56
60
55
53
54
55
56
57
67
84
93
101
108
106
92
76
58
41
26
17
17
22
25
22
13
4
2
4
7
23
28
21
16
18
17
16
20
24
26
28
35
42
44
42
43
43
52
54
50
48
53
60
57
49
48
51
55
58
61
58
57
66
85
97
99
102
105
108
112
116
104
90
86
85
82
86
92
97
87
80
74
68
65
71
74
70
60
54
49
52
58
56
43
38
36
32
29
38
44
49
52
55
64
70
70
71
73
74
76
72
60
49
36
28
35
44
51
53
41
25
10
4
4
9
22
28
21
13
23
42
52
57
64
60
58
59
64
68
68
61
66
72
86
93
92
87
86
97
108
103
84
64
55
61
54
26
16
22
27
25
22
11
6
16
26
38
45
50
49
42
37
37
36
40
52
56
56
66
77
71
56
49
35
23
10
10
23
24
23
26
35
35
36
35
38
41
45
51
48
39
33
33
34
48
65
70
66
54
51
52
48
42
53
53
37
22
17
21
27
29
28
25
26
23
17
8
5
3
0
4
8
23
40
48
44
38
34
32
37
43
55
64
52
36
27
26
20
16
12
18
24
28
33
40
43
41
50
56
45
39
48
55
61
66
64
67
70
74
84
86
77
70
72
75
75
69
64
57
54
53
48
34
21
26
39
48
52
48
37
34
34
43
53
56
53
43
32
19
18
20
20
21
27
32
23
24
38
54
61
59
56
56
68
85
96
88
74
69
66
59
55
51
52
57
58
52
53
51
50
52
49
43
37
32
29
37
40
39
48
65
72
64
54
55
56
55
58
60
64
67
64
52
49
59
77
87
84
80
83
73
65
54
43
34
21
8
-11
-34
-37
-34
-29
-27
-23
-20
-22
-22
-4
25
45
48
48
60
76
84
86
90
101
112
113
100
86
83
87
90
86
80
80
84
81
67
56
53
53
50
53
69
73
69
59
65
72
83
87
82
72
65
64
59
54
45
40
39
41
39
34
26
12
7
8
2
-3
-4
1
6
12
19
18
9
7
9
17
18
16
19
24
22
13
18
28
34
29
24
21
29
43
60
77
87
86
74
64
56
59
72
80
75
70
67
66
67
73
76
72
55
37
36
42
49
45
39
36
39
37
33
43
57
60
64
64
55
54
67
74
75
73
73
75
80
73
66
69
75
74
73
71
58
41
34
38
42
44
44
40
43
45
51
55
55
44
43
59
72
81
83
87
96
85
69
72
84
89
84
75
73
76
81
86
81
72
69
67
70
75
77
75
68
49
39
48
58
56
40
27
32
42
49
54
61
59
59
73
91
105
103
93
88
89
96
98
96
85
75
81
84
85
76
57
49
52
56
56
52
53
48
37
33
28
18
11
23
39
41
33
23
24
33
32
23
20
28
40
36
24
35
53
66
68
56
42
36
35
39
43
56
56
44
43
50
42
34
37
42
36
23
18
20
22
20
17
12
3
-10
-23
-37
-41
-39
-36
-23
-9
-7
-2
10
13
12
18
26
28
28
28
28
24
25
37
44
52
65
67
61
57
61
66
58
45
38
45
59
69
57
40
33
28
36
48
75
96
89
75
68
71
76
72
61
58
59
64
72
84
86
76
59
37
25
33
41
53
56
42
20
4
3
7
13
13
11
7
-2
-11
-12
-5
2
8
16
25
33
32
26
26
37
51
56
57
55
48
38
39
37
35
41
53
58
57
57
50
37
27
25
34
41
35
18
9
13
21
25
27
22
17
16
21
26
32
39
45
40
36
27
18
17
20
26
34
36
35
38
55
81
92
96
87
76
81
81
76
82
86
85
80
59
53
61
68
58
43
37
34
29
26
21
23
33
39
49
58
58
52
51
56
56
60
68
67
64
54
50
54
58
56
53
44
35
28
35
38
38
34
22
23
32
33
33
23
3
-2
8
20
36
48
45
43
34
24
33
48
61
67
60
59
69
67
59
65
73
76
68
60
57
54
49
35
20
18
23
28
24
23
34
36
28
24
24
24
23
21
20
13
10
8
8
7
6
5
9
19
19
10
10
13
20
22
25
35
50
59
66
66
81
103
128
134
124
117
119
124
128
121
106
91
77
65
60
67
69
58
41
33
32
26
18
11
10
17
22
16
11
27
48
56
59
70
83
86
74
60
56
58
58
56
44
32
24
25
24
23
27
29
35
41
42
34
21
22
33
41
49
56
65
72
82
81
74
66
72
89
103
108
107
101
106
116
108
103
103
91
70
49
41
45
44
43
41
34
24
19
19
24
27
34
41
40
39
48
57
60
67
80
87
87
80
68
56
45
44
48
60
65
54
45
38
26
11
-6
-13
-11
-8
-7
-1
1
2
8
10
10
17
24
29
33
32
29
36
43
42
41
50
54
57
58
58
58
57
56
59
56
33
12
13
27
34
22
13
10
16
22
27
33
38
49
56
64
70
72
73
77
87
93
102
100
90
84
90
96
85
69
60
66
69
66
64
55
39
23
24
36
44
45
45
48
41
38
41
48
40
34
38
53
68
77
82
68
56
59
72
70
66
64
55
48
42
41
38
32
26
37
59
71
66
57
54
52
51
58
69
72
72
67
64
71
89
101
97
90
87
75
58
52
54
56
53
41
24
7
-1
2
11
22
20
10
7
10
20
32
38
34
28
49
65
72
83
90
87
67
55
69
84
86
83
83
90
97
81
59
52
52
50
45
50
49
36
25
35
58
77
77
69
68
81
96
90
83
81
84
84
82
97
119
129
121
128
131
125
120
120
121
122
118
113
104
90
80
73
76
80
83
86
90
80
55
49
51
51
52
54
52
44
38
28
28
39
41
41
35
22
13
8
12
18
19
20
16
2
-8
-10
1
13
12
17
27
29
23
17
7
4
9
8
-2
-13
-19
-12
-10
-8
-3
-6
-17
-7
16
34
43
38
18
9
19
35
51
53
52
45
37
36
45
52
53
50
48
50
51
45
40
33
26
25
26
34
39
42
48
53
57
66
71
74
74
67
60
64
64
58
61
64
44
36
42
51
53
58
64
61
55
50
43
33
18
11
11
13
22
18
4
6
25
38
44
45
35
27
32
34
37
48
56
58
49
37
33
32
29
29
26
27
25
21
24
33
40
43
34
17
6
18
36
36
27
26
25
27
26
18
7
7
22
38
42
44
40
39
50
54
44
43
51
53
52
54
53
52
55
64
68
68
67
64
60
53
49
51
56
58
50
41
44
53
65
72
75
74
59
51
43
37
32
24
22
27
27
26
38
54
60
53
48
54
66
66
59
53
45
49
66
75
74
67
66
71
72
70
67
64
65
69
74
83
82
70
60
64
65
64
69
75
85
97
96
85
75
74
81
86
84
74
60
53
50
40
36
32
32
35
35
28
22
20
20
21
17
9
10
8
2
1
8
22
29
28
18
8
11
24
34
38
41
38
35
36
38
34
26
17
9
17
35
44
48
48
52
58
58
59
68
72
73
75
82
81
69
52
37
28
21
17
12
2
-6
-3
11
26
34
33
25
21
22
24
25
33
38
48
49
41
40
51
58
66
85
87
66
50
53
58
56
59
80
101
116
116
104
91
84
74
67
64
64
73
88
89
84
69
59
60
57
56
61
67
68
70
66
54
48
44
51
55
51
43
41
50
56
53
45
41
42
48
43
35
26
24
25
23
25
33
28
19
17
33
55
71
71
69
66
64
60
57
56
55
60
82
100
97
83
73
70
71
76
80
66
42
20
8
8
19
22
21
16
12
20
24
26
38
54
53
43
41
52
59
68
65
64
72
74
85
90
87
85
85
80
75
69
56
44
42
44
42
38
50
57
57
57
51
41
41
48
48
42
33
19
16
22
35
41
38
32
38
53
60
56
40
24
17
12
17
20
19
21
23
13
7
10
17
22
23
27
26
23
23
18
11
11
23
37
51
56
59
68
74
72
68
70
82
101
115
128
122
112
101
92
82
68
56
53
48
35
22
16
16
23
24
17
10
7
7
7
7
10
13
24
45
50
37
34
40
53
65
67
60
60
71
76
81
73
51
23
11
23
43
57
58
55
55
57
55
44
39
37
27
25
35
44
59
84
82
66
61
71
68
61
60
59
65
68
80
84
74
66
57
55
64
70
65
50
37
37
43
52
53
51
50
49
50
59
82
96
106
103
88
92
101
100
91
71
48
38
49
53
49
51
57
59
54
42
34
32
34
42
52
53
42
26
20
16
5
1
12
19
18
16
7
-1
-11
-18
-13
-7
-1
3
0
5
17
18
21
26
35
43
51
51
54
51
50
51
51
53
59
71
80
85
82
75
74
71
74
73
73
77
80
81
80
77
75
81
77
81
86
87
75
66
65
74
84
81
65
44
28
27
38
49
55
49
33
33
41
50
48
38
37
42
45
48
48
53
56
54
57
69
80
74
68
68
57
43
38
41
43
44
35
10
-5
-7
-4
-5
-5
1
8
10
10
8
16
28
35
39
38
29
22
19
21
26
34
37
37
28
19
11
16
24
34
38
44
44
41
37
39
57
73
75
72
70
69
69
68
68
77
88
90
91
92
96
97
96
98
97
92
86
82
82
93
88
64
42
41
42
38
28
23
28
38
35
28
28
19
8
6
19
38
56
66
60
55
55
56
59
71
87
96
84
68
56
52
54
55
55
53
54
57
53
48
39
38
39
37
41
43
43
32
23
21
22
28
37
43
42
34
19
9
16
21
27
34
27
19
17
22
35
33
32
34
35
27
21
24
43
67
87
115
136
147
152
140
120
102
90
98
116
130
147
151
136
115
96
76
67
64
65
64
59
59
66
65
58
53
54
61
76
88
80
66
61
65
66
67
68
57
51
55
56
48
34
24
22
20
24
22
7
-1
0
9
11
2
3
17
34
45
48
49
42
33
32
33
38
42
41
38
36
33
24
16
6
0
-2
-1
3
1
4
10
13
5
-2
-1
5
20
36
50
64
71
73
71
70
73
74
80
82
81
72
64
53
54
64
56
43
40
42
44
48
45
37
26
28
37
43
44
53
56
49
36
36
43
49
43
35
23
10
12
25
33
27
20
20
22
22
26
37
44
40
33
40
55
56
51
54
70
72
67
60
57
67
72
68
66
65
66
65
64
71
85
87
76
68
65
67
70
69
69
72
67
53
49
53
56
68
81
86
84
80
64
40
24
22
24
25
21
16
18
33
40
38
32
24
28
37
41
40
36
33
24
18
20
34
36
26
24
28
25
25
41
64
71
68
73
89
89
77
64
52
51
53
52
44
43
42
33
22
19
20
18
10
10
27
38
33
24
27
28
23
20
17
11
9
7
7
17
19
20
17
11
24
38
41
42
39
36
32
28
29
32
36
37
49
66
76
80
71
64
69
81
90
98
90
82
71
66
65
64
69
67
53
39
32
26
20
10
5
2
-2
-5
-4
1
7
12
17
19
24
23
23
34
42
35
20
10
18
26
26
24
25
32
48
58
57
54
55
66
67
64
74
88
97
91
82
76
85
88
77
68
59
53
49
40
38
40
52
64
66
55
50
48
37
28
34
34
26
19
11
4
-2
0
-9
-27
-43
-54
-52
-39
-27
-30
-35
-26
-23
-22
-19
-12
-6
2
2
3
8
22
39
45
39
35
37
35
36
50
68
74
66
58
58
60
60
54
49
53
69
76
80
72
71
84
97
99
102
107
112
112
105
102
102
103
104
101
97
91
81
67
61
64
59
52
48
45
43
42
42
42
37
33
25
21
24
42
57
58
53
41
28
19
12
19
34
56
71
67
59
59
53
50
53
59
69
77
74
72
73
70
73
86
96
98
92
82
67
68
72
70
61
57
66
71
66
59
67
82
75
55
49
53
60
69
69
58
43
40
48
54
42
33
36
42
48
43
34
25
36
48
44
35
26
27
27
25
24
34
44
44
37
40
54
72
81
81
84
90
92
96
90
91
97
77
55
44
41
26
19
22
26
28
26
11
10
23
35
35
27
29
42
49
42
33
27
36
42
38
37
45
40
35
50
59
