20
45
68
67
59
65
73
72
51
32
22
25
36
39
43
42
27
12
9
17
18
13
6
2
11
37
54
48
37
40
45
50
65
74
89
103
96
84
74
80
76
70
69
73
69
56
43
28
16
3
-8
-13
-9
-8
-11
-5
4
7
10
19
21
22
26
33
40
40
32
29
40
48
50
40
33
33
42
53
49
42
43
50
55
69
71
69
71
81
102
121
134
138
138
140
134
124
120
120
121
107
96
89
85
66
41
26
17
17
20
26
32
33
23
12
-2
-10
-2
6
1
-8
-4
6
18
19
13
10
17
28
50
54
42
38
48
64
75
71
52
44
54
72
96
109
116
109
96
83
76
76
80
83
97
115
118
113
92
70
49
33
41
64
76
82
76
68
67
75
73
58
51
43
43
56
73
89
101
97
74
52
34
39
67
82
66
43
32
26
23
22
19
13
18
26
34
24
20
20
18
21
34
41
43
44
43
49
55
66
68
55
43
35
36
52
64
60
56
60
70
71
65
68
77
75
52
21
7
7
16
28
40
36
20
2
-21
-33
-19
-3
16
29
38
41
44
52
54
54
64
69
54
41
52
68
65
43
38
39
38
40
48
44
39
41
52
64
66
52
36
28
26
20
16
24
44
65
59
37
28
34
25
16
4
-10
-13
-2
20
38
42
37
23
19
28
38
34
23
20
16
9
13
22
11
-1
9
26
35
40
40
32
22
25
28
38
51
54
56
59
58
58
65
67
66
75
87
93
86
69
57
54
60
66
56
40
21
8
6
7
4
4
16
23
18
10
18
40
58
65
55
53
58
56
59
67
64
61
69
70
66
65
68
72
66
53
54
54
43
40
33
26
35
43
51
57
58
55
58
71
86
89
82
75
80
84
82
82
72
64
55
55
59
48
19
5
4
12
16
3
-4
-2
2
11
26
39
49
52
45
49
56
57
59
60
69
81
86
70
39
22
29
43
44
39
42
54
61
67
65
67
68
59
60
67
69
64
52
54
51
42
53
85
86
64
49
48
48
42
41
45
51
44
42
45
48
40
37
49
65
58
45
53
69
84
93
101
105
96
86
88
96
91
89
87
76
71
76
81
80
75
75
86
99
106
117
114
96
86
88
96
99
93
81
73
84
105
108
93
75
65
54
40
24
13
20
28
38
40
25
-3
-23
-12
6
4
-13
-19
-19
-26
-22
0
12
7
-7
-10
1
24
34
17
5
8
7
8
19
25
16
7
18
38
48
38
33
33
22
10
11
24
37
43
44
53
67
85
81
60
50
43
41
54
67
55
28
18
24
42
54
45
25
9
8
18
25
25
26
24
16
9
12
25
37
38
52
59
53
39
32
35
50
60
68
82
87
90
88
74
65
59
68
75
74
66
57
65
66
54
37
26
33
38
50
50
40
42
59
66
56
49
42
42
39
40
44
42
49
57
49
24
11
17
26
28
26
32
41
53
53
39
28
38
59
66
55
52
55
71
85
92
97
89
73
65
64
70
83
88
89
92
91
80
61
48
43
42
37
35
43
52
43
23
33
71
85
74
71
71
68
59
54
50
48
50
43
43
51
59
50
40
39
29
17
12
21
32
39
49
54
54
57
53
41
27
12
6
11
20
26
33
43
50
42
29
18
19
33
43
54
66
69
67
60
58
64
75
92
90
61
37
39
55
57
58
64
74
71
44
27
22
20
20
17
13
18
24
29
32
32
35
42
48
40
32
22
19
24
25
26
39
58
71
72
72
70
68
58
57
70
82
83
75
65
56
53
44
39
36
37
42
49
55
66
67
61
70
82
86
81
70
70
89
115
132
129
118
104
107
121
116
86
72
84
96
80
44
19
8
9
13
12
1
-11
-24
-34
-37
-37
-37
-22
-9
-8
-3
8
27
53
82
106
130
144
150
153
154
160
161
151
148
144
132
139
156
164
162
161
166
183
199
195
177
157
139
137
152
160
152
155
165
160
139
128
122
128
134
125
107
101
113
125
128
102
82
82
88
82
60
54
49
43
42
39
40
39
41
49
44
37
32
25
26
36
49
55
51
36
20
4
-3
-5
-11
-12
-26
-55
-76
-84
-75
-54
-44
-52
-67
-86
-98
-92
-84
-71
-60
-75
-83
-66
-53
-53
-55
-58
-54
-51
-45
-26
-1
1
-4
-2
-1
0
2
10
12
8
9
4
4
18
26
13
3
-2
1
18
35
40
38
28
20
20
28
49
57
51
53
70
85
89
72
58
64
73
72
68
69
56
25
2
4
24
24
13
18
35
43
38
34
44
69
90
99
88
71
64
64
61
56
41
35
48
61
68
57
44
33
24
26
38
49
59
68
68
59
51
45
58
86
106
113
116
131
141
128
109
120
131
123
118
115
113
107
112
125
138
133
122
128
129
123
115
102
99
106
102
98
96
92
92
92
87
75
64
57
54
52
58
57
42
26
25
24
21
22
12
0
-13
-21
-20
-18
-6
7
19
28
38
49
60
70
66
51
41
38
44
59
75
82
86
82
69
68
89
112
107
99
96
87
75
68
64
58
55
60
64
59
59
69
68
58
43
32
27
26
20
20
38
56
53
40
33
36
40
32
18
10
9
12
10
5
5
1
-8
-18
-7
9
22
25
36
37
32
22
25
39
56
72
87
89
82
76
82
91
92
87
93
106
119
132
136
141
138
137
145
137
121
117
106
101
108
115
101
85
82
83
85
90
103
106
103
99
97
100
105
112
118
118
118
122
128
135
137
128
107
88
76
66
53
49
55
58
57
56
66
71
67
56
51
42
41
42
37
27
24
18
4
2
8
10
8
12
29
38
40
43
49
56
59
55
52
58
72
65
42
43
60
68
65
64
61
55
37
18
12
24
28
22
11
5
12
17
6
-3
-9
-18
-29
-42
-50
-49
-34
-23
-25
-25
-13
-4
-10
-12
-6
2
5
2
2
-2
2
24
37
39
37
36
28
22
9
2
-1
7
7
1
1
-4
-11
-6
3
0
-10
-10
5
17
19
16
9
22
50
65
59
53
50
50
33
18
12
6
-3
-3
-1
4
5
0
-6
-11
-21
-14
6
21
21
20
25
35
37
22
5
5
1
-12
-33
-44
-54
-54
-46
-49
-50
-49
-50
-43
-29
-14
-12
-19
-12
-2
-1
-12
-11
2
10
17
22
33
38
37
39
36
35
44
60
70
71
70
64
53
54
57
65
72
83
80
59
40
24
22
33
48
55
40
12
-7
-19
-24
-23
-6
4
8
20
21
9
-5
-6
2
9
9
8
11
25
40
51
53
54
43
41
49
52
53
61
68
64
59
65
69
70
66
56
55
51
50
53
52
45
35
34
41
59
67
54
40
40
53
49
34
36
53
59
45
34
26
24
25
25
26
33
38
43
49
45
42
43
51
53
53
54
42
34
34
29
19
10
13
26
29
27
24
20
17
9
6
18
27
33
27
12
3
16
37
45
43
38
36
42
55
66
66
53
40
38
28
7
-2
2
16
32
39
37
33
24
18
21
24
23
19
13
16
20
23
34
50
57
57
53
60
73
71
57
54
54
43
39
49
59
66
55
43
43
49
55
57
55
57
75
97
104
105
100
97
96
90
85
85
86
85
84
74
64
43
33
34
44
56
58
57
64
72
74
67
50
43
64
81
87
87
87
83
81
84
85
83
82
82
80
81
87
87
81
69
55
39
29
28
29
28
33
43
52
49
48
48
55
69
81
82
80
82
90
88
75
83
105
115
112
103
102
96
71
55
55
60
69
72
72
75
75
69
64
66
67
61
64
72
74
68
50
44
58
75
82
74
69
61
64
70
82
83
73
58
44
37
35
28
21
11
6
4
6
11
24
34
40
44
48
54
59
57
66
82
92
92
82
73
80
73
56
44
42
37
27
22
28
37
37
36
29
27
37
40
38
41
50
39
23
19
20
23
28
28
18
4
-4
-8
-5
8
19
17
5
2
16
38
57
56
37
27
51
68
67
60
49
35
32
40
57
69
68
54
38
20
-3
-14
-4
21
48
59
66
72
86
102
117
115
102
91
96
112
134
152
144
131
133
138
128
97
70
66
73
68
52
38
36
27
19
16
9
8
18
35
58
83
90
88
82
65
52
65
82
88
88
80
69
67
77
86
75
64
57
56
53
49
42
37
32
39
52
50
35
23
11
6
2
0
1
6
17
22
20
17
20
16
17
25
34
32
27
24
28
49
49
39
39
49
57
55
40
28
37
57
71
72
67
64
71
81
86
100
108
116
115
114
104
81
61
65
75
89
89
70
54
48
43
41
38
48
71
87
84
57
25
17
36
50
41
36
40
42
38
35
23
9
2
1
-2
-8
-4
7
24
36
38
38
48
54
53
55
61
86
107
106
99
83
80
80
75
72
68
56
49
52
56
57
54
50
41
34
32
28
29
40
50
43
34
36
56
66
52
48
58
75
77
68
57
50
49
56
66
71
72
64
53
36
21
18
20
20
16
11
7
11
19
33
45
51
59
68
59
58
71
80
68
38
12
7
7
5
3
3
12
27
36
35
34
27
23
23
25
22
25
38
42
50
56
56
59
58
56
58
64
72
72
60
48
33
10
7
18
21
8
0
1
22
45
66
80
74
66
74
89
88
82
82
88
97
102
102
98
90
83
64
48
55
72
81
70
54
44
42
37
27
16
16
25
39
56
69
70
64
64
67
65
64
61
59
64
69
73
72
68
68
66
65
64
55
55
59
59
61
68
58
42
36
44
53
49
36
38
50
58
56
50
45
50
42
38
49
51
41
28
25
26
26
35
54
67
64
41
22
23
37
39
37
35
33
35
25
6
-3
-6
-11
-12
-1
12
20
19
23
27
28
34
40
35
34
45
57
54
53
60
65
67
60
60
67
88
100
69
39
44
71
82
70
56
56
64
66
60
64
72
76
75
67
52
55
80
99
104
101
101
116
134
134
134
137
131
121
118
109
99
90
82
70
64
57
64
71
81
87
88
76
74
85
90
84
72
68
72
82
81
75
75
80
84
82
83
93
97
81
59
42
33
27
20
12
17
19
10
-2
-20
-34
-21
5
22
27
35
49
55
44
28
23
28
35
40
41
34
32
35
37
41
48
49
44
48
69
97
97
83
69
54
55
51
43
42
39
28
20
24
33
41
53
53
44
44
54
61
69
69
61
52
42
33
35
43
35
10
-5
-6
-4
-13
-24
-29
-36
-34
-24
-21
-10
4
6
9
24
32
40
52
64
60
50
52
60
66
67
53
44
55
55
37
20
21
33
38
43
51
58
59
52
39
34
43
60
74
83
80
86
113
129
119
107
102
99
98
89
74
60
56
58
52
40
37
24
2
-9
-9
5
33
57
66
54
40
34
37
43
39
26
26
36
49
56
67
73
76
72
58
50
52
55
60
60
37
13
12
27
43
35
11
3
10
21
28
33
27
25
32
40
54
66
81
84
74
67
64
56
49
49
52
58
65
52
28
22
25
34
37
41
41
34
33
33
29
22
11
9
18
20
24
26
36
43
43
42
43
38
39
58
82
82
68
52
42
36
36
34
25
16
10
12
11
6
7
4
-3
-3
0
5
20
35
48
55
55
60
73
76
84
90
83
71
73
75
82
85
86
90
91
96
97
81
58
50
56
68
65
54
40
33
28
19
11
20
26
25
28
25
16
12
6
1
3
16
25
24
19
17
21
26
19
7
-3
-6
4
33
58
60
51
50
57
60
56
50
42
49
56
54
50
56
65
65
58
59
66
66
58
55
55
54
58
69
87
97
99
101
109
119
120
108
100
88
84
87
88
89
88
75
64
60
60
48
35
34
32
36
41
38
25
17
22
24
24
21
17
18
16
19
29
28
23
17
12
8
4
10
33
57
70
65
53
49
51
56
70
86
102
108
102
93
88
90
97
89
75
60
54
55
60
60
40
26
41
54
50
37
32
34
45
49
33
24
32
33
23
18
26
38
37
26
21
24
23
16
4
5
21
27
28
26
25
33
38
32
25
24
27
36
43
42
33
26
40
49
35
16
18
43
57
43
28
23
21
25
33
37
39
44
59
73
76
68
55
52
58
58
49
38
40
49
37
23
19
12
22
41
36
13
7
18
34
52
64
70
71
71
66
67
76
91
102
112
105
88
86
96
90
88
85
75
70
64
52
57
70
64
38
19
17
23
27
34
35
36
34
28
33
33
29
28
38
48
48
44
43
43
52
52
45
43
53
64
72
82
102
113
102
86
73
67
68
73
72
71
76
89
98
99
88
83
90
105
115
113
117
123
115
101
96
88
76
73
73
64
50
48
45
42
37
33
24
5
-6
-3
-2
-6
-9
-10
-4
2
-4
-26
-45
-52
-38
-17
-2
2
3
5
16
33
35
22
9
16
33
44
42
25
7
4
8
6
5
9
9
11
22
37
41
41
36
34
38
52
67
66
55
52
64
83
87
72
58
58
75
96
96
83
70
60
61
66
67
65
55
52
57
57
53
40
37
43
54
59
53
44
39
32
16
0
-3
5
23
33
24
21
28
34
38
44
44
42
39
37
41
50
40
22
11
21
49
60
53
36
27
32
35
42
45
39
26
18
13
17
29
44
59
72
68
56
56
50
43
59
83
84
73
67
68
82
91
92
88
83
83
88
83
64
54
54
49
33
18
21
42
70
86
86
84
83
77
73
80
85
86
85
87
91
90
81
82
82
67
52
52
56
68
81
75
57
44
43
38
32
29
35
36
32
26
24
23
28
35
41
43
51
54
43
34
36
36
24
10
2
11
43
67
70
60
37
12
4
1
1
-2
-3
1
-2
6
24
43
67
82
87
91
98
101
109
119
124
135
146
146
130
101
84
82
85
98
104
90
64
40
36
37
26
10
5
12
12
-1
-9
6
28
40
41
54
69
72
76
89
91
85
77
83
88
87
74
57
51
44
45
48
34
18
8
8
21
28
27
20
20
19
17
10
9
9
6
9
22
23
17
22
42
65
76
84
85
82
77
69
53
38
32
34
40
34
18
11
22
34
35
33
34
33
26
22
37
60
74
82
81
73
69
66
65
58
56
57
59
58
59
54
38
29
24
28
40
48
49
37
25
20
32
44
49
42
32
22
28
48
53
49
45
38
39
51
54
56
52
40
34
23
22
35
55
76
81
66
51
43
39
33
25
22
26
41
52
51
54
57
64
70
71
73
72
56
41
43
53
55
58
70
83
83
74
72
72
66
53
43
50
66
69
69
73
80
83
76
66
57
56
56
43
28
24
21
16
4
-7
-11
-10
-19
-20
-7
6
19
22
20
7
3
20
38
44
44
48
57
65
60
51
44
48
49
48
51
54
55
53
58
72
76
80
73
65
57
49
40
41
48
52
56
52
50
53
65
72
65
52
39
28
21
16
17
26
35
37
37
28
16
17
25
26
17
8
11
28
50
60
69
81
96
104
107
116
135
129
115
112
105
89
77
68
58
56
56
45
32
26
40
68
75
54
26
20
32
38
35
27
20
5
-3
5
11
18
19
16
5
-3
-3
4
11
4
-2
3
10
22
37
45
51
61
71
68
60
65
72
84
93
91
76
71
66
57
55
55
58
60
59
55
48
53
57
60
68
73
89
96
83
70
65
70
83
81
73
80
86
84
73
59
60
71
80
73
57
51
51
45
50
65
72
71
55
43
42
43
37
20
-2
-7
1
7
0
-6
-11
-11
-5
1
2
0
-2
3
8
-12
-29
-19
0
16
20
27
41
56
64
58
55
59
67
65
70
93
112
107
100
92
97
88
74
64
52
39
26
28
40
50
49
50
60
72
66
51
51
58
74
76
68
72
83
76
64
69
91
108
101
85
77
86
93
89
77
67
67
60
40
10
-8
-7
2
3
-5
-11
-13
-11
-4
9
26
42
48
44
38
35
44
60
74
80
70
57
43
27
17
2
-5
-5
-5
-8
-8
2
7
3
1
10
33
38
25
13
10
19
36
51
53
64
86
96
87
84
90
97
96
89
88
76
57
49
53
68
83
92
98
99
96
85
82
82
77
80
82
83
92
101
91
82
82
91
97
87
82
86
90
83
61
44
38
40
43
51
40
33
36
28
12
11
22
32
27
10
1
1
10
21
18
7
5
12
10
13
26
35
32
26
27
32
35
48
60
65
65
72
74
73
70
74
82
72
64
64
71
90
100
89
77
72
71
70
65
48
33
33
37
38
38
38
43
45
41
36
36
43
52
52
50
52
54
57
64
66
67
66
59
65
74
77
77
72
54
44
53
68
69
52
24
16
22
33
37
38
42
52
58
56
58
66
67
72
80
81
86
99
99
87
75
68
57
51
44
38
36
35
34
27
21
12
5
9
10
11
11
6
-4
-2
9
21
33
37
32
24
26
33
44
57
56
51
52
49
41
44
49
38
16
-8
-12
-2
7
9
4
2
4
9
22
38
55
64
64
59
57
67
90
103
91
75
82
101
102
90
84
87
98
90
64
39
34
45
53
43
42
57
60
53
54
54
41
34
38
51
51
41
48
69
84
76
64
72
98
101
83
54
35
33
41
43
48
51
48
44
53
56
36
7
17
60
98
108
113
113
115
131
146
141
132
121
124
136
132
122
115
102
88
69
52
51
52
39
28
27
28
20
1
-18
-23
-11
4
22
40
45
33
11
0
5
17
17
9
8
10
19
34
43
36
24
21
24
25
13
10
26
42
34
22
12
12
26
43
44
41
50
64
69
71
85
92
92
96
91
91
99
106
112
108
105
92
74
65
51
51
66
67
52
38
42
43
37
29
26
28
36
36
35
27
16
8
19
27
29
25
32
50
60
58
56
53
52
41
22
9
4
4
8
12
8
1
-3
-2
-2
-2
3
7
-3
-7
-4
-3
1
5
12
22
28
39
51
51
55
76
85
69
61
71
74
75
80
76
66
66
70
71
73
82
86
86
85
96
109
117
113
104
96
85
72
60
67
84
88
77
66
67
76
87
90
91
97
87
86
107
138
149
131
116
109
107
99
85
71
64
56
56
56
41
19
0
-2
6
-8
-33
-42
-41
-29
-12
-13
-34
-39
-34
-26
-11
-3
-4
-9
-21
-27
-20
-12
-12
-13
-24
-38
-36
-25
-18
-7
-7
-12
-2
17
21
12
3
2
-4
-4
0
4
9
16
18
24
34
41
49
57
59
48
36
37
50
64
77
82
70
55
36
28
40
45
43
37
27
25
38
60
69
64
58
67
76
81
81
84
91
92
88
92
106
118
119
105
88
83
89
105
116
114
102
88
80
80
81
76
68
51
38
35
29
34
43
58
72
80
82
73
72
89
102
102
89
75
72
70
68
64
48
26
19
4
-2
-3
-4
-7
-12
-23
-21
-14
-8
-2
3
9
20
24
26
38
48
44
41
48
58
60
49
51
60
68
69
67
68
71
65
54
55
65
64
54
48
42
53
73
81
75
69
67
54
36
27
21
16
21
21
16
17
25
32
22
17
19
16
18
27
44
55
58
59
64
71
91
102
85
59
57
85
106
113
119
125
129
136
147
155
153
140
135
135
124
122
137
141
129
112
101
105
109
105
105
113
112
99
76
56
50
50
50
42
35
32
35
29
10
-6
-7
-5
-12
-24
-41
-50
-24
7
18
6
0
5
16
19
19
21
32
34
24
11
7
4
-3
-13
-24
-24
-23
-17
-1
0
-23
-42
-36
-10
9
16
11
10
8
6
9
22
35
42
42
36
25
12
8
11
16
13
19
21
25
18
1
3
4
-6
-18
-24
-20
-10
-3
-5
-4
4
16
22
27
33
37
43
49
64
86
98
88
83
86
81
75
72
73
69
59
50
37
28
29
29
35
39
33
27
25
19
12
11
18
36
51
50
33
9
-3
1
11
16
13
17
20
25
35
43
49
54
58
59
67
82
87
82
75
69
72
91
98
98
104
115
112
105
104
100
90
88
90
96
93
91
92
92
91
87
73
60
54
53
54
54
60
82
86
69
51
38
42
64
73
58
48
61
72
71
72
80
85
87
92
103
109
114
116
113
105
103
104
106
108
93
85
97
113
117
112
89
75
83
90
87
84
86
88
86
76
71
66
53
43
38
36
32
25
25
28
33
17
-2
-3
6
12
17
9
-2
-5
0
12
19
16
8
7
16
29
44
59
65
52
32
26
41
57
56
48
40
50
67
75
88
89
76
69
60
42
35
44
69
91
91
85
85
88
91
92
87
87
97
101
100
97
86
70
52
43
33
19
20
32
38
27
9
3
10
20
21
26
40
44
33
22
26
38
52
68
70
54
41
48
71
96
100
96
84
83
84
74
77
98
106
105
98
86
86
96
92
82
58
41
40
40
34
35
38
34
26
22
24
38
39
23
19
25
34
35
24
10
-4
-8
0
6
6
0
0
2
-11
-21
3
22
17
2
-11
-21
-22
-18
-6
5
17
23
22
21
24
28
40
60
85
90
81
59
50
50
51
54
60
65
59
60
59
57
50
42
35
32
34
35
32
26
27
35
27
26
27
24
25
24
17
17
18
6
6
17
21
22
25
38
53
58
61
58
49
51
66
70
72
80
81
82
67
52
50
35
23
37
45
43
41
44
44
49
58
73
84
93
96
80
69
69
67
65
67
66
54
52
53
41
12
-8
-18
-22
-37
-41
-40
-38
-40
-56
-65
-35
-3
11
17
18
16
21
38
55
60
59
66
72
70
70
74
76
76
69
58
48
33
20
12
3
-11
-19
-5
13
37
44
44
50
50
42
38
44
75
102
104
100
90
83
87
90
87
82
74
71
74
70
59
50
42
42
52
58
59
58
44
32
20
13
2
-9
-18
-10
4
12
9
-1
-18
-25
-10
18
37
42
57
73
82
86
86
87
91
100
91
74
60
57
58
58
59
59
53
50
59
76
86
82
73
69
68
73
74
75
85
92
92
88
86
85
84
77
69
64
68
72
72
64
51
51
60
58
48
45
55
72
83
85
69
50
41
42
43
38
36
57
84
93
93
88
86
90
96
86
76
83
102
117
105
86
82
85
69
51
48
51
45
32
22
25
29
26
28
38
39
44
66
77
70
56
53
51
51
58
72
76
76
77
86
101
101
91
89
93
102
113
118
119
107
80
65
72
74
59
49
48
44
32
21
25
38
35
11
-4
-9
-21
-29
-22
-17
-21
-12
3
12
17
26
39
45
44
42
59
87
102
100
80
56
50
60
75
89
82
59
51
55
59
57
54
53
51
40
35
29
34
35
35
39
41
36
36
40
41
40
35
34
37
35
36
37
28
34
42
48
42
40
43
41
26
20
24
25
27
38
50
52
52
50
49
38
12
5
9
8
7
10
20
22
12
2
-1
4
19
41
60
73
70
55
26
11
18
23
22
23
26
29
34
37
34
26
23
18
9
8
6
8
25
37
19
-11
-29
-42
-40
-34
-24
-7
19
49
64
68
84
86
70
60
64
76
105
124
124
116
103
92
98
99
89
81
73
80
82
83
80
70
72
82
84
81
75
75
72
60
48
37
33
34
38
28
11
6
8
5
8
13
20
21
22
27
32
28
33
33
35
41
49
51
53
55
49
40
40
42
48
38
19
-3
-13
-5
17
32
33
23
34
55
67
66
59
55
54
59
67
81
89
82
64
53
36
21
17
18
20
18
13
22
25
19
9
3
6
21
33
32
19
5
1
10
22
27
36
44
51
52
51
50
45
40
29
29
42
52
40
18
7
11
20
19
8
7
20
27
26
33
38
39
41
40
33
33
34
36
43
38
19
10
16
20
26
23
17
10
8
18
28
34
35
43
51
49
50
57
59
56
53
57
66
69
75
84
83
81
86
90
80
64
64
72
80
83
81
70
59
55
57
54
39
25
22
28
39
43
37
25
17
7
4
11
11
3
10
41
69
70
65
68
73
74
80
84
85
80
73
70
69
71
68
61
61
54
41
43
52
55
59
69
76
73
55
48
44
41
49
68
88
86
73
65
64
58
53
59
75
80
59
44
48
61
73
71
68
65
58
49
29
25
24
20
21
26
32
