65
69
60
53
59
75
89
87
77
75
84
80
66
57
56
57
57
53
49
45
42
48
52
41
29
26
29
35
37
38
39
43
51
64
72
65
55
59
68
71
70
57
43
37
39
40
41
53
70
76
69
59
56
64
74
76
70
68
65
66
76
92
97
92
84
70
60
64
61
55
52
54
50
33
13
11
12
18
32
43
50
59
64
48
39
53
72
73
66
70
83
104
115
106
87
76
71
68
52
37
32
26
16
8
12
21
33
35
39
43
50
52
54
60
71
67
66
82
91
86
76
85
106
101
82
66
65
65
54
41
34
40
52
55
51
44
35
16
5
6
5
4
9
9
-6
-20
-18
-3
11
22
22
19
24
28
32
34
38
58
76
71
60
69
83
89
81
71
68
64
59
58
64
68
68
68
65
58
54
45
40
39
48
58
53
36
38
50
52
51
58
67
73
80
85
84
82
85
89
85
81
81
83
86
86
74
51
38
59
84
87
67
44
35
34
44
54
56
55
57
57
56
58
66
61
48
35
39
51
50
49
50
54
64
71
64
51
42
35
27
20
0
-17
-19
-7
-2
-7
-13
-11
-11
-21
-27
-18
-4
-4
-14
-17
-2
12
25
32
34
49
68
74
84
89
76
65
65
60
52
33
11
3
4
-1
-6
-12
-24
-24
-22
-17
-1
20
32
27
22
20
21
22
34
49
59
66
65
69
84
88
88
91
99
103
100
86
73
72
68
67
56
42
35
35
36
48
55
57
59
43
37
40
35
29
24
22
26
35
42
53
54
52
56
57
49
50
66
82
77
59
56
68
81
83
75
74
82
92
113
121
106
87
76
67
48
32
28
34
48
58
64
65
70
76
80
71
58
56
69
88
90
87
89
89
89
96
97
85
80
80
84
89
100
92
81
75
81
82
75
60
65
73
74
66
56
49
51
57
52
39
34
43
43
24
7
-2
-1
3
8
11
10
17
24
36
43
50
52
54
56
58
59
60
67
72
74
73
75
77
69
54
48
49
49
43
36
35
37
24
11
12
23
37
44
42
50
66
74
72
73
83
89
89
91
91
96
101
103
90
75
69
60
55
52
59
64
52
42
38
38
28
13
3
2
4
-2
-9
-9
-7
-12
-20
-10
10
27
33
23
16
11
17
23
26
16
3
6
21
36
41
33
25
20
5
-7
-8
5
10
-8
-22
-18
-3
9
23
35
33
25
35
53
59
59
64
71
72
72
73
69
58
56
64
74
86
86
83
74
74
80
82
89
90
91
102
103
92
83
73
64
57
57
48
38
27
23
26
24
12
16
29
39
35
24
18
17
22
32
33
21
11
11
18
24
33
43
52
54
54
57
65
72
85
91
96
98
92
89
86
87
99
101
96
87
83
84
87
86
76
65
57
67
71
64
58
58
57
51
39
28
37
60
83
84
76
88
113
120
98
70
59
66
73
77
83
83
85
85
71
48
28
26
33
48
67
75
71
59
48
43
49
53
53
42
28
23
26
41
53
64
59
55
53
51
55
64
67
56
52
49
41
41
39
33
18
3
1
17
28
22
18
32
48
52
48
39
25
21
27
40
41
36
25
8
-3
1
1
1
0
-1
-4
-13
-19
-6
3
3
-2
-10
-9
-2
11
28
36
41
51
52
54
71
88
99
101
106
101
99
103
112
113
104
98
89
83
76
76
71
45
17
3
12
20
20
16
7
8
21
29
34
39
52
67
73
77
84
75
68
73
86
89
92
92
92
106
123
121
106
86
82
74
67
66
67
65
50
35
37
51
48
24
7
5
8
11
6
-8
-10
-2
2
8
16
18
23
36
43
44
50
48
33
17
9
17
24
24
21
25
16
-10
-19
-11
-4
2
8
20
22
18
26
49
65
71
75
88
100
101
85
64
55
60
71
80
84
86
80
69
64
60
52
39
37
50
67
65
52
57
68
65
52
48
49
49
44
48
42
38
36
40
41
34
34
40
39
27
5
-11
-7
18
48
50
38
40
52
54
55
64
66
49
41
52
60
73
87
90
86
81
73
68
66
66
71
74
80
86
86
80
67
53
42
35
35
36
34
24
13
8
7
20
48
60
53
34
27
36
48
54
50
29
12
19
34
50
60
66
56
51
51
43
27
13
10
7
8
8
16
19
16
10
17
32
37
36
25
13
6
8
18
32
48
41
20
-3
-5
2
4
8
25
43
49
49
43
38
33
23
26
32
27
35
42
34
23
19
19
22
25
36
55
73
85
83
71
68
75
84
85
82
73
72
74
72
69
64
42
23
10
10
16
6
1
16
27
29
19
19
34
42
43
44
49
54
67
80
85
75
65
60
60
56
42
36
51
72
73
52
38
42
49
43
39
40
35
34
43
53
49
43
38
37
42
55
69
84
96
97
89
73
61
66
66
60
54
55
60
70
67
55
43
38
32
35
52
70
71
64
59
67
72
70
60
54
52
53
48
36
23
20
19
12
16
23
38
55
68
69
65
59
53
50
52
57
65
67
72
85
85
77
71
68
64
64
72
84
86
82
74
72
66
67
66
58
53
49
37
19
17
28
39
35
23
24
32
38
52
56
57
49
50
59
69
67
56
41
27
19
11
7
2
-8
-12
-5
8
12
16
37
66
83
92
102
104
103
102
92
85
82
76
81
82
71
52
24
8
20
39
38
26
21
23
24
17
5
9
32
44
41
35
40
43
39
34
33
32
28
26
33
34
32
35
40
36
32
32
34
36
39
37
37
40
50
60
58
51
54
64
69
76
76
67
55
51
58
70
71
65
50
34
25
26
29
34
41
52
45
34
27
25
24
25
36
54
61
57
59
67
58
42
34
34
23
19
36
49
43
34
26
29
44
57
60
60
56
51
54
58
54
51
52
49
42
37
34
35
44
44
34
26
26
16
3
8
33
52
58
60
66
66
60
64
72
84
75
67
71
76
69
50
42
48
51
50
48
39
35
25
21
28
35
39
48
52
36
21
22
33
37
37
34
24
24
33
36
38
42
45
41
37
39
49
56
56
56
59
64
67
61
52
41
36
35
36
39
44
43
37
28
25
45
72
82
76
69
66
71
74
80
82
86
90
91
83
69
65
71
82
85
74
58
57
53
44
35
32
43
54
53
50
53
54
49
43
43
48
61
75
82
84
88
86
72
66
55
51
42
25
17
22
33
39
37
32
29
32
19
-3
-18
-10
3
6
13
26
33
24
16
18
35
43
41
43
52
57
67
67
57
51
50
56
58
53
52
65
82
74
60
48
37
43
54
52
48
52
53
51
49
54
58
61
65
64
57
53
54
56
60
67
73
80
80
74
77
81
73
59
53
58
65
55
41
35
35
38
40
42
49
53
50
40
35
36
43
54
60
70
77
70
58
43
35
37
49
54
52
41
41
56
72
73
65
60
58
58
65
68
61
60
59
59
60
58
57
60
59
50
39
34
38
42
41
32
28
32
27
29
45
53
50
49
55
60
56
54
60
76
96
91
81
76
82
86
90
100
102
90
81
77
85
89
90
84
57
33
24
33
41
41
39
32
17
3
1
6
8
1
-5
1
4
9
27
42
48
50
55
77
93
97
89
88
97
102
104
97
84
66
53
57
61
52
35
17
2
-2
-7
-18
-18
-10
-11
-12
-3
19
26
20
18
29
40
48
51
57
72
85
97
96
87
87
92
90
82
68
51
38
38
49
52
51
43
38
40
40
32
18
10
7
0
0
9
22
19
10
16
34
51
58
68
83
86
72
67
85
103
102
91
87
90
103
105
83
56
42
27
10
3
12
21
13
-3
-17
-17
-1
13
9
-3
-6
11
40
53
49
43
51
57
72
77
65
55
65
56
49
49
42
24
19
24
36
42
42
39
34
38
56
76
87
88
88
88
83
74
69
73
82
68
50
60
93
108
100
84
66
39
24
34
50
54
39
21
17
20
24
25
25
23
19
20
25
36
54
58
56
50
44
44
43
39
39
42
44
49
56
55
42
40
40
40
49
52
44
37
33
35
40
39
39
40
40
49
75
99
102
98
88
87
102
116
124
124
115
104
102
101
86
72
72
75
73
66
61
54
49
48
52
59
53
41
43
51
50
42
24
7
9
13
12
12
8
1
-2
0
1
2
0
-2
-6
-11
-1
19
28
35
39
40
39
39
48
58
65
56
42
41
55
73
74
68
65
64
61
56
45
33
22
20
20
22
18
16
16
9
6
8
16
22
32
48
64
66
59
52
44
49
48
41
43
39
39
39
33
32
32
24
23
21
19
17
19
20
19
26
42
44
42
41
51
61
72
74
72
74
89
105
114
113
113
121
130
132
131
116
83
64
70
85
82
68
55
38
27
29
36
39
44
44
41
42
48
48
48
36
19
12
18
33
49
48
29
24
36
59
76
67
48
43
53
55
53
52
57
64
61
60
64
56
49
44
51
56
58
65
66
67
64
56
56
64
57
54
57
65
72
76
76
71
75
89
90
80
70
70
80
84
73
59
53
48
45
49
49
42
38
33
27
28
35
43
52
42
25
21
23
20
4
-5
5
26
41
39
23
20
42
52
42
43
44
37
32
25
25
24
7
-10
-21
-25
-21
-10
0
12
24
27
36
44
43
37
44
73
108
124
117
107
101
93
92
99
102
88
73
66
56
51
52
59
60
55
52
49
43
38
28
24
24
26
25
28
40
48
43
34
24
19
24
34
41
53
51
44
48
52
52
52
50
40
42
40
34
37
45
48
32
19
19
34
58
74
71
64
66
82
102
107
90
72
60
59
69
75
83
96
98
85
71
64
69
81
86
72
41
13
1
2
3
4
-2
-17
-28
-39
-42
-39
-35
-35
-23
-6
6
25
27
22
25
39
50
54
61
74
85
91
91
88
80
70
66
73
83
84
76
75
80
96
112
116
107
91
77
80
83
77
68
66
69
71
66
53
39
28
34
39
38
22
9
6
7
2
3
10
16
6
-7
-5
3
13
21
19
12
9
12
23
38
53
52
54
67
71
60
57
59
56
57
61
65
66
61
51
52
68
76
81
87
104
122
135
133
125
125
130
130
122
117
115
107
86
67
55
50
41
26
11
6
3
1
0
0
2
3
-1
2
12
24
19
-2
-13
-3
21
42
51
44
27
12
4
2
3
7
19
21
18
20
32
41
45
49
48
28
20
21
21
17
10
13
32
50
64
66
70
67
57
60
68
65
64
60
53
49
52
51
49
48
51
55
54
38
21
16
23
28
44
59
56
51
44
39
36
37
41
40
33
34
50
65
71
64
56
54
49
49
55
59
64
68
69
61
56
52
51
52
48
36
36
37
26
8
2
10
28
38
35
35
48
64
83
92
92
89
99
118
131
139
149
140
116
96
89
100
112
104
89
81
81
80
75
80
69
52
50
44
34
26
22
12
1
-2
-2
1
9
19
19
12
18
29
33
33
37
42
44
28
7
1
10
26
37
35
26
24
23
19
18
7
-5
-12
-10
-6
-7
-13
-19
-12
-3
16
27
36
41
41
37
43
66
81
76
71
69
65
67
72
64
44
39
44
53
65
75
75
67
61
65
71
76
76
69
65
58
59
64
57
42
36
37
50
56
40
36
50
64
69
67
61
61
60
53
40
39
48
59
71
86
104
121
133
132
118
109
101
81
57
49
49
40
17
-3
-5
0
2
-4
-13
-8
16
33
37
28
20
24
42
58
65
67
68
74
87
96
87
76
75
84
86
74
66
59
58
53
41
35
28
26
26
22
10
10
16
26
36
27
19
21
22
19
18
25
51
61
52
39
33
37
51
55
51
49
49
48
50
50
42
39
40
38
44
59
60
53
54
54
52
52
56
59
54
52
49
42
41
51
59
58
51
44
42
52
60
59
52
41
25
22
33
39
41
41
40
45
56
60
51
40
43
55
58
52
39
33
40
43
26
16
28
49
51
40
34
39
52
59
66
74
88
97
96
87
75
61
54
45
35
35
40
49
54
58
61
64
53
40
42
42
34
27
25
24
22
24
34
40
45
53
56
57
59
60
58
52
44
42
41
48
57
57
53
56
60
66
68
71
74
77
82
73
72
83
82
74
76
76
65
65
73
75
56
37
32
33
36
43
39
18
5
18
37
42
34
29
34
40
54
57
48
37
39
45
45
39
40
50
59
58
57
60
58
59
58
59
68
76
76
70
60
56
54
43
37
43
53
48
35
24
32
39
49
55
54
49
43
44
43
37
37
41
40
38
35
35
48
60
71
80
77
71
71
84
86
75
65
65
71
74
84
86
75
60
48
39
42
51
54
50
43
38
27
24
28
34
34
29
32
35
39
37
25
13
9
6
2
-1
-4
-8
-5
8
23
33
29
23
27
36
39
41
40
33
26
36
42
38
35
27
26
35
49
52
49
41
19
2
0
8
16
7
-3
0
13
34
52
64
75
81
65
48
40
38
38
28
9
3
20
36
39
42
53
60
71
81
84
81
75
82
89
99
105
107
109
109
106
100
90
86
80
71
70
61
51
39
29
25
32
42
58
71
65
54
57
73
88
98
93
75
67
73
80
83
76
55
40
35
32
27
22
9
4
4
11
17
9
-3
-17
-11
6
20
32
29
18
4
4
10
20
22
26
41
53
56
60
67
73
76
71
71
66
60
65
57
41
20
5
7
22
33
33
25
23
35
57
67
53
42
50
67
72
68
67
74
81
75
69
57
52
58
82
104
114
112
107
105
109
99
84
83
83
80
71
70
75
84
91
96
93
68
26
6
18
53
88
102
98
82
74
73
73
64
49
39
42
55
57
52
43
40
39
28
9
9
22
35
41
39
25
6
1
0
-1
2
10
20
23
12
12
32
50
55
44
43
65
76
68
64
77
82
67
52
53
58
53
45
42
39
32
22
19
22
27
22
12
-1
-10
-10
-7
4
25
50
60
59
65
72
72
60
50
43
37
26
21
33
49
54
45
36
32
35
40
38
27
28
43
55
53
51
56
58
56
43
27
18
10
17
28
36
35
36
40
34
11
4
13
28
44
54
56
55
58
71
81
84
87
98
106
106
101
98
90
83
71
59
51
50
51
49
35
23
27
42
48
42
28
11
-3
-4
2
11
29
40
38
36
37
35
35
48
54
45
42
42
37
23
17
21
34
39
38
41
50
50
43
38
36
42
45
54
68
90
100
86
71
70
74
85
88
86
86
83
73
64
60
58
48
26
16
22
33
36
37
38
39
32
26
23
22
33
39
36
34
38
43
43
40
40
40
43
54
60
74
97
101
83
70
68
70
67
57
52
56
68
85
100
105
104
101
100
104
106
97
89
86
76
59
49
53
53
42
33
25
28
33
27
32
43
48
36
28
29
37
43
41
35
32
28
28
29
25
26
24
20
22
23
12
-4
-6
0
7
12
16
12
9
19
40
56
64
68
72
82
89
87
85
85
74
56
44
51
56
55
67
82
75
61
56
51
48
40
33
36
42
37
22
9
5
7
7
0
-4
-3
10
26
24
10
2
4
11
19
17
10
18
35
52
51
43
48
53
51
40
33
42
55
61
61
56
43
37
34
27
23
28
36
36
41
48
55
60
61
64
68
82
88
86
89
99
103
98
84
81
88
90
77
57
36
27
44
70
75
59
40
50
71
84
98
99
87
72
75
91
106
114
128
138
132
119
117
117
116
112
105
107
114
117
116
119
118
113
105
109
117
117
109
104
97
98
105
113
107
99
91
90
91
80
72
85
100
98
86
72
57
49
50
59
60
53
40
21
-5
-27
-38
-38
-33
-26
-28
-33
-38
-38
-52
-59
-52
-42
-45
-53
-44
-25
0
10
-1
-6
-2
13
37
50
45
34
19
23
49
67
69
61
48
24
5
2
2
-7
-18
-19
-22
-28
-37
-44
-50
-49
-40
-36
-39
-39
-24
-11
-7
-2
8
19
38
56
64
71
71
54
42
53
69
72
67
75
96
104
98
89
92
96
92
88
90
101
107
113
118
107
96
101
114
119
120
118
115
112
97
72
58
60
60
45
22
7
-5
-13
-24
-28
-23
-22
-38
-50
-43
-23
-8
-8
-11
-7
3
5
12
32
48
58
71
87
96
93
86
72
53
36
38
55
65
66
59
53
56
52
40
35
41
43
41
43
37
27
12
-3
-7
4
20
33
41
51
60
70
71
66
61
58
56
49
43
55
67
68
59
54
51
52
60
73
83
85
77
64
52
52
50
39
24
19
26
35
38
42
48
54
59
65
64
65
59
45
34
33
40
48
41
34
36
36
20
4
1
-1
-11
-22
-20
-8
-5
-2
2
1
2
4
5
5
17
38
49
43
33
18
12
22
32
35
39
49
58
66
60
60
60
59
69
73
64
54
58
70
80
91
115
134
136
139
149
151
149
145
138
130
106
88
96
104
100
91
88
75
65
73
81
75
69
65
67
71
66
55
42
33
32
36
41
50
43
28
21
25
34
42
54
56
49
38
37
40
44
54
51
34
19
11
4
0
-4
-13
-12
-4
0
-5
-17
-26
-20
0
22
43
66
81
85
89
96
97
93
90
83
85
86
86
93
97
90
81
72
68
67
71
72
67
58
50
42
33
27
32
32
27
26
19
20
25
24
22
24
35
52
73
91
89
66
50
48
60
72
71
68
72
85
92
89
81
66
45
35
36
41
44
40
35
41
51
45
36
36
37
33
38
52
58
48
19
-2
-5
3
18
36
43
43
52
55
52
53
58
64
52
37
35
45
64
80
85
76
68
71
74
66
49
38
38
49
56
56
55
52
43
38
40
38
38
33
28
26
24
22
24
35
53
55
49
36
32
40
48
43
37
39
39
38
41
55
66
59
55
58
68
66
60
71
80
68
50
42
40
38
36
35
36
50
53
38
19
12
23
29
28
21
17
16
16
10
2
3
22
38
49
56
65
65
57
43
39
52
65
72
85
98
97
87
82
88
98
106
105
99
93
85
81
87
97
104
108
114
119
124
128
130
119
98
83
81
74
68
64
57
44
25
17
20
23
18
-1
-19
-25
-24
-26
-37
-46
-62
-74
-70
-52
-27
-12
-5
-4
-2
9
17
10
21
49
66
59
48
44
53
65
69
66
59
55
49
52
57
60
64
58
56
55
65
69
59
56
55
57
66
75
83
82
80
80
75
73
59
43
36
39
53
57
49
29
20
22
24
23
11
9
23
33
38
39
34
27
34
45
55
66
66
53
39
39
44
56
58
58
72
85
81
67
59
70
82
82
82
77
74
76
80
73
68
70
74
82
74
55
39
42
58
67
54
41
36
32
28
28
27
37
52
59
60
69
72
77
84
82
74
55
37
24
21
29
42
40
32
22
21
25
29
27
21
20
32
40
40
54
66
57
48
43
35
22
20
38
50
34
17
22
28
25
20
22
26
24
20
16
18
23
27
27
28
27
28
33
28
20
21
33
48
59
74
86
91
90
83
81
80
75
72
66
68
84
99
105
105
91
75
68
71
81
85
80
83
105
124
128
128
129
129
130
134
129
116
119
129
120
103
90
88
92
97
93
88
74
50
24
11
12
19
18
8
1
11
38
60
77
83
77
68
61
69
80
85
83
73
73
77
84
90
101
104
112
121
121
118
120
129
124
120
121
134
131
113
108
119
122
124
122
109
97
91
98
108
109
100
89
77
65
60
64
53
48
58
65
56
49
42
37
26
17
6
4
-1
0
0
-9
-19
-12
-3
-3
-6
-6
-8
-3
1
4
16
19
21
17
7
10
23
24
9
-9
-20
-18
-11
-13
-22
-22
-17
-14
-18
-17
-12
-20
-24
-29
-38
-55
-61
-61
-54
-42
-29
-24
-26
-26
-25
-18
-6
1
1
7
16
20
25
34
36
27
18
13
27
52
60
58
57
54
48
40
37
38
43
50
50
54
65
65
58
54
49
39
38
45
53
50
29
23
38
56
58
53
43
34
32
39
51
54
50
40
36
42
59
73
75
72
70
65
59
59
49
35
28
34
49
60
70
74
65
54
49
55
69
85
91
84
76
74
67
49
35
35
40
48
49
38
34
26
18
8
-1
-18
-23
-17
-9
-12
-11
-3
2
0
0
9
27
52
74
84
82
70
57
51
68
90
101
90
69
56
59
70
66
52
43
36
35
37
40
49
50
32
23
38
54
72
87
91
101
107
106
104
96
75
59
55
54
57
66
68
59
40
24
27
38
43
42
34
35
37
26
11
22
42
53
67
81
88
98
108
115
120
132
144
151
156
161
160
166
183
186
176
160
152
155
154
145
130
108
87
67
51
42
34
23
19
10
5
8
2
-18
-33
-33
-25
-18
-12
-9
3
18
25
23
17
10
21
36
45
58
56
41
32
29
37
44
33
23
27
35
35
29
32
26
23
32
42
44
45
53
65
74
66
52
51
54
60
83
92
81
60
58
60
59
53
48
39
33
32
24
19
11
8
7
0
-12
-10
-4
1
-1
-9
-12
-12
-17
-17
-12
-2
2
-1
3
8
6
3
8
20
22
25
37
53
67
71
69
60
52
40
32
22
21
27
34
36
33
32
38
52
64
60
54
49
44
41
42
57
75
85
85
80
66
57
67
88
103
101
83
64
61
72
75
72
69
71
64
55
51
42
38
38
41
49
49
45
51
59
48
25
12
10
9
17
24
27
33
35
32
23
19
16
6
6
19
34
37
27
18
17
16
11
12
12
24
38
29
18
19
28
37
36
28
25
24
32
41
48
38
28
25
28
43
65
75
70
66
73
82
80
77
74
70
81
99
108
112
107
96
72
66
74
83
86
86
89
97
99
93
87
75
66
56
55
59
60
67
77
88
90
76
65
69
76
75
72
74
80
88
93
97
83
55
32
28
36
35
37
39
37
36
35
32
35
38
36
23
11
2
1
6
6
5
18
34
50
54
36
3
-7
8
23
24
18
16
26
37
25
5
-1
4
12
25
38
48
49
51
51
51
53
51
48
44
42
43
57
69
71
68
58
51
40
37
45
51
39
20
6
9
20
29
33
18
6
5
17
27
23
6
2
10
18
17
20
20
27
44
60
56
40
38
42
42
39
38
40
42
41
35
33
36
40
35
33
36
36
36
34
29
32
26
28
39
48
44
41
38
37
39
39
34
25
21
19
20
28
35
24
18
20
28
36
40
29
16
4
10
21
28
38
42
39
35
32
32
27
23
23
33
38
37
41
42
37
39
52
59
59
57
55
54
56
59
66
71
81
92
96
87
80
72
76
82
76
67
52
36
27
27
26
20
18
28
39
36
26
20
20
24
33
42
56
67
74
67
51
50
68
90
107
116
107
91
74
67
66
67
60
56
57
50
34
25
28
40
44
43
42
49
56
58
58
58
65
69
67
65
53
35
27
32
38
44
49
51
59
68
72
72
76
72
64
58
57
65
64
53
44
43
51
58
67
80
84
73
67
71
82
83
71
56
53
59
57
43
33
28
36
41
41
32
16
-1
-5
-4
6
19
27
33
25
23
32
35
39
50
49
35
23
23
38
36
24
21
22
22
21
23
29
32
24
11
16
24
33
28
24
33
42
50
53
44
35
26
20
19
23
35
52
69
72
64
61
90
112
104
87
71
56
56
80
102
106
98
82
72
73
82
93
99
100
103
100
96
101
108
116
128
134
122
108
99
91
85
75
80
87
88
96
98
84
67
58
60
64
57
53
52
54
45
44
64
76
77
58
42
42
64
88
97
83
64
51
58
71
71
70
67
60
49
34
27
28
33
41
43
35
36
49
57
51
33
13
13
27
40
38
34
27
23
22
17
10
10
21
36
41
38
32
34
49
58
57
58
66
61
43
29
35
41
32
19
20
28
44
60
65
58
54
58
55
53
54
67
81
83
72
64
58
54
59
65
64
58
56
56
50
42
41
37
29
26
32
50
76
96
86
77
89
100
105
103
96
90
90
88
90
100
105
104
89
68
38
6
-1
9
20
21
10
-6
-26
-38
-29
-19
-19
-29
