49
45
40
37
37
36
29
26
27
33
42
53
44
33
27
41
56
64
64
57
48
41
42
42
48
61
74
71
64
56
52
40
35
40
48
48
43
38
35
38
44
54
60
65
66
69
68
65
55
42
37
41
60
81
72
45
22
13
21
40
57
59
58
61
67
60
48
32
26
42
64
74
77
81
75
73
75
84
88
85
70
70
81
75
66
58
56
54
49
40
32
20
12
18
25
36
49
61
72
80
82
81
77
86
101
105
102
104
112
118
114
100
90
89
88
82
68
54
51
65
68
55
43
36
27
19
6
5
10
11
6
2
2
4
6
13
19
12
7
4
6
18
26
38
37
34
43
57
69
76
84
88
91
98
101
89
69
59
66
68
69
65
56
58
59
56
48
43
49
56
65
69
69
72
68
50
44
51
55
58
67
81
88
87
91
97
88
82
80
74
73
71
69
64
51
37
25
16
16
29
52
57
65
75
86
88
84
77
75
84
112
125
114
88
68
58
66
72
81
82
70
60
49
28
25
35
45
55
53
50
66
86
82
68
58
48
28
21
35
54
59
57
60
68
71
71
71
75
73
72
81
84
86
97
109
130
147
154
155
152
145
138
146
151
140
120
105
105
109
106
97
81
67
61
66
72
76
69
52
39
38
53
54
40
32
24
24
23
20
20
24
23
20
27
36
32
24
21
4
-7
-6
-11
-25
-28
-23
-25
-25
-18
-14
-8
-3
1
1
-2
-6
-13
-3
22
40
39
32
29
41
49
38
22
12
6
7
20
34
33
24
22
18
10
17
26
25
18
4
2
11
24
33
45
57
44
29
27
38
41
35
24
18
12
18
25
26
20
0
-19
-19
-10
-12
-21
-18
-11
-11
-7
-2
9
34
48
48
59
82
87
84
80
81
86
90
93
96
99
96
81
65
56
51
39
28
24
23
20
8
-2
2
10
19
27
29
18
8
11
21
34
48
59
59
55
56
55
50
40
42
49
48
43
43
42
40
36
39
52
51
42
42
54
66
57
36
27
36
52
45
41
40
39
42
52
55
54
55
55
54
57
65
67
68
71
74
73
73
70
72
80
87
83
69
65
68
81
75
54
42
50
60
65
68
70
72
82
86
83
73
61
60
60
66
66
67
65
56
54
55
53
45
52
67
69
56
23
3
13
28
36
33
32
32
24
8
-4
0
13
22
23
20
27
38
44
55
59
66
74
86
106
109
91
77
80
81
70
56
41
38
43
50
51
55
61
57
43
35
40
41
42
50
50
39
33
36
52
67
74
69
60
64
71
68
64
57
53
45
37
25
21
23
26
18
3
-2
4
17
26
28
26
20
22
36
44
51
56
56
59
66
67
76
76
58
42
35
33
27
24
18
10
18
34
49
50
40
41
44
48
44
43
40
36
35
37
39
43
48
49
50
54
56
52
55
59
52
42
36
25
20
26
40
48
44
52
64
70
70
65
66
74
86
88
80
68
57
51
41
36
38
60
87
102
106
102
100
89
76
74
76
68
56
54
67
84
92
93
81
55
41
49
56
58
59
60
66
70
64
40
21
18
27
38
40
35
19
10
20
24
23
26
27
25
20
12
12
23
26
28
35
35
36
39
51
57
64
73
84
85
88
83
69
51
43
51
50
38
26
22
22
21
20
29
42
41
39
40
38
36
44
51
53
58
59
60
64
67
73
74
60
50
56
67
71
69
67
58
50
51
53
56
69
72
64
42
28
32
38
35
27
18
11
17
20
11
3
-2
-2
5
18
28
41
39
33
32
32
48
70
88
88
75
65
56
56
56
56
59
66
68
68
69
74
80
66
54
44
50
64
70
65
60
65
64
56
54
53
53
51
51
53
60
70
77
82
83
81
71
71
73
68
52
42
42
45
51
49
48
48
52
53
56
59
65
72
82
84
75
71
68
66
61
55
45
52
57
56
53
49
41
28
26
38
41
35
35
38
35
34
38
38
38
44
53
48
37
35
37
42
55
58
38
23
21
22
25
28
26
26
32
37
48
52
54
58
64
69
66
42
22
21
33
38
37
43
57
56
49
51
52
43
35
28
27
29
27
24
18
10
17
32
37
27
23
21
26
42
58
65
54
50
54
65
69
68
59
55
55
57
54
48
39
29
26
24
26
34
39
43
50
51
45
42
39
41
44
49
48
44
43
37
26
21
11
5
4
8
8
4
2
1
-2
-2
-3
-5
-4
2
7
17
29
35
35
38
43
39
25
17
10
12
19
23
32
34
35
41
43
37
28
36
51
64
65
60
59
68
84
98
99
98
89
87
86
76
70
70
68
53
38
34
34
36
42
43
42
43
52
59
65
60
49
28
23
39
51
41
24
16
20
26
19
10
10
18
25
32
28
32
39
52
57
59
60
65
68
68
70
70
67
68
74
76
69
60
58
64
70
68
65
58
55
60
65
66
74
86
88
85
74
64
59
61
60
55
50
48
54
56
48
38
41
49
39
25
24
33
48
64
71
71
75
85
103
108
105
100
100
100
105
114
117
109
93
74
67
71
80
73
58
45
42
54
64
58
48
40
49
55
44
33
28
37
37
21
1
-2
8
17
11
-1
-17
-19
-11
-1
4
2
2
7
22
35
32
20
9
9
9
7
10
18
23
33
43
53
64
70
74
73
71
83
97
99
92
87
84
76
60
52
48
38
32
37
48
43
26
26
38
43
43
42
36
36
41
38
36
43
56
61
59
58
54
49
41
40
42
43
52
57
58
66
70
60
59
66
75
77
81
82
71
60
54
59
70
68
70
74
69
54
40
39
48
58
57
51
43
49
49
41
39
39
52
71
76
73
69
69
74
86
86
72
56
51
48
39
37
40
51
61
59
53
51
49
48
53
59
60
59
55
42
33
29
42
57
68
81
87
74
55
51
57
59
60
56
52
53
56
50
40
39
42
38
38
44
50
43
32
25
22
8
-5
-7
8
32
43
40
23
18
29
45
54
49
42
45
57
72
91
102
86
70
67
59
50
55
68
73
68
65
65
58
53
43
40
41
49
57
55
40
35
40
53
67
67
65
52
38
35
51
66
70
70
60
55
53
54
59
66
60
51
39
32
25
22
19
18
22
23
6
-7
-13
-21
-12
3
12
17
17
11
20
25
20
11
18
38
59
66
56
51
59
71
70
59
58
57
67
80
83
86
83
74
76
83
83
81
84
89
90
88
86
85
82
86
98
101
92
89
84
71
56
50
65
90
108
119
118
118
120
117
106
107
112
114
107
106
113
123
129
121
117
103
87
81
85
101
104
81
56
55
53
36
17
6
1
-5
-10
-13
-7
8
26
37
45
51
50
50
51
56
65
57
43
37
43
57
69
76
81
89
101
101
98
90
90
99
106
115
121
133
140
149
144
121
108
113
113
112
109
112
115
115
109
109
117
119
121
120
112
93
82
75
72
67
59
60
55
37
24
28
22
5
-3
2
7
2
-6
-8
-3
4
17
21
10
-7
-20
-14
2
11
11
-2
-20
-34
-36
-28
-17
-12
-27
-37
-41
-52
-59
-60
-60
-58
-52
-39
-28
-23
-21
-20
-21
-18
-3
11
12
0
-9
-3
8
19
26
34
33
26
27
28
27
36
41
36
24
10
-5
-9
-6
-11
-18
-11
-1
6
10
18
33
44
48
45
52
57
52
51
58
67
68
64
54
54
58
69
61
43
27
24
34
42
43
48
53
61
67
55
35
21
18
16
20
25
23
22
23
27
27
24
25
38
64
76
69
64
69
80
83
82
82
85
81
72
68
73
74
66
58
57
59
66
69
60
55
64
73
81
75
75
85
96
89
80
75
80
85
85
75
66
59
60
53
45
49
54
51
41
43
50
50
44
49
50
43
44
53
53
57
66
60
65
71
69
69
80
87
81
66
56
57
65
72
86
99
106
106
105
99
93
104
108
102
89
85
88
85
76
69
58
45
45
64
81
85
76
59
49
54
75
90
92
96
97
97
89
77
75
82
83
70
51
33
26
32
20
3
-8
-17
-13
1
11
10
0
-3
-1
0
8
17
10
10
17
22
24
21
22
36
48
45
37
26
18
25
37
36
32
33
37
34
25
22
23
25
35
48
57
64
70
84
99
103
91
87
92
96
91
84
65
53
69
85
80
61
44
39
51
58
50
29
11
-6
-23
-27
-25
-22
-23
-26
-41
-45
-44
-39
-33
-28
-22
-3
17
22
18
23
36
38
42
55
64
57
49
43
50
66
83
84
73
61
48
48
56
60
65
68
66
56
51
66
72
54
32
24
23
25
19
7
5
5
6
8
5
7
10
13
8
-2
-9
-3
5
7
5
9
17
25
43
55
53
52
58
66
64
59
53
49
51
64
76
85
74
65
66
80
85
76
68
59
57
58
64
66
64
56
53
56
50
43
49
52
49
34
24
37
52
51
50
44
42
43
38
32
23
16
12
17
28
42
58
64
53
44
44
48
52
55
55
49
38
34
37
40
37
33
38
50
60
70
69
59
52
48
57
77
85
72
61
60
70
82
76
57
43
34
34
37
33
20
8
8
12
12
5
-6
-14
-14
-5
2
13
35
43
38
33
37
38
41
43
43
58
74
82
81
76
81
88
100
96
87
84
83
81
75
75
74
73
73
74
83
84
85
90
93
101
104
103
97
85
70
61
59
60
54
48
42
41
42
49
44
38
39
48
51
38
22
17
22
41
60
69
71
68
59
61
65
64
56
45
39
44
54
54
51
39
22
16
17
8
5
11
23
25
19
11
9
19
28
37
37
33
27
19
9
5
9
23
24
16
11
13
28
45
55
51
42
45
52
56
66
73
69
61
67
68
67
69
70
65
55
60
73
81
86
81
64
50
45
43
42
39
29
20
16
13
11
16
23
28
27
34
37
28
12
6
16
24
29
38
50
48
27
9
2
1
-1
-9
-18
-19
-20
-27
-30
-37
-43
-41
-24
-10
-8
-3
12
26
35
40
53
72
93
97
85
80
84
85
81
71
57
48
49
55
64
74
87
90
87
86
85
81
73
66
54
41
26
21
23
28
28
16
12
24
28
28
25
22
17
21
32
43
54
60
68
73
74
71
67
56
54
60
74
98
107
102
83
73
70
70
75
80
72
71
72
73
74
70
69
72
74
77
77
82
84
71
55
53
58
61
58
48
34
24
36
51
54
51
39
21
5
-1
-6
-2
5
7
17
26
23
18
5
-5
-12
-17
-7
2
4
7
19
23
17
11
12
17
23
35
43
50
51
52
48
48
49
49
57
68
71
71
71
67
66
69
66
55
67
91
105
100
85
82
87
93
89
74
59
49
42
48
51
49
50
57
68
67
66
68
74
84
90
104
117
124
131
121
103
93
96
85
80
83
82
73
58
43
41
40
38
34
19
10
9
8
3
-5
-2
3
5
13
23
22
19
19
18
27
42
50
51
51
50
37
35
43
38
22
16
20
20
9
-4
-11
-7
4
-2
-9
-7
0
12
29
44
53
52
42
40
41
55
80
92
104
115
113
107
106
105
107
105
107
115
122
129
115
99
102
116
123
130
130
118
107
108
105
98
96
90
84
81
74
66
53
37
21
11
21
33
36
40
50
42
35
32
19
8
17
25
34
35
33
25
22
19
11
16
24
21
11
16
16
21
27
26
21
28
49
59
64
64
65
66
69
75
73
60
44
38
49
57
53
36
25
24
33
38
28
20
11
10
17
25
37
40
27
17
24
37
27
10
9
12
10
8
18
33
40
41
52
56
55
55
57
64
70
75
77
76
74
72
70
58
53
50
52
53
52
50
52
52
40
38
55
75
86
80
66
66
88
107
112
104
96
88
88
86
88
87
85
85
85
90
97
88
75
75
92
113
118
106
91
77
75
87
91
86
87
93
86
66
53
55
58
51
44
49
56
65
69
74
73
52
27
16
19
32
34
23
13
6
-4
-3
19
39
44
36
27
32
35
35
35
39
49
55
50
43
49
51
44
36
33
28
35
36
25
26
36
37
27
6
-23
-38
-29
-18
-10
-18
-23
-13
10
28
20
-2
-13
-7
19
40
48
43
38
40
50
49
44
54
64
57
55
76
106
107
88
86
89
88
90
92
90
85
73
57
42
37
40
39
25
18
21
28
26
22
21
26
33
27
41
59
64
59
57
50
40
38
41
56
70
70
67
64
61
61
70
72
71
83
91
76
59
51
48
50
53
51
43
29
34
40
40
33
26
27
37
48
52
56
55
48
41
42
51
71
87
84
71
66
65
61
67
73
67
50
48
57
61
65
68
69
61
66
66
59
64
68
59
48
40
42
39
32
34
40
43
50
49
41
28
27
36
41
53
66
60
44
41
51
57
60
60
65
66
74
89
101
103
98
85
64
40
38
57
80
77
57
38
28
24
23
23
26
16
-5
-7
-7
-2
5
-2
-13
-20
-27
-22
-5
6
6
11
13
13
17
20
25
27
23
19
28
48
56
57
56
53
52
56
58
58
50
39
33
34
40
41
34
20
13
9
12
22
29
38
37
33
38
49
60
71
74
74
81
77
69
72
83
74
53
48
49
43
36
24
28
51
68
73
76
74
69
72
85
103
122
135
133
118
117
130
133
134
129
107
103
106
107
102
102
98
82
64
53
44
40
39
50
43
23
8
-2
-2
0
-4
-3
1
10
28
41
37
27
26
37
49
50
50
50
37
17
7
23
42
67
87
77
58
53
55
55
48
34
18
16
13
7
6
12
13
3
-6
6
16
13
17
25
32
21
17
11
16
23
24
12
1
3
16
12
-1
1
16
20
18
8
2
12
25
29
41
48
43
38
29
20
19
25
36
32
17
1
-2
9
23
26
20
24
42
52
61
73
71
73
73
74
86
101
106
102
96
97
104
114
112
104
101
92
76
65
59
55
53
59
67
64
64
70
71
66
55
43
49
61
70
69
57
49
42
38
39
51
70
90
99
100
98
97
100
109
117
115
114
109
99
89
92
96
101
106
106
91
69
55
59
65
54
39
32
34
38
37
44
64
55
35
23
37
68
89
88
88
89
96
101
104
113
112
102
97
88
82
83
80
65
53
57
65
61
51
39
33
21
7
3
5
-7
-20
-11
-3
-5
-9
-9
-13
-13
-5
-5
-7
-8
-9
-2
3
-3
-2
5
13
20
19
9
4
12
25
42
45
38
38
42
41
26
1
-17
-18
-20
-25
-33
-40
-42
-39
-33
-23
-12
-3
9
21
32
41
53
69
80
80
90
92
81
68
58
57
68
68
56
54
55
54
53
51
38
26
25
29
35
41
44
40
37
42
49
48
45
44
42
45
51
49
43
50
55
56
64
72
83
86
88
104
119
124
121
113
98
88
91
106
116
112
98
82
65
53
51
41
35
33
22
17
6
-2
4
8
7
11
24
35
34
27
25
18
12
22
28
45
51
29
21
32
42
51
59
53
37
40
57
73
69
52
38
34
36
43
50
49
50
51
52
35
6
-2
9
32
51
64
68
59
50
52
58
64
68
73
76
73
61
54
64
67
59
51
45
40
42
51
60
69
65
49
37
34
35
34
26
24
33
34
25
19
24
40
54
66
65
54
54
67
71
70
71
74
82
81
70
53
44
48
44
35
32
40
56
54
39
27
26
28
29
28
37
38
34
29
33
33
26
22
20
16
19
27
33
32
23
16
19
32
38
39
41
44
48
39
32
34
33
32
24
25
33
35
39
44
48
39
32
37
44
42
37
33
35
44
52
51
56
74
86
75
55
40
32
21
11
8
21
37
43
34
26
25
26
38
52
64
72
72
70
74
85
96
90
83
88
87
73
55
51
51
50
54
59
64
67
70
70
57
50
49
49
52
54
61
76
82
71
71
81
82
73
68
66
64
56
41
24
16
18
23
23
20
10
8
12
13
22
36
44
37
20
10
23
36
34
26
36
44
43
48
57
65
65
72
87
106
115
106
96
85
87
96
92
87
83
73
68
60
55
55
50
37
39
50
53
53
53
60
68
65
65
55
45
51
50
42
41
42
52
55
48
42
37
33
41
48
44
42
53
64
59
55
57
55
55
55
50
43
44
40
34
33
40
44
48
52
67
81
83
74
69
65
59
59
68
72
58
42
44
52
43
29
20
26
36
33
23
24
22
10
12
27
39
37
26
25
22
18
16
20
26
35
36
38
40
41
43
39
33
37
49
51
55
60
57
52
49
45
40
38
35
26
21
21
21
16
18
39
61
64
48
39
43
59
67
60
56
59
56
54
56
56
52
45
49
51
44
43
35
35
44
55
56
50
41
43
49
41
36
32
23
18
18
17
8
4
12
25
26
25
33
38
42
50
54
61
75
86
84
72
70
82
91
89
74
74
80
81
73
67
67
68
68
61
43
32
34
41
49
58
59
58
65
67
64
64
65
64
67
73
72
60
57
66
74
72
64
54
42
37
42
53
53
52
54
51
49
48
44
34
19
20
35
51
55
49
37
35
43
53
53
38
19
16
35
54
55
49
38
27
23
24
27
26
23
28
38
50
55
50
41
39
40
36
28
28
33
34
39
40
33
25
26
29
37
51
67
80
83
83
77
75
86
87
66
45
42
44
49
38
24
16
16
19
19
7
-6
-7
3
17
36
61
72
66
64
56
48
53
64
61
57
55
66
75
84
87
81
75
84
91
88
75
70
76
96
98
87
74
70
65
60
67
67
66
60
61
65
65
70
72
69
64
51
37
34
34
36
41
45
53
56
48
38
34
39
37
29
27
38
41
33
17
8
13
33
54
65
65
67
69
69
72
80
82
86
87
77
75
86
91
92
85
74
70
71
82
86
76
70
65
52
37
25
34
53
55
49
45
58
67
64
64
73
81
69
56
66
74
70
56
43
41
48
55
57
50
41
39
41
38
24
18
17
4
-10
-22
-25
-21
-17
-20
-23
-18
-17
-11
3
21
41
52
56
64
68
74
74
68
61
67
77
83
73
66
72
84
86
84
81
69
54
49
43
40
43
51
49
41
36
35
39
37
22
11
12
20
26
26
24
25
26
35
40
50
64
73
84
104
129
136
132
121
122
128
120
117
106
97
86
76
67
54
40
21
12
19
20
17
10
4
-4
-11
-17
-19
-6
6
2
-3
-4
-5
-4
-1
4
11
23
39
55
67
64
58
60
69
72
73
74
71
64
60
70
82
88
87
83
70
56
53
53
51
54
57
58
60
65
56
49
43
44
50
55
55
45
34
27
20
7
2
4
10
24
25
16
9
20
35
37
33
32
32
35
40
49
52
57
64
68
74
72
64
52
49
53
44
35
28
36
51
67
70
72
74
74
75
76
75
76
86
98
101
103
107
103
99
91
74
57
49
36
26
18
8
0
-1
3
10
23
23
19
19
20
16
24
41
53
58
65
60
56
55
56
61
69
72
81
74
60
57
72
82
80
71
60
57
55
64
82
96
103
103
91
86
89
90
88
85
82
81
73
60
44
33
26
26
27
40
42
36
34
32
35
40
37
28
25
37
53
54
48
45
49
44
42
39
37
39
51
65
66
54
51
57
64
64
70
83
86
73
64
68
73
70
56
49
52
60
64
60
51
38
34
28
19
12
20
40
56
56
42
38
50
57
60
54
33
16
21
45
67
65
54
56
65
68
68
58
54
52
51
52
49
38
25
23
33
29
22
23
26
26
36
48
50
53
55
54
53
48
42
45
44
43
41
42
48
52
54
51
51
48
42
42
48
49
40
29
21
9
4
8
17
32
38
23
4
6
32
41
32
21
19
22
26
33
34
34
36
39
40
41
39
26
22
22
24
28
38
54
52
36
35
56
72
76
72
64
58
66
60
44
32
26
33
38
43
48
35
22
10
2
-4
-5
-7
-19
-29
-38
-27
-8
5
4
6
17
27
41
59
71
76
80
81
82
87
97
104
108
103
92
85
87
102
107
103
102
96
88
89
85
68
45
24
11
11
21
34
48
58
67
72
81
86
84
77
66
56
72
103
130
138
134
130
144
152
149
144
145
161
168
166
168
187
208
215
225
244
266
278
281
284
289
282
272
261
251
243
242
236
221
211
189
169
151
133
120
112
109
100
71
45
40
48
50
32
7
2
6
4
-6
-11
-22
-52
-82
-84
-73
-82
-98
-101
-89
-72
-69
-74
-74
-66
-57
-51
-37
-33
-38
-38
-39
-41
-35
-22
-7
1
-4
-11
-13
-18
-17
-12
-12
-21
-34
-44
-51
-53
-51
-52
-67
-72
-65
-57
-61
-72
-69
-55
-43
-40
-39
-39
-36
-22
-14
-23
-28
-35
-45
-50
-35
-19
-21
-30
-38
-35
-33
-33
-28
-21
-12
-10
-13
-18
-20
-20
-13
-3
-5
-7
-5
-7
-7
-1
8
24
48
66
66
57
60
70
72
72
73
75
73
75
83
69
50
41
39
36
37
37
28
37
44
42
38
25
5
-6
-13
-18
-9
6
20
27
25
11
6
17
26
28
27
28
28
40
57
65
58
52
45
51
58
60
54
51
66
84
86
84
97
115
122
120
113
107
108
107
99
88
77
68
60
60
57
55
54
59
66
70
67
60
50
36
28
32
37
39
42
49
48
41
50
59
65
50
37
43
57
65
65
57
44
44
57
49
33
36
44
48
36
20
18
32
40
42
39
42
57
73
90
96
91
90
92
93
96
80
60
53
53
55
52
42
29
18
11
13
19
20
22
26
36
41
48
51
48
45
61
82
97
106
103
99
101
93
85
81
82
81
72
66
61
55
41
36
32
16
-2
-9
-12
-12
-6
5
11
18
27
36
42
56
73
90
101
102
104
116
128
128
132
133
115
98
90
85
83
87
76
56
49
42
33
17
-10
-36
-53
-60
-60
-59
-56
-46
-27
-4
20
35
48
59
69
74
83
89
102
115
104
80
69
74
85
84
71
60
55
48
27
13
8
8
3
2
12
23
28
37
34
20
21
35
50
57
56
48
51
65
81
82
84
93
104
114
115
103
96
90
87
87
92
82
65
54
50
49
52
53
53
50
45
45
51
55
51
42
39
44
45
44
65
80
68
52
53
54
48
39
39
40
43
41
33
25
26
16
-3
-12
-17
-12
-13
-12
-8
2
12
12
7
17
34
42
49
55
67
80
74
70
75
84
90
92
98
112
120
116
108
122
134
137
137
136
136
134
128
121
113
97
86
80
82
85
69
49
36
35
26
6
-6
-6
2
7
6
-6
-22
-26
-22
-17
-22
-39
-45
-28
-2
10
4
-7
-12
-2
18
39
66
86
89
85
82
83
87
98
105
108
100
75
54
41
39
48
61
65
49
33
20
18
25
38
48
52
52
52
55
56
54
53
60
68
60
51
57
84
97
85
68
55
48
42
41
42
40
26
23
29
41
44
27
10
11
21
35
43
48
38
23
12
12
25
51
66
77
99
116
118
119
121
123
122
118
113
103
99
87
83
91
88
69
44
27
21
17
9
7
-1
-18
-21
-21
-21
-19
-17
-9
-7
3
19
32
41
45
48
42
40
53
64
56
41
33
38
53
69
71
64
54
44
39
35
35
40
50
52
43
33
17
12
29
48
51
50
44
39
39
48
49
49
44
50
55
48
37
39
49
59
68
65
54
50
56
73
88
89
76
70
73
74
72
75
81
76
73
73
80
72
54
41
43
57
65
64
64
60
57
55
60
65
55
41
36
35
40
52
68
70
59
58
59
36
11
12
26
36
39
41
37
35
42
50
43
39
44
48
40
41
57
71
55
39
40
48
42
32
33
39
40
41
35
26
23
23
26
34
37
43
56
58
52
43
42
51
56
64
72
73
74
82
87
99
117
129
132
130
116
106
103
99
85
72
68
65
57
44
32
20
22
24
20
9
-1
-8
-12
-20
-23
-25
-35
-38
-21
2
9
5
3
12
27
35
33
26
26
34
51
66
72
74
75
72
72
73
65
50
43
48
57
58
42
20
11
17
20
24
29
33
36
27
25
33
37
43
51
54
61
77
97
101
84
65
64
73
87
92
81
56
40
33
24
20
26
36
36
33
33
40
40
40
42
36
