73
76
87
96
88
77
77
70
64
61
64
64
57
64
65
51
34
20
16
32
50
44
34
29
36
38
43
52
50
42
40
40
37
40
44
45
54
68
83
84
80
87
96
91
75
65
69
75
72
65
65
61
54
50
50
51
54
60
65
58
61
60
53
54
61
60
57
64
74
83
77
75
80
71
64
56
42
28
28
34
38
41
42
35
22
22
37
64
85
98
100
89
86
92
92
81
69
64
58
60
64
60
57
50
35
22
18
32
50
49
26
6
1
3
1
1
3
9
10
10
9
-2
-18
-23
-12
-3
9
24
36
32
23
25
35
48
55
54
45
43
51
52
57
64
66
75
85
88
76
59
56
59
60
58
52
44
39
41
48
48
43
37
24
16
25
44
49
45
41
40
51
67
82
89
82
74
74
75
67
49
32
21
18
24
27
28
28
24
13
8
4
3
-5
-8
-5
-2
1
11
28
37
39
49
48
43
56
73
90
100
98
96
105
112
106
106
113
113
105
109
114
99
83
64
54
51
44
35
23
22
21
12
8
10
5
1
7
26
40
38
27
32
36
33
22
23
38
49
58
66
60
51
51
57
60
65
67
57
43
37
32
24
27
34
33
33
38
48
56
45
34
27
29
40
55
74
87
91
84
73
68
70
75
80
80
68
50
34
27
34
34
28
23
13
4
9
12
17
32
52
67
60
50
55
73
85
88
92
100
92
86
86
83
72
59
48
37
27
23
24
28
36
45
43
22
-1
-7
4
21
22
18
20
34
51
57
57
67
69
61
58
58
56
67
74
72
67
64
59
57
57
64
69
68
64
60
67
68
69
68
68
61
55
54
57
57
50
42
44
56
58
60
72
83
74
61
68
75
67
55
50
52
55
53
48
37
24
18
23
29
38
36
20
-1
-8
-9
-3
8
20
33
36
27
12
11
18
17
18
23
34
43
56
67
77
72
55
52
59
67
59
51
48
53
55
53
48
42
40
38
37
35
36
43
56
64
66
72
75
74
70
65
64
70
82
87
97
100
99
90
76
64
55
53
52
50
45
44
48
58
71
75
74
68
60
54
43
41
48
50
45
41
38
37
27
23
28
32
28
22
16
10
10
16
27
38
33
28
41
56
59
57
59
65
69
75
76
80
80
75
71
72
80
89
96
97
99
89
65
39
37
45
51
53
64
71
73
72
64
60
64
56
59
69
66
60
65
72
71
56
42
36
40
49
45
36
22
7
-3
-5
-6
-3
1
0
0
1
2
4
6
16
33
37
37
42
54
65
70
71
61
54
55
51
49
53
53
34
25
34
36
25
18
23
32
40
48
38
20
12
21
36
45
49
56
58
42
24
22
42
70
85
89
96
101
112
106
90
82
75
65
55
60
73
74
68
66
66
54
38
27
28
50
67
74
72
67
64
64
73
74
57
44
52
61
65
64
67
72
75
71
66
72
82
81
71
65
65
67
65
61
56
39
21
19
23
27
23
17
23
36
44
37
6
-12
-9
2
9
4
3
12
22
20
21
20
20
26
32
39
44
50
57
66
60
49
39
38
40
29
18
18
25
32
26
27
28
26
44
68
82
91
92
84
70
77
96
101
100
91
68
48
38
34
33
41
52
53
41
37
29
20
18
19
16
10
10
11
11
8
10
21
23
16
4
1
2
10
13
6
3
5
7
11
16
11
7
10
20
23
24
32
37
37
38
39
41
37
28
26
43
64
74
76
74
73
88
106
99
84
71
71
81
86
86
77
56
38
38
45
40
32
33
38
44
50
56
68
76
85
98
106
104
112
130
138
137
131
128
133
140
139
135
129
115
99
86
90
108
113
98
86
87
82
65
68
96
113
118
123
130
134
137
137
134
132
135
141
147
146
138
130
117
113
113
106
92
81
74
76
80
80
68
41
23
28
43
53
52
34
16
17
21
19
17
6
-1
4
20
28
26
25
24
18
9
4
-2
-6
-20
-30
-40
-44
-44
-40
-52
-68
-71
-58
-42
-39
-43
-50
-46
-36
-27
-26
-29
-34
-37
-36
-28
-18
-3
1
-3
0
10
33
48
55
53
36
21
32
54
70
69
66
71
84
86
84
83
82
85
97
97
86
74
60
37
16
5
4
11
17
21
32
33
27
25
18
6
3
6
20
25
23
18
24
37
48
44
37
34
32
24
20
25
43
68
84
70
48
28
22
32
44
54
57
59
57
54
61
65
58
51
43
38
39
53
67
83
96
99
88
73
67
58
55
59
67
73
73
81
91
97
88
73
60
68
83
80
69
60
50
33
23
33
40
37
34
33
35
42
55
52
42
42
42
36
27
23
19
13
10
2
-1
7
12
16
18
20
18
12
17
21
27
36
34
33
40
34
22
25
35
33
26
25
28
27
22
21
21
22
35
49
52
42
33
25
33
41
42
39
33
35
43
39
27
33
42
49
49
44
41
43
55
80
98
100
89
82
75
81
84
86
88
88
82
71
65
53
42
44
54
54
52
52
48
38
38
42
48
42
36
28
27
38
54
58
59
65
73
82
85
93
84
65
64
70
69
64
66
77
84
70
58
44
27
16
17
21
22
20
21
22
25
25
20
16
11
8
3
2
11
21
22
26
28
24
19
21
32
41
52
60
68
66
60
68
76
74
71
75
89
97
102
107
104
93
86
91
92
97
103
101
101
96
76
56
42
39
42
42
35
22
10
2
-6
-9
-5
2
9
18
21
16
5
4
12
20
25
33
35
41
55
58
54
54
56
51
40
27
26
25
18
23
34
35
28
25
20
17
26
48
66
76
86
89
91
92
92
91
92
87
80
76
84
82
71
64
67
77
87
99
96
87
85
80
76
80
76
76
74
71
67
56
41
33
32
34
33
38
50
51
52
53
50
49
57
59
56
58
60
61
60
59
66
66
59
60
66
60
56
50
38
37
42
50
43
33
26
26
20
13
10
5
7
16
16
16
19
20
17
5
1
0
-1
1
10
12
9
4
-3
-5
-4
2
10
22
29
37
40
34
22
18
12
21
44
60
59
54
48
40
42
57
71
75
72
56
36
32
40
45
41
35
43
60
68
64
55
55
65
75
72
60
65
70
66
51
42
41
41
38
39
40
34
38
57
69
59
44
32
20
12
11
22
34
36
34
43
70
98
102
92
82
76
82
85
89
105
123
124
112
98
90
85
76
80
86
88
81
70
66
66
66
60
65
70
70
70
69
71
85
87
71
52
42
48
54
60
69
69
65
71
87
101
113
108
96
90
92
98
102
99
96
91
89
87
82
83
93
114
108
85
61
48
38
39
50
60
55
49
43
43
53
71
76
73
75
85
90
85
74
72
71
66
64
54
49
48
35
24
22
20
10
2
-9
-13
-5
2
0
-6
-11
-8
0
7
8
2
-2
4
10
11
18
33
43
37
24
28
42
44
44
51
61
68
69
67
56
54
59
66
59
44
37
33
25
17
11
18
37
52
48
38
36
36
29
25
28
35
34
29
32
40
52
65
69
57
52
58
77
98
99
88
71
65
73
80
80
80
73
65
51
42
39
32
12
6
19
28
27
26
28
26
17
19
36
53
59
64
68
75
76
66
53
48
48
49
45
45
42
32
13
0
-9
-3
11
20
21
16
19
23
21
11
24
51
70
76
61
42
38
49
68
77
75
68
54
44
41
45
48
37
21
3
-12
-27
-39
-42
-29
-20
-27
-41
-44
-43
-43
-40
-22
4
26
37
43
64
82
96
100
96
90
88
85
71
55
48
43
50
51
43
32
32
41
49
43
37
41
54
60
54
43
44
55
64
59
55
48
38
24
18
24
39
36
26
25
36
44
40
32
23
20
19
24
38
41
35
28
26
27
36
41
41
40
38
37
26
19
24
41
56
65
66
64
60
70
76
86
91
87
72
64
59
60
57
53
55
60
60
49
28
20
21
22
23
34
44
48
40
35
34
33
25
20
10
1
-5
-9
-18
-20
-21
-20
-11
-10
-11
-21
-33
-21
3
18
24
33
48
59
66
66
69
80
85
97
113
121
117
98
85
86
83
71
71
77
74
60
55
51
43
48
53
42
34
32
37
55
70
67
66
81
97
92
75
66
58
60
72
90
99
89
68
52
51
54
54
48
41
40
36
32
32
44
48
48
50
49
44
34
23
25
40
58
69
73
71
73
82
80
82
89
92
84
74
70
66
65
66
64
58
56
50
42
40
37
18
4
5
9
9
9
3
-9
-12
-4
7
12
10
7
5
3
9
17
12
10
22
37
48
51
57
61
56
50
45
51
54
53
54
65
71
74
73
60
56
53
49
49
49
39
28
28
43
59
56
39
28
18
6
6
17
33
43
49
42
40
51
58
66
68
60
52
50
50
55
73
83
68
40
16
5
10
33
48
43
37
32
27
18
9
4
7
18
28
37
42
54
65
68
71
72
70
73
74
83
98
101
100
102
93
77
70
66
70
74
81
76
60
53
45
38
32
36
41
51
67
82
97
107
114
108
101
98
93
92
88
83
84
81
76
82
92
92
91
101
115
115
109
113
106
98
89
83
76
69
67
70
70
69
68
71
80
81
71
66
56
37
23
27
26
22
6
-6
-2
20
36
41
43
56
66
64
57
67
88
107
106
88
67
51
53
56
58
66
70
68
58
52
51
49
44
37
32
42
58
57
44
37
39
49
44
27
10
11
33
55
58
50
40
37
36
41
53
65
66
68
70
61
52
48
42
38
34
26
21
18
9
8
7
9
16
20
11
1
1
7
17
11
11
21
33
39
45
48
48
54
66
72
65
38
21
16
18
34
50
59
61
59
57
56
54
48
36
22
20
34
42
41
34
35
37
27
10
3
4
12
19
10
2
4
10
20
23
16
8
10
12
7
4
-1
0
9
26
34
36
39
39
42
48
55
69
75
72
60
59
68
68
74
86
88
87
84
82
83
83
76
68
59
67
75
74
67
52
38
38
41
40
29
27
37
43
52
55
53
50
38
22
25
48
51
39
37
41
42
35
33
39
42
35
36
44
57
64
59
60
70
70
71
73
70
66
59
59
60
56
55
60
72
77
66
37
25
51
76
76
67
61
55
39
32
38
52
65
71
66
64
66
67
64
53
42
39
50
59
64
56
64
68
73
69
68
76
92
98
86
71
57
59
71
82
80
69
57
54
54
60
60
49
39
39
34
28
38
51
53
51
53
50
37
25
32
37
36
37
36
20
12
22
38
44
38
29
26
26
33
33
25
22
22
19
26
35
23
13
19
28
28
17
16
20
20
18
22
34
35
23
12
8
8
6
-1
-4
5
7
-1
-4
2
13
28
35
38
39
38
45
53
43
22
10
11
24
34
32
28
26
27
27
36
54
71
76
75
75
72
67
52
43
54
77
89
89
83
70
49
37
39
43
49
52
57
64
66
67
56
42
33
36
49
53
48
36
36
42
42
36
18
2
0
1
3
6
9
19
25
32
32
34
42
51
56
56
58
53
51
56
66
69
71
80
75
81
85
70
51
42
48
58
69
67
66
70
72
71
67
70
83
92
92
76
65
65
57
50
48
54
64
59
48
33
24
29
23
5
-6
2
16
24
24
18
9
8
16
17
20
21
25
34
42
50
49
42
50
66
84
88
86
73
56
44
45
51
54
64
69
68
56
48
42
41
48
58
72
83
80
73
74
82
92
99
101
96
73
58
50
40
40
49
55
58
52
40
28
23
19
13
9
6
2
6
17
34
44
53
55
57
64
71
64
49
43
52
60
60
50
41
41
44
48
54
60
65
64
67
69
58
41
40
44
49
53
56
69
80
84
75
65
56
67
81
89
97
103
109
103
88
82
88
92
90
84
85
85
65
50
55
59
42
19
4
-2
-1
2
5
2
0
2
-1
0
13
26
36
42
43
44
50
52
52
49
48
53
68
77
82
84
88
101
118
124
116
98
86
85
83
80
71
65
65
67
67
81
99
96
75
60
52
55
67
70
64
52
45
42
37
34
37
40
39
35
17
4
8
19
20
8
1
3
13
20
22
20
8
5
8
4
-7
-9
-3
4
10
21
36
50
57
58
56
60
74
75
74
85
102
107
98
83
73
67
64
65
71
80
91
96
81
61
56
54
52
55
55
52
40
35
37
43
35
20
16
18
22
25
23
7
-4
0
5
12
20
37
48
35
19
10
9
8
11
16
22
28
28
34
39
42
48
50
42
39
50
50
43
48
56
59
54
54
59
64
67
66
59
55
60
75
85
72
51
39
37
28
22
18
18
28
43
36
17
10
16
13
17
23
24
23
23
36
51
61
66
54
38
33
40
64
60
50
52
60
66
65
56
44
37
33
34
35
23
12
9
6
6
13
20
26
34
51
76
96
97
85
75
84
96
90
74
68
67
67
80
88
91
81
64
60
73
91
100
89
76
70
68
68
70
70
61
60
70
70
57
45
41
39
38
35
37
44
52
56
56
59
57
54
56
66
72
73
71
71
81
97
103
100
97
103
119
130
120
102
98
101
99
97
89
81
65
49
37
19
2
-9
-17
-17
-10
-8
-5
-5
-7
-11
-18
-25
-25
-12
-5
0
1
-8
-27
-40
-42
-28
-6
10
19
20
25
34
37
44
45
40
39
53
72
81
81
72
68
72
73
71
65
54
48
41
33
35
53
72
82
80
76
81
85
87
71
58
57
65
68
68
69
70
65
64
60
71
81
80
69
57
49
42
36
37
50
60
68
66
58
57
58
60
70
85
101
113
112
106
103
96
85
87
97
98
96
91
76
60
55
51
44
44
50
50
42
41
40
39
43
41
32
22
19
24
33
26
3
-18
-24
-21
-19
-21
-26
-28
-19
-6
4
4
2
8
18
24
34
49
48
32
34
52
64
65
66
64
68
74
73
71
70
68
68
69
70
64
54
43
38
37
40
42
38
37
34
35
42
44
29
19
26
41
34
18
13
22
34
44
49
40
33
29
32
26
24
26
34
27
20
18
5
-4
6
23
37
50
54
57
52
49
55
68
75
83
80
67
67
77
87
87
87
88
81
69
67
66
56
49
45
41
37
41
53
58
51
35
23
12
11
21
38
54
54
44
34
27
32
40
42
38
42
54
55
40
29
29
33
32
34
44
54
55
64
65
54
50
55
59
60
64
66
58
53
55
69
77
75
67
58
68
80
81
69
68
73
73
69
70
64
55
48
44
40
26
8
9
22
32
34
34
29
29
33
33
38
50
59
70
71
61
52
43
45
50
52
56
65
65
49
34
34
40
42
40
45
43
32
27
33
35
39
54
69
75
80
71
59
51
40
52
68
60
32
4
-3
-4
-11
-27
-39
-37
-25
-17
-13
-21
-13
0
12
20
21
25
24
21
27
38
35
23
21
26
36
48
65
88
103
100
88
83
82
82
86
92
105
108
106
105
96
87
83
81
81
81
72
71
76
83
87
89
88
81
81
83
86
92
96
89
81
76
76
65
54
53
44
34
28
32
22
8
7
17
33
42
34
17
2
-7
-9
7
32
43
52
59
67
77
80
71
69
75
90
102
103
101
96
93
103
106
101
89
84
88
97
91
74
61
51
45
41
37
39
38
27
21
18
21
27
25
25
23
16
6
-5
-6
-3
-3
-9
-21
-24
-22
-21
-24
-18
0
19
29
28
29
40
58
77
90
87
74
73
81
70
57
56
53
38
27
27
38
40
38
40
45
52
50
39
22
9
8
21
40
48
41
35
37
37
32
29
35
43
57
58
42
24
19
28
36
23
11
13
20
18
17
19
24
24
21
21
28
42
53
65
66
66
76
90
104
107
100
85
74
73
77
80
70
54
43
41
40
34
29
28
25
23
32
36
36
37
48
53
58
76
91
100
98
98
106
113
116
118
115
107
105
104
97
84
70
52
43
45
49
42
36
26
20
13
4
1
12
36
44
37
24
17
16
24
39
49
54
56
57
58
53
50
56
66
68
61
51
40
35
35
34
34
48
56
58
50
44
52
50
42
44
49
50
48
41
38
38
34
21
6
3
18
49
73
76
67
59
58
65
74
82
74
65
57
60
74
90
91
84
71
59
58
81
109
119
120
120
108
90
75
68
71
88
105
115
116
112
100
96
100
103
100
97
92
99
96
76
67
70
68
56
36
37
44
38
34
29
27
17
-12
-39
-38
-28
-28
-36
-39
-42
-37
-29
-28
-27
-24
-25
-35
-37
-30
-18
-1
10
13
20
34
45
59
74
83
75
75
89
91
81
65
66
81
86
83
82
72
56
45
44
50
40
37
40
44
55
51
34
23
32
49
64
75
76
75
76
75
80
89
96
87
88
91
96
93
82
70
60
49
34
23
20
22
17
4
-1
-2
-2
-3
-11
-34
-57
-68
-50
-2
43
69
82
85
84
85
91
85
66
54
56
76
99
99
83
76
82
75
59
42
41
55
76
82
69
50
36
32
33
28
27
32
38
44
53
66
68
64
64
65
64
66
74
83
85
85
80
72
57
44
51
57
56
42
28
27
28
25
24
25
25
28
38
45
50
39
32
36
50
74
83
74
68
73
82
75
70
69
64
49
44
56
57
53
51
48
40
33
18
-2
-11
1
41
84
107
109
113
121
131
114
87
71
64
55
52
55
65
80
86
84
76
66
60
69
84
91
85
70
61
55
40
23
25
43
52
49
53
61
58
56
56
48
36
39
44
43
40
35
32
20
11
9
8
10
11
12
16
23
32
32
24
23
26
16
0
0
12
20
25
37
40
40
38
40
51
64
66
69
72
71
80
103
121
116
92
72
73
88
105
121
121
115
101
71
54
58
71
76
81
75
74
75
73
65
58
65
80
99
108
99
76
73
84
87
84
80
69
53
49
58
66
60
53
38
25
24
27
25
22
22
9
-7
-14
-2
8
3
-2
6
22
27
24
24
35
52
67
68
61
59
75
90
93
93
99
101
93
73
49
27
18
8
4
12
16
4
-9
-25
-41
-46
-38
-18
1
-1
-11
-17
-12
-8
-2
21
40
44
50
51
53
58
67
69
69
58
45
50
65
81
96
98
93
86
67
56
60
58
48
36
34
32
32
32
33
24
17
18
26
37
37
28
13
2
2
18
33
38
41
49
65
71
66
68
70
54
34
27
34
40
41
40
33
34
39
40
33
21
8
9
22
28
27
37
45
48
42
49
60
85
112
125
116
112
116
112
99
91
98
103
93
81
71
56
40
41
41
36
28
18
8
6
4
3
6
13
20
18
16
22
37
28
8
-4
-1
8
17
11
8
9
22
39
48
44
42
44
58
71
74
70
60
56
56
59
70
81
90
90
85
82
81
81
84
85
83
75
74
74
65
48
34
25
25
35
33
27
33
40
40
24
17
12
10
8
12
17
10
5
0
-2
-5
-4
-13
-25
-21
-6
-2
-6
-6
5
10
9
17
21
22
26
34
40
52
59
70
75
84
90
88
66
43
36
38
39
28
20
18
9
4
2
2
6
11
25
39
49
57
69
74
69
67
74
81
81
82
85
86
88
86
82
76
73
69
55
48
55
73
90
96
85
80
80
83
80
65
58
58
57
60
69
74
69
49
33
25
29
32
28
21
7
-5
-11
-6
0
3
4
5
11
18
21
21
13
9
2
0
4
6
9
16
27
41
39
28
28
41
40
33
29
40
52
56
59
61
57
51
60
69
68
71
84
101
114
100
75
67
68
67
57
52
54
53
43
36
27
23
26
33
28
23
27
39
42
41
38
41
40
29
26
34
45
52
52
54
54
48
48
59
66
59
56
57
59
58
65
76
84
97
106
107
96
81
80
86
90
88
84
80
71
68
65
61
54
48
52
55
49
38
38
39
35
36
38
41
44
28
8
5
21
37
49
65
74
69
53
44
51
55
54
54
60
69
65
56
53
56
57
55
56
55
51
41
35
41
45
48
59
61
55
56
51
37
28
26
32
42
55
66
70
64
51
38
38
42
43
40
51
70
76
66
55
51
48
42
42
49
57
60
51
38
23
20
28
41
51
55
49
44
52
53
39
20
20
29
39
37
37
43
56
57
52
58
69
64
51
52
54
40
24
24
26
26
20
18
27
36
35
34
45
57
67
71
68
67
69
72
77
83
86
75
69
66
68
81
85
74
66
68
70
60
48
34
21
10
4
5
16
19
16
16
16
12
5
7
20
28
25
19
11
20
37
43
38
36
44
53
60
57
44
41
42
53
66
71
73
82
84
75
70
75
84
84
83
85
83
83
82
80
81
72
61
54
55
54
53
54
48
44
39
33
39
49
48
42
38
44
48
41
42
41
40
41
41
39
36
34
33
32
25
20
20
20
20
10
10
16
25
39
40
36
26
22
26
34
39
41
53
66
80
77
66
59
57
50
41
41
54
68
76
82
81
69
54
42
37
27
18
8
16
34
56
70
73
76
81
90
91
83
74
75
77
71
66
64
55
52
44
40
36
32
36
49
52
44
45
52
53
54
49
36
29
36
50
54
51
55
61
66
73
82
81
72
74
88
91
80
60
51
52
52
51
49
50
58
66
58
49
58
81
85
69
53
49
50
45
43
48
57
57
52
54
59
64
50
39
39
41
41
35
22
16
12
9
-1
-21
-36
-35
-22
7
37
39
28
33
36
42
52
49
37
32
33
40
54
76
102
108
91
73
67
66
64
70
77
80
71
60
50
41
48
52
44
38
39
49
56
42
24
24
34
32
25
16
8
17
33
49
52
48
44
53
66
70
58
44
39
44
45
37
33
37
39
20
4
9
27
40
41
40
42
44
37
36
50
64
69
69
57
45
42
52
67
70
68
61
51
44
50
51
40
33
32
35
34
26
23
21
23
34
38
43
58
70
73
69
53
37
42
53
56
50
41
38
28
25
24
19
16
11
10
7
8
16
24
36
43
49
45
44
41
38
44
61
69
69
61
51
40
40
52
64
64
59
59
57
51
50
52
54
51
51
52
52
55
56
54
54
52
55
68
70
53
49
59
72
76
75
73
69
64
60
70
75
68
50
38
37
34
27
38
57
60
58
57
52
36
20
16
23
34
38
41
34
17
2
2
18
26
20
12
19
36
49
55
60
72
89
93
84
80
84
84
72
69
67
70
70
68
57
42
35
28
26
32
32
33
37
37
28
26
27
35
44
55
66
60
57
66
71
66
64
65
66
67
72
81
83
74
68
68
68
59
48
38
32
32
27
24
26
28
19
9
16
21
23
13
1
-1
7
21
34
45
53
53
56
60
69
76
85
85
75
66
61
64
65
43
20
4
4
11
20
23
27
32
39
42
42
42
41
49
58
68
67
69
66
55
43
41
42
44
55
66
80
89
92
96
90
76
68
66
60
54
48
52
64
65
66
67
70
69
59
49
44
56
70
71
56
43
49
59
68
73
81
82
70
57
54
58
58
44
24
12
16
21
11
-2
-3
6
10
9
16
33
37
35
29
27
27
22
17
10
4
2
13
34
44
42
33
23
22
28
38
45
41
28
34
48
42
44
57
66
59
52
50
54
65
73
75
70
72
61
52
49
42
33
27
32
37
45
58
59
43
23
16
24
28
35
42
52
44
18
-1
7
25
36
41
51
56
53
41
29
27
39
69
88
82
72
73
76
75
75
71
58
54
52
54
66
80
81
70
61
67
72
73
75
76
73
71
71
75
81
77
75
80
89
100
105
101
86
75
71
66
54
51
48
33
19
17
11
-3
-21
-27
-22
-8
4
9
10
19
36
35
19
4
6
24
36
37
34
33
36
43
48
49
51
53
60
60
52
48
42
45
58
73
76
65
48
52
70
84
77
72
67
58
60
80
96
97
89
87
92
98
83
70
68
67
70
75
80
66
48
43
53
53
48
39
38
50
59
68
59
50
43
41
41
40
35
38
42
40
33
16
10
20
22
16
2
2
10
10
5
