88
97
105
112
107
104
114
123
120
99
83
81
80
77
75
72
73
68
49
36
32
33
33
35
49
48
40
39
37
35
25
11
17
26
32
43
56
54
44
35
39
51
53
44
38
39
40
50
54
53
50
45
44
39
27
19
19
24
25
20
17
11
5
11
21
22
21
25
32
39
49
54
59
64
61
61
61
61
65
64
69
67
56
53
65
61
51
42
48
54
57
58
55
55
59
72
81
89
89
84
75
72
66
57
56
51
33
11
1
-2
-7
-11
-7
6
24
35
27
23
26
27
21
9
1
7
27
39
34
34
39
39
49
60
66
61
59
58
64
81
97
88
64
52
53
51
56
71
68
49
43
50
50
44
41
37
34
28
27
21
16
10
5
5
11
11
6
1
6
25
48
48
38
36
44
60
69
74
75
80
86
89
84
82
80
82
83
81
77
73
68
60
66
86
108
113
102
99
102
104
90
67
51
48
54
66
69
68
68
64
51
36
32
29
28
27
23
23
20
26
43
53
48
34
32
37
44
52
53
52
53
56
59
53
39
33
28
32
29
32
36
36
33
25
23
32
43
42
34
24
29
48
48
40
43
52
60
64
53
36
33
44
60
80
83
69
56
54
60
70
72
73
72
72
68
55
49
49
50
57
69
59
55
56
44
44
51
45
37
38
49
55
55
55
55
68
83
81
66
66
69
73
74
73
85
99
90
83
82
80
82
83
70
58
55
52
51
40
23
17
33
42
37
33
25
22
19
20
24
24
28
39
42
35
23
20
20
23
27
32
26
20
26
40
41
36
29
26
27
36
38
36
28
26
34
41
42
42
36
17
18
33
41
49
54
60
58
49
42
49
59
71
83
82
75
77
81
81
76
73
71
69
76
86
77
64
58
65
65
54
50
49
43
39
40
35
22
12
18
21
20
22
26
40
55
61
65
70
73
70
68
76
90
98
83
71
75
76
73
59
54
55
60
65
55
39
37
49
54
49
42
48
60
73
74
70
71
85
91
83
67
66
73
68
55
60
72
70
49
24
8
6
6
4
-12
-33
-38
-30
-35
-41
-45
-43
-27
-23
-22
-13
-7
-1
7
17
35
55
66
72
85
89
89
89
87
80
73
80
92
96
83
70
59
53
48
45
51
66
85
91
92
87
83
85
80
67
68
81
84
85
82
74
60
49
49
48
49
53
53
57
67
55
28
17
11
17
28
32
19
21
29
24
12
25
58
75
75
67
54
54
61
64
55
43
33
35
38
32
27
32
29
22
17
12
8
11
25
41
52
58
69
71
67
72
85
89
85
87
97
92
82
74
69
58
50
40
32
35
37
33
34
48
65
73
77
74
60
51
49
44
42
42
39
38
50
55
44
32
26
29
37
43
44
44
51
49
33
24
33
36
25
20
17
13
21
24
25
22
18
22
34
36
21
9
21
34
40
38
34
40
40
42
56
72
83
82
81
83
82
76
56
40
41
41
33
29
26
21
22
20
7
1
6
12
22
42
60
65
64
67
65
65
60
52
49
67
85
85
70
61
68
71
69
80
96
99
96
86
80
71
65
51
38
33
34
37
38
37
38
49
57
56
51
53
55
49
36
32
38
55
67
60
60
71
71
58
43
42
56
65
60
60
72
82
80
82
77
76
84
92
85
60
48
42
40
42
39
21
4
4
23
45
58
53
40
45
54
58
68
73
86
98
101
81
60
53
56
64
66
58
58
70
55
35
27
27
27
24
12
9
18
33
42
40
33
36
37
23
8
3
0
2
11
19
25
49
76
96
89
81
76
70
69
68
61
57
52
43
33
21
9
11
8
3
9
13
13
13
9
8
16
22
21
24
39
42
29
23
33
37
41
50
45
32
21
24
41
53
51
51
50
52
52
49
53
69
74
60
48
40
39
50
59
66
71
70
59
51
49
53
57
56
48
33
24
29
29
18
3
-3
6
25
34
20
9
16
40
64
59
37
27
39
50
56
55
56
60
64
64
68
75
81
76
82
84
81
72
67
69
74
72
72
73
70
64
71
96
102
77
65
81
112
120
112
101
88
73
66
65
69
73
76
74
58
48
42
36
26
23
25
35
41
51
52
39
42
52
43
34
36
48
51
44
38
34
44
64
66
61
56
32
17
22
28
26
12
-1
-5
1
11
22
25
36
53
68
73
55
51
67
83
84
69
52
56
75
86
80
66
55
52
49
55
73
80
69
57
51
38
21
18
26
24
9
-3
-11
-13
-5
4
12
17
8
7
12
10
4
6
20
34
34
13
-3
-5
2
13
26
37
37
34
36
41
36
21
10
12
26
29
24
17
9
12
27
37
39
41
48
44
39
37
37
40
44
38
23
23
36
45
57
66
64
52
43
48
57
68
69
65
71
81
76
73
66
49
49
66
84
83
76
75
96
107
92
86
86
82
72
60
55
51
40
40
44
51
64
77
76
69
60
56
56
54
43
32
16
9
27
52
44
32
27
24
23
28
32
22
22
34
40
45
50
53
54
48
38
33
29
28
26
22
25
38
48
53
44
25
19
23
34
29
25
32
40
49
54
57
59
56
55
59
65
68
76
89
91
87
84
80
92
98
75
66
71
73
70
53
34
26
39
56
66
68
69
56
52
54
61
73
77
75
81
86
84
80
76
80
85
82
74
66
64
60
52
50
56
52
50
55
68
68
65
59
66
85
104
118
121
122
124
128
139
154
162
163
170
184
201
205
192
184
182
176
166
152
139
135
134
113
89
83
69
50
39
41
39
25
20
27
36
41
40
24
9
6
5
10
10
1
-4
-7
-5
-2
-8
-17
-21
-24
-25
-24
-20
-19
-26
-37
-52
-57
-59
-60
-56
-44
-44
-57
-55
-37
-24
-26
-25
-14
-2
10
12
10
12
18
25
35
29
9
2
6
11
11
2
-17
-23
-17
-19
-33
-30
-17
0
3
-11
-26
-23
-12
-2
0
3
5
4
1
5
11
11
10
8
-2
2
8
3
5
11
16
6
-3
-2
3
0
3
9
21
37
44
51
60
70
70
66
75
92
92
88
85
80
76
84
84
71
64
67
69
64
55
54
59
51
35
21
9
2
-5
-10
-10
0
9
19
23
32
54
72
76
75
76
82
84
80
69
60
64
60
59
64
57
53
56
66
67
60
58
68
73
72
72
65
53
59
74
82
73
70
75
73
66
74
90
88
74
61
61
64
59
60
59
53
44
43
56
69
64
57
67
66
53
48
50
53
51
56
55
43
42
54
60
57
48
36
24
24
34
43
48
37
21
19
32
38
36
35
42
60
80
81
60
53
64
74
75
74
70
64
64
65
58
54
42
38
43
58
56
50
51
40
25
21
26
26
7
-9
-9
-3
4
13
24
38
44
51
59
64
56
35
19
24
34
37
36
33
38
48
51
54
54
54
60
70
68
71
85
88
84
81
67
51
50
50
49
64
84
83
68
57
57
58
54
52
44
37
35
38
32
20
17
18
25
38
56
71
69
56
49
55
69
73
66
66
74
75
74
74
67
65
64
66
66
64
56
52
49
42
38
38
50
73
83
67
54
57
64
59
54
40
27
39
58
55
39
39
48
50
48
40
41
42
33
24
34
44
42
37
34
33
34
37
41
42
33
22
24
38
53
56
51
36
25
22
26
34
41
51
49
48
50
65
76
64
50
52
58
57
41
26
27
53
75
74
66
66
67
70
69
60
56
54
52
56
67
70
67
54
49
52
65
81
88
90
90
91
96
102
113
120
116
115
115
105
88
76
74
77
76
75
76
65
44
44
52
49
42
35
23
19
20
28
28
28
35
36
37
37
27
19
18
18
12
10
21
39
41
34
28
28
23
17
26
42
53
43
28
28
34
38
41
40
43
60
73
75
72
71
75
84
83
80
75
70
69
71
73
77
81
82
75
60
49
43
41
38
43
50
44
40
41
40
43
58
75
85
90
85
71
65
69
77
96
114
119
102
72
42
19
28
68
102
130
136
128
138
169
189
198
189
181
188
227
261
275
275
279
278
261
257
273
292
304
313
315
304
283
265
249
240
233
211
180
166
150
122
105
98
90
87
71
41
20
12
20
18
4
-10
-27
-34
-34
-39
-59
-77
-84
-71
-58
-71
-89
-104
-108
-104
-101
-107
-124
-148
-167
-179
-185
-183
-182
-189
-202
-204
-197
-190
-203
-218
-215
-190
-170
-164
-165
-153
-116
-87
-84
-86
-85
-86
-75
-66
-67
-82
-85
-77
-69
-62
-61
-60
-57
-56
-44
-28
-26
-40
-54
-53
-29
-7
-1
-5
1
16
22
19
19
18
24
40
44
28
18
13
17
13
2
-3
4
10
16
32
39
36
33
38
56
72
87
98
97
88
103
131
138
129
116
113
118
112
92
81
83
89
97
97
100
92
77
70
74
84
86
83
87
87
67
55
56
54
53
50
38
37
39
40
45
50
48
48
56
68
75
69
58
54
56
53
49
48
54
70
75
64
54
58
70
80
81
80
87
96
97
92
98
119
130
129
122
115
117
122
123
115
106
101
91
85
82
84
71
52
44
56
69
81
84
83
86
84
76
82
92
104
108
104
91
84
74
76
84
84
74
56
36
38
56
65
57
40
26
21
20
18
25
53
55
25
12
25
43
53
42
25
25
37
51
61
57
49
40
27
13
10
20
24
19
8
-2
-11
-25
-36
-39
-40
-40
-37
-30
-24
-9
0
11
25
33
25
8
9
39
58
55
41
37
48
52
59
64
65
64
70
70
69
74
84
96
102
117
128
113
92
84
86
98
112
118
117
106
102
107
114
115
108
101
97
91
82
71
64
58
45
39
36
19
0
-8
-1
5
1
-4
0
9
22
20
12
6
6
6
0
0
0
1
16
27
32
42
51
49
34
25
32
43
40
39
44
49
43
36
35
39
44
55
68
82
96
100
104
101
96
86
83
92
105
113
105
97
89
90
80
60
50
53
67
65
45
39
41
49
52
44
36
19
6
17
39
58
64
59
57
56
60
64
56
53
58
66
61
52
43
42
38
39
36
23
11
8
8
11
16
32
42
28
23
27
39
51
51
44
40
29
28
39
43
43
57
86
101
90
81
75
74
85
83
60
44
39
41
48
50
45
44
45
39
27
23
28
35
42
51
66
81
88
90
88
93
97
83
70
67
70
81
86
82
72
66
56
52
43
38
42
43
42
51
65
65
56
49
40
40
53
60
65
76
90
85
60
48
37
22
1
-12
-11
-4
0
-2
1
11
21
37
44
43
44
45
37
20
9
12
24
41
59
60
51
44
50
58
69
74
74
71
71
84
100
112
115
104
86
72
65
69
76
77
72
70
59
58
64
58
54
52
42
33
29
28
33
39
39
33
28
40
57
66
59
57
67
74
69
53
44
52
65
74
82
77
74
72
67
70
82
81
66
51
48
41
34
21
19
21
25
37
39
27
12
3
-2
-4
6
22
22
11
-4
-2
10
12
18
23
19
9
8
12
10
12
20
24
25
27
28
29
32
49
56
52
53
66
82
84
74
64
55
55
58
57
60
71
80
74
64
57
54
53
52
53
55
56
59
71
74
66
59
60
60
66
70
64
44
38
40
49
54
56
69
88
103
98
76
68
66
59
45
32
23
25
26
25
18
13
21
21
12
2
-3
2
4
6
17
32
32
21
16
10
24
43
58
68
61
53
51
58
65
64
54
49
45
48
49
52
56
50
38
38
43
48
52
57
66
68
67
66
60
52
42
35
28
33
44
65
71
68
55
41
40
49
51
64
81
93
98
92
86
83
80
66
61
72
80
80
75
68
60
59
64
74
83
75
69
69
67
64
65
66
68
60
54
52
44
36
25
21
18
4
-11
-11
7
20
7
-3
-6
-4
-9
-20
-18
-12
-19
-28
-25
-6
1
-7
-25
-40
-41
-25
-8
-1
-1
-6
-11
-17
-11
-2
10
22
21
17
1
-7
1
11
16
13
18
35
51
51
41
37
37
44
59
65
52
32
33
41
52
58
59
57
57
54
52
61
81
90
99
97
90
96
100
108
121
129
129
124
125
129
131
144
167
194
200
186
171
172
171
167
157
150
148
136
124
120
107
103
106
116
123
121
102
76
58
57
58
53
44
34
21
6
2
6
4
-1
0
4
9
13
8
-5
-7
-4
-1
1
-1
-6
-8
-7
-5
0
3
-3
-8
-2
10
17
20
36
53
56
50
56
66
69
73
87
85
66
57
72
81
68
48
28
22
21
18
11
2
-6
-9
-7
4
29
56
57
51
61
83
101
103
90
80
77
75
72
70
65
58
73
85
72
59
65
73
72
59
50
51
64
69
65
64
68
66
54
42
37
41
50
57
57
52
58
76
88
72
59
56
57
53
42
38
32
23
27
28
17
2
-6
-7
-3
-10
-26
-34
-23
-11
-17
-36
-52
-57
-45
-22
-1
9
16
21
26
33
39
43
48
54
66
76
72
55
48
43
32
8
0
11
17
16
10
4
4
17
28
32
24
22
32
44
65
90
99
87
85
88
99
116
131
129
113
100
104
114
102
80
53
35
33
34
34
40
42
37
36
40
38
28
32
38
50
58
68
71
64
55
73
101
108
106
106
106
105
113
115
119
135
145
137
124
105
76
64
67
70
60
50
40
35
29
19
9
4
12
22
20
7
2
7
22
27
11
5
28
67
93
97
70
57
59
51
41
44
45
36
18
11
11
8
5
5
-2
-8
-6
-6
-5
-4
-8
-13
-10
-14
-12
-1
10
19
25
23
18
19
22
28
43
53
56
54
40
35
39
40
38
36
38
34
28
25
19
10
3
-13
-29
-37
-40
-41
-27
-9
-18
-29
-25
-14
-7
-6
-13
-18
-6
9
18
28
38
45
64
81
82
66
44
41
49
65
81
84
89
103
112
105
98
101
107
113
114
103
88
72
69
74
84
89
88
81
72
66
64
68
75
81
71
52
42
56
68
74
80
84
89
85
76
81
88
91
81
72
72
72
58
53
56
51
39
37
51
64
58
42
34
40
50
53
66
77
76
65
57
68
57
35
20
23
39
49
48
42
40
35
27
32
37
41
39
32
24
27
26
23
22
21
26
36
26
23
36
52
54
48
44
67
88
90
84
69
52
33
20
24
32
42
56
55
51
50
65
85
88
82
84
90
89
83
86
88
84
75
83
104
122
129
117
103
86
75
75
81
75
74
83
84
72
53
39
33
22
17
16
12
16
21
27
36
41
43
40
38
45
55
54
54
60
64
65
71
73
58
40
26
8
-4
-5
-10
-25
-33
-34
-28
-23
-21
-23
-26
-17
2
22
39
51
54
58
69
76
74
72
81
97
96
86
91
98
85
71
61
54
56
61
69
72
59
36
19
22
34
33
32
34
27
29
39
58
70
69
71
87
100
87
81
100
114
115
124
128
121
128
122
103
80
69
74
86
85
73
59
50
39
42
53
45
34
33
38
36
22
9
8
9
11
19
17
8
11
28
38
33
19
6
7
21
28
22
6
-1
6
8
2
-11
-25
-24
-13
-4
3
10
21
13
7
13
12
5
1
4
8
18
39
58
55
42
33
29
42
54
53
40
33
36
52
58
44
35
35
40
44
44
48
50
54
61
67
64
58
58
68
88
102
100
89
80
80
85
89
83
80
83
86
85
76
76
83
90
85
64
48
40
39
42
48
45
41
53
70
72
65
58
60
70
83
91
82
59
51
48
54
58
48
27
22
22
24
26
22
19
13
16
25
36
49
58
59
64
60
51
41
39
36
35
34
34
39
40
34
39
58
68
68
70
68
66
70
72
67
49
33
33
45
69
76
67
64
73
88
86
68
52
51
58
66
73
80
74
65
56
43
39
43
48
42
49
56
59
53
44
42
44
40
33
34
36
36
34
41
56
58
55
54
52
48
40
45
56
60
58
42
32
36
41
38
38
42
51
55
64
58
49
40
33
43
58
59
59
60
64
58
51
39
24
19
18
12
17
22
21
35
45
50
57
64
70
72
64
53
43
35
34
45
60
65
60
67
75
72
68
64
64
66
70
69
64
59
73
84
80
69
59
53
57
68
71
60
48
50
59
58
60
69
66
66
73
81
74
67
68
71
69
64
56
48
38
32
29
35
33
25
33
48
51
48
50
57
65
75
82
73
66
58
52
41
42
53
49
36
25
25
28
19
8
11
17
16
11
9
7
11
18
13
9
13
26
45
61
70
68
66
60
56
56
60
67
60
52
43
29
16
8
3
-1
-1
-4
-11
-25
-33
-24
-14
-6
8
23
29
32
36
43
64
65
54
66
86
96
100
112
122
128
125
124
120
119
115
107
107
122
135
131
113
88
67
52
55
70
74
59
48
39
35
33
32
10
-19
-24
-14
-10
-11
-13
-13
-10
1
17
22
22
27
36
34
34
39
50
52
49
36
25
18
11
9
6
2
6
12
13
7
2
-3
-2
8
19
23
26
28
34
49
58
54
49
45
50
56
73
91
102
108
107
98
88
93
100
87
67
49
41
44
53
54
39
33
43
52
40
22
5
-3
4
18
19
12
6
9
35
41
26
21
24
34
39
36
34
38
49
57
65
68
66
56
51
59
76
84
72
58
55
51
49
38
19
11
11
12
18
28
28
20
21
37
50
54
54
58
59
56
60
74
82
84
92
90
83
73
70
71
71
75
69
60
67
71
71
70
66
56
48
38
36
37
41
43
45
60
75
68
50
33
27
37
45
50
41
33
37
39
33
24
21
19
12
-4
-12
-9
0
10
19
20
13
22
42
55
66
75
81
76
73
69
55
56
58
54
54
51
56
76
87
77
74
81
76
68
61
67
65
56
52
60
75
85
80
72
80
83
85
83
75
73
71
74
74
69
56
32
0
-11
-2
3
-1
3
18
26
37
52
56
49
43
40
49
51
56
68
74
72
72
80
74
64
54
51
50
50
50
52
56
49
37
23
16
22
40
49
48
49
56
66
75
86
82
58
42
35
39
55
75
86
81
77
72
65
69
80
72
59
58
65
69
59
57
58
55
50
51
49
41
39
38
33
27
27
34
43
42
36
32
34
38
43
42
40
37
41
44
39
39
55
68
65
54
51
50
49
38
34
38
40
48
53
54
55
64
65
55
27
1
4
24
38
48
52
52
44
38
41
50
52
53
51
45
49
51
42
39
35
37
55
60
43
35
39
44
42
24
16
16
18
25
35
28
20
17
11
8
11
16
10
11
22
36
44
41
45
58
69
72
60
52
49
55
60
61
59
56
54
41
27
20
24
42
51
50
58
60
60
71
92
105
100
97
106
117
117
117
122
131
133
119
101
90
96
114
118
101
76
67
58
54
53
51
49
54
56
59
73
88
85
67
59
69
71
73
81
75
76
82
75
64
45
25
22
35
41
36
33
28
25
22
26
38
43
34
22
21
34
43
40
22
3
-7
-9
-11
-4
16
33
24
7
2
0
-1
0
2
4
11
19
17
9
7
8
12
17
10
8
21
27
18
6
7
12
18
21
28
36
35
37
52
65
69
67
55
54
61
64
52
53
65
74
77
73
70
67
61
64
69
72
69
69
72
69
57
50
42
48
51
51
50
57
59
51
41
38
40
53
61
68
69
65
54
57
69
71
75
86
102
112
104
98
86
72
56
41
34
39
43
36
24
10
7
-4
-11
-7
-8
-17
-22
-20
-10
-3
9
25
34
38
36
29
26
32
42
53
59
66
73
74
73
58
33
24
48
72
87
92
90
89
90
89
83
81
83
72
64
68
73
75
74
74
74
71
80
100
109
113
115
122
132
123
112
108
109
91
49
26
28
32
19
9
19
33
35
38
36
26
12
0
-1
3
10
20
24
18
18
32
43
43
34
24
20
21
10
12
26
38
39
36
26
20
9
2
-6
-4
-1
5
9
10
12
5
0
7
18
20
8
-7
-13
-10
-7
0
13
26
37
40
41
49
53
53
56
64
56
38
29
28
24
22
34
35
32
49
65
51
40
55
73
76
72
70
67
64
54
48
55
65
68
80
87
73
48
26
24
29
24
10
6
9
4
-4
0
8
25
48
60
60
49
43
52
59
70
80
83
82
76
70
57
48
42
44
50
57
64
69
83
96
100
98
91
82
80
75
66
56
54
59
61
64
69
54
40
52
72
81
75
71
68
52
37
40
52
59
65
50
27
18
21
27
37
42
43
41
34
29
45
55
53
51
54
67
74
71
58
58
57
53
53
64
72
83
82
80
89
108
114
117
118
109
100
88
77
69
58
50
36
32
38
49
45
26
9
11
34
53
54
43
33
34
41
42
50
52
51
54
57
68
74
69
64
56
60
59
42
34
33
28
27
29
27
17
4
0
7
21
28
28
33
36
48
65
69
60
41
33
38
48
52
55
64
66
60
57
56
65
81
92
91
76
64
61
70
71
66
51
50
59
64
59
50
39
39
43
50
56
60
55
55
58
71
83
84
85
91
96
86
84
97
105
90
71
68
73
73
67
65
82
100
101
84
71
81
90
99
97
83
68
55
49
34
13
0
-7
-4
4
-7
-12
0
1
-3
-2
-2
-1
2
3
10
23
28
22
8
-4
-7
-6
-8
-9
-3
2
7
16
29
49
57
55
45
38
50
71
83
72
58
59
70
72
70
67
65
65
65
65
65
58
49
37
34
35
40
42
42
48
48
34
27
44
56
51
32
11
10
22
34
28
21
21
24
29
34
32
37
50
53
53
55
53
49
40
40
41
42
44
42
51
66
66
71
77
69
59
65
66
56
49
49
42
38
33
27
27
32
28
32
39
44
55
59
60
58
55
50
38
34
29
22
20
19
19
24
27
36
36
41
51
44
29
20
18
18
22
34
44
56
66
70
73
75
80
86
89
89
90
88
84
67
51
52
65
66
59
60
52
43
50
55
54
43
35
25
11
5
7
21
35
25
3
-4
0
7
12
12
-1
-12
-6
5
16
20
22
33
48
56
61
65
60
60
66
67
56
52
51
48
53
67
72
67
64
71
82
80
82
89
91
88
89
92
73
53
50
48
32
12
6
5
9
18
23
23
22
25
35
36
33
39
56
68
71
72
73
74
77
80
84
83
72
67
58
57
64
60
54
52
49
48
53
65
65
52
34
19
19
23
18
11
22
52
89
103
98
93
96
90
89
89
82
71
72
84
106
123
117
103
106
122
119
100
77
83
106
113
97
81
65
64
69
72
70
55
40
52
76
86
81
84
97
108
117
119
122
132
144
162
181
194
202
220
245
250
245
227
205
201
209
216
209
197
193
196
193
182
166
133
102
87
81
74
64
48
36
22
4
-10
-26
-55
-71
-60
-56
-60
-69
-76
-76
-78
-84
-83
-71
-54
-43
-54
-71
-74
-61
-45
-28
-17
-11
-19
-22
-20
-19
-17
-13
-6
1
3
4
4
6
6
1
-2
-5
-10
-13
-1
17
23
10
3
-1
-3
3
16
10
-2
-2
4
5
3
1
-2
-13
-33
-46
-45
-41
-49
-53
-43
-39
-42
-45
-50
-44
-26
-4
10
18
18
22
27
28
32
33
34
41
58
59
58
56
48
51
59
60
58
67
75
80
74
69
74
88
91
76
60
57
68
80
86
89
84
75
66
60
58
48
40
49
65
68
56
48
38
29
20
8
-1
-5
-10
-8
-6
-4
3
11
20
16
9
5
0
0
9
17
9
3
12
25
24
18
11
18
40
64
64
49
41
50
64
69
59
41
24
20
27
32
35
40
53
67
71
76
84
82
88
100
99
91
91
87
70
60
66
65
55
43
33
29
27
23
28
28
24
24
24
18
10
7
6
13
18
19
34
51
51
29
23
26
36
41
43
49
51
42
33
37
50
50
49
61
83
109
139
133
112
101
92
70
39
21
11
9
21
38
51
52
53
58
69
74
76
83
96
98
76
66
76
90
90
77
69
65
52
40
38
43
55
66
67
64
58
61
66
68
69
57
40
33
26
12
8
12
23
27
24
13
22
33
44
52
53
57
66
69
67
67
66
58
53
41
26
27
43
61
58
34
19
26
40
49
50
49
44
41
43
56
