-49
-101
-123
-107
-82
-90
-117
-133
-114
-82
-72
-85
-91
-75
-55
-58
-67
-61
-50
-55
-56
-38
-42
-56
-52
-29
-8
9
9
7
19
41
56
55
65
77
84
90
87
65
53
61
76
85
76
55
43
65
97
91
68
64
66
65
58
53
53
49
48
60
72
82
74
68
83
83
80
90
96
91
100
103
106
115
115
120
108
81
64
76
102
109
109
118
123
129
129
129
132
120
106
102
104
112
112
98
76
75
86
83
73
67
67
66
53
42
44
55
67
74
76
82
100
108
77
55
57
66
58
44
34
37
53
48
40
49
58
56
41
32
12
5
7
4
9
24
32
42
54
43
40
60
74
69
57
59
71
73
59
40
34
36
36
23
8
7
4
1
-1
6
23
36
39
36
35
35
34
42
44
39
36
36
41
45
54
59
60
66
67
64
72
76
83
84
99
113
92
83
100
101
91
72
44
25
22
28
43
49
32
17
16
24
38
50
66
90
103
105
90
76
74
73
76
83
80
70
72
88
93
91
92
92
92
96
91
89
96
99
104
105
91
81
73
71
70
64
56
54
52
49
50
53
54
50
35
35
65
48
10
5
32
43
33
23
40
66
74
73
68
57
53
44
32
19
22
24
7
2
26
57
68
71
87
100
106
97
60
38
33
29
24
9
-19
-45
-54
-52
-50
-58
-85
-118
-125
-113
-107
-124
-152
-165
-162
-162
-172
-182
-180
-163
-161
-173
-169
-162
-162
-154
-124
-86
-69
-70
-66
-55
-49
-45
-45
-50
-49
-40
-23
-5
8
23
41
75
100
89
73
85
105
107
84
64
69
81
85
96
114
137
139
104
70
64
70
70
74
83
75
82
92
100
106
108
99
97
89
72
64
67
84
91
86
80
85
88
103
113
101
100
115
112
99
93
97
91
88
89
74
70
80
102
121
113
103
100
87
70
66
68
70
80
89
93
116
116
93
88
82
71
65
66
71
73
68
71
93
112
108
108
119
118
116
122
138
136
116
104
107
121
130
121
104
93
88
86
88
89
72
45
38
53
65
59
51
41
40
44
53
54
49
48
48
50
52
52
54
56
66
76
84
74
64
60
58
56
45
54
71
75
65
66
89
102
87
57
25
11
11
12
12
34
55
64
64
73
90
91
89
89
88
89
102
115
121
124
124
132
134
134
122
100
85
98
116
112
98
85
82
70
44
28
32
34
40
49
48
45
48
42
40
42
51
70
74
75
85
86
85
76
60
52
50
48
35
9
6
4
-7
-21
-28
-26
-12
1
10
22
36
48
59
69
86
92
75
60
54
49
50
49
37
26
27
41
56
56
43
32
29
49
66
56
51
45
54
74
74
64
60
72
86
92
80
66
58
52
42
38
34
33
33
27
23
18
23
28
34
12
10
27
41
36
22
19
25
13
1
12
25
34
48
57
66
59
52
54
58
56
57
60
54
42
39
52
52
39
38
55
68
59
42
34
34
36
42
44
40
48
41
29
24
39
57
64
65
58
56
66
93
106
118
100
77
67
54
35
8
-9
-13
-10
-7
-5
4
19
35
38
32
27
27
34
48
55
51
50
41
34
36
36
28
18
8
11
20
33
54
74
75
59
40
39
41
37
33
42
58
71
76
84
84
73
75
87
89
83
81
83
83
85
100
101
102
118
106
72
43
36
35
25
19
10
9
25
45
53
48
38
38
48
52
50
40
27
25
27
20
4
1
11
34
40
28
32
42
52
54
51
57
65
64
57
51
44
40
54
69
72
75
84
97
106
103
90
83
83
75
71
74
70
57
51
64
68
45
19
18
37
32
16
21
34
27
19
25
56
73
55
49
56
60
61
57
53
45
36
37
41
50
38
11
1
8
22
36
40
36
34
42
50
48
38
40
52
57
59
61
58
69
81
68
54
54
56
58
60
59
54
55
76
98
81
66
66
54
44
43
38
33
36
53
74
82
81
91
97
82
66
60
65
71
85
96
100
112
128
136
141
137
109
91
105
129
138
131
117
119
134
140
137
120
99
83
73
67
68
57
51
58
60
66
61
38
18
11
22
29
20
-3
-14
-17
-11
-8
-13
-24
-35
-37
-28
-18
-5
-2
-2
-5
-10
-19
-18
-8
2
9
7
-4
-11
-8
-4
6
19
11
10
21
27
26
20
10
18
24
22
16
2
0
9
23
27
25
24
21
8
8
19
22
20
28
51
81
77
59
45
38
33
27
27
21
11
9
9
12
20
27
32
25
12
12
25
41
49
39
38
50
52
51
51
57
69
72
76
83
86
77
74
72
65
59
53
36
26
33
35
28
33
27
16
4
2
10
35
53
54
55
59
66
67
64
59
57
69
60
40
38
58
88
93
67
39
49
71
89
85
60
42
45
58
56
50
51
51
44
44
41
41
43
50
68
86
93
88
75
80
87
86
81
80
86
89
83
61
44
37
19
0
-11
-25
-19
1
11
18
17
-2
-13
-1
12
6
-5
7
37
66
73
58
40
32
35
52
64
48
29
38
49
42
28
21
21
23
26
25
20
17
25
35
26
12
16
26
34
39
49
42
32
34
60
80
76
67
60
55
45
43
43
35
12
4
5
-7
-36
-43
-29
-10
3
20
33
27
16
8
21
43
64
76
81
84
82
76
68
64
64
67
69
71
74
84
92
101
97
88
101
99
74
80
116
117
98
85
77
61
39
35
54
71
70
59
56
71
84
91
96
88
74
72
88
103
99
87
83
85
81
69
71
74
58
41
41
48
37
29
37
41
44
49
41
48
51
48
55
59
52
36
26
34
49
49
38
25
19
18
16
7
10
19
20
33
43
45
35
27
36
25
20
26
32
27
36
50
54
56
70
98
87
56
58
80
88
72
45
32
39
57
53
38
29
42
59
51
26
16
25
37
25
12
20
34
37
40
38
41
49
56
64
59
58
55
57
54
36
35
54
73
80
77
76
73
70
69
56
37
28
32
32
26
41
60
49
21
2
-5
-4
17
41
55
58
73
81
68
57
48
51
80
87
76
66
54
50
51
43
42
58
32
-7
-11
18
42
38
19
2
-2
1
9
26
41
52
57
56
59
72
76
67
58
67
72
67
61
73
89
82
73
74
74
74
71
68
60
69
84
86
86
84
74
65
67
73
74
76
90
98
91
85
83
90
96
84
82
86
86
70
55
51
53
54
52
49
41
34
40
56
64
55
49
45
36
22
11
11
13
10
17
25
21
5
-3
8
23
29
25
16
24
43
59
57
37
17
22
51
54
36
33
43
41
26
25
26
22
18
20
28
43
57
59
55
53
60
72
77
81
88
92
89
89
100
84
74
81
72
48
27
23
24
16
12
23
38
48
44
39
39
36
32
24
8
-7
-4
23
52
49
17
3
16
35
42
36
32
27
26
35
40
41
42
55
68
59
49
48
49
55
57
54
49
39
37
44
38
12
3
11
28
33
23
33
34
27
35
37
35
37
33
27
27
50
80
87
71
54
50
60
67
72
74
69
68
72
74
59
38
32
42
53
53
40
26
34
44
44
42
43
44
40
34
33
23
6
2
16
34
53
65
70
82
89
86
68
60
73
92
98
85
68
71
82
85
76
61
60
60
58
54
43
21
-1
-11
6
49
72
87
119
147
167
172
168
180
200
214
212
215
233
256
263
277
281
249
220
231
261
277
266
247
237
234
232
236
236
211
182
154
140
150
160
147
135
132
122
120
118
97
61
42
33
13
3
2
4
-2
-12
-33
-54
-76
-88
-101
-107
-118
-124
-121
-120
-120
-129
-140
-151
-154
-134
-114
-107
-103
-100
-102
-103
-97
-90
-102
-114
-114
-113
-103
-81
-57
-50
-49
-45
-51
-44
-21
-19
-42
-52
-36
-17
-6
-5
-10
-18
-8
11
19
9
5
5
21
24
19
28
43
43
36
33
39
38
32
35
49
64
54
39
44
65
73
74
66
58
75
96
65
32
37
67
93
96
75
64
60
65
65
54
41
32
27
32
35
37
39
42
50
49
41
28
21
28
34
23
18
21
23
24
23
9
0
0
6
19
25
37
41
35
35
37
43
50
51
52
51
59
74
85
90
86
85
86
86
81
82
85
80
69
57
52
59
68
56
50
57
55
48
51
60
52
40
29
35
55
65
51
28
26
35
40
72
91
75
67
68
85
92
75
51
32
34
43
42
32
22
21
29
41
45
52
58
58
48
38
37
44
58
66
75
91
98
96
87
81
81
82
74
70
69
64
67
87
104
90
60
29
17
28
41
44
28
11
4
-2
-14
-24
-35
-34
-22
-9
3
13
21
22
9
9
25
28
29
36
28
29
43
66
84
86
73
58
49
56
72
69
48
28
39
67
73
67
60
68
76
75
61
52
44
43
55
77
96
97
84
76
86
98
101
92
90
102
118
123
120
116
109
105
98
82
66
65
64
51
29
17
0
-18
-29
-37
-34
-22
-12
-17
-26
-25
-17
-8
-5
-2
10
22
22
28
39
40
32
20
18
21
36
64
88
91
91
87
89
99
100
90
86
93
107
99
66
56
65
68
59
45
33
21
21
35
50
52
42
48
71
74
65
58
70
76
82
86
96
108
112
97
85
88
75
43
22
24
49
40
8
-22
-30
-28
-37
-51
-58
-66
-60
-40
-33
-34
-23
-7
6
6
-4
-4
17
40
54
57
51
51
54
56
54
52
51
50
41
42
42
36
27
34
44
51
49
36
24
27
22
8
4
9
27
41
56
75
89
87
84
83
75
74
87
88
81
72
68
80
98
113
113
98
84
81
77
81
87
89
73
60
56
50
54
55
38
32
40
56
69
92
108
106
118
152
184
185
179
183
187
199
217
236
253
256
242
225
215
205
193
168
133
114
100
87
85
83
71
57
41
27
19
20
18
8
5
4
4
5
0
-12
-36
-50
-49
-33
-30
-50
-73
-84
-83
-75
-58
-50
-52
-69
-78
-68
-61
-77
-99
-115
-121
-118
-102
-81
-55
-54
-67
-78
-78
-61
-43
-34
-28
-22
-6
8
17
24
33
36
34
24
18
19
27
35
29
24
32
38
38
44
58
71
75
70
71
76
72
55
52
70
89
104
106
102
106
105
91
74
70
81
89
81
61
50
42
38
42
43
32
12
7
7
16
19
25
38
43
56
59
51
37
43
61
81
91
88
74
73
84
97
88
66
55
68
75
82
89
86
87
87
73
64
65
69
66
57
59
67
74
83
81
76
68
60
66
65
50
42
49
55
53
49
40
38
37
37
37
37
41
52
64
71
60
38
25
27
34
39
40
37
45
57
69
83
80
61
53
57
68
77
85
89
91
86
81
72
70
72
65
58
64
64
56
50
51
54
44
42
55
70
76
85
90
87
83
75
57
39
35
39
52
58
58
54
48
49
58
58
55
51
48
58
71
71
75
86
99
91
74
66
67
85
105
108
107
113
113
114
112
125
151
162
154
137
134
136
137
122
97
80
71
69
66
60
55
40
21
8
2
-3
-7
-10
-7
-6
3
13
9
2
0
-1
-1
-3
-9
-18
-21
-20
-18
-18
-17
8
6
-20
-28
-26
-34
-51
-66
-73
-77
-77
-71
-54
-35
-24
-22
-9
0
-9
-29
-42
-35
-13
7
24
23
7
4
22
37
40
35
22
19
13
9
19
24
48
76
55
35
44
54
45
27
6
-10
-8
1
1
-3
2
8
12
21
22
22
28
50
69
73
71
68
66
76
80
76
89
96
85
73
65
64
58
59
73
84
80
64
50
50
51
42
34
38
56
72
76
80
71
61
51
35
27
33
50
65
66
64
70
72
65
65
68
74
69
61
60
61
68
76
84
85
76
67
56
56
66
73
73
76
98
120
132
121
112
114
114
105
100
107
117
107
96
91
91
87
81
77
80
80
77
75
69
64
64
67
66
67
66
59
57
59
64
59
50
48
51
54
58
70
86
91
89
88
89
74
44
24
20
22
21
12
10
23
38
21
11
6
2
8
21
24
19
21
23
34
43
60
70
58
50
42
39
42
49
48
42
39
39
40
42
37
36
45
55
53
44
43
51
50
38
44
70
89
88
76
60
60
72
67
51
42
39
27
19
18
26
32
34
36
37
29
23
22
22
22
27
43
64
87
106
106
92
86
75
77
85
91
103
106
92
75
64
54
50
49
43
43
37
24
19
20
19
12
9
8
9
12
27
45
54
57
50
43
40
42
53
65
58
48
36
23
11
17
28
39
37
36
42
52
57
66
54
33
20
19
34
60
76
66
48
48
66
85
92
91
88
83
81
89
101
112
117
115
104
97
87
80
81
85
81
69
66
66
59
58
60
57
51
36
28
37
35
11
-5
-10
-6
3
11
26
36
37
41
60
53
19
2
4
10
18
23
24
11
9
24
32
21
17
7
-3
2
9
12
10
8
12
17
26
37
37
32
28
29
27
29
34
38
50
65
83
86
84
81
72
64
71
84
90
96
115
138
146
119
87
81
72
64
65
65
60
57
67
74
83
91
81
71
72
74
74
74
71
72
75
76
67
56
59
73
74
64
56
56
53
54
55
37
7
-8
-7
-4
-5
-8
-13
-21
-27
-33
-20
-8
-3
9
21
20
16
16
21
26
22
23
26
29
43
54
43
28
28
36
41
43
43
34
20
19
32
44
53
48
45
60
61
53
53
58
66
72
85
90
92
92
87
87
105
121
119
101
88
86
80
57
39
39
45
40
18
2
2
3
1
2
5
8
22
27
33
25
19
25
39
53
68
57
41
36
42
57
66
61
58
59
72
80
55
24
13
22
35
36
32
32
32
35
49
60
54
41
39
28
20
19
32
38
38
40
45
55
67
70
71
75
84
97
101
90
69
55
50
40
33
21
13
17
20
25
27
36
44
43
51
67
73
69
68
66
66
75
92
104
91
70
43
26
22
16
1
-5
5
16
12
-4
-12
-13
-18
-24
-23
-10
2
26
44
48
41
40
41
53
67
83
88
89
101
104
96
81
64
48
44
49
55
64
69
64
58
58
58
53
48
45
44
40
37
43
52
57
65
82
106
113
97
90
102
117
120
113
102
90
81
76
67
43
38
56
76
69
39
11
12
33
44
38
23
35
57
59
56
66
71
70
60
54
52
52
54
61
73
72
59
51
52
49
50
52
58
61
61
74
83
81
86
86
51
-6
-29
6
61
97
117
133
146
177
217
234
233
246
278
324
360
381
404
436
458
458
440
438
451
468
486
489
474
465
464
449
433
432
437
428
419
416
405
391
362
331
304
272
243
227
225
214
180
153
156
121
55
-1
-34
-45
-65
-81
-91
-105
-124
-140
-151
-163
-178
-199
-220
-231
-225
-215
-211
-214
-216
-218
-220
-214
-202
-199
-203
-194
-183
-184
-184
-183
-186
-195
-211
-220
-213
-201
-202
-213
-213
-197
-187
-196
-210
-214
-188
-162
-158
-161
-136
-105
-76
-75
-81
-65
-43
-22
2
11
2
5
16
21
23
13
-4
-20
-33
-35
-26
-19
-11
-8
-7
20
35
6
-13
-22
-24
-23
-26
-33
-24
-11
-4
3
19
26
22
9
8
17
22
27
32
27
20
20
27
27
26
41
42
26
39
70
80
73
75
72
60
54
64
77
81
68
44
19
7
16
33
38
24
12
20
33
42
67
60
29
25
48
59
53
51
52
59
81
89
88
88
91
81
71
70
66
73
88
89
82
67
55
50
53
65
70
66
51
36
35
35
26
12
5
8
18
36
37
18
10
25
50
59
72
81
80
70
52
45
45
37
24
13
-1
-5
2
7
4
-6
-20
-17
-4
3
6
20
41
70
82
68
53
57
77
108
121
101
82
87
128
165
172
149
140
155
178
192
193
164
115
82
64
35
2
-25
-61
-98
-118
-130
-150
-174
-181
-166
-172
-173
-195
-241
-268
-273
-264
-273
-291
-290
-263
-234
-219
-209
-204
-201
-194
-193
-195
-178
-149
-121
-108
-100
-93
-93
-88
-83
-77
-66
-45
-34
-29
-30
-26
-12
-5
-8
-14
-11
5
23
38
51
68
72
83
99
108
99
92
105
120
133
144
157
153
123
97
83
77
81
83
92
112
131
144
149
154
162
160
160
155
149
153
168
156
138
137
150
157
152
140
139
150
165
166
160
145
140
140
123
107
104
113
121
120
107
98
98
115
123
120
123
132
144
153
149
131
118
120
120
121
121
122
130
130
122
123
130
134
132
123
117
118
114
87
69
75
88
91
84
70
60
65
70
74
76
75
73
68
60
69
74
64
49
41
42
41
39
49
59
56
50
38
38
61
80
73
65
55
57
73
84
72
60
55
56
66
74
73
59
53
68
87
102
96
83
86
99
109
116
105
80
69
89
113
106
88
81
97
117
92
60
55
67
70
55
50
48
40
41
37
28
23
25
22
28
45
64
75
87
104
119
131
133
135
144
136
121
108
103
106
108
103
89
69
59
66
73
77
73
58
53
60
70
60
42
27
28
41
42
36
38
43
50
54
64
76
84
81
72
64
56
45
32
34
53
74
87
59
28
32
28
12
-3
-12
-18
-20
-8
11
44
75
90
89
81
80
86
87
87
97
96
80
73
80
75
71
76
90
90
82
69
58
59
53
44
44
52
44
36
40
51
52
55
54
53
66
71
69
75
90
90
72
59
56
66
72
70
48
19
2
-6
4
13
16
6
2
13
25
32
28
23
19
17
22
29
32
25
6
-8
-18
-19
-13
-10
-5
-1
-2
-5
-5
4
17
25
33
16
-4
-7
6
33
44
49
48
52
67
81
89
99
91
76
75
88
89
72
51
40
40
45
60
66
56
51
45
38
36
38
43
52
56
60
70
85
106
105
86
68
55
51
49
50
45
39
27
33
40
34
24
19
18
20
27
36
38
32
23
24
40
58
70
66
53
39
37
50
66
81
84
75
66
54
45
42
50
56
61
64
72
86
101
100
80
54
40
42
53
54
56
68
86
101
118
124
121
116
116
112
101
92
87
83
83
91
96
89
82
69
67
64
52
32
11
5
3
-1
2
5
13
26
42
45
29
20
26
37
41
44
54
58
64
53
34
27
26
20
8
8
19
23
21
16
3
-10
-9
3
-9
-24
-39
-42
-24
1
23
48
53
52
58
67
73
81
98
106
112
115
98
60
36
28
28
35
35
28
28
24
23
24
26
32
37
35
22
20
33
52
70
70
59
44
34
39
64
85
88
85
80
75
72
55
27
16
22
41
56
45
22
17
41
65
60
45
35
35
28
23
28
40
50
54
42
21
17
26
35
40
41
42
49
49
43
38
38
49
54
60
68
71
73
74
71
74
82
80
66
50
51
54
42
26
9
5
7
6
1
-2
9
16
8
5
4
8
16
13
24
40
49
67
84
80
83
97
97
91
92
103
101
89
74
70
75
83
85
74
53
40
44
40
35
37
39
27
3
-11
-4
13
26
22
10
19
35
49
58
65
53
36
26
33
51
74
88
75
64
59
55
54
56
59
64
57
44
35
27
25
19
5
0
6
23
38
40
40
45
53
52
45
43
40
29
22
34
51
66
72
75
77
75
75
68
60
66
58
44
44
44
40
38
36
42
57
68
67
70
80
75
66
58
59
61
66
73
87
117
120
101
88
75
64
55
48
48
56
70
75
71
67
56
54
53
44
39
44
55
67
71
60
50
44
43
43
48
43
36
38
41
38
32
27
35
42
41
39
36
35
44
55
55
52
59
83
96
90
86
73
58
54
44
33
10
2
10
22
28
37
42
41
44
50
55
51
49
57
71
75
70
67
64
59
56
51
45
48
43
34
26
18
17
22
22
18
6
-4
-6
-2
1
7
8
6
9
22
27
25
22
25
37
50
50
37
24
26
32
32
43
51
38
24
23
36
37
32
32
32
26
26
21
10
8
13
23
41
65
65
54
44
42
50
65
83
92
99
105
112
116
115
106
90
80
81
89
97
91
86
84
86
83
70
67
75
73
58
49
26
6
8
18
21
28
43
56
68
76
75
70
67
72
82
81
74
80
91
101
93
66
34
23
21
19
18
10
5
-1
-4
-5
0
20
41
58
68
64
61
71
77
75
69
72
84
92
98
93
92
104
114
116
117
114
112
107
104
100
98
97
89
87
89
84
68
53
45
44
39
11
-9
-23
-26
-24
-26
-34
-38
-41
-33
-21
-14
-9
-7
-11
-25
-43
-51
-45
-40
-52
-58
-52
-24
1
12
9
-3
-6
2
12
22
25
20
20
34
52
58
44
27
28
36
36
33
35
51
69
73
77
88
96
97
86
82
82
84
83
72
58
48
43
44
54
70
83
89
90
77
57
51
56
60
57
58
67
52
23
4
-7
-7
-2
-5
-6
4
16
19
10
7
10
19
33
36
36
41
48
52
60
71
84
91
96
89
80
74
84
97
88
66
51
53
72
89
89
81
71
64
65
70
64
48
35
34
38
37
22
11
17
25
25
28
20
16
21
26
23
16
13
19
19
18
22
32
40
54
70
72
68
68
72
65
42
24
27
40
45
54
71
87
98
98
81
65
55
43
39
42
38
34
40
45
49
50
44
41
48
44
39
29
20
10
10
19
26
33
36
33
33
48
53
50
35
25
33
40
42
42
40
33
24
25
35
42
48
41
25
21
38
55
60
59
59
64
65
66
75
96
119
117
96
80
73
74
74
74
64
51
44
42
38
40
37
29
22
20
25
39
50
59
68
66
54
42
36
36
36
34
33
43
65
82
90
80
52
36
37
49
54
52
49
50
60
82
92
86
69
52
48
54
53
52
51
55
56
66
84
104
108
105
100
90
98
104
99
84
70
54
39
33
26
21
10
1
2
18
28
33
40
44
43
39
39
40
39
35
36
37
40
41
36
23
23
38
44
43
52
68
73
59
50
52
55
67
66
39
26
35
52
58
61
69
74
82
83
87
87
84
85
86
80
68
64
60
59
53
41
32
27
24
26
38
35
33
36
42
42
28
24
28
41
54
54
39
19
18
43
61
59
48
43
52
67
65
38
25
37
42
37
28
25
24
20
19
19
20
25
22
13
7
5
16
28
34
40
56
70
80
75
73
77
73
60
60
64
58
54
53
60
60
58
57
53
48
43
45
52
43
26
19
10
4
0
-8
-10
2
16
26
37
55
73
75
72
66
57
61
77
89
83
72
73
77
70
66
64
73
85
73
50
38
40
42
38
28
26
28
24
16
11
13
29
49
55
56
56
64
76
84
72
65
69
74
81
83
85
84
76
72
65
60
60
56
49
36
25
25
26
33
28
16
4
10
35
58
81
97
89
66
39
33
40
41
36
35
41
41
40
50
60
69
73
83
83
68
57
59
73
72
58
45
37
27
11
-2
-4
5
8
4
0
-1
1
21
49
69
71
57
50
54
67
73
70
73
82
85
91
101
103
82
54
42
48
53
56
52
43
40
42
39
34
33
54
82
85
74
71
72
72
60
55
50
39
41
43
40
40
36
20
2
1
6
9
8
3
0
-5
-9
-6
0
5
18
39
58
71
65
41
25
18
19
33
36
37
44
59
71
61
43
37
38
43
42
34
25
24
33
43
51
55
56
52
50
65
90
100
83
69
74
93
105
99
90
88
87
86
85
103
116
99
77
65
58
76
101
96
64
37
37
49
49
29
11
4
20
49
66
65
48
26
21
24
34
24
6
-2
-5
-7
-4
4
13
24
25
20
22
37
57
66
55
38
32
33
33
34
41
52
53
49
42
41
52
55
50
43
44
53
73
85
77
71
74
82
87
81
61
50
44
44
36
25
24
28
32
32
26
23
29
51
55
48
42
43
44
48
51
53
58
70
80
80
70
68
66
57
48
43
57
72
71
74
81
82
74
73
88
99
92
80
65
40
23
22
18
8
7
26
39
28
25
54
81
73
50
35
28
39
58
74
82
83
76
72
74
82
76
74
77
74
67
72
82
80
76
85
89
81
74
74
73
80
89
96
90
80
64
58
64
67
73
65
35
12
19
25
17
4
9
18
19
20
19
22
25
27
33
34
32
36
50
54
41
35
28
17
10
18
29
34
28
22
22
32
29
23
24
24
22
24
28
28
24
33
50
64
68
65
66
66
58
50
49
52
52
52
61
73
69
60
65
64
55
53
51
49
42
34
25
