84
69
61
89
109
84
26
-3
11
8
-19
-21
-3
2
-6
-17
-25
-11
18
33
32
39
59
73
84
83
72
70
73
72
66
91
137
133
105
101
123
166
172
144
137
180
203
172
148
161
177
184
192
194
195
204
219
220
204
182
155
140
139
138
138
137
128
102
74
64
64
48
-5
-55
-73
-77
-68
-43
-42
-83
-107
-88
-69
-85
-110
-123
-109
-113
-126
-129
-116
-116
-126
-121
-102
-97
-104
-93
-81
-69
-52
-25
-8
-37
-82
-86
-65
-35
-33
-34
-42
-53
-36
-7
10
0
-24
-28
-21
-21
-25
-35
-39
-28
-12
-2
2
0
12
35
50
45
32
23
26
35
48
59
88
104
70
56
75
64
40
28
17
5
12
41
88
118
112
103
97
82
74
99
101
76
66
61
59
61
77
102
85
26
-6
10
37
43
34
7
2
6
17
27
34
29
33
32
36
70
104
118
119
121
118
106
97
98
104
113
114
123
134
86
39
27
40
52
34
12
11
24
53
90
112
92
81
92
108
119
139
134
107
99
122
125
96
73
73
72
64
58
76
108
115
115
97
68
53
51
44
41
40
42
52
77
93
68
39
34
54
72
38
18
37
50
43
57
57
41
35
52
84
92
96
72
42
18
12
26
25
9
1
-5
-1
8
20
19
5
12
40
39
25
18
21
35
50
56
41
29
35
44
48
51
37
33
48
33
24
50
69
40
5
9
7
-3
-8
-4
11
21
17
12
25
39
50
52
41
37
36
42
42
41
39
64
80
69
59
70
85
68
48
53
81
92
80
84
88
71
40
22
28
49
39
24
29
49
71
82
58
40
40
48
49
45
39
48
57
54
59
67
65
50
52
77
81
81
82
96
102
80
58
61
101
100
67
68
91
106
97
66
44
41
49
52
51
57
82
92
83
80
107
114
88
81
83
54
38
48
67
58
32
23
25
34
56
80
77
82
70
70
87
98
85
65
58
67
59
41
36
37
40
38
35
26
12
7
-7
-13
-20
-34
-52
-59
-55
-52
-41
-18
18
57
67
49
52
76
86
71
73
64
53
64
85
82
48
38
53
86
100
67
40
49
65
67
69
80
83
87
92
85
70
70
72
66
58
59
64
65
75
99
108
90
76
86
98
96
64
54
67
85
80
54
23
22
36
35
34
36
22
7
2
3
8
17
6
-10
-13
-1
18
23
16
19
20
20
33
37
19
5
3
20
36
40
32
19
12
3
2
18
48
67
40
19
41
71
65
27
8
23
50
65
64
61
80
91
89
119
168
167
156
161
162
154
140
134
147
163
162
164
185
211
220
241
235
214
216
240
235
212
185
161
149
165
192
180
164
151
132
113
92
61
22
-17
-30
-20
-3
-7
-41
-73
-88
-93
-97
-97
-89
-93
-110
-120
-130
-134
-110
-93
-117
-166
-185
-142
-84
-54
-61
-97
-114
-91
-46
-22
-43
-75
-86
-71
-49
-40
-50
-45
-26
-26
-36
-37
-20
1
18
9
-12
-4
21
42
39
36
22
7
0
1
3
-1
1
1
-4
0
3
2
9
5
4
9
10
12
10
19
17
11
34
59
83
101
92
83
112
121
100
81
70
60
56
58
59
57
65
73
82
85
92
97
85
75
64
58
67
70
64
55
55
64
96
125
102
70
75
98
101
75
73
77
51
33
41
43
38
34
33
40
55
60
57
50
27
8
3
16
34
28
20
27
33
21
16
21
34
50
96
134
130
76
50
71
102
82
53
49
56
75
106
108
92
84
85
92
98
93
92
100
100
90
74
70
83
80
54
52
88
107
91
83
80
51
27
32
38
64
61
40
44
58
64
69
65
51
32
12
17
44
86
101
91
87
106
139
177
179
171
177
187
194
181
162
156
169
168
151
166
197
185
189
210
171
131
117
112
100
90
84
84
83
88
91
86
71
72
85
82
75
84
73
67
82
88
72
51
59
76
72
86
92
85
103
98
67
53
67
81
87
85
72
67
60
48
29
26
40
51
41
28
17
11
9
8
19
16
0
-9
-4
-5
-9
-8
-4
-5
-8
-13
-5
-7
-27
-36
-24
4
4
-3
1
6
21
9
-4
-9
-14
-25
-12
8
26
42
40
33
49
66
69
71
64
61
77
97
118
141
164
178
156
135
141
150
146
152
171
151
139
149
153
120
87
74
65
59
65
74
66
40
37
40
25
5
-13
-38
-43
-23
-4
3
5
9
8
2
16
37
59
80
57
55
91
89
67
68
91
108
108
117
117
96
60
26
17
27
37
48
52
48
37
37
40
21
29
38
-5
-37
-12
7
5
-10
-23
-34
-42
-40
-23
-9
-4
-3
-7
-10
4
36
42
17
6
7
-19
-42
-53
-68
-75
-69
-66
-61
-43
4
60
44
22
-3
-8
-12
-39
-54
-42
-23
-14
-3
16
34
48
66
65
38
33
58
73
84
90
99
102
91
88
101
97
70
57
53
45
56
66
49
6
-14
-18
-13
-17
-35
-59
-92
-115
-102
-84
-75
-61
-54
-66
-81
-83
-75
-70
-70
-70
-62
-36
-11
-13
-23
-33
-5
26
2
-18
-24
-27
-17
-7
-20
-33
-26
9
56
64
35
36
64
49
11
3
8
10
8
9
13
16
7
4
7
16
3
-24
-24
0
-2
-22
-19
10
40
24
3
17
49
56
39
21
28
64
89
113
113
71
67
75
71
74
77
74
86
106
90
59
69
92
92
72
55
67
89
113
145
133
92
61
53
34
7
-4
-4
6
17
19
13
5
-6
-9
5
20
26
40
75
92
65
28
27
51
74
72
36
12
26
66
106
116
90
106
117
100
93
100
105
99
89
89
91
100
108
121
130
147
125
76
70
104
102
83
77
96
106
103
97
90
91
93
98
99
113
113
96
84
81
77
73
58
56
64
59
49
37
57
85
76
52
9
-8
9
26
26
28
37
24
10
9
24
35
43
39
22
10
10
24
34
26
8
-4
-23
-37
-25
3
12
20
29
51
85
116
101
57
32
43
58
51
22
6
19
37
51
55
39
26
24
22
27
41
44
44
58
80
89
90
96
105
118
130
176
203
131
76
73
70
54
42
37
32
38
65
84
85
72
74
98
92
74
85
87
88
98
100
96
96
99
104
117
123
113
96
90
98
108
90
64
64
52
44
57
52
29
19
17
19
19
16
17
13
18
18
21
40
73
82
74
68
67
71
81
66
59
68
68
59
55
59
49
24
32
26
28
26
0
-12
-2
-5
-17
-11
12
28
34
38
48
58
58
55
68
59
42
43
41
42
52
41
28
34
45
59
85
92
86
71
81
90
85
64
28
17
33
48
42
55
75
74
58
42
34
27
20
4
-6
10
38
49
37
40
42
16
-11
-9
6
6
5
10
17
28
43
55
51
40
37
43
54
56
68
65
57
59
41
19
18
36
53
59
56
27
17
26
35
43
40
36
36
20
21
37
37
22
20
35
49
44
28
21
25
27
40
64
61
41
27
52
72
68
53
39
41
51
27
5
6
26
50
44
37
40
48
45
42
49
59
67
69
72
81
85
82
73
73
74
70
56
57
58
50
51
57
59
75
70
67
41
28
41
51
43
22
13
25
48
71
88
100
101
97
83
74
69
77
97
89
75
67
65
86
97
92
112
97
51
28
33
44
33
19
17
12
12
21
44
58
41
23
23
35
41
42
40
41
44
43
36
36
50
69
88
74
50
40
50
67
71
101
137
99
44
35
44
39
22
3
4
25
58
59
26
13
21
33
43
48
48
58
72
74
59
39
24
20
42
39
13
2
-3
1
-5
-23
-26
-10
10
34
37
37
39
43
60
75
66
59
66
98
97
58
50
49
22
9
13
9
38
60
56
32
12
17
11
-8
-35
-51
-52
-36
-11
0
18
40
43
34
28
48
81
113
121
114
100
87
71
72
90
92
76
80
71
65
72
52
18
-7
-10
13
42
37
10
-2
11
35
35
28
40
53
64
70
68
69
80
97
100
83
70
75
82
108
139
114
57
37
64
68
37
6
-12
-19
-18
-9
1
-1
-5
0
8
16
20
12
5
-1
-1
-4
-2
8
6
-2
4
20
26
25
42
60
65
71
84
80
71
73
85
97
106
84
59
48
58
70
51
21
16
23
18
5
-2
-2
4
-1
-1
-5
-18
-9
0
11
33
40
35
38
65
75
66
53
42
41
51
43
27
17
18
32
42
59
92
82
33
23
35
33
19
16
18
21
52
59
41
32
33
36
21
11
23
55
72
51
23
8
7
9
8
17
32
52
69
74
69
69
102
113
85
70
81
92
91
92
75
44
34
51
57
57
60
57
48
20
17
51
56
27
16
11
4
6
24
35
25
4
-8
3
-5
-21
-12
-1
20
27
19
11
4
-2
-1
26
19
-5
8
41
60
74
77
71
65
61
87
92
70
70
89
92
80
80
69
48
48
58
61
54
45
42
73
96
76
52
51
52
48
38
52
69
52
51
83
112
106
92
87
80
73
90
96
85
76
67
57
44
43
54
50
44
51
49
39
56
85
86
77
76
88
113
125
150
144
68
42
91
147
173
188
196
196
196
195
208
233
251
233
194
193
227
258
247
205
165
156
173
193
194
172
153
154
180
194
182
169
167
188
202
204
179
165
181
184
181
188
185
182
185
196
199
186
156
144
124
106
101
90
74
81
70
48
37
33
16
0
-4
-1
-33
-81
-97
-85
-76
-75
-86
-97
-104
-109
-102
-97
-104
-105
-83
-92
-119
-103
-74
-86
-114
-116
-120
-138
-131
-105
-91
-73
-59
-61
-65
-58
-37
-10
-3
1
12
20
3
-18
-27
-14
5
-2
-24
-34
-35
-28
-21
-39
-65
-81
-89
-109
-107
-92
-90
-120
-137
-137
-121
-97
-83
-73
-42
-18
3
12
6
3
0
4
13
20
-3
-33
-4
50
61
69
58
21
20
54
76
72
52
44
88
119
124
135
113
86
87
92
88
85
101
115
122
121
113
122
139
148
147
135
120
116
128
132
102
67
44
48
67
57
27
-26
-58
-51
-33
-38
-61
-71
-55
-22
-4
-9
-1
12
-2
4
38
69
88
122
124
109
114
128
152
182
186
164
144
139
145
172
197
167
131
123
129
129
124
112
114
114
101
68
34
19
3
-14
-45
-73
-73
-60
-68
-77
-67
-38
-33
-67
-91
-74
-44
-67
-87
-61
-28
-8
6
12
18
18
19
7
-7
4
28
57
43
26
35
34
27
29
48
52
42
37
48
82
102
99
87
88
86
68
53
64
69
67
55
26
28
48
41
23
-7
-21
-1
36
-19
-101
-122
-101
-85
-81
-71
-76
-78
-53
-12
16
24
22
12
3
5
24
43
59
71
84
61
36
25
65
99
70
23
0
0
16
26
39
36
27
49
67
37
5
-6
-18
-22
-26
-43
-42
-23
0
24
37
37
40
32
8
-10
-9
19
36
11
-2
27
32
8
3
-1
-28
-41
-17
16
17
1
12
23
34
57
75
84
72
54
44
52
66
74
72
69
71
70
57
52
58
64
59
60
68
54
27
13
54
129
81
8
12
36
26
16
24
22
3
-4
5
26
53
75
85
89
108
123
135
120
106
118
130
137
146
137
129
129
134
145
119
86
93
136
130
112
93
69
56
52
53
60
75
83
76
80
83
84
81
73
80
81
49
27
35
34
22
-1
-34
-44
-11
42
34
2
6
21
26
38
35
25
26
34
48
60
70
60
56
59
60
65
77
65
42
36
29
23
12
18
13
-6
-21
-19
0
33
34
56
104
108
108
98
74
72
70
58
45
57
60
50
39
41
49
40
23
27
56
65
61
69
75
65
48
27
16
17
39
61
71
81
74
59
27
-4
-21
-10
-2
-14
-29
-34
-14
6
25
48
81
82
59
59
88
119
135
129
113
109
124
149
161
168
187
210
212
210
212
214
216
218
226
225
227
214
184
186
214
201
195
212
150
83
72
81
82
68
40
26
22
8
-4
-3
0
-18
-44
-59
-59
-46
-22
-11
-44
-65
-40
-10
-3
-12
-9
5
22
38
58
102
137
101
65
59
75
102
113
86
69
71
77
76
71
59
44
39
44
59
74
77
85
89
66
42
25
12
5
3
12
19
29
50
29
5
23
28
-7
-26
-9
4
-4
-13
-4
9
20
22
22
28
41
55
80
86
75
64
50
51
58
53
48
59
77
81
73
69
56
45
49
54
59
74
102
150
162
112
73
83
90
83
69
64
70
86
112
132
128
118
83
57
56
55
57
58
49
33
21
28
42
44
43
49
82
119
86
33
34
44
55
66
64
64
66
60
55
70
99
109
123
141
134
130
139
144
140
138
131
116
99
100
122
117
88
76
85
100
82
49
51
80
97
99
97
90
81
61
64
67
72
100
107
57
24
38
38
9
-7
-13
-17
-4
17
40
65
74
81
72
58
75
88
96
108
128
136
120
108
114
128
136
138
124
102
86
85
83
70
83
105
84
59
57
48
24
13
23
25
23
22
20
20
26
52
60
53
65
93
74
48
49
58
64
55
33
13
11
33
45
38
32
40
69
60
27
16
32
57
84
114
118
115
118
124
130
132
129
123
123
117
113
121
130
133
132
138
132
112
106
104
99
99
114
107
86
74
86
107
113
89
69
75
108
131
119
103
68
35
24
11
-10
-34
-42
-50
-54
-45
-33
-13
-7
10
-3
-39
-44
-8
26
17
-9
-25
-12
17
41
55
58
38
12
10
36
48
41
34
24
7
-17
-41
-39
-25
-21
-11
-13
-26
-8
48
59
41
34
44
75
113
106
81
73
84
77
57
50
41
38
42
44
41
26
16
22
49
67
69
71
90
106
101
83
90
108
84
55
64
72
66
72
67
50
53
70
73
71
65
50
43
43
50
52
43
52
72
82
87
102
99
97
97
88
72
69
61
60
42
11
-6
3
22
35
39
32
26
44
71
81
66
53
54
66
103
133
88
48
54
86
107
119
103
55
53
83
73
33
1
-13
-13
-3
0
-5
-1
8
11
11
-1
-11
-10
0
24
56
90
101
85
72
75
84
82
77
73
80
58
40
33
41
53
42
19
10
23
27
41
61
54
36
32
34
26
23
33
43
57
68
67
64
60
76
99
125
148
134
106
96
109
144
131
72
50
88
113
93
70
49
39
52
66
52
35
41
72
100
107
112
112
115
118
128
129
125
132
128
100
71
76
112
87
51
38
40
43
34
-1
-23
2
41
38
27
68
117
109
77
58
66
81
81
83
85
72
69
97
120
123
123
109
90
102
146
148
116
105
122
134
161
181
171
163
161
161
168
181
181
177
155
144
156
184
200
203
201
168
113
83
85
98
74
37
24
23
7
-21
-35
-20
-5
0
-1
-13
-28
-27
-27
-50
-60
-53
-56
-68
-68
-46
-25
-21
-7
5
11
-7
-19
-2
11
19
3
-8
-9
-7
-9
-17
-13
-9
-7
-4
-6
-18
-20
-6
6
-4
-37
-55
-39
-10
-19
-33
-34
-27
-37
-69
-86
-85
-73
-50
-50
-70
-71
-34
5
10
-23
-57
-58
-22
-12
-21
-2
20
26
29
29
28
35
52
53
49
48
59
73
98
98
75
64
50
36
24
11
1
13
7
4
17
26
37
50
69
73
67
64
68
74
51
35
33
25
22
6
-7
2
34
57
71
61
37
18
6
12
35
49
12
-27
-24
4
13
18
34
38
34
19
17
5
-11
-25
-27
-11
6
25
48
71
90
101
85
55
35
36
69
103
75
36
23
37
49
57
88
86
51
48
73
71
59
67
72
84
91
92
89
89
88
75
58
55
56
54
32
-6
-17
-7
5
12
5
-3
21
36
23
10
17
38
58
57
69
73
69
87
98
87
85
86
82
77
80
73
72
85
103
101
72
56
54
33
10
-1
2
19
42
57
55
67
51
32
36
57
73
58
42
41
33
33
45
40
2
-26
-11
38
50
26
33
81
101
67
34
33
52
60
71
68
67
82
102
131
153
151
140
150
187
214
200
184
181
194
228
264
252
227
208
199
215
214
188
165
139
125
106
75
52
53
43
21
-1
-21
-30
-52
-76
-61
-9
-3
-43
-87
-105
-88
-71
-67
-81
-99
-99
-81
-37
-22
-57
-100
-84
-53
-60
-83
-88
-81
-78
-94
-105
-88
-69
-52
-37
-38
-39
-26
-10
-4
-6
-12
-19
-11
-2
9
9
0
-6
-7
-10
-12
-10
-6
-2
1
21
16
-27
-50
-38
-21
-21
-35
-46
-53
-43
-18
0
24
52
56
48
43
52
53
51
50
58
67
67
85
122
119
73
38
49
61
39
24
12
17
33
48
45
44
51
44
54
69
65
57
67
91
117
113
92
90
108
131
131
113
99
91
92
101
103
86
86
92
89
90
97
114
139
129
99
106
136
133
122
123
122
121
118
122
137
147
139
117
97
89
88
90
88
87
96
98
99
97
83
74
64
51
50
44
35
59
88
58
32
28
36
34
12
5
19
6
-3
-1
7
6
12
9
13
21
12
12
12
10
7
-1
-3
13
37
51
40
20
9
7
2
0
-1
-3
-8
-8
-3
2
-2
-3
4
12
41
68
60
40
36
57
64
36
21
41
77
88
82
70
51
35
27
9
-5
-11
-2
24
43
44
55
65
50
26
20
28
39
49
53
57
56
53
69
74
57
44
40
36
28
24
34
54
37
1
4
27
36
35
32
22
33
76
116
107
84
81
91
100
89
82
81
82
81
98
116
113
108
116
134
145
136
103
67
55
55
54
49
37
11
-4
8
38
51
45
42
35
28
28
9
-21
-23
-1
16
27
59
114
122
118
114
113
116
116
100
89
96
117
132
103
61
42
54
74
65
40
17
6
9
17
23
26
36
49
56
59
64
71
97
102
97
84
85
92
112
103
72
85
103
102
85
66
50
43
40
27
7
-7
-6
6
32
34
27
25
32
32
21
7
8
33
60
60
54
48
56
91
121
96
45
28
37
39
35
32
24
33
64
66
42
37
33
16
-4
-4
18
32
28
39
66
85
85
74
57
55
56
56
77
89
67
52
67
83
80
60
64
83
91
83
71
60
56
74
84
52
38
43
58
64
35
3
4
36
37
18
21
33
29
28
49
44
43
74
99
84
64
64
66
57
64
76
72
86
108
87
75
89
107
120
130
146
168
186
187
182
172
170
182
204
241
250
211
160
152
196
224
170
107
100
116
112
92
66
28
4
-13
-29
-42
-72
-105
-129
-139
-161
-179
-186
-188
-185
-169
-167
-196
-216
-218
-209
-201
-204
-200
-188
-179
-182
-162
-125
-113
-147
-179
-166
-135
-123
-141
-163
-158
-133
-97
-72
-60
-61
-75
-98
-67
-45
-66
-70
-54
-29
-14
-20
-21
1
12
19
48
74
65
51
51
32
11
8
20
36
40
55
74
69
55
48
43
50
57
65
81
86
80
82
87
90
91
72
70
100
116
103
91
80
64
55
65
80
73
54
45
54
56
59
81
88
60
29
33
57
104
103
90
114
108
80
72
73
67
60
72
97
103
92
85
83
87
89
87
85
84
86
80
96
136
134
88
48
42
57
68
90
116
114
130
168
160
133
102
84
72
58
43
49
59
66
72
103
101
70
50
42
28
18
17
32
68
102
92
70
49
44
57
64
55
42
65
105
105
101
117
128
124
116
101
85
73
71
71
76
102
106
89
82
89
101
96
82
89
97
81
68
68
75
75
86
124
148
149
104
87
101
102
80
44
24
11
13
37
64
70
69
80
83
70
50
37
44
64
73
82
73
57
55
65
100
114
92
71
64
49
27
20
37
41
37
26
8
2
-4
-10
-1
7
10
20
34
48
48
37
48
59
44
35
55
84
91
93
104
115
88
59
51
36
19
16
20
11
5
4
7
41
41
17
10
23
34
28
23
27
32
27
33
35
36
45
93
97
57
38
52
56
41
48
60
56
42
42
55
49
32
3
-9
3
26
43
39
33
33
41
60
64
50
56
75
76
73
90
113
131
116
101
71
48
39
49
67
50
17
5
28
43
39
38
32
26
36
70
105
91
67
60
61
72
89
96
83
91
145
161
133
117
120
112
84
59
57
67
72
91
102
99
87
54
32
27
42
51
41
20
24
22
9
11
19
16
5
-2
-3
-19
-36
-27
-12
-9
-2
12
16
13
49
80
59
33
27
32
17
6
25
57
90
83
33
16
37
54
55
74
92
90
70
76
88
91
85
69
64
77
82
72
76
99
102
80
55
59
75
69
57
49
43
37
20
6
16
25
21
21
53
101
68
12
16
58
49
7
-10
-5
12
20
11
16
37
57
41
19
11
20
28
11
1
12
26
19
4
36
83
83
42
-2
-10
6
23
18
4
2
20
64
120
121
88
82
103
104
81
68
76
82
85
73
61
56
52
40
25
10
17
18
23
37
42
44
42
54
68
64
51
42
45
66
66
64
84
105
120
118
108
96
96
103
89
71
88
123
102
54
41
58
60
43
3
-34
-40
-18
6
7
-5
-11
-8
-9
-11
-22
-23
-8
-1
2
8
26
45
60
85
61
18
20
41
44
27
25
26
23
41
56
52
41
32
33
26
18
17
29
40
36
27
36
56
68
72
81
101
119
122
102
76
69
74
86
107
136
166
202
230
220
210
217
204
193
211
237
248
242
247
245
244
264
278
284
296
295
262
241
251
258
240
208
186
162
112
75
74
98
80
16
-29
-37
-44
-68
-93
-103
-99
-107
-122
-121
-119
-121
-114
-113
-102
-84
-82
-93
-108
-117
-116
-118
-116
-103
-90
-110
-150
-158
-141
-129
-124
-131
-145
-141
-113
-70
-55
-67
-76
-83
-91
-90
-76
-68
-58
-50
-40
-28
1
35
4
-43
-65
-59
-22
17
-19
-53
-34
3
13
5
-7
-12
-13
-11
-2
18
26
41
67
76
92
112
107
86
83
74
51
37
37
42
57
48
26
36
69
118
121
107
104
88
83
89
92
96
76
57
59
69
72
84
72
39
26
27
20
27
40
29
13
9
-4
-8
-2
10
37
66
60
43
49
75
85
70
67
82
76
59
56
68
90
97
89
99
121
146
137
118
108
106
85
60
53
41
28
28
43
51
35
27
64
84
84
81
93
103
77
42
25
32
36
33
32
36
45
57
73
90
96
82
49
37
58
58
38
28
55
66
38
29
9
1
28
60
39
12
12
39
65
76
85
76
74
87
83
66
61
70
74
73
73
82
85
87
98
104
96
72
71
97
99
85
67
45
39
38
37
51
54
40
23
22
37
53
59
58
88
116
105
89
89
107
139
128
92
70
68
66
53
44
50
50
55
71
83
89
98
96
92
98
73
41
32
40
60
81
81
60
48
39
39
40
35
32
37
41
52
77
123
114
38
10
39
48
19
-4
-6
11
18
11
16
17
18
27
24
17
16
16
12
25
22
2
-7
-1
18
18
17
39
69
66
27
17
50
64
37
24
28
36
49
75
100
84
82
103
125
140
153
166
179
202
220
214
213
226
213
194
195
203
219
231
229
235
240
218
211
217
233
257
243
197
156
144
161
164
149
144
149
118
76
50
28
18
10
1
-18
-13
-4
-26
-33
-41
-75
-86
-73
-70
-90
-108
-108
-89
-50
-57
-98
-109
-100
-91
-89
-102
-113
-116
-114
-104
-88
-84
-84
-81
-67
-57
-55
-69
-82
-51
-13
-42
-87
-87
-53
-35
-45
-59
-61
-42
-8
11
16
-4
-19
-10
5
19
32
38
40
34
23
13
18
25
26
22
34
80
69
3
-29
-10
6
8
19
26
39
44
49
86
109
88
74
74
81
85
101
107
97
86
82
80
74
57
44
49
56
75
82
70
68
73
70
65
53
48
48
41
36
35
56
75
71
60
67
81
86
96
124
131
98
74
68
71
72
70
89
112
104
86
76
80
75
67
52
50
44
42
59
80
80
64
44
33
40
81
93
71
67
98
123
107
90
107
107
80
81
90
74
58
35
34
28
5
-3
3
7
-2
-20
-35
-28
-17
-13
-21
-27
-25
-2
25
50
52
26
35
67
48
22
16
3
-2
2
11
10
29
74
91
74
53
53
73
89
68
37
39
57
59
53
52
52
38
24
34
55
73
84
97
99
67
37
48
69
66
65
75
82
85
74
56
41
26
23
36
49
53
39
34
51
82
80
59
54
61
72
72
67
48
66
88
69
32
22
39
57
57
48
39
52
86
102
89
76
76
74
73
70
59
65
80
85
68
43
39
51
53
42
41
51
66
89
114
104
68
50
40
32
29
17
2
-5
-3
7
28
48
48
51
58
66
68
64
68
77
83
86
97
100
77
64
91
107
89
80
72
72
72
57
39
21
36
69
97
118
88
52
41
38
28
13
6
10
18
33
40
44
42
43
67
67
33
22
52
55
41
44
58
64
56
56
54
64
80
77
66
60
39
