49
43
36
27
21
20
26
38
56
84
93
74
44
41
56
68
70
73
80
83
76
69
73
99
85
53
36
43
37
5
-6
-6
3
23
36
37
29
20
19
20
20
21
27
42
58
68
64
55
58
81
106
120
129
133
147
148
114
90
100
108
86
53
34
26
26
24
23
32
49
55
54
55
45
27
20
34
57
64
50
37
37
44
45
39
40
43
51
59
58
51
36
21
21
33
36
36
34
35
36
41
49
44
71
88
85
85
84
84
89
100
99
92
99
109
122
119
98
74
71
84
83
67
53
57
70
75
68
58
66
66
55
44
45
41
22
16
18
25
37
43
45
48
50
52
51
40
38
59
57
38
25
18
19
25
24
20
23
37
50
45
36
24
26
41
53
42
22
16
32
43
37
26
33
44
43
42
49
52
49
43
53
56
52
52
57
58
50
43
42
44
50
49
50
52
53
54
56
60
49
38
51
70
49
19
9
9
7
9
9
-1
-1
19
38
52
55
54
53
49
50
56
56
51
52
60
66
57
42
34
37
42
40
34
24
4
2
22
43
51
37
28
25
32
39
41
41
40
42
59
82
101
108
107
108
104
92
83
74
65
54
51
44
42
49
55
50
55
55
17
-2
13
39
51
45
34
23
16
16
33
54
60
56
69
84
87
90
87
89
80
74
87
114
120
107
80
53
40
38
34
32
21
21
37
58
66
57
57
48
34
42
55
68
71
58
58
71
81
76
75
88
100
104
112
91
86
93
98
97
88
70
60
66
67
44
17
5
11
27
27
21
26
35
42
43
34
39
59
65
53
36
32
24
11
3
6
23
33
23
9
9
23
34
28
22
9
9
19
27
32
23
21
32
35
28
27
29
37
42
54
67
72
74
74
82
86
90
104
105
90
82
81
80
83
109
107
73
49
40
43
40
27
12
8
12
27
37
12
-10
-17
-17
-25
-35
-36
-37
-29
-14
-7
-7
-2
8
24
43
59
66
40
19
21
35
35
18
1
-7
-1
8
6
28
40
37
35
35
37
32
34
53
68
66
68
74
80
83
87
92
99
102
92
87
81
64
58
70
67
50
33
25
40
61
58
39
37
56
87
83
55
40
33
23
17
16
9
16
35
49
48
41
48
59
59
52
36
34
26
3
-9
-6
0
-4
-19
-21
-11
-1
0
0
6
11
19
26
43
53
45
48
64
89
108
105
91
86
92
99
101
106
120
139
120
98
98
100
85
68
72
70
67
83
83
67
50
37
25
19
20
33
48
41
26
11
-6
-11
-3
8
22
36
33
20
25
48
58
58
64
73
90
98
91
83
81
82
83
83
83
87
89
83
64
49
71
74
48
32
35
29
26
22
23
44
67
68
72
71
74
85
73
60
64
71
72
59
36
18
13
23
33
27
19
21
42
65
65
59
54
37
20
19
23
23
27
28
23
18
29
44
54
55
59
84
81
49
23
18
26
41
49
49
38
40
54
68
75
83
92
88
66
54
70
88
85
84
92
96
91
86
80
70
72
81
85
91
98
92
81
70
64
64
71
84
70
51
36
24
18
5
-11
-26
-21
4
0
-7
6
27
36
19
-3
0
20
20
18
27
37
40
43
48
48
51
57
65
65
66
73
81
76
61
43
39
42
43
51
49
36
35
37
33
25
19
8
3
9
25
50
53
40
52
102
123
100
99
107
99
89
100
99
90
98
114
123
102
76
68
71
81
76
65
43
34
36
44
41
13
-7
-10
-8
-9
-2
17
29
27
29
43
49
38
27
23
21
26
35
42
65
49
24
39
66
73
54
34
33
40
35
33
49
58
51
36
27
26
28
27
20
22
36
41
45
49
49
49
49
52
55
52
49
53
53
65
82
87
91
85
73
71
86
102
81
55
50
50
44
40
37
36
36
43
56
71
69
56
44
38
28
29
34
35
44
65
81
83
82
86
69
39
24
27
36
37
28
22
13
3
1
23
43
45
34
24
38
54
54
43
32
37
54
64
77
100
84
57
55
60
51
33
21
24
23
13
20
23
16
3
-3
-5
-7
-11
-11
-3
2
2
5
5
0
-3
-6
-10
-11
-1
10
17
17
21
22
24
26
18
3
5
26
54
37
8
3
20
36
32
25
41
69
105
134
134
116
106
115
123
121
102
88
104
104
97
105
115
117
123
132
135
134
114
90
96
101
75
43
33
34
40
43
34
27
21
6
9
11
1
1
7
12
16
3
-4
1
8
29
44
35
25
28
27
22
18
19
22
28
40
49
37
23
25
37
41
38
32
28
36
44
66
96
129
124
101
83
81
84
91
106
115
113
107
100
85
73
70
71
71
64
56
54
50
44
53
57
43
26
21
21
17
24
50
66
73
82
69
56
42
26
17
12
18
21
12
4
-2
-3
-1
5
11
11
24
40
32
27
41
58
70
72
74
76
86
99
107
114
107
99
100
99
100
100
86
75
73
59
44
34
21
6
4
-6
-19
-22
-20
-10
-10
-18
-10
8
21
35
41
36
38
40
18
23
56
67
48
41
64
71
54
53
67
75
68
56
64
69
65
67
75
86
92
101
106
103
100
106
118
124
124
118
120
124
122
107
90
83
85
81
71
75
98
108
83
40
18
18
29
29
16
6
13
25
32
33
40
36
-5
-30
-29
-17
-1
7
3
-3
3
23
40
54
60
67
75
76
84
93
99
103
122
152
161
155
145
141
170
208
216
194
160
156
172
168
153
120
84
70
80
82
60
38
34
51
58
49
24
6
-6
-20
-9
7
6
-14
-35
-52
-55
-34
-9
-6
-22
-46
-60
-67
-72
-73
-71
-76
-78
-71
-62
-50
-33
-5
1
-23
-35
-26
-18
-12
-4
16
28
36
37
37
35
35
36
37
28
22
27
28
24
25
33
38
36
44
44
-1
-44
-43
-12
-3
-14
-13
9
27
42
49
45
58
73
81
74
59
50
56
74
83
82
77
80
69
65
65
71
72
68
61
64
73
87
87
83
76
76
84
97
100
98
100
105
118
137
131
96
76
84
98
102
97
87
81
73
67
55
45
48
51
49
42
34
18
17
20
12
11
5
-2
-19
-33
-24
-11
-11
-23
-34
-41
-34
-23
-18
-19
-9
7
12
25
42
52
57
65
69
70
72
83
90
88
87
89
100
104
104
116
121
108
99
100
98
92
91
92
114
139
141
140
141
107
88
100
106
103
93
72
56
68
80
77
70
59
41
27
9
-1
0
8
12
9
-2
-5
7
19
11
8
23
42
44
38
35
27
10
5
10
10
6
2
4
11
7
-1
3
9
7
11
29
50
64
64
42
32
36
52
50
36
27
28
27
29
34
35
26
22
32
48
48
34
21
22
27
38
50
49
34
25
29
38
42
44
39
32
23
23
34
35
26
21
16
13
17
32
43
50
35
7
2
16
33
36
35
32
39
61
65
52
56
66
67
67
72
82
98
114
136
160
141
120
121
132
134
139
148
145
136
136
135
129
105
92
96
91
65
48
54
65
57
38
24
26
34
38
36
37
50
58
54
49
50
52
51
53
57
50
24
20
36
57
66
53
48
39
36
44
54
53
49
49
59
69
66
59
57
51
41
45
64
74
60
50
69
93
103
88
69
58
64
70
80
88
89
86
72
51
38
26
22
23
28
28
33
19
3
-4
-2
-2
-13
-18
-10
-12
-19
-9
0
3
6
18
24
24
32
38
42
64
65
35
27
44
53
52
39
24
25
37
42
41
52
58
51
33
33
32
19
19
28
42
52
53
60
70
59
49
48
56
55
53
54
52
50
60
72
71
69
72
80
86
59
37
39
42
37
21
11
20
34
48
69
76
49
10
6
32
45
49
52
55
48
34
28
42
64
84
88
73
57
49
43
52
59
57
55
53
36
27
36
34
22
21
24
24
25
32
40
43
49
59
53
42
57
73
60
42
41
50
56
57
54
43
39
52
55
50
60
76
76
64
44
42
53
60
60
65
67
59
57
52
45
51
54
57
60
58
56
51
55
73
82
85
96
87
82
86
85
71
65
59
54
41
27
23
26
21
12
20
34
37
34
26
22
22
24
27
25
36
54
68
72
83
93
96
88
87
87
88
96
85
68
53
51
56
58
69
73
56
43
36
38
42
42
44
50
39
28
32
28
35
64
88
98
93
92
97
92
83
67
49
37
36
43
34
9
2
12
28
39
39
23
3
-4
0
8
7
7
17
35
52
56
52
56
75
85
74
66
74
81
73
66
60
69
74
56
37
28
38
50
50
36
22
10
9
9
4
3
4
3
3
-2
-2
3
10
19
24
29
26
33
51
65
53
41
50
64
70
69
68
71
74
71
60
50
42
53
70
73
71
74
81
71
59
57
73
97
93
80
74
87
96
85
76
96
85
61
56
52
59
66
52
42
39
42
42
33
26
22
28
44
51
51
49
42
21
8
13
19
22
33
44
49
43
44
55
59
49
33
33
39
48
50
54
61
67
72
75
66
56
67
92
86
74
74
59
56
69
76
75
72
74
80
86
90
80
73
68
59
64
67
64
54
48
24
-1
-13
-13
-12
-6
12
18
16
21
24
27
33
39
41
45
50
40
36
38
32
25
35
52
67
70
61
60
66
73
71
53
39
57
83
75
57
41
43
52
52
44
43
55
67
57
44
54
69
76
65
50
51
51
50
55
60
58
51
54
68
75
67
56
55
45
37
24
12
2
-1
-1
-2
-8
-22
-18
11
9
-6
-9
-7
-2
6
11
16
24
37
37
42
44
43
51
54
51
54
70
88
89
59
41
34
23
18
18
24
32
36
34
37
54
60
53
42
29
22
25
29
38
48
49
50
52
45
48
57
68
88
91
69
41
32
27
19
29
50
29
11
18
25
29
27
23
26
33
34
27
26
35
43
56
54
26
23
38
49
43
27
17
18
22
32
52
69
70
66
57
52
43
40
50
67
76
75
77
72
60
57
64
67
57
59
68
68
66
74
87
101
102
82
69
72
72
68
64
66
61
66
72
76
74
72
72
67
65
60
59
60
53
37
27
25
22
20
20
19
12
6
-6
-13
-8
-1
19
20
6
6
6
5
7
32
49
44
51
72
91
92
76
59
64
80
72
53
52
71
88
85
74
66
65
71
82
91
98
99
92
90
91
91
82
65
57
57
70
84
88
77
56
48
43
49
59
43
18
9
18
10
-2
-6
5
17
22
33
39
48
52
53
66
90
90
72
58
61
76
82
71
68
74
81
72
65
64
54
45
48
65
72
52
41
51
65
66
48
29
28
53
55
49
67
52
16
-5
-18
-18
-17
-10
-10
-9
5
38
58
66
69
69
71
80
81
74
68
60
56
59
69
76
92
107
104
90
72
58
51
48
40
29
21
21
32
39
52
71
89
99
99
89
76
80
90
96
85
80
87
105
124
113
80
69
77
93
80
52
43
41
42
53
67
66
51
35
33
32
27
28
32
40
42
40
35
34
40
53
58
33
7
9
25
35
17
-5
-8
-1
3
6
13
16
7
6
8
20
23
16
8
7
16
24
37
44
50
53
50
38
41
49
43
33
27
24
33
42
45
48
45
42
35
33
41
54
55
37
26
41
66
67
58
54
54
51
36
21
8
2
8
27
42
40
33
35
43
64
74
65
42
37
50
59
53
33
21
28
59
87
85
73
66
60
69
82
84
69
56
64
50
22
9
0
-2
-1
-1
-5
-9
-8
7
22
22
21
25
33
40
40
32
40
66
70
54
44
40
37
28
23
21
25
37
36
32
36
38
37
39
40
40
48
56
54
55
59
56
45
39
37
43
58
66
57
54
43
27
24
29
40
40
34
22
17
13
9
17
19
10
8
11
20
22
18
24
44
58
70
74
75
86
81
58
49
56
70
71
69
73
76
88
105
112
106
100
93
85
80
76
65
52
58
44
32
34
40
37
37
37
38
48
67
87
89
75
58
52
56
56
37
32
51
69
76
68
49
39
49
66
61
38
16
16
42
57
51
48
45
42
52
60
67
60
48
36
37
44
51
52
51
48
40
36
25
25
40
41
29
23
16
11
12
6
-4
-1
12
33
48
58
77
97
98
89
84
83
98
103
105
117
101
74
73
71
53
29
13
17
23
32
34
34
39
48
43
48
55
52
42
48
59
61
50
49
56
59
64
69
75
86
87
87
90
69
40
18
2
-1
0
-6
-10
-6
6
18
26
35
33
23
20
33
53
55
51
52
48
28
17
4
-1
-4
-18
-21
-3
9
16
16
3
2
9
10
8
11
20
17
16
32
56
70
66
51
41
39
40
38
27
17
18
34
51
55
55
54
53
51
56
57
55
51
40
37
41
51
53
48
39
40
52
70
91
96
85
80
71
69
59
53
50
49
42
32
27
28
21
12
24
42
50
54
57
64
68
73
80
74
68
67
69
69
77
92
97
92
98
104
125
150
148
148
157
163
133
112
109
116
106
96
100
109
130
133
107
81
71
69
75
70
56
59
76
84
75
60
56
57
57
52
38
33
24
21
23
22
33
42
44
43
43
44
50
50
42
32
27
37
49
70
65
44
49
64
60
40
24
37
37
26
29
41
42
40
43
48
49
52
59
68
72
68
64
61
57
49
33
19
25
48
51
28
13
11
7
2
0
0
3
7
6
7
12
18
25
42
56
52
54
59
59
58
59
64
57
40
28
26
29
29
36
48
67
97
97
93
86
64
57
58
52
41
34
28
49
72
70
51
39
36
34
26
18
19
44
59
42
35
50
80
76
36
7
12
34
48
56
58
55
49
43
55
74
83
75
64
52
49
57
40
12
9
23
42
52
50
38
40
54
59
69
72
56
39
39
44
56
72
75
82
83
82
83
73
61
51
36
26
33
27
22
36
37
18
1
3
12
20
26
32
38
41
48
37
33
36
42
53
58
48
33
33
44
54
42
27
43
64
65
48
25
18
26
39
41
38
33
20
4
9
25
34
35
35
36
38
38
50
58
44
49
50
34
41
64
65
57
59
56
41
38
45
52
42
39
29
6
-8
-8
-7
-9
-10
-12
-11
-3
1
17
41
52
42
35
37
49
48
27
16
16
21
27
29
32
44
60
64
58
72
87
75
51
38
42
54
56
52
50
42
40
52
59
53
50
86
101
69
60
70
71
69
55
40
28
28
37
54
65
64
65
74
77
69
56
52
51
53
55
66
65
61
72
73
70
76
87
80
66
56
49
39
37
38
40
48
53
49
51
54
53
54
53
55
52
37
28
44
55
35
12
21
33
26
9
-1
1
10
27
43
58
69
68
67
81
86
75
67
60
58
58
54
56
60
64
68
91
92
56
38
39
27
19
21
28
38
50
71
85
69
52
66
90
109
100
76
58
55
53
40
18
7
19
33
26
20
33
55
75
81
68
54
49
48
53
72
92
102
105
104
98
88
96
74
60
68
72
70
65
53
51
53
58
65
50
32
21
24
25
19
4
-10
-10
4
27
32
23
37
58
82
72
42
24
23
27
32
22
26
50
69
77
80
75
83
84
73
56
41
34
28
21
13
-4
-11
1
17
33
29
1
-29
-37
-19
-13
-21
-27
-23
-11
-5
-1
0
4
12
18
11
17
26
34
33
32
33
35
38
35
36
43
55
66
65
60
64
72
101
116
100
90
101
96
89
85
83
97
129
121
90
85
90
100
109
118
113
98
91
85
69
58
66
65
51
38
37
42
51
50
48
54
51
41
40
50
57
64
68
67
68
75
84
83
74
68
48
37
44
53
57
52
44
50
58
61
57
50
41
40
56
64
58
52
53
56
57
56
52
48
41
61
83
73
68
74
83
70
56
56
67
70
53
42
44
49
52
53
57
51
32
25
27
26
23
17
10
8
7
12
38
49
21
-7
-8
2
8
16
24
35
43
51
57
67
60
39
20
26
40
35
22
17
21
38
57
73
42
20
49
76
87
92
96
92
93
101
124
147
155
154
147
147
153
162
154
137
121
113
109
100
84
68
65
65
59
42
36
35
44
44
16
-2
4
2
-14
-33
-46
-45
-36
-28
-26
-23
-7
7
24
23
4
-13
-3
23
21
9
2
1
4
5
-2
-6
2
21
37
37
32
37
48
48
35
26
39
56
64
51
34
27
20
17
16
9
11
18
19
24
35
36
25
27
41
39
26
20
28
45
61
73
80
75
72
73
70
68
56
41
42
54
64
66
58
52
64
73
68
57
55
50
43
39
27
27
41
42
40
38
36
40
41
27
24
41
59
66
69
68
70
90
87
70
70
75
74
75
84
86
77
66
59
61
45
25
6
-3
-12
-25
-25
-23
-20
-6
8
12
27
42
39
26
28
32
35
28
9
1
0
-8
-8
-3
7
21
34
38
39
34
24
25
35
50
55
56
65
80
84
83
90
97
90
87
99
123
136
118
104
118
137
137
140
152
162
162
145
121
116
131
149
156
151
130
114
117
123
125
129
121
123
123
108
108
116
120
115
104
102
102
108
107
101
106
112
112
124
129
115
107
120
133
131
121
134
149
117
84
82
98
106
86
48
18
-1
-9
-17
-23
-26
-29
-33
-37
-53
-75
-100
-117
-120
-116
-116
-116
-108
-103
-102
-99
-90
-83
-75
-76
-81
-70
-54
-46
-51
-68
-85
-91
-84
-73
-60
-49
-34
-33
-49
-57
-55
-50
-30
-7
7
16
19
16
8
5
4
9
13
2
-7
-1
19
36
41
40
35
20
3
-1
-2
-5
0
10
19
26
27
27
34
45
50
39
29
33
36
43
51
48
41
48
57
68
70
72
82
87
80
68
67
71
74
71
68
67
60
57
53
53
59
61
60
58
66
81
99
102
87
75
81
87
81
59
56
84
87
71
65
68
70
54
28
28
51
68
72
70
61
43
28
25
28
50
48
22
18
25
35
42
42
37
41
54
71
85
86
72
54
52
71
82
67
51
38
40
55
75
84
66
50
44
44
45
45
48
52
67
85
97
102
104
103
92
80
74
74
74
77
84
82
64
39
29
41
56
65
59
54
56
71
80
77
71
58
43
42
56
70
83
99
104
102
106
121
137
147
144
144
151
154
144
130
124
117
89
83
87
68
44
27
19
10
12
20
25
26
19
10
8
6
8
20
20
4
-4
-5
-10
-13
-4
10
16
6
18
34
36
34
35
37
32
26
36
49
50
41
39
48
44
33
25
24
25
32
43
41
35
54
60
42
20
10
17
8
-2
-1
16
38
36
38
56
71
68
57
57
59
59
45
21
20
33
28
9
0
3
13
13
9
18
23
13
2
5
23
33
27
26
40
59
75
75
57
42
43
59
67
64
60
69
82
100
106
92
73
58
54
51
57
65
58
50
40
38
38
32
28
38
35
25
34
43
55
64
53
49
60
75
71
52
43
56
70
71
61
49
32
24
37
45
50
58
65
59
57
65
67
70
74
82
89
92
92
90
91
102
104
90
73
70
82
91
98
98
83
68
60
55
48
35
28
28
41
51
34
27
28
35
29
11
-1
-7
-8
-7
-8
-4
7
25
41
43
38
35
39
38
38
42
55
67
80
91
101
100
89
74
65
64
67
73
89
90
76
71
65
60
68
74
65
41
33
57
69
48
27
27
41
51
53
58
70
77
74
71
86
66
41
35
29
39
49
35
18
17
21
24
25
36
36
22
12
11
7
9
25
34
26
25
35
43
41
35
35
41
53
64
64
61
64
59
51
49
48
43
49
52
42
50
72
87
70
41
32
40
50
58
69
72
80
84
83
83
86
97
109
115
107
114
117
116
101
84
75
73
57
38
25
19
8
2
11
28
33
11
0
9
36
34
22
26
37
36
25
22
28
43
43
33
34
50
65
59
57
51
43
45
44
41
35
33
43
54
59
59
61
68
67
68
66
69
71
70
80
97
105
109
112
105
99
83
71
81
101
109
97
73
61
60
55
44
33
34
39
42
34
24
18
11
9
20
34
41
50
56
61
66
64
49
19
3
3
-5
0
9
-5
-17
-7
4
9
5
5
13
21
35
60
85
82
69
57
53
52
52
44
38
43
69
96
121
147
151
149
139
118
93
87
93
92
98
100
83
64
40
18
10
12
5
1
3
3
2
4
7
2
6
22
13
-5
-13
-9
-2
-7
-8
5
22
26
25
23
21
25
35
39
42
52
60
56
42
49
50
41
49
59
70
71
74
81
84
98
107
105
87
67
56
59
69
72
70
67
66
65
44
27
27
26
24
23
0
-29
-39
-28
-14
-9
-2
8
20
4
-18
-26
-26
-23
-12
10
26
32
29
26
37
49
48
38
26
28
40
41
40
45
44
40
40
45
50
51
52
57
64
59
61
64
68
87
120
135
132
119
109
98
89
92
96
87
84
84
88
100
114
117
108
97
89
90
91
85
73
70
60
53
55
41
24
24
39
35
23
16
25
41
38
23
11
5
8
10
11
17
22
18
4
0
10
23
38
51
28
29
45
48
37
26
37
50
52
45
49
54
59
72
81
73
72
81
89
97
90
73
57
41
20
2
-7
1
20
43
54
37
23
21
28
42
55
54
19
-4
-6
8
34
52
61
64
70
98
138
151
135
114
107
121
134
145
149
150
151
151
132
101
75
81
107
107
86
66
52
50
43
40
56
82
86
72
66
70
59
36
24
33
40
37
35
38
41
39
37
34
29
24
34
41
22
-5
-24
-33
-35
-34
-37
-51
-51
-25
4
11
6
-3
-6
-8
-17
-8
1
17
33
53
68
41
20
18
20
22
20
11
18
33
42
54
66
60
60
64
52
43
49
69
86
89
81
70
66
60
44
38
38
45
55
70
70
52
50
60
64
48
28
21
19
26
44
66
97
99
74
61
59
53
38
27
35
39
34
33
43
59
67
57
48
45
69
92
96
96
96
92
83
57
44
44
51
56
56
53
50
52
69
91
97
82
75
86
84
80
72
65
64
60
54
34
16
13
12
13
21
41
39
18
5
12
36
57
58
43
33
39
52
67
75
76
66
38
17
16
38
50
48
27
10
3
-1
0
-4
-19
-23
-12
8
26
45
65
69
71
58
41
42
61
85
91
86
77
89
97
88
73
60
59
73
81
72
64
49
42
49
49
43
50
72
101
99
92
82
58
51
48
50
41
33
19
23
42
56
64
70
75
66
37
18
26
35
21
7
5
8
5
3
2
9
20
38
48
38
32
38
40
36
38
39
43
51
51
39
27
37
64
74
54
52
66
51
23
12
21
28
35
40
48
39
25
23
22
13
21
34
18
3
4
5
7
16
20
18
23
36
52
57
54
54
58
60
72
81
70
60
55
44
38
35
38
41
49
56
50
49
54
61
64
71
86
90
90
87
83
82
83
76
69
71
80
90
82
73
82
88
82
72
75
72
55
43
51
69
88
98
97
96
101
85
43
23
24
20
16
20
25
28
34
29
28
25
21
20
19
13
21
37
43
42
49
56
51
40
45
55
61
67
61
53
54
58
60
53
41
35
37
34
13
3
-10
-25
-24
-9
7
13
10
3
-6
-7
-11
-10
9
41
56
57
55
59
55
49
48
51
59
72
81
59
41
42
53
68
76
56
34
32
43
53
56
54
48
48
50
53
55
64
72
60
59
66
66
64
69
76
80
67
52
50
55
64
61
53
53
60
66
50
25
11
6
0
1
8
7
1
3
19
19
13
21
29
35
45
52
44
42
48
58
74
84
90
101
116
122
122
113
92
80
73
74
87
61
27
24
35
43
43
24
5
9
22
37
52
57
44
23
25
43
50
49
44
37
41
53
51
38
27
24
27
34
37
38
32
26
32
44
56
66
73
80
82
70
54
49
51
53
40
24
22
26
23
27
38
27
21
41
54
49
48
42
36
24
16
4
3
22
41
57
70
77
55
32
34
36
38
41
49
54
64
72
88
106
106
104
113
115
113
116
115
112
112
107
88
68
67
74
69
56
49
55
68
74
65
48
26
26
50
68
65
67
81
81
84
85
80
74
69
67
64
49
27
9
-2
2
18
32
