-2
4
12
26
42
53
38
16
19
24
22
10
7
16
19
25
42
52
57
64
61
52
41
45
67
90
99
92
97
104
106
115
130
134
134
139
136
132
125
122
114
106
121
139
161
157
137
129
128
117
89
66
51
39
26
19
10
10
11
13
13
4
-8
-10
-8
-1
9
13
11
8
23
18
6
16
22
20
20
12
1
-2
7
12
19
25
23
13
0
-8
4
12
11
20
39
57
80
88
69
65
66
69
83
83
54
24
27
36
25
23
33
28
19
9
1
-3
-7
-5
4
7
0
-5
-5
-1
8
21
38
51
58
59
60
69
72
73
76
67
43
49
59
65
59
60
72
87
91
87
96
98
91
87
81
70
60
53
51
52
56
60
64
68
65
54
36
16
5
-4
-8
4
22
26
23
20
22
18
22
40
64
56
33
25
44
59
56
40
29
34
44
51
54
68
72
60
52
54
59
49
33
38
64
86
104
121
105
88
92
103
103
91
80
69
57
50
43
32
20
19
26
34
35
34
36
41
36
19
13
24
37
40
37
33
34
41
44
33
24
45
72
72
65
72
86
91
93
92
85
85
92
86
67
56
58
72
88
89
89
90
91
87
83
71
64
73
88
83
66
50
43
43
37
29
29
21
10
5
10
19
20
6
-7
-3
11
7
-4
-8
-3
8
4
-10
-21
-23
-20
-12
-3
9
22
28
39
56
75
93
104
103
101
113
120
119
106
98
98
99
92
75
55
36
20
18
26
26
16
12
22
17
12
34
38
17
16
25
32
35
55
64
58
53
52
55
56
54
49
41
36
36
37
37
43
50
49
42
35
23
12
19
28
24
9
8
28
44
54
54
49
43
48
58
72
85
97
102
90
96
104
101
85
75
83
90
84
75
69
55
43
40
32
19
9
12
29
28
21
25
37
34
42
76
82
59
42
34
34
35
40
51
52
59
76
98
101
89
72
56
64
83
89
88
86
87
92
83
66
56
56
54
48
52
72
82
66
50
39
41
55
71
58
42
36
42
51
40
19
17
20
19
10
18
22
37
26
3
-3
9
11
4
-1
-11
-27
-37
-33
-22
-20
-22
-19
-6
10
34
38
32
40
64
89
114
114
96
81
83
72
52
35
28
20
10
17
34
54
66
52
32
20
28
43
49
48
43
38
27
25
28
36
20
12
25
37
36
25
25
33
49
68
82
82
76
82
86
82
72
65
69
85
86
73
66
75
96
97
81
60
53
58
68
64
51
42
45
53
56
54
53
60
74
87
99
86
61
55
65
70
60
53
50
54
60
60
70
85
87
65
27
9
1
-13
-25
-14
10
42
66
82
93
101
102
123
123
114
107
104
106
107
99
87
74
57
40
39
59
75
72
59
51
35
19
18
25
34
32
22
32
42
38
19
6
9
25
35
43
50
53
64
65
52
49
57
57
55
61
56
32
12
10
5
-6
-3
1
0
4
8
1
-8
-12
-9
-3
3
12
24
36
40
41
43
58
67
64
65
70
77
88
89
90
89
88
88
87
86
82
96
85
48
32
36
33
20
6
3
-10
-24
-24
-13
3
12
10
0
-6
-9
-3
6
33
55
41
10
-11
-13
-2
17
20
10
10
16
18
17
16
19
34
51
52
48
51
59
65
51
28
22
38
50
42
43
56
67
71
88
106
117
128
147
155
145
128
108
103
103
100
91
84
77
82
70
44
29
25
12
4
9
19
25
28
25
27
39
40
23
17
25
32
33
34
40
56
73
85
84
72
65
58
54
66
72
70
84
89
85
73
71
81
84
86
88
86
89
89
87
81
68
53
45
55
68
72
68
72
69
58
50
39
40
41
27
11
5
5
2
-6
-10
1
5
0
-9
-10
-13
-13
-8
7
22
24
21
22
25
28
32
26
28
41
44
43
34
21
11
6
9
23
36
41
43
40
33
25
18
22
33
43
55
38
25
41
58
56
49
51
52
50
45
39
28
27
26
23
36
53
72
72
66
59
60
60
64
67
75
80
76
73
65
54
48
44
52
68
65
52
40
44
66
73
70
56
49
50
66
85
88
87
89
97
91
83
81
87
89
86
80
70
68
68
65
58
67
74
69
60
71
90
80
72
77
73
64
58
60
61
61
55
51
40
34
39
40
42
42
37
26
35
44
39
24
17
23
34
37
32
24
23
28
28
36
56
83
81
70
69
71
75
76
75
82
92
92
85
71
59
53
55
45
33
27
26
19
8
13
26
32
20
10
9
6
16
28
33
41
65
97
98
70
73
91
93
70
48
43
60
81
86
85
83
73
67
57
49
40
40
39
40
38
25
11
6
5
2
2
10
32
48
48
43
53
64
74
81
70
64
61
59
59
59
58
56
56
60
54
44
50
55
54
41
36
40
52
52
23
-6
-9
10
22
7
1
8
28
49
55
48
54
93
118
93
81
87
92
86
81
81
84
93
96
87
82
73
72
56
32
19
7
-1
-4
-2
11
11
-1
-11
-13
-2
12
20
20
17
18
28
54
82
83
73
73
82
82
77
77
82
90
101
89
70
60
55
43
38
51
64
65
68
67
67
57
43
60
83
72
58
69
101
129
116
83
72
88
109
128
145
156
160
149
137
138
140
136
120
113
104
99
93
76
55
40
37
40
34
26
27
58
59
38
35
50
37
-5
-28
-30
-38
-65
-89
-92
-75
-57
-45
-58
-70
-60
-45
-35
-30
-35
-38
-40
-41
-40
-34
-29
-33
-36
-39
-49
-55
-56
-54
-57
-71
-82
-83
-83
-84
-86
-86
-68
-43
-28
-23
-18
-3
8
6
-2
11
35
39
43
60
66
54
44
45
58
73
80
76
77
74
65
45
26
7
-5
-6
-7
-9
-8
-19
-27
-29
-19
3
19
35
60
88
116
115
119
134
133
117
104
104
106
104
101
91
83
76
84
93
100
101
103
112
108
99
96
92
81
75
92
106
98
81
69
66
72
72
55
38
29
33
37
39
42
42
36
34
39
51
54
60
76
92
100
96
88
82
80
86
97
106
116
118
121
128
136
150
120
84
76
77
64
48
48
55
50
35
23
24
29
33
32
21
21
43
64
68
74
92
98
66
34
33
44
42
32
26
28
26
28
42
48
37
25
23
29
45
57
60
67
55
37
37
44
53
51
38
26
17
10
6
10
20
24
33
41
53
66
72
67
57
57
70
77
72
71
74
70
64
60
60
55
64
68
51
42
43
50
55
43
27
27
28
22
21
33
40
42
48
60
72
75
77
90
100
99
100
96
89
83
71
65
58
53
54
59
65
69
43
19
20
29
36
27
11
9
26
49
49
38
26
34
51
60
69
72
71
71
74
74
80
71
52
27
18
27
35
28
22
34
64
75
81
82
84
87
86
86
92
102
104
105
118
123
123
122
128
120
106
98
92
87
84
82
80
81
81
69
60
54
33
9
9
22
25
24
24
20
6
2
-1
9
28
34
33
23
19
29
37
37
36
38
44
48
39
41
52
36
28
36
36
23
4
-8
-8
-1
11
24
28
33
37
45
55
68
80
81
84
93
93
93
91
77
66
53
41
44
50
40
34
41
49
45
35
25
28
29
27
27
23
11
4
8
24
28
25
27
34
35
39
42
48
57
70
69
66
58
56
57
58
57
55
43
35
42
49
48
44
37
17
4
1
2
20
37
18
0
1
23
41
35
23
21
26
27
41
57
59
65
59
51
44
43
38
38
40
40
49
48
51
68
84
105
128
119
96
90
101
104
88
71
70
75
80
81
74
70
71
71
59
49
34
16
10
9
0
-3
10
11
7
6
10
22
36
54
74
82
59
36
27
44
60
58
57
51
27
11
17
37
50
40
34
42
59
64
41
26
41
58
56
42
44
58
74
76
66
55
51
65
81
76
67
65
64
57
49
42
45
50
55
53
40
35
40
44
37
25
28
38
42
50
53
50
48
51
55
54
50
41
48
57
68
64
56
54
55
64
67
57
43
43
64
68
38
22
28
45
53
39
23
17
10
9
16
19
20
25
23
12
9
9
18
19
16
23
37
52
56
37
28
36
43
41
25
13
22
43
55
57
50
41
51
57
58
52
56
69
70
70
74
74
64
57
66
70
70
74
90
107
107
90
70
64
60
50
48
53
50
39
45
52
35
16
10
35
60
58
44
49
54
45
33
27
28
36
41
52
55
49
36
33
40
52
60
68
61
65
73
69
59
70
90
100
87
67
53
54
55
52
54
69
80
74
75
81
68
57
49
49
54
43
32
33
34
17
-7
-10
1
5
-5
-28
-51
-51
-33
-27
-40
-54
-54
-24
-5
-23
-33
-17
8
28
25
13
12
19
33
58
84
82
59
49
44
35
35
42
41
28
16
8
21
22
10
5
4
8
25
35
29
33
40
42
41
60
84
85
66
52
44
53
58
57
54
54
64
71
67
68
73
74
71
66
50
38
37
52
60
67
69
65
54
48
38
36
45
52
53
51
41
38
48
66
76
75
64
39
36
48
58
56
51
51
51
54
70
71
71
85
90
82
85
104
99
91
87
82
70
59
53
56
70
81
83
64
37
28
33
32
26
26
44
40
16
21
41
43
36
26
21
23
28
27
12
4
0
4
6
10
26
39
40
45
57
70
66
61
67
72
77
83
74
64
64
67
76
85
89
91
86
83
82
81
75
68
52
42
40
37
36
37
35
34
41
52
57
65
64
53
44
50
54
58
71
83
75
56
38
32
34
35
34
40
43
49
60
69
64
58
61
71
72
60
49
40
50
68
69
58
65
90
109
96
76
66
61
64
54
39
26
27
53
56
37
23
22
27
18
0
-2
18
27
26
33
27
17
10
25
44
51
44
42
45
50
54
61
65
53
41
44
51
51
40
32
36
37
23
12
22
34
35
37
43
54
66
73
85
97
99
90
80
73
73
74
76
74
59
56
68
82
91
92
86
91
107
115
104
89
82
82
77
96
96
81
71
66
61
59
54
56
72
83
74
68
74
77
64
40
35
41
44
48
54
70
69
44
35
36
33
33
48
64
65
50
33
18
6
0
0
6
8
10
17
18
25
37
38
32
27
36
33
19
3
3
11
21
35
51
58
61
66
70
72
82
90
92
93
91
81
64
57
66
77
81
72
65
67
69
60
51
34
17
11
13
8
5
4
8
6
7
13
11
10
13
24
38
55
59
52
59
71
64
64
70
73
68
58
58
68
71
69
76
80
59
35
8
2
1
2
3
5
6
6
11
19
22
22
32
41
49
59
87
105
88
73
67
72
76
67
35
17
25
42
42
21
6
6
6
6
6
-2
2
4
3
5
2
4
11
22
32
36
34
27
29
37
35
25
16
16
24
28
40
51
53
54
65
75
75
70
71
69
64
60
52
51
60
59
45
35
41
65
69
65
60
58
52
40
40
52
53
52
60
75
69
58
41
29
29
32
36
45
54
65
70
64
68
72
70
71
83
90
92
89
85
83
83
87
85
74
64
55
51
43
41
41
37
26
19
25
41
56
58
49
40
48
56
60
59
50
42
44
59
70
75
75
65
67
68
56
40
29
29
32
33
28
32
41
45
42
41
45
45
44
43
50
42
35
34
39
48
50
51
53
68
56
53
66
76
74
53
39
42
52
59
56
57
68
67
54
37
24
10
2
-5
-12
-13
-1
18
26
32
35
40
50
43
40
50
61
68
66
66
67
64
75
88
91
89
76
71
71
66
55
40
32
32
36
39
36
24
19
27
36
26
27
49
60
59
44
44
53
60
81
99
107
121
131
119
93
75
82
99
118
140
165
184
204
228
247
252
246
229
215
213
211
225
241
241
228
199
166
149
139
128
114
104
122
140
113
80
68
70
76
75
60
38
17
6
18
24
22
4
-21
-42
-46
-50
-51
-51
-67
-86
-92
-91
-93
-107
-123
-122
-109
-99
-85
-77
-72
-65
-53
-53
-54
-52
-37
-33
-40
-45
-49
-42
-35
-36
-41
-40
-23
-13
-23
-38
-37
-23
-8
2
9
5
0
-4
-2
-4
-8
-1
10
17
12
7
6
13
11
2
8
27
38
42
60
55
48
52
55
50
48
34
22
23
33
44
54
50
36
29
28
33
48
60
60
43
24
21
19
29
50
57
49
36
33
37
49
42
32
33
50
69
70
58
61
71
66
58
44
38
43
56
68
71
71
67
59
58
69
75
71
55
42
34
36
44
41
28
35
66
98
116
92
72
72
82
77
65
52
39
40
52
55
58
67
73
66
42
38
49
56
65
70
74
71
67
60
54
52
40
33
37
43
51
57
68
73
68
58
66
80
67
36
18
19
32
34
25
19
9
7
9
24
40
56
58
56
85
97
70
52
41
42
58
66
55
51
56
68
69
60
43
34
32
35
42
44
39
36
41
53
61
60
53
54
73
99
108
99
76
70
80
89
99
89
71
70
91
112
100
71
54
50
42
42
49
48
34
25
33
34
23
16
22
34
42
52
54
54
50
52
58
57
60
75
87
75
60
57
51
44
40
35
42
53
67
71
69
65
58
58
56
39
35
39
43
38
29
32
45
64
69
60
64
66
61
66
83
101
104
101
96
92
92
124
141
101
64
51
42
28
20
18
8
-3
-5
8
13
10
12
12
4
-2
-5
-1
2
10
19
18
17
17
20
26
36
50
51
36
25
29
41
54
54
40
34
27
24
36
51
51
42
52
56
41
38
43
54
69
86
100
104
99
90
85
75
65
59
51
43
42
51
53
55
68
82
80
60
48
28
21
38
48
44
40
42
58
75
74
58
50
49
54
50
39
35
27
22
16
10
13
17
20
26
37
42
32
35
54
52
29
9
7
21
40
53
53
54
69
97
119
113
89
76
76
83
82
72
65
66
69
67
57
52
52
54
57
64
67
70
83
77
58
54
55
55
43
32
26
34
38
43
42
36
41
57
64
53
59
75
60
40
27
10
7
16
23
26
21
22
40
51
49
40
41
52
59
60
64
70
82
91
85
65
52
58
69
74
75
72
70
76
83
66
40
40
57
76
75
55
39
38
41
44
49
48
49
51
49
53
51
52
57
64
59
64
59
43
32
23
29
42
43
44
52
56
53
49
40
36
35
34
39
56
66
74
104
105
76
53
36
27
33
23
6
-6
-9
3
35
61
66
66
66
60
49
42
39
29
22
17
16
20
23
28
29
24
23
26
36
44
48
43
50
51
43
39
44
52
41
28
23
26
40
49
48
42
43
51
53
51
52
52
43
36
22
18
23
23
19
13
7
16
33
39
52
55
41
33
28
22
24
36
57
82
67
52
60
69
70
67
60
52
51
68
86
90
98
91
70
56
60
75
88
101
101
92
89
90
85
67
50
44
39
35
40
43
36
21
7
9
27
51
48
39
55
87
80
44
24
9
-5
-11
-4
8
9
-3
-3
9
24
36
40
48
36
22
25
29
27
26
19
19
34
40
29
18
32
58
67
53
42
53
75
90
91
91
92
91
85
82
85
85
67
55
56
57
52
58
58
42
28
23
24
28
34
48
53
57
56
58
66
60
52
50
59
73
85
98
100
102
100
92
87
76
69
76
99
100
82
67
55
43
39
51
57
41
18
11
23
37
51
60
35
24
44
49
45
52
39
22
16
19
29
36
24
9
12
18
17
17
9
12
17
21
25
20
5
-8
-10
-11
-13
-9
-1
-5
-26
-41
-34
-13
-4
0
10
27
38
49
70
86
86
74
70
83
107
114
103
100
109
133
131
121
120
114
109
117
108
100
98
81
68
80
96
98
85
67
65
84
96
105
132
144
133
118
112
117
117
104
90
83
74
69
70
66
53
39
32
20
16
12
12
11
1
-21
-34
-33
-34
-36
-34
-37
-37
-35
-33
-23
-12
0
12
23
18
4
5
12
32
40
40
53
55
38
36
45
49
53
52
40
32
34
49
49
34
29
44
54
59
69
70
67
67
81
91
89
74
60
55
64
76
81
70
65
59
52
52
59
58
44
35
37
40
42
42
42
40
43
44
38
35
48
48
42
56
65
58
58
75
83
68
82
106
105
89
80
75
74
81
81
71
59
52
39
24
16
9
6
-2
-10
-17
-7
4
2
-8
-17
-13
-11
-17
-19
-11
-3
-1
0
5
22
40
58
84
92
104
107
90
77
91
130
162
186
215
233
229
221
227
231
229
224
217
209
192
171
148
129
116
114
108
99
82
69
61
58
51
32
5
-10
-30
-44
-51
-60
-65
-71
-77
-83
-77
-81
-88
-82
-59
-38
-10
-3
-29
-50
-49
-30
-29
-46
-46
-29
-5
5
-10
-25
-23
-10
-1
4
2
-2
9
24
25
13
4
1
0
-2
9
20
16
8
7
16
23
37
39
12
7
37
53
36
13
4
2
3
-1
-8
-6
0
4
11
19
23
33
53
73
72
54
50
69
93
113
107
92
89
86
76
74
81
84
99
105
84
60
57
45
32
19
8
0
2
17
37
48
58
59
64
82
98
91
86
90
105
115
120
115
103
92
105
112
86
57
48
44
38
39
49
44
39
51
80
90
75
60
57
71
80
67
50
39
45
49
38
34
41
57
67
68
66
67
80
72
52
48
58
60
54
39
21
11
17
32
35
32
43
65
80
82
74
69
68
75
85
89
70
43
32
37
53
66
60
50
38
41
55
60
58
50
44
40
44
54
48
40
48
44
38
34
37
44
42
43
59
70
68
84
113
71
18
8
18
24
13
1
-2
7
11
16
25
29
28
24
23
25
34
54
64
64
64
64
65
71
72
67
71
77
87
101
112
108
93
88
96
103
100
89
89
89
85
82
74
56
42
43
64
80
70
57
61
75
92
104
104
105
119
129
124
117
112
113
114
105
98
90
93
112
124
105
72
53
66
96
102
73
42
41
68
87
68
41
34
49
66
65
54
39
24
12
3
5
18
19
-2
-29
-29
-19
-24
-28
-33
-34
-35
-38
-53
-61
-58
-44
-33
-25
-12
3
9
8
7
9
24
42
41
27
20
20
21
22
25
33
33
18
6
10
23
39
53
59
56
49
43
54
67
75
83
73
66
82
98
103
101
103
116
106
84
69
56
54
57
58
56
56
48
39
35
35
40
44
43
37
26
25
20
16
11
8
12
25
34
43
54
74
82
72
66
51
37
32
24
12
4
8
17
28
42
44
39
25
17
28
42
40
32
23
17
6
2
11
22
35
57
67
54
55
80
104
117
106
83
72
74
75
72
58
39
32
34
28
22
18
11
19
32
39
49
54
56
52
44
53
66
67
69
83
99
112
107
104
114
120
113
93
88
83
73
66
65
55
33
20
21
19
17
32
34
32
37
43
44
55
70
59
48
52
68
80
77
81
81
81
84
75
70
66
49
26
4
-5
2
10
5
-3
-6
-9
-11
-4
-8
-17
-3
11
8
-5
-2
21
37
38
40
53
65
60
53
54
54
38
18
8
1
10
36
25
7
5
16
23
23
18
12
18
20
13
10
12
24
37
42
48
54
66
70
65
57
69
76
70
65
69
73
74
73
71
81
81
69
57
60
64
54
35
17
9
19
40
49
41
35
35
44
56
55
40
37
42
59
68
58
43
38
36
32
34
32
24
29
38
33
27
27
32
40
52
55
57
68
68
55
43
41
53
58
59
61
68
81
91
98
98
101
109
114
104
88
81
82
81
76
71
64
66
69
72
58
41
37
35
33
35
37
35
41
42
42
45
70
88
88
82
80
83
88
96
75
53
49
55
70
92
120
123
114
103
115
120
115
120
134
128
116
115
119
120
112
92
77
66
56
41
24
12
23
42
42
29
10
1
7
21
24
16
11
19
18
16
17
23
21
20
26
18
-7
-24
-6
3
-4
-7
-13
-29
-39
-22
5
20
13
11
25
59
88
86
68
52
59
81
100
105
103
91
86
88
86
74
59
37
20
19
32
36
33
34
39
48
48
37
27
35
40
26
19
22
28
44
60
68
69
71
71
77
96
93
80
74
72
59
34
5
-3
5
9
2
0
-2
-10
-10
3
18
11
-1
-6
1
8
10
16
18
24
27
40
58
64
58
56
58
55
53
53
58
73
83
74
55
38
32
41
53
50
28
5
-8
-6
2
5
7
3
0
2
13
33
49
51
35
16
11
26
34
36
60
70
53
42
54
55
53
49
35
26
28
34
44
58
67
64
53
53
64
56
45
53
68
76
89
89
74
57
59
66
70
69
68
66
58
54
52
50
53
59
57
48
48
56
60
70
81
80
70
70
76
81
72
60
55
57
54
51
55
58
57
60
53
37
22
19
27
26
8
-9
-9
4
11
13
19
25
33
53
67
64
61
73
81
76
67
56
53
51
51
50
48
49
52
56
70
87
93
87
73
65
53
42
41
43
51
57
52
32
12
7
4
-4
-5
11
27
24
12
17
20
16
4
1
10
35
48
48
43
44
43
34
21
18
28
41
54
64
56
54
55
55
57
56
56
52
54
65
72
69
66
73
86
90
85
74
67
53
38
40
48
51
53
60
67
67
61
58
55
44
39
35
38
50
56
60
53
43
41
42
40
41
50
60
66
64
57
50
57
84
91
75
67
77
87
89
90
100
122
140
139
129
128
146
165
176
178
178
178
181
192
195
186
171
151
136
124
115
102
87
70
70
86
81
57
40
33
19
1
-9
-6
-4
-6
-8
-18
-23
-38
-65
-73
-67
-53
-53
-68
-91
-101
-75
-50
-37
-36
-33
-21
-3
5
-7
-13
-7
0
-1
-8
-13
-14
-8
1
3
-3
-10
-7
6
12
11
8
-3
-7
-2
5
9
-6
-21
-23
-18
3
25
35
27
17
13
18
28
53
73
77
68
49
28
25
33
48
58
66
67
69
69
69
67
74
89
96
101
100
97
97
102
112
116
105
86
74
69
60
44
33
35
52
73
82
74
71
71
76
87
71
54
59
82
98
91
81
69
67
71
77
72
75
91
83
76
83
82
74
67
60
60
65
59
53
53
56
54
43
41
40
49
61
59
43
36
36
34
32
28
36
45
43
34
25
32
36
32
36
43
41
42
37
25
22
21
35
55
58
55
64
83
92
102
108
108
103
97
89
87
84
76
64
50
49
42
26
13
13
10
16
20
8
-7
-9
6
17
13
8
6
20
33
24
22
27
25
21
21
23
28
41
42
20
-3
0
16
23
26
27
28
28
38
50
50
50
53
58
66
76
87
85
72
55
44
40
38
48
72
73
49
36
44
48
38
37
36
38
52
56
55
53
56
50
51
60
68
57
35
29
41
41
43
57
60
60
67
71
69
64
57
57
65
73
73
75
76
70
57
49
36
23
25
40
40
28
23
28
34
28
28
26
16
7
24
57
64
37
18
19
23
27
27
23
21
34
54
82
101
101
90
82
82
88
96
93
100
108
99
73
51
42
48
54
69
83
76
58
50
48
37
29
45
68
81
73
57
41
28
37
55
64
53
53
59
57
48
44
51
56
66
74
53
24
20
36
42
37
29
22
22
40
60
71
65
52
39
20
17
33
50
44
36
34
38
41
38
38
51
58
44
35
37
29
16
5
6
11
17
16
13
23
37
36
26
34
40
42
49
40
19
10
17
19
17
20
28
40
42
44
50
42
40
53
69
86
106
114
107
106
106
112
121
113
84
69
82
89
86
84
86
84
76
76
66
37
18
17
33
50
56
51
50
56
51
33
21
29
40
40
35
40
55
58
57
80
102
104
82
65
67
85
90
74
65
68
75
82
83
73
58
56
71
82
83
82
86
85
73
60
57
54
51
55
55
48
41
38
36
24
7
0
-1
6
4
3
6
8
-1
-10
-9
6
19
22
36
44
40
36
40
45
50
55
53
44
35
29
29
33
33
29
27
24
28
43
48
42
32
32
35
36
49
56
51
44
39
36
27
20
21
26
24
21
19
11
2
-4
-5
-4
-5
2
11
22
34
40
39
50
70
68
43
41
49
51
51
57
57
53
41
38
49
60
70
67
56
43
48
57
61
71
80
80
76
70
66
61
52
54
56
48
37
25
13
12
32
44
38
38
