45
43
43
45
48
44
52
56
53
48
40
36
37
37
24
12
2
-1
8
10
1
-5
-5
-10
-18
-23
-14
-6
0
5
6
0
1
22
50
73
93
98
84
68
75
97
105
106
107
104
97
80
74
76
70
55
44
44
50
48
36
34
29
20
10
18
37
49
52
43
32
28
38
49
51
48
52
56
51
56
76
75
65
55
53
61
74
84
86
76
71
73
66
52
50
55
59
57
49
48
64
75
68
49
35
32
36
32
25
37
53
60
57
55
54
38
21
16
18
9
-1
0
17
20
5
-5
-5
0
8
10
16
26
36
27
12
10
25
41
54
48
38
42
50
53
54
54
56
65
70
81
82
77
73
71
64
53
48
56
70
76
80
75
61
39
25
22
23
23
16
11
20
20
17
18
18
16
22
28
35
41
57
67
64
64
75
92
103
104
92
88
97
98
90
92
91
75
57
40
35
39
37
32
33
38
36
26
27
32
37
40
37
34
36
42
42
35
26
25
34
44
55
64
66
69
87
107
117
121
122
116
109
119
130
119
96
70
55
50
40
22
9
4
2
1
-19
-42
-43
-37
-41
-45
-46
-43
-33
-19
-5
5
25
50
55
40
27
37
64
82
85
80
77
72
66
66
66
66
70
69
68
69
75
84
90
98
90
76
67
64
64
67
66
64
64
71
82
82
69
57
55
66
73
66
48
29
27
24
24
33
33
21
17
20
19
10
10
20
33
45
42
36
34
28
32
39
35
33
38
40
38
37
45
57
52
42
44
59
73
75
68
66
65
57
44
36
35
34
39
54
71
73
59
42
37
43
54
59
68
74
80
80
75
73
75
76
73
70
72
87
101
91
75
74
75
59
52
54
54
53
51
51
53
49
48
45
33
12
2
1
9
12
11
13
22
21
10
5
17
35
38
43
58
57
52
52
54
52
49
44
49
56
44
21
12
24
32
26
20
19
18
20
26
35
37
28
20
21
26
27
20
10
8
7
18
21
16
12
20
26
24
33
53
66
67
68
64
57
65
75
87
92
84
73
68
66
69
80
87
87
76
58
55
59
48
25
16
21
24
22
25
35
32
38
60
77
76
72
72
77
77
68
60
69
83
84
75
65
57
55
60
74
76
71
69
74
77
66
54
56
58
50
32
19
19
22
18
16
13
22
40
51
50
53
60
65
67
73
82
82
76
73
73
68
58
55
45
35
26
27
35
29
11
0
4
10
7
2
6
13
21
33
36
33
35
42
53
64
76
84
82
80
81
83
75
57
40
35
38
38
35
27
19
25
38
35
24
12
18
33
38
38
44
55
58
69
84
83
74
74
85
100
114
121
112
81
59
65
69
66
55
45
38
33
25
32
42
44
37
34
41
52
60
67
56
43
38
40
42
42
50
60
71
68
51
43
48
36
24
23
22
21
20
22
26
25
23
28
29
24
16
2
-1
9
21
26
39
55
59
50
41
51
60
59
54
51
48
51
59
70
67
49
26
13
7
-3
-17
-26
-33
-26
-19
-3
13
23
34
49
67
84
84
77
69
53
50
56
66
65
54
48
54
69
71
65
60
65
69
69
60
48
38
38
42
34
20
17
16
11
2
-11
-17
-8
1
7
12
21
35
44
43
54
80
104
101
74
61
72
87
86
86
85
77
72
69
81
91
90
72
49
36
34
38
41
42
28
17
9
10
17
19
21
24
19
18
26
38
42
43
39
36
39
39
38
49
59
67
73
82
83
71
55
57
73
73
54
39
40
44
40
35
38
44
48
45
49
56
57
49
39
43
66
93
118
132
146
162
167
164
160
163
169
162
138
128
144
176
193
195
193
185
171
168
172
166
146
128
122
135
157
176
182
184
183
180
179
184
199
205
193
168
138
117
101
88
74
57
43
38
27
21
22
17
3
-10
-22
-29
-30
-29
-34
-35
-26
-19
-12
-11
-11
-13
-17
-13
-12
-13
-19
-24
-27
-29
-51
-81
-98
-110
-119
-121
-126
-132
-120
-114
-119
-129
-125
-113
-93
-83
-73
-58
-38
-24
-21
-21
-12
-3
6
10
16
18
10
2
-2
0
-2
-4
-5
-17
-50
-69
-65
-57
-72
-98
-105
-85
-52
-35
-37
-40
-35
-23
-18
-17
-7
8
19
24
34
42
55
68
75
82
85
91
115
136
147
153
161
155
148
150
150
145
135
131
116
93
83
69
50
34
26
25
21
24
25
21
16
13
21
37
51
53
45
43
49
53
58
57
57
58
66
83
96
96
86
77
72
64
59
59
53
58
72
80
84
89
86
71
59
54
64
85
99
92
80
71
65
55
54
65
73
72
67
59
57
59
61
52
37
37
42
45
53
65
71
69
67
69
69
59
56
53
51
44
34
28
41
57
65
58
51
48
53
66
73
69
64
68
80
86
83
77
70
57
50
43
37
33
28
28
36
40
36
33
37
28
17
6
6
9
7
2
5
19
32
25
21
25
33
43
56
56
54
65
75
71
57
43
24
9
18
38
54
57
56
55
58
66
71
73
68
60
59
67
81
90
99
105
92
70
66
74
86
93
92
82
69
64
58
55
51
41
38
39
40
33
11
-2
6
28
51
59
59
53
51
57
66
69
60
52
54
61
71
71
68
67
66
68
73
69
57
40
22
20
25
27
21
17
24
38
40
33
25
23
24
24
26
36
48
51
58
66
71
85
86
80
75
74
68
60
64
68
70
67
56
48
52
57
44
13
-11
-25
-26
-25
-22
-13
-7
-7
-11
-9
3
18
32
43
56
69
84
91
86
72
69
73
82
90
93
91
89
84
76
77
72
70
76
88
82
56
44
54
58
66
68
70
70
69
72
76
77
86
98
98
97
98
105
113
116
114
114
133
145
128
101
82
68
57
54
55
61
65
50
26
19
22
26
29
34
35
33
28
21
6
-4
-10
-7
-2
-1
1
3
17
27
39
44
49
54
50
39
25
22
25
28
34
38
40
43
40
33
36
44
54
51
39
43
60
68
61
51
49
56
57
56
69
89
99
92
87
89
92
97
104
121
147
170
178
168
156
163
166
164
162
163
176
195
200
185
168
166
170
170
170
172
182
181
177
181
181
180
172
156
140
135
135
134
121
116
123
130
124
120
113
89
64
43
21
3
-10
-40
-65
-81
-92
-92
-91
-93
-93
-99
-108
-117
-117
-113
-113
-120
-120
-99
-76
-78
-87
-86
-84
-86
-91
-85
-67
-49
-30
-35
-55
-71
-72
-74
-74
-66
-50
-40
-44
-37
-26
-26
-34
-36
-25
-5
5
5
6
4
5
17
20
7
-11
-20
-12
-8
-3
5
6
8
27
43
51
57
55
49
49
50
44
39
38
45
43
38
36
32
33
33
28
35
41
48
44
40
29
27
34
28
36
55
60
55
53
55
65
68
55
40
36
40
51
56
54
50
39
34
39
45
54
66
84
99
98
86
76
82
80
64
53
57
59
60
64
67
81
92
90
80
72
72
82
92
101
97
83
68
55
48
39
35
34
37
39
40
49
58
65
64
57
53
54
59
73
88
84
73
68
64
53
40
25
22
33
44
41
28
16
6
9
19
24
11
-4
2
25
42
41
36
36
43
59
75
91
107
116
108
93
89
100
105
92
74
68
70
80
80
66
40
25
38
57
59
43
26
24
28
28
33
33
36
37
22
10
9
12
23
34
33
23
12
3
0
17
48
75
71
56
57
71
74
69
61
61
61
57
65
80
93
86
70
56
48
41
36
28
22
26
37
35
24
19
24
35
44
53
51
53
70
85
89
83
74
71
74
80
72
60
52
53
49
22
-2
-5
4
3
-5
-5
-7
-5
1
8
20
27
35
41
40
37
58
85
97
104
107
103
92
82
74
64
65
83
97
91
83
73
68
53
40
38
48
59
71
80
90
92
86
67
49
49
55
57
61
64
60
57
55
66
80
92
107
124
136
132
123
116
109
114
116
112
100
89
86
84
71
60
54
39
34
37
36
25
21
20
16
11
11
9
2
4
19
37
41
39
40
43
37
26
22
23
32
32
23
13
12
13
4
0
5
17
20
23
26
21
13
16
20
21
24
35
44
51
57
58
55
51
51
50
53
69
88
89
76
64
57
64
82
90
85
74
74
82
86
76
66
57
66
80
92
91
76
67
69
67
71
88
103
105
87
68
65
58
53
43
32
32
33
23
8
-7
-24
-29
-24
-20
-24
-37
-35
-25
-19
-12
-8
-1
10
20
27
40
58
76
97
109
113
104
90
74
61
59
65
66
69
73
72
71
73
74
87
102
107
106
115
129
131
128
131
145
154
149
124
105
86
73
73
80
72
54
41
33
20
7
2
12
34
25
1
-20
-27
-29
-28
-33
-36
-36
-28
-10
3
2
-5
-8
-10
-18
-24
-21
-6
2
9
8
5
7
12
22
41
66
70
65
69
76
74
72
74
74
60
48
40
49
54
49
38
39
48
49
43
41
44
52
49
42
50
54
52
45
52
64
65
61
58
50
33
29
40
37
18
11
12
7
8
11
11
8
6
2
7
29
51
60
70
71
66
71
82
88
88
88
96
92
82
70
59
56
55
49
48
48
42
40
34
40
55
58
52
50
67
86
82
73
69
69
64
51
42
51
73
84
83
80
71
55
37
26
21
16
19
27
26
19
18
22
20
17
7
2
-1
-10
-18
-27
-43
-55
-52
-43
-38
-39
-24
6
25
41
54
58
56
58
69
83
97
100
99
99
93
93
90
72
57
57
64
66
64
57
54
53
54
48
48
44
40
40
37
34
35
38
48
58
68
72
75
75
74
73
74
74
73
77
92
102
103
112
115
116
118
112
97
86
88
89
89
76
55
44
39
25
19
11
0
-11
-18
-11
-23
-37
-35
-26
-17
-6
-2
-3
-7
-19
-20
-12
-9
-10
-22
-27
-36
-45
-45
-34
-18
-1
9
13
20
33
50
55
53
56
61
52
36
37
51
52
43
41
38
38
49
64
66
58
67
85
90
88
88
89
90
83
58
44
55
70
74
80
77
71
64
72
85
87
88
97
104
102
85
71
70
73
70
65
73
101
109
109
112
114
124
136
136
125
114
97
87
87
82
76
76
80
87
83
70
59
52
39
20
4
-4
-5
1
7
16
19
9
0
1
8
11
19
22
23
25
27
20
11
7
8
21
37
50
54
72
88
82
77
98
109
106
101
101
100
98
96
75
57
55
57
50
42
44
41
39
44
50
45
53
61
75
85
86
86
87
85
83
86
87
86
81
69
49
32
24
19
13
12
5
2
-3
-4
9
21
11
3
1
2
8
19
33
35
28
22
17
7
2
20
45
56
52
54
58
71
81
76
68
56
50
51
59
68
80
83
73
68
74
87
85
70
61
65
66
57
58
70
73
68
58
68
80
75
73
74
75
76
72
67
66
68
66
49
32
42
53
36
17
16
25
36
37
39
51
58
52
38
36
42
52
52
48
44
45
48
44
42
43
44
51
57
60
65
70
67
60
60
60
65
71
55
36
32
38
43
52
54
53
50
52
53
55
53
50
42
39
45
56
74
84
77
67
68
74
73
64
50
39
33
24
20
18
13
2
-12
-22
-26
-34
-35
-19
1
10
8
-2
0
7
17
23
29
26
23
37
57
76
86
81
77
83
88
90
80
64
56
60
69
66
49
39
34
33
25
9
3
8
16
23
29
36
42
40
26
16
24
37
44
42
28
22
35
50
58
54
35
18
13
19
18
11
9
19
39
38
19
10
27
59
84
76
72
85
96
82
66
64
69
81
88
87
80
76
84
84
68
58
65
70
64
50
42
37
32
40
53
59
61
54
38
28
21
13
23
40
39
32
24
21
27
39
39
35
38
49
55
56
56
57
58
58
59
60
60
59
66
76
85
81
69
64
67
64
51
49
52
48
40
42
35
24
23
21
16
10
21
37
41
26
11
19
44
66
60
50
53
68
76
74
69
69
76
87
96
100
104
101
100
100
100
93
83
75
71
73
73
71
71
66
60
58
67
71
69
65
56
59
70
73
74
74
73
75
70
58
52
44
37
33
35
40
34
27
33
42
40
26
13
10
12
21
24
32
41
44
36
21
19
22
21
10
6
11
33
56
67
69
75
74
61
50
45
44
35
18
8
10
23
44
52
42
22
5
4
8
21
32
34
34
37
43
44
36
36
49
60
61
52
52
67
80
86
91
96
103
116
115
104
100
114
124
124
118
101
98
106
112
108
109
114
113
113
113
113
105
102
106
105
98
90
89
86
80
60
36
20
20
20
12
12
12
9
2
-18
-38
-42
-39
-41
-59
-72
-65
-41
-24
-7
3
-1
-13
-24
-25
-26
-29
-23
-4
5
3
4
8
12
6
-3
7
18
10
6
7
4
-4
-11
-17
-21
-27
-35
-37
-40
-43
-50
-61
-59
-43
-21
4
4
-5
-8
-8
-1
16
33
40
36
37
50
64
61
52
52
72
86
81
67
57
59
69
73
74
75
74
77
96
115
116
103
90
88
103
109
105
109
100
76
70
75
74
68
55
48
54
68
83
92
88
71
68
72
69
66
61
48
37
44
59
67
70
74
74
71
77
84
77
68
60
55
51
37
32
37
43
49
54
54
53
56
55
45
37
36
48
57
72
84
83
84
73
70
71
71
70
69
73
86
99
106
119
134
134
116
96
91
92
77
60
58
70
76
60
39
32
40
49
52
52
60
64
54
48
49
59
75
91
100
87
58
34
17
11
18
20
13
3
-9
-12
-6
-1
-2
-4
-2
16
37
42
27
19
22
23
26
45
81
105
112
107
101
101
106
113
119
114
98
83
84
97
87
68
60
67
67
67
73
73
60
50
40
38
37
42
49
34
34
53
68
68
59
57
56
54
53
59
67
66
60
56
58
59
52
49
42
28
23
33
38
26
18
21
24
24
28
33
25
18
8
4
12
22
32
49
56
44
26
20
25
33
33
34
41
51
58
64
58
50
43
51
53
50
54
65
73
81
70
57
56
69
76
68
51
40
35
32
29
33
32
19
10
8
13
23
24
12
1
-2
9
28
44
54
53
37
27
32
38
43
50
54
59
71
72
70
61
54
55
64
64
58
54
51
51
53
49
41
37
41
51
67
86
96
76
54
54
61
69
66
70
89
100
97
91
89
87
82
74
67
64
61
50
26
9
1
-2
8
20
26
40
43
37
33
28
32
38
41
48
52
51
49
41
39
29
22
25
39
51
54
49
39
37
39
45
51
45
41
37
35
37
40
39
35
29
32
25
11
3
7
33
53
53
26
13
24
38
42
43
42
40
54
72
81
82
84
82
75
73
75
76
65
42
28
28
28
22
21
12
1
-5
-3
2
3
6
17
27
34
33
34
42
53
59
65
60
59
66
68
66
67
71
75
67
49
48
56
58
52
40
33
25
26
39
49
49
49
55
55
43
36
45
68
87
103
114
103
87
89
103
104
100
90
84
76
71
67
60
53
45
40
33
29
22
6
1
7
6
-7
-21
-24
-12
9
36
49
43
26
8
11
32
41
49
51
48
40
36
37
40
41
44
41
36
41
51
51
43
41
43
45
43
49
56
66
65
58
67
80
81
76
74
74
81
87
96
83
67
59
55
50
33
19
23
33
28
12
0
-6
-3
10
24
28
34
51
64
54
40
38
40
37
35
43
56
56
49
43
44
55
56
44
33
34
33
26
36
54
61
64
65
59
58
65
68
69
70
77
75
60
60
76
91
92
83
71
69
74
86
99
107
92
75
73
74
66
48
35
22
11
16
22
23
12
-8
-27
-24
-3
2
-14
-21
-4
11
25
44
72
101
117
117
128
139
145
133
123
121
119
119
123
131
125
124
133
152
177
172
137
116
116
121
121
114
102
92
89
91
99
103
89
69
57
66
66
51
34
19
9
1
-20
-45
-60
-65
-67
-68
-70
-76
-76
-68
-67
-60
-51
-41
-39
-49
-65
-73
-59
-33
-13
-18
-27
-36
-26
-12
-10
-13
-8
4
6
-7
-14
-6
2
9
22
33
36
41
54
58
48
35
34
29
19
9
10
17
21
21
22
24
26
24
13
5
3
3
8
20
33
36
37
35
26
13
18
35
55
66
67
54
54
68
66
51
41
51
69
76
84
90
100
99
97
87
83
81
73
65
66
73
76
65
51
56
71
75
68
55
51
55
54
38
16
12
29
45
57
57
42
29
26
38
55
67
64
57
57
59
71
76
72
68
77
91
93
90
97
103
116
117
113
107
100
96
87
73
64
57
56
54
50
37
23
19
24
27
27
36
50
58
67
68
73
85
88
96
100
99
102
113
115
118
130
138
134
124
121
136
153
153
136
129
134
136
130
112
86
66
56
64
73
89
102
99
83
69
69
80
85
80
70
64
60
69
82
75
55
42
39
37
29
25
13
3
1
-3
-7
-6
-9
-29
-53
-65
-54
-27
-8
8
17
8
9
26
44
53
56
54
57
67
73
75
77
80
76
73
66
57
58
64
66
65
41
9
-11
-12
-8
-10
-21
-29
-43
-45
-39
-40
-45
-40
-33
-28
-23
-10
8
21
29
40
43
49
55
56
54
45
28
16
18
25
28
33
28
22
7
-6
-18
-12
6
17
10
4
7
16
16
20
23
22
27
44
49
42
40
41
41
36
38
39
37
38
38
41
44
48
44
42
44
45
49
43
41
44
52
54
58
70
67
64
70
80
90
91
80
69
77
83
69
64
74
90
101
101
85
71
74
83
71
41
21
20
33
37
37
42
37
24
18
13
17
28
51
56
57
58
58
58
58
66
74
84
87
98
102
100
101
107
109
112
120
138
148
148
136
120
108
112
108
101
89
74
64
58
53
56
64
72
81
75
59
35
19
24
36
40
43
42
38
39
38
29
22
21
24
16
1
5
27
37
40
53
66
51
22
4
3
8
10
9
-4
-14
-23
-38
-44
-38
-36
-54
-59
-44
-28
-14
-4
-2
10
25
35
43
52
56
64
68
70
71
81
90
93
87
66
42
32
35
41
36
24
11
6
20
37
32
13
1
1
10
23
38
54
64
75
93
104
102
97
92
89
89
91
91
91
102
118
112
81
64
68
71
68
60
51
48
65
80
85
85
76
61
49
36
23
17
19
23
26
26
18
8
6
6
2
1
9
26
34
36
50
69
68
66
71
73
74
70
59
52
57
68
67
52
37
34
38
41
33
20
13
21
18
10
16
26
25
33
53
55
43
33
40
64
83
89
91
105
123
141
148
149
163
155
125
104
101
93
76
60
44
28
24
36
49
49
49
43
36
35
34
33
35
37
36
41
58
76
87
96
106
105
87
70
61
55
44
42
52
55
40
24
26
26
16
5
2
-1
-2
-6
-8
-11
-13
-9
-6
-8
-6
0
8
25
44
59
55
39
45
66
82
84
85
91
90
87
85
77
68
53
43
43
50
53
51
42
35
32
29
27
26
35
45
52
50
48
64
71
68
61
52
45
56
64
64
57
50
37
23
19
28
39
32
12
7
6
0
-3
9
35
53
56
54
57
54
49
56
74
84
76
67
66
80
104
116
108
97
88
86
89
92
89
76
64
52
48
35
38
55
61
54
43
35
21
9
10
19
33
37
35
39
43
64
77
74
64
51
42
43
49
43
38
24
9
13
32
36
36
41
50
49
50
51
51
58
65
57
50
50
53
58
60
59
55
50
50
56
65
64
57
56
56
55
50
36
28
34
40
43
41
40
49
57
57
37
21
20
23
29
45
58
64
52
39
37
43
54
56
59
76
87
85
75
66
51
49
66
68
56
56
59
53
40
39
52
67
67
58
65
75
80
69
64
66
68
58
48
51
57
51
42
34
23
24
36
39
38
24
17
21
27
34
52
69
82
83
72
57
52
50
45
37
27
22
11
1
-1
-5
-10
-10
-7
-7
-9
-6
0
12
35
59
84
99
104
114
124
144
153
153
157
156
144
132
130
116
90
67
49
45
51
42
26
12
3
0
-9
-27
-42
-43
-36
-25
-22
-22
-18
-7
-4
2
19
27
25
26
27
33
35
39
44
56
69
72
73
76
74
68
60
49
51
67
75
73
69
60
59
56
49
49
55
60
54
35
23
28
51
67
70
64
52
37
28
36
49
54
54
57
59
49
34
35
40
40
36
34
37
44
42
33
36
52
65
69
66
59
61
67
69
64
51
40
36
27
28
39
44
44
33
24
24
24
27
35
37
49
60
67
68
74
87
92
100
108
115
115
106
103
105
106
91
72
60
67
71
56
36
20
10
11
17
11
9
21
32
37
42
43
43
53
65
80
85
82
73
67
66
65
59
61
66
68
75
87
93
97
98
91
80
64
53
51
43
32
12
2
4
9
9
-1
-19
-27
-23
-17
-8
4
8
13
23
27
36
40
33
21
12
21
42
64
68
64
61
73
84
74
61
58
57
41
29
32
33
32
33
33
33
48
73
91
89
70
51
43
52
69
77
84
84
73
55
43
44
52
56
50
35
25
26
29
21
8
6
7
13
27
27
18
19
34
40
35
26
18
10
8
11
16
25
39
50
48
32
19
18
22
35
44
41
38
45
55
56
51
55
50
33
28
34
41
51
55
56
48
42
58
76
74
60
58
57
60
52
44
45
51
65
81
90
96
87
77
70
64
58
64
76
90
108
116
109
108
121
135
136
125
122
125
135
140
147
154
163
157
139
118
115
125
139
144
146
151
161
162
148
125
108
108
120
133
134
123
121
116
96
75
76
89
91
83
69
54
49
52
51
40
33
28
29
22
21
20
9
-4
-18
-26
-22
-8
4
5
-4
-13
-26
-45
-56
-59
-65
-73
-83
-87
-89
-75
-68
-86
-106
-108
-98
-89
-88
-85
-75
-71
-60
-29
-2
19
33
41
48
38
36
44
36
35
45
51
51
43
37
42
50
57
51
32
12
4
6
11
26
45
55
53
43
44
44
53
59
56
50
48
45
48
43
34
27
34
42
48
41
27
8
-4
0
11
23
23
27
38
43
49
52
52
53
69
80
81
84
82
83
76
69
69
72
68
59
58
54
40
10
-8
-5
3
5
3
0
-3
-1
2
9
23
34
41
43
39
40
40
41
44
48
53
54
49
49
52
48
49
49
51
56
59
59
53
40
27
24
37
50
52
49
42
37
32
39
58
74
85
88
81
69
60
60
68
72
80
83
76
72
70
66
60
67
72
61
53
54
59
65
52
41
50
53
42
28
34
58
80
84
86
85
88
97
106
117
117
112
106
114
128
148
154
139
129
128
120
112
106
103
105
96
81
71
64
51
37
27
23
10
0
-1
0
2
3
1
-2
10
32
36
37
50
50
48
55
57
48
34
32
33
34
27
28
42
53
42
26
27
38
41
39
28
13
2
2
2
-5
-11
-13
-7
2
7
9
1
0
20
48
55
51
41
34
37
53
74
84
73
65
65
69
67
64
73
88
90
89
84
69
60
64
73
80
70
58
49
48
49
52
55
55
53
51
52
52
49
44
40
34
32
26
13
0
-8
-6
1
10
21
23
16
4
8
25
37
41
36
34
42
51
48
44
51
56
60
68
72
82
83
82
74
68
68
73
77
80
74
80
85
80
66
57
69
88
98
88
70
65
75
88
87
84
84
83
89
102
102
83
59
49
53
59
57
52
35
8
-5
-10
-17
-22
-36
-49
-50
-44
-38
-27
-18
-7
-2
3
13
33
44
49
42
36
29
27
32
48
68
82
76
68
70
70
67
67
59
51
43
39
34
35
44
53
49
40
40
41
39
37
37
37
34
36
44
43
39
52
70
83
89
87
82
86
97
92
72
65
71
86
87
75
67
65
51
33
19
18
17
16
18
22
22
20
12
5
9
23
39
45
44
44
45
50
58
64
67
65
56
56
66
72
74
75
76
73
59
44
36
32
36
40
40
41
32
26
35
39
41
54
59
53
50
51
57
59
55
53
60
71
74
69
69
75
81
77
68
53
41
38
39
37
26
19
19
16
19
28
27
22
17
19
38
57
60
53
45
52
66
66
53
44
49
57
60
61
65
54
42
37
38
40
40
42
52
54
50
38
32
36
48
50
40
27
12
8
18
28
32
34
43
41
28
26
37
53
56
51
45
37
26
27
