57
54
50
48
52
59
59
59
64
90
128
136
96
54
44
61
69
54
27
8
21
66
89
55
22
9
3
-7
-21
-25
-11
-7
-6
17
56
64
39
25
24
21
18
24
23
23
49
67
56
38
22
24
52
76
58
34
44
66
67
54
43
35
23
17
39
70
68
53
60
76
102
129
98
54
57
87
102
93
68
50
67
116
122
90
89
88
59
29
12
16
22
28
34
38
35
28
24
21
21
23
33
55
88
99
56
35
56
57
38
36
40
43
49
49
44
50
53
48
51
53
59
64
74
87
67
52
66
86
75
73
84
98
97
74
44
42
58
59
44
26
21
35
53
67
80
87
81
65
55
65
93
102
87
83
85
76
83
97
74
48
60
67
39
25
33
33
24
10
9
11
32
43
32
11
10
19
26
25
24
17
16
22
33
35
35
34
44
64
67
73
90
85
72
70
89
102
58
20
16
22
27
34
36
29
27
36
26
9
19
42
57
48
40
38
41
41
34
42
50
44
54
60
74
96
75
53
49
27
1
-6
12
53
57
27
17
11
16
35
33
36
41
48
60
75
93
102
107
112
88
75
86
96
101
100
82
60
60
74
81
68
28
4
1
0
-3
-9
-18
-8
16
1
-20
-9
20
42
44
41
51
56
54
40
70
103
81
41
23
22
26
28
27
43
44
35
44
54
52
59
43
33
67
69
26
26
51
57
57
69
83
84
73
67
73
86
90
80
64
59
56
39
10
-3
2
2
3
32
45
18
-11
-8
39
44
18
-3
-19
-12
-2
4
18
32
38
44
48
36
29
28
32
35
44
44
42
44
37
27
24
13
16
12
10
8
8
18
41
56
42
33
36
52
68
55
50
54
54
49
36
17
7
-1
9
24
22
13
9
19
28
36
40
51
85
109
100
89
92
104
114
118
89
55
56
74
83
83
80
74
84
93
85
75
75
85
83
58
51
83
98
80
72
87
91
77
73
72
58
72
107
138
156
157
147
146
147
139
133
130
130
125
108
82
66
57
42
28
19
8
7
18
8
-3
-19
-29
-33
-21
-6
-7
-8
-4
-4
-18
-12
5
9
2
9
36
71
86
83
84
72
60
64
58
43
34
25
11
18
43
54
52
48
39
23
11
6
5
12
42
56
49
43
49
43
40
37
38
51
39
34
40
42
39
38
43
33
18
7
2
9
28
38
28
27
35
34
35
49
37
12
0
-4
5
28
19
3
12
37
54
65
52
27
23
36
40
49
38
12
22
56
81
75
41
12
10
18
22
23
18
9
10
27
48
51
49
45
44
56
72
77
80
87
84
81
81
74
74
91
86
58
58
82
77
69
52
33
34
42
53
51
42
50
66
66
53
45
51
59
57
49
51
68
68
44
37
41
61
76
66
37
6
0
9
20
18
12
22
32
55
74
37
-1
-6
-1
4
1
7
49
85
92
103
118
122
107
85
73
76
75
77
87
76
65
65
58
51
49
45
44
40
36
34
24
6
9
33
37
33
26
35
36
20
10
23
38
59
49
28
32
33
25
12
6
8
25
43
65
74
76
71
50
35
52
75
77
58
41
50
76
90
73
49
35
43
58
60
65
74
66
48
41
52
66
61
57
56
56
83
92
53
19
13
27
27
6
-18
-9
27
65
67
55
40
25
25
40
49
26
5
8
19
18
11
10
5
1
18
53
54
35
32
53
86
77
33
16
43
83
89
90
96
82
55
49
52
54
39
34
56
54
28
22
32
41
43
44
55
60
81
106
108
88
73
72
74
66
66
82
74
50
42
55
80
97
65
34
43
66
43
21
25
48
52
40
23
12
6
20
24
18
0
-26
-21
8
35
35
56
70
51
37
64
97
67
16
5
17
25
21
19
34
53
60
60
66
67
61
52
43
45
56
52
44
48
69
129
156
105
54
41
44
43
33
11
5
20
36
55
61
53
39
34
37
49
92
133
105
80
65
51
40
41
49
56
64
66
91
130
121
85
76
81
73
65
69
70
60
52
42
34
35
49
55
58
60
73
104
90
59
64
75
54
53
71
80
84
81
82
86
86
88
92
96
87
75
51
23
20
34
37
26
23
44
53
56
75
90
69
42
38
38
28
18
32
74
70
36
34
68
124
144
105
64
59
84
112
119
106
103
115
130
118
84
49
24
25
36
33
18
6
10
19
23
19
1
0
22
35
23
16
52
101
81
40
26
23
16
12
36
53
49
44
51
69
58
40
25
17
20
25
23
5
-1
12
24
12
-1
-5
-9
7
48
42
24
68
82
52
41
51
55
32
7
9
27
39
35
36
38
34
27
26
19
20
24
25
32
22
5
-12
-18
-18
-11
-2
8
7
-2
-7
-7
-5
8
33
54
87
105
100
56
16
8
32
39
17
-3
-4
5
28
53
55
48
37
36
61
80
69
51
37
37
36
22
10
18
23
37
66
91
101
83
52
40
57
92
100
83
58
52
45
42
40
53
54
37
8
2
22
29
16
-3
-3
17
33
43
52
55
42
26
21
25
38
48
60
74
88
100
92
84
85
82
71
68
70
71
70
69
58
44
28
21
42
52
40
53
58
53
45
27
9
12
29
50
64
66
66
72
91
104
112
120
88
44
43
65
66
43
16
2
6
9
16
33
52
65
57
39
50
60
40
36
49
52
40
29
39
52
86
115
105
81
65
72
77
65
55
56
64
85
103
108
92
72
65
68
69
69
70
64
45
26
18
10
2
-3
-1
1
1
7
37
37
2
-9
11
35
48
45
40
38
44
67
82
87
97
89
74
75
92
120
133
132
122
98
72
58
51
40
21
7
18
42
60
75
82
85
67
48
50
64
56
54
64
61
52
48
44
40
28
32
44
45
37
29
35
43
42
28
8
1
18
50
38
13
19
38
42
19
12
23
27
25
24
35
52
76
96
76
49
38
50
56
41
16
2
4
18
33
36
36
44
50
39
32
35
44
49
42
42
80
93
65
35
21
28
57
55
22
2
19
59
55
28
24
26
25
23
32
45
53
56
59
65
66
56
42
37
52
72
80
72
67
65
65
53
24
27
40
36
25
4
-3
9
18
23
38
51
71
113
128
104
85
88
100
113
107
84
61
57
64
60
45
33
28
39
44
41
33
36
43
39
24
16
21
32
34
36
21
4
4
18
34
69
108
92
48
11
9
24
28
26
28
43
80
88
73
80
84
69
55
43
32
21
17
11
7
3
8
5
3
6
16
20
25
44
87
83
60
53
49
43
37
37
44
65
77
76
82
85
71
60
57
50
38
41
68
70
39
10
7
22
36
42
54
54
26
25
55
80
77
60
52
52
58
66
70
83
92
85
64
44
43
49
43
33
24
24
38
54
69
51
32
36
35
20
7
4
3
7
10
18
39
64
80
80
74
93
92
83
86
96
113
109
74
55
67
69
54
56
65
52
34
28
42
52
50
41
28
28
38
40
52
86
97
93
89
89
92
73
70
73
71
82
92
92
83
76
70
41
22
23
38
45
42
26
20
22
19
17
27
40
43
40
35
35
44
58
81
97
93
99
100
75
54
54
58
56
49
38
38
52
58
58
60
58
55
60
54
57
66
66
66
60
44
25
25
45
66
70
70
74
67
65
73
65
42
21
7
1
0
3
-11
-26
-9
-11
-33
-28
-10
-8
-17
-20
-13
-9
2
39
83
72
34
16
34
76
83
61
53
52
58
72
66
48
28
29
41
39
36
54
58
65
74
69
52
50
66
72
65
59
56
66
93
102
88
72
64
64
93
103
70
42
54
93
92
58
35
36
58
76
80
70
61
53
56
60
59
48
51
75
102
106
86
85
108
129
102
75
81
89
83
74
81
80
45
10
13
22
9
-9
-27
-37
-29
-28
-49
-53
-38
-19
0
-1
-11
-9
12
42
20
3
11
32
41
36
23
21
35
59
85
97
93
84
73
72
73
81
88
77
55
34
29
43
38
19
20
40
50
43
48
64
53
9
5
20
28
40
42
37
29
33
52
80
75
54
42
34
23
16
10
9
9
3
0
16
26
28
29
36
48
64
65
58
71
61
52
59
76
96
128
119
101
107
100
89
89
90
105
115
107
107
118
137
148
134
112
101
106
92
55
35
44
61
52
24
5
6
13
26
16
7
20
25
26
38
38
25
20
24
38
51
66
55
37
26
44
53
35
37
43
39
32
19
20
29
42
65
91
113
117
121
118
102
84
80
92
108
116
136
183
188
129
92
98
115
119
98
72
65
71
76
73
58
52
53
57
50
23
2
3
25
36
26
19
5
1
7
-12
-34
-37
-42
-42
-29
-20
-10
-21
-29
-27
-22
4
41
45
36
20
10
16
10
-7
-18
-9
8
23
29
35
37
49
58
54
50
59
71
70
68
69
76
80
68
71
103
128
96
49
27
37
51
26
-11
-27
-1
48
40
17
9
18
22
12
4
0
1
9
18
23
36
48
44
36
22
25
34
43
67
68
43
33
41
53
57
48
28
21
21
37
58
97
114
100
75
64
87
98
69
37
27
35
38
35
26
17
12
18
13
7
0
1
8
16
11
7
16
27
34
26
21
22
32
41
50
56
56
50
41
37
43
57
60
61
61
53
72
107
102
74
61
67
76
80
64
64
73
84
87
104
102
85
71
64
65
67
68
67
58
45
42
44
49
44
35
33
44
53
37
25
33
50
56
59
53
39
38
58
43
21
22
40
57
42
6
-6
1
6
4
5
-8
-29
-52
-66
-58
-44
-44
-54
-51
-33
-2
8
10
32
58
76
85
100
115
140
141
132
132
137
124
97
75
75
76
72
70
72
75
85
74
70
85
100
91
71
52
54
58
32
7
12
33
35
24
10
9
27
52
74
58
43
60
53
13
7
39
53
38
11
1
9
21
20
18
32
45
58
72
74
69
70
81
93
104
100
91
75
57
58
72
96
69
35
12
7
6
11
12
2
-7
2
21
28
33
40
53
36
12
25
48
57
57
60
69
80
82
74
77
88
99
108
114
122
131
91
56
44
35
21
4
-3
-3
3
-5
-18
-28
-25
-3
11
-1
-6
10
26
38
42
44
57
76
86
88
98
99
85
72
88
96
68
53
56
58
56
52
52
66
76
72
65
65
73
80
69
57
58
61
67
59
52
60
68
51
38
38
41
37
37
52
59
60
65
82
72
59
58
54
48
38
26
22
23
23
28
38
39
33
34
43
48
49
68
73
53
40
44
51
52
60
71
75
77
93
118
131
102
57
38
40
40
25
22
24
16
11
16
20
36
51
45
37
51
65
48
20
11
8
7
16
26
40
44
22
1
7
23
17
7
10
20
45
70
39
9
4
17
17
6
5
18
42
44
49
72
68
41
27
27
52
69
67
54
44
44
55
59
53
44
57
68
80
92
76
60
66
70
66
56
58
58
49
48
57
67
65
58
49
40
32
17
16
34
56
50
38
44
68
57
24
17
34
49
34
9
2
16
33
40
51
69
56
43
58
70
67
53
41
38
45
72
86
75
58
57
65
64
68
81
92
96
85
82
80
72
70
67
55
53
54
68
54
35
51
69
57
41
33
32
49
68
69
67
71
68
66
65
60
70
77
86
82
60
50
43
49
59
70
98
120
67
13
11
25
26
9
-7
-5
5
10
23
36
35
29
32
22
17
21
60
109
117
99
96
122
124
97
80
72
68
65
77
98
76
52
44
53
54
37
18
4
2
4
-5
-19
-20
-5
17
20
10
22
60
91
92
93
84
60
43
45
49
44
56
80
82
58
50
57
73
75
42
26
40
59
66
59
60
71
72
69
65
73
86
100
116
120
119
121
121
108
96
87
90
89
70
48
45
59
57
39
19
3
4
33
28
7
6
25
35
26
10
-1
-4
7
25
37
37
25
19
5
-2
18
25
6
-3
-1
-3
-1
0
-3
1
16
55
96
74
39
28
35
35
24
11
10
27
55
65
54
41
52
69
60
44
39
25
19
21
20
10
-2
-1
12
32
52
54
72
84
72
68
66
65
69
73
84
104
135
150
149
144
131
117
102
87
91
72
39
27
34
28
9
1
9
32
48
51
48
33
34
50
60
65
59
52
36
18
16
23
36
41
58
84
68
48
52
61
51
32
25
35
43
48
41
34
23
23
27
48
73
67
49
21
19
41
49
32
18
20
27
41
76
103
97
75
65
55
55
65
71
81
81
73
70
50
29
22
23
17
2
3
11
17
19
19
6
5
18
20
24
43
70
74
66
65
75
86
88
89
84
70
67
72
73
67
66
60
53
51
49
36
22
19
19
18
21
25
32
32
41
65
74
77
88
90
100
102
76
64
67
77
75
61
50
51
45
38
38
41
25
-5
-21
-7
19
20
11
25
44
50
48
59
58
59
70
81
85
70
49
32
24
40
33
9
4
11
24
28
21
21
29
44
53
51
51
60
69
72
76
92
99
77
69
82
90
83
65
54
50
49
67
97
99
52
21
23
37
34
33
28
13
6
-2
-9
-3
7
19
26
33
36
42
44
64
77
51
13
20
53
71
69
43
20
6
7
5
5
12
12
25
49
33
20
25
32
34
27
24
28
28
42
59
72
72
67
59
52
43
42
44
39
37
32
32
44
76
81
53
32
40
69
88
100
120
117
80
70
88
86
72
58
44
33
25
22
18
17
22
23
18
12
8
12
29
60
87
98
89
69
57
68
89
84
65
50
44
58
80
85
76
87
89
49
36
68
73
53
33
25
26
34
42
48
51
56
59
60
66
68
70
75
76
68
56
51
41
40
50
51
39
26
23
17
-3
-21
-14
18
25
13
11
20
18
18
16
17
34
60
82
72
45
29
37
45
49
38
27
32
26
12
27
43
38
33
33
36
35
48
70
56
34
24
20
22
20
16
29
48
51
55
58
60
52
50
59
64
59
64
60
48
25
9
12
40
52
67
65
52
27
5
9
24
20
5
13
58
91
87
65
56
42
37
52
61
66
64
75
81
72
72
68
57
66
89
97
82
69
75
84
77
64
44
49
64
65
43
27
23
27
37
42
49
44
24
32
58
57
51
64
75
80
68
51
49
52
51
54
65
85
89
75
72
72
73
81
70
50
41
40
43
80
82
40
24
25
22
13
10
12
23
36
50
65
66
56
52
65
73
58
48
54
65
64
50
42
42
50
58
67
64
51
42
37
26
22
27
36
40
41
45
41
22
23
27
2
-10
8
38
49
42
23
6
13
38
54
48
27
23
36
49
60
74
75
64
53
67
66
51
42
43
55
72
72
64
58
59
57
55
54
51
51
57
65
69
67
34
6
16
29
28
16
8
4
0
5
25
43
45
50
43
32
27
36
41
50
56
59
59
53
45
42
44
42
36
38
44
43
36
40
54
65
68
81
83
102
121
98
75
72
72
70
69
67
59
61
72
76
73
67
59
56
51
54
64
71
72
65
57
54
54
56
57
43
17
1
7
21
21
4
-5
-2
4
10
20
37
36
8
1
12
34
48
54
58
72
92
115
129
134
130
116
114
113
105
108
119
113
107
117
113
70
24
9
19
22
16
5
-1
-1
8
17
19
25
34
35
39
53
67
70
81
100
92
72
57
43
35
38
44
53
53
40
23
17
18
12
9
17
38
57
70
82
83
81
74
68
65
64
55
64
75
66
56
55
49
41
34
41
42
18
24
54
70
70
51
8
-23
-20
5
35
49
51
59
61
55
57
69
74
74
69
69
64
58
58
56
52
56
56
49
52
64
61
49
50
60
65
52
42
44
50
51
54
52
52
39
17
9
23
37
65
53
23
22
41
58
52
35
27
26
28
37
39
34
28
27
24
25
33
42
51
50
35
23
33
50
48
35
27
34
40
37
39
52
59
51
33
20
21
20
10
7
19
35
58
57
32
5
10
32
37
37
40
42
45
54
72
92
86
66
51
48
48
38
24
5
-1
-1
2
7
11
17
20
22
25
40
57
64
59
64
73
86
101
123
116
75
53
50
57
60
54
36
9
13
37
49
38
25
28
39
40
39
48
65
70
55
38
33
36
41
32
10
6
13
18
16
12
17
11
5
9
17
19
19
8
8
24
65
101
89
69
68
74
80
81
75
70
67
69
69
82
92
91
77
60
45
44
54
55
40
28
29
34
38
52
51
41
42
38
28
19
5
-3
-7
-4
6
-10
-18
4
34
51
40
16
1
8
25
32
22
24
42
53
48
41
51
56
57
64
72
74
80
89
112
129
124
121
120
128
132
133
122
112
102
97
93
89
83
73
81
74
58
59
85
90
71
58
50
41
41
53
67
83
88
80
71
71
74
80
71
56
49
42
29
26
34
35
21
1
-8
-2
6
4
-3
0
5
-1
-2
2
-7
-3
17
19
11
16
22
35
55
73
71
59
57
57
57
57
57
54
51
50
54
45
36
40
58
83
84
82
87
84
67
61
70
66
54
44
48
56
74
92
91
71
66
68
74
70
59
68
50
21
18
33
42
49
40
24
12
10
22
39
37
26
23
37
64
73
60
42
28
32
51
67
68
67
66
67
80
81
67
56
54
57
70
92
105
104
87
74
76
83
91
109
123
129
134
130
122
118
109
104
105
103
97
91
85
97
113
87
67
67
71
71
58
42
42
52
49
38
24
9
8
22
42
66
80
76
67
51
42
44
49
48
38
26
24
21
10
-2
-7
-9
-11
-7
-6
-17
-26
-45
-59
-51
-36
-8
1
-26
-41
-39
-25
-7
0
-3
-5
-4
2
21
41
32
4
-4
3
5
-4
-8
-1
3
-3
-11
-17
-11
-10
-18
-13
-10
-18
-19
-13
-10
1
12
19
21
26
59
68
45
38
44
53
54
55
48
37
42
59
71
75
73
67
68
81
88
90
90
96
107
107
97
96
101
102
96
86
83
90
105
114
108
93
74
59
59
68
67
66
73
77
76
90
138
137
92
83
91
88
82
92
119
120
101
91
96
96
96
88
76
74
74
76
76
71
56
48
43
53
68
67
52
49
52
53
67
71
67
60
50
38
32
19
12
18
5
4
21
43
59
60
45
29
33
38
42
48
50
57
64
58
51
39
45
64
76
91
92
82
71
65
59
59
56
55
57
55
44
41
50
53
50
38
23
22
33
34
27
43
40
25
26
39
49
41
28
37
48
43
35
32
34
33
35
38
39
41
51
54
58
69
75
73
73
49
20
9
16
8
1
6
44
71
60
50
55
71
73
64
51
50
66
86
88
70
57
40
19
3
-5
9
34
41
35
20
5
8
12
16
17
25
37
40
54
72
58
55
64
74
88
72
50
49
52
39
33
49
61
55
49
43
43
40
33
35
41
41
37
38
39
36
36
36
41
42
35
23
18
19
17
17
22
22
32
53
74
67
52
55
60
61
59
57
56
52
42
38
34
25
16
4
-3
-4
6
20
23
22
32
16
1
9
22
20
20
22
20
21
28
39
45
53
74
92
97
96
91
96
96
84
76
102
102
69
52
69
87
73
44
36
49
49
44
43
38
33
27
27
33
40
53
67
73
69
72
88
102
86
73
80
89
93
74
41
28
36
51
50
43
44
49
50
42
45
59
39
21
27
50
56
49
41
52
52
45
52
65
74
72
58
48
41
43
51
53
50
53
52
34
25
34
41
40
38
28
17
10
20
26
24
9
-8
-19
-12
-8
-10
-12
4
39
37
19
10
13
24
32
28
32
37
56
97
85
56
53
51
43
37
23
12
18
37
53
58
58
49
27
20
28
35
38
36
42
56
68
68
53
44
60
87
103
104
92
75
64
58
72
81
70
55
69
117
121
86
60
51
45
39
26
24
25
27
42
56
61
61
51
26
18
33
60
87
83
72
80
90
89
73
57
45
44
52
48
39
35
33
23
8
-4
-4
2
2
25
34
8
-5
3
23
33
28
26
37
38
32
34
40
52
64
70
66
54
44
41
42
44
44
37
24
16
7
18
39
43
36
42
51
48
38
35
41
59
74
76
81
88
96
88
87
76
56
52
64
74
81
71
56
51
49
49
41
33
34
37
29
25
29
42
60
64
52
40
29
26
36
41
43
41
34
36
53
75
85
84
83
77
73
66
61
68
68
67
66
58
53
45
48
24
-11
-14
6
17
5
-5
-1
-6
-13
-5
23
53
53
37
28
29
40
56
64
50
39
49
59
54
44
50
56
61
70
74
74
65
44
38
58
90
119
98
67
60
71
72
60
52
56
76
87
82
83
92
90
80
67
64
65
69
67
57
50
39
35
40
41
36
39
50
57
58
49
38
37
40
40
33
23
16
21
39
41
39
56
69
36
11
22
40
44
29
21
25
32
37
57
72
70
56
45
39
38
48
61
72
73
75
76
70
52
34
29
51
71
60
43
39
53
55
48
32
22
25
26
26
33
40
38
22
34
54
32
2
-1
12
19
8
9
20
26
32
35
43
52
52
54
69
91
103
99
86
73
53
39
53
59
58
52
51
51
57
64
55
44
34
29
37
48
58
64
64
70
70
73
59
35
26
32
35
36
33
27
36
53
66
67
65
53
41
32
24
23
33
49
51
36
29
38
50
53
51
41
40
56
65
61
57
57
58
55
45
42
42
51
61
54
22
8
34
57
57
49
42
59
64
55
54
35
20
25
36
42
56
64
66
70
66
54
50
41
43
40
35
32
37
50
66
74
59
41
54
77
89
75
57
54
55
56
66
80
75
60
42
40
70
102
101
96
103
106
92
85
83
70
59
58
49
38
34
29
23
21
21
16
10
16
23
24
17
10
16
25
24
20
24
24
20
17
18
22
35
50
52
55
68
76
84
83
67
45
26
32
70
107
74
37
33
44
57
54
36
21
20
39
59
70
59
41
40
60
72
76
80
86
100
106
97
76
65
58
65
65
52
34
24
21
20
10
4
12
33
43
45
44
43
45
54
66
72
67
67
76
86
91
89
86
72
53
57
69
68
55
42
54
53
39
37
42
37
11
-5
-10
-6
7
18
18
17
29
44
51
49
48
41
26
19
21
29
49
67
67
55
37
25
23
23
26
34
38
42
49
43
41
43
41
36
33
36
33
33
38
37
49
43
36
26
23
24
17
3
-1
-8
-13
-17
-14
-21
-18
3
27
35
26
23
36
55
73
81
75
66
72
80
81
89
97
107
129
132
107
85
80
90
104
99
84
81
76
73
77
90
100
100
96
90
86
69
49
48
49
48
57
61
54
59
97
104
70
43
42
41
36
40
44
41
36
26
18
24
53
77
73
53
35
22
20
22
27
28
22
22
24
32
28
23
24
34
49
61
67
57
55
60
55
38
36
43
60
88
76
52
53
54
54
60
64
65
69
84
92
88
81
69
65
67
73
77
73
58
43
38
39
37
33
34
39
52
65
64
52
38
27
20
12
7
10
20
21
18
17
20
32
37
42
51
59
69
86
91
81
68
57
53
54
51
40
53
69
42
26
39
56
58
35
5
-6
-4
9
26
38
37
33
27
26
34
50
58
48
40
59
87
97
93
100
103
98
84
73
72
83
92
96
90
89
84
71
51
36
34
38
52
70
87
59
24
18
29
40
36
18
13
33
43
43
38
43
53
52
39
27
32
49
60
64
69
89
99
93
81
57
38
33
26
19
16
10
9
19
32
44
49
37
23
22
34
41
48
50
59
67
58
60
77
89
89
67
70
99
117
116
99
72
59
66
70
73
70
65
64
64
54
35
35
53
55
49
64
88
100
97
83
60
41
36
35
39
39
35
29
33
36
33
26
21
10
5
16
37
44
44
61
75
39
5
8
18
8
0
7
25
34
24
7
0
1
2
3
10
24
34
38
42
49
53
53
53
56
53
38
25
32
40
51
55
50
33
33
56
74
71
53
37
25
28
40
45
56
76
64
50
58
61
67
76
81
67
50
40
37
