76
81
75
72
68
69
81
85
82
73
65
58
61
69
90
75
39
27
40
49
38
10
-11
-12
-3
10
20
25
26
37
43
39
41
52
67
74
73
71
76
89
87
71
64
67
66
55
49
42
34
25
23
38
68
106
113
84
65
64
65
54
39
39
32
18
22
34
41
42
35
23
16
13
18
22
20
4
-20
-23
-7
0
6
17
16
3
1
9
32
45
39
22
9
10
25
39
45
42
34
36
43
48
60
74
75
65
52
41
50
73
107
130
102
71
74
83
76
65
54
42
41
54
73
90
102
92
70
51
57
77
93
105
109
101
81
59
56
65
69
66
57
53
74
90
72
38
18
11
2
-7
-10
-2
9
12
16
17
21
28
34
37
53
56
49
41
50
68
72
67
66
70
75
76
84
89
84
66
42
24
36
39
18
10
17
19
16
12
4
-7
-10
-6
1
9
13
17
11
11
34
56
65
68
73
81
83
71
71
76
72
74
80
69
59
52
50
59
76
80
71
67
61
68
68
61
64
64
59
56
53
45
35
18
22
41
23
-2
-5
-5
-8
-13
-13
-4
0
-2
0
-3
-10
-7
11
25
33
26
28
28
25
34
39
25
19
33
58
73
67
58
64
59
45
41
41
57
77
72
65
69
51
41
51
53
40
28
20
19
25
32
32
22
13
7
-5
-10
-1
9
10
9
10
16
12
3
7
28
48
37
36
55
51
43
61
89
103
93
86
86
90
91
89
70
53
72
74
41
21
16
6
-9
-26
-42
-43
-25
0
17
19
28
33
25
34
58
87
106
108
106
112
116
115
107
100
100
102
99
99
90
77
69
71
73
83
101
91
56
42
53
74
87
75
56
34
21
27
37
38
38
38
39
37
37
39
40
39
34
29
22
8
10
26
42
56
84
104
85
52
28
25
33
36
34
24
9
16
40
59
56
39
39
51
41
37
52
69
83
92
81
59
56
54
41
39
44
40
34
33
33
27
16
6
8
23
39
50
43
36
42
50
50
64
48
23
7
-1
2
11
12
10
25
37
48
59
66
64
57
54
50
58
86
101
86
64
64
74
84
83
86
90
86
76
80
76
60
54
73
69
58
80
92
86
59
38
42
60
84
84
66
43
36
32
40
27
6
-3
1
7
20
35
33
17
16
27
38
41
40
37
40
45
49
48
50
50
53
65
85
108
91
68
58
59
65
76
84
85
75
57
43
49
53
53
56
56
56
69
87
98
97
85
73
72
83
92
86
76
77
80
75
65
58
61
43
21
11
19
23
19
18
32
21
10
20
41
44
20
3
2
9
21
29
26
20
19
22
27
35
40
55
70
72
82
91
86
71
60
65
68
70
72
69
64
64
60
56
51
54
71
83
80
69
58
57
59
67
84
70
59
66
74
80
86
74
54
50
65
76
73
59
51
41
40
42
48
43
34
34
43
42
32
24
29
36
32
19
22
41
51
54
54
50
39
29
36
51
56
49
53
101
90
26
11
37
44
41
28
9
0
16
32
39
39
41
49
51
42
35
23
16
17
24
34
50
64
68
59
56
65
66
57
49
45
55
65
56
52
49
43
44
54
52
56
68
51
36
36
50
82
102
71
39
37
54
70
72
74
70
59
58
74
96
104
89
73
72
87
99
96
76
64
58
54
42
32
26
27
27
20
11
9
8
-1
-11
-22
-14
10
38
35
22
11
7
11
18
17
9
19
11
6
17
26
26
25
32
56
87
113
124
121
108
89
73
74
83
92
108
99
74
64
68
66
60
55
50
51
58
66
72
88
85
69
56
54
54
59
72
68
48
35
37
48
51
49
56
80
56
5
-12
0
5
-1
-19
-27
-18
1
20
28
24
16
8
11
24
36
32
12
8
26
44
48
35
20
13
19
23
35
44
45
51
36
13
8
18
19
12
-4
-11
4
32
49
59
59
45
42
59
74
80
80
67
53
48
52
56
66
74
83
87
74
49
36
41
42
34
26
39
58
66
60
55
53
53
53
54
66
101
114
77
44
45
66
71
56
49
50
60
82
92
92
77
59
56
58
61
65
57
39
20
17
28
28
13
17
27
24
20
11
4
8
20
22
20
25
33
23
13
11
19
32
44
52
41
23
20
26
38
42
35
24
25
49
71
77
64
64
112
108
66
60
82
96
97
83
67
48
34
29
32
33
32
26
22
27
41
44
36
27
32
34
26
24
27
35
41
42
35
32
36
49
57
44
32
36
48
56
60
57
60
71
89
100
90
81
72
74
83
80
68
68
68
54
42
35
34
36
34
37
36
25
11
12
28
51
67
68
68
85
99
99
86
75
71
72
75
84
86
88
98
101
96
92
112
115
73
36
25
36
40
35
40
39
36
56
55
27
16
10
8
10
18
26
36
48
57
61
54
51
53
51
53
51
57
69
70
66
61
60
55
56
65
67
59
48
37
34
36
38
34
27
27
24
16
7
16
33
49
52
48
32
7
-4
3
2
3
17
34
49
75
80
53
37
40
43
50
54
50
44
49
49
52
52
37
26
20
17
17
24
34
34
25
19
22
27
28
18
16
23
35
49
57
59
67
75
73
70
69
69
64
55
44
43
50
66
86
88
73
55
56
71
88
88
76
66
71
85
85
75
72
77
76
60
51
57
69
68
64
56
42
33
23
20
24
27
34
38
34
29
29
27
37
57
70
80
91
85
75
90
115
89
56
48
44
34
10
-10
-20
-21
-22
-30
-38
-41
-40
-39
-33
-14
2
25
54
72
60
48
53
71
96
112
99
73
59
64
69
60
43
42
37
27
23
24
33
28
22
22
32
40
39
32
40
64
85
90
88
89
84
82
89
102
108
133
123
85
65
66
72
69
50
29
26
23
32
39
28
17
7
6
9
18
22
17
8
9
17
27
40
45
50
50
56
68
77
81
69
57
49
45
35
27
33
37
38
37
36
38
41
37
38
49
68
84
89
89
88
86
84
75
61
54
67
74
48
16
9
34
56
53
36
23
23
33
42
41
37
28
22
12
6
4
17
24
19
19
27
33
28
36
27
20
22
27
35
48
52
39
25
24
35
40
38
38
59
100
65
26
51
88
98
83
69
73
87
102
112
105
101
102
100
87
72
65
57
48
27
16
10
16
22
24
27
28
23
12
16
20
19
21
32
38
49
56
55
60
64
51
40
41
52
65
86
69
28
18
33
57
66
66
58
42
43
56
55
36
17
2
-3
1
8
18
25
36
50
70
81
76
70
74
86
99
105
99
90
83
75
68
60
60
56
51
51
44
53
56
40
34
40
39
35
33
27
33
39
49
57
71
77
82
86
84
82
75
66
66
75
85
76
60
42
38
38
32
34
48
64
68
56
44
40
36
28
20
20
23
16
6
9
12
17
17
13
11
5
-1
-4
-3
-3
-6
-8
4
28
53
56
52
48
41
42
45
50
58
64
55
51
59
75
70
52
42
42
50
40
20
23
55
73
70
65
69
82
100
107
106
103
103
99
86
73
71
69
59
52
45
42
43
40
28
28
34
27
37
42
40
36
33
33
36
39
52
76
103
103
88
69
56
58
57
52
48
40
27
12
4
4
2
-6
-12
-9
-7
-9
-10
-22
-30
-20
3
25
39
41
38
33
36
42
36
35
49
48
40
48
69
89
98
87
73
70
71
71
73
75
75
84
81
72
70
68
59
54
48
36
42
55
42
20
8
22
40
43
36
33
36
51
70
76
75
76
83
105
101
74
59
58
44
23
10
-7
-20
-7
5
2
-11
-17
-17
-21
-20
-6
16
32
39
48
58
73
91
104
120
133
138
137
130
117
106
103
90
72
60
58
55
38
26
37
43
34
16
4
6
16
22
28
33
36
45
43
35
33
34
26
24
34
40
36
28
36
53
51
48
57
56
36
17
16
36
58
59
60
67
72
75
84
83
73
56
39
38
49
57
65
59
54
53
49
29
20
22
27
28
34
41
45
44
48
51
53
54
48
50
58
55
49
56
68
72
77
72
57
43
44
55
57
43
36
41
49
40
39
60
85
76
58
56
69
81
82
72
66
57
51
56
70
60
39
26
32
38
38
39
44
60
72
69
73
97
85
65
67
74
72
58
43
50
60
65
59
64
65
57
44
38
32
33
50
70
66
42
43
55
58
64
74
87
90
89
93
88
67
59
67
69
66
67
75
82
84
82
81
74
68
55
38
35
48
56
53
43
36
32
23
20
22
27
33
33
33
33
24
19
20
32
41
34
40
70
68
56
54
59
58
51
45
55
54
41
37
45
52
56
67
70
57
42
41
43
49
64
75
60
44
49
61
61
50
40
52
64
53
48
68
65
41
29
29
33
28
16
0
-4
3
12
24
28
28
34
35
34
40
39
22
6
5
18
26
27
27
33
42
52
52
48
42
44
42
55
72
53
32
35
53
58
57
58
59
49
32
24
32
37
35
26
28
51
67
69
59
44
33
33
41
51
60
64
59
60
70
88
100
89
82
85
82
67
52
52
66
74
74
66
54
53
71
70
54
45
50
64
59
49
49
51
50
52
48
32
17
20
39
51
42
44
54
70
67
36
21
36
52
57
49
38
44
66
85
92
86
80
72
65
61
65
65
58
50
40
39
42
43
36
20
19
27
51
80
84
75
76
88
99
102
92
75
58
52
59
52
39
41
48
48
37
28
20
7
3
9
22
29
40
49
50
56
66
65
53
48
50
64
88
66
32
27
45
50
38
27
18
-4
-25
-24
-23
-35
-55
-70
-77
-87
-81
-66
-66
-70
-65
-52
-30
-10
5
9
25
44
44
42
52
60
71
86
93
85
72
80
91
91
82
65
49
48
54
56
61
65
50
28
25
23
17
10
21
51
98
105
86
76
86
99
90
70
49
41
53
71
85
87
82
72
66
58
43
38
48
57
61
70
57
40
37
34
32
33
41
44
36
23
19
23
24
19
11
3
2
20
40
42
36
28
28
27
32
49
66
66
58
55
49
39
55
81
90
86
72
60
59
65
69
61
61
72
81
73
67
60
59
58
55
56
56
54
51
54
58
58
56
59
65
68
67
65
70
76
69
42
38
51
36
17
13
20
22
22
24
29
33
34
45
54
49
40
43
61
77
82
70
57
64
70
73
75
80
91
106
82
65
68
69
54
32
32
48
43
32
26
35
48
51
43
40
49
48
42
53
69
73
66
53
48
43
51
52
39
32
24
19
20
28
35
32
24
25
26
25
25
36
35
21
25
52
60
38
19
18
25
39
44
43
36
28
27
33
41
43
39
32
35
60
57
34
21
19
7
-5
-4
3
7
21
35
35
28
24
21
24
34
37
37
36
39
44
58
72
66
52
35
22
37
59
53
33
26
24
20
9
7
17
24
28
37
49
55
41
27
33
52
58
51
43
42
43
48
44
40
52
66
68
60
57
58
54
51
60
66
48
36
50
59
61
57
52
51
51
50
42
40
50
56
57
59
67
69
66
57
56
66
76
83
81
73
66
61
65
69
80
80
67
67
68
55
43
39
38
41
50
49
42
35
25
26
34
32
27
32
36
53
65
58
50
40
38
50
57
59
65
67
71
82
84
84
82
72
69
76
82
74
70
66
56
51
55
67
70
68
60
52
43
43
52
52
51
56
67
82
83
80
72
68
67
76
89
97
86
65
54
60
65
51
22
2
1
8
10
5
-2
0
21
53
74
74
71
70
76
96
112
119
122
122
123
121
112
92
80
71
69
70
73
75
64
42
33
32
24
16
18
26
38
43
54
55
51
45
45
50
57
64
66
68
68
70
76
72
64
50
29
18
10
11
20
20
16
20
36
39
29
25
23
17
18
29
36
36
37
48
64
58
43
34
43
53
38
26
38
51
55
49
40
44
52
53
53
55
58
56
56
59
66
60
55
50
49
51
57
59
55
49
52
59
57
50
38
26
27
29
33
39
22
-9
-14
5
23
26
28
32
26
5
-19
-25
-8
9
17
12
8
6
8
16
24
26
36
50
58
57
53
50
42
32
24
26
35
25
10
8
21
50
75
91
102
105
112
119
124
122
106
91
88
84
59
33
18
32
56
71
67
53
35
25
27
20
17
27
43
55
53
42
35
37
48
57
54
45
51
52
43
29
21
35
60
74
72
73
77
80
83
98
90
64
57
74
86
83
74
57
38
32
43
56
67
67
64
65
72
89
92
80
67
59
51
36
28
38
45
36
24
22
20
25
36
50
59
57
49
37
38
41
33
18
16
24
32
21
10
17
24
37
41
37
37
35
26
27
39
53
57
53
42
39
40
39
44
43
40
41
42
42
32
24
33
39
33
26
36
44
54
55
56
50
40
43
54
55
52
52
59
82
91
81
58
50
59
68
55
43
52
72
73
54
34
11
9
9
12
16
6
3
9
12
20
24
26
34
35
37
42
44
50
51
52
55
55
60
75
90
92
93
93
84
68
58
56
44
40
41
44
51
56
55
43
37
35
33
38
36
8
-3
21
53
56
40
36
42
53
55
52
50
49
45
44
40
33
20
12
16
18
16
19
19
11
-4
-9
4
20
24
25
25
32
41
54
68
69
74
82
84
83
75
71
71
68
58
44
40
51
58
53
49
48
53
54
39
26
34
49
54
52
43
35
34
44
56
67
73
77
81
77
76
77
74
66
52
49
52
48
40
37
39
51
48
33
24
33
42
40
28
19
17
18
25
41
45
38
37
56
82
87
73
59
55
54
54
56
74
88
90
88
81
73
74
71
56
37
24
20
18
13
12
18
32
39
39
27
18
18
23
34
49
59
60
50
49
64
73
69
70
75
68
58
53
50
48
48
52
56
58
66
72
80
77
57
42
42
50
58
65
58
56
64
64
60
69
82
84
85
89
84
72
70
75
86
90
92
82
61
45
27
20
22
34
41
42
41
39
35
35
34
34
41
54
60
67
74
80
70
60
58
60
65
61
55
40
33
34
33
32
26
28
45
60
69
70
76
88
91
86
80
82
90
100
105
115
123
124
115
93
81
73
71
69
52
42
48
51
44
35
21
20
27
33
24
19
21
29
39
41
39
37
43
45
33
19
19
28
37
32
18
7
5
9
12
21
33
29
28
34
35
28
28
37
42
50
57
66
69
64
49
32
26
35
43
42
40
52
57
56
44
39
52
60
60
53
38
23
9
-2
-18
-23
-21
-22
-25
-19
-8
1
5
2
3
12
17
20
32
42
45
38
25
19
21
28
37
40
52
59
65
58
64
70
71
72
77
76
68
61
64
65
65
70
71
69
67
64
67
69
59
41
34
36
43
49
39
24
16
22
35
39
34
35
48
44
29
17
12
23
29
36
36
35
39
49
51
49
59
80
82
70
65
65
61
60
69
71
59
58
69
81
83
70
49
27
27
35
37
37
54
72
72
56
55
66
70
72
71
66
59
66
76
91
90
80
69
75
84
82
84
86
77
58
49
41
40
42
45
55
65
69
75
75
56
33
27
48
70
76
66
45
28
20
16
16
17
17
12
11
20
28
33
25
25
32
37
36
35
33
38
48
48
37
32
39
52
55
51
43
44
53
59
61
57
59
65
65
70
80
80
69
59
64
71
82
86
81
74
66
48
36
25
25
23
16
11
6
-3
5
11
12
25
35
33
27
32
38
43
45
43
51
61
75
76
74
77
82
83
83
88
98
96
88
88
91
96
85
66
56
58
57
54
48
41
48
53
54
53
50
40
40
49
37
18
13
26
48
64
77
76
57
41
41
48
42
24
13
21
33
38
45
54
69
76
76
77
76
72
70
58
44
36
25
20
19
27
42
40
25
16
10
16
17
11
-1
-13
-22
-22
-7
11
25
35
35
36
41
45
44
37
36
43
59
70
69
67
60
50
52
53
42
35
42
55
59
54
44
43
48
49
41
37
40
42
54
71
77
68
54
55
58
48
34
34
39
33
28
49
59
53
38
25
27
32
26
16
7
13
21
22
19
23
39
51
43
39
40
42
36
22
7
18
43
58
54
49
51
53
52
48
37
36
39
53
64
52
26
16
18
24
25
35
43
52
66
74
73
60
54
54
60
65
65
69
65
43
28
22
23
27
28
26
26
41
54
66
69
67
61
59
59
55
51
57
58
53
48
49
53
50
38
29
27
33
38
41
32
18
8
1
-6
-11
-8
-3
5
19
41
59
59
57
60
57
48
50
58
66
66
66
70
76
84
77
65
52
48
53
60
68
70
64
43
24
7
1
5
19
32
37
43
53
59
66
71
72
60
55
52
59
72
69
57
44
41
48
51
55
60
57
51
44
41
39
28
29
45
57
56
43
40
54
71
80
73
67
57
52
51
48
40
33
37
39
34
27
26
21
19
22
25
28
36
38
36
39
45
48
41
43
50
50
39
39
64
96
103
96
84
73
73
81
81
70
59
52
39
36
36
37
42
58
70
65
43
28
22
17
13
17
19
18
19
25
37
49
35
6
-3
-2
0
5
19
32
43
58
73
82
91
89
84
88
92
76
66
66
64
56
58
57
44
48
56
60
50
41
42
44
53
58
54
51
56
61
60
65
77
84
88
89
84
73
65
51
32
20
20
22
10
-6
-19
-20
-19
-2
23
42
43
37
27
35
57
72
74
76
76
74
70
61
54
50
43
45
48
40
32
28
32
25
25
42
51
52
51
42
39
50
65
70
71
74
73
68
60
58
61
64
58
56
59
67
65
66
71
64
49
42
48
50
37
29
26
25
26
26
35
45
50
40
35
42
48
51
59
73
81
74
55
51
58
54
41
37
38
39
36
25
19
22
32
36
32
19
12
11
10
19
27
36
43
54
56
49
40
53
72
73
70
75
74
71
67
50
29
20
18
9
6
8
8
7
4
-2
-2
0
1
10
33
52
55
59
75
83
85
86
87
82
80
81
77
81
87
108
123
119
107
102
102
97
87
81
82
81
80
77
74
59
41
37
42
45
40
29
22
9
3
4
12
19
19
17
10
6
18
33
29
37
50
56
58
65
66
60
55
53
52
48
49
50
53
60
65
71
73
72
72
70
70
71
72
84
87
76
69
71
81
93
115
128
138
154
161
149
116
89
84
90
83
68
54
53
50
40
33
33
40
49
41
26
10
6
19
28
25
17
16
26
42
41
33
29
40
43
36
21
8
10
19
21
18
11
9
2
-4
-7
-2
-4
-11
-6
6
6
4
10
17
21
27
28
33
38
37
34
35
37
42
49
60
68
55
51
69
83
74
71
73
70
59
53
49
48
41
26
12
8
25
41
37
32
33
36
38
51
60
60
57
53
44
42
59
67
53
41
42
49
60
68
65
52
29
17
17
28
37
33
18
1
-1
9
13
9
9
8
7
11
28
49
51
51
65
76
81
74
70
67
58
54
64
65
53
38
29
35
44
55
58
65
68
59
53
52
49
50
52
58
70
75
67
50
42
53
60
59
53
44
54
73
87
91
88
90
88
81
68
52
48
51
44
32
18
25
40
45
41
24
10
5
16
35
51
67
80
76
65
53
44
43
52
61
57
41
33
24
11
4
5
5
8
20
25
16
6
10
20
22
26
34
38
50
60
58
42
40
54
59
56
58
65
69
68
68
67
68
72
71
60
54
49
38
22
23
38
38
34
39
54
60
55
48
48
51
60
74
74
64
57
61
70
65
50
45
51
55
57
59
59
42
29
36
34
26
16
11
20
21
18
12
16
26
39
45
56
54
39
33
37
42
49
45
56
65
64
57
59
70
71
72
65
53
42
42
52
51
44
49
64
65
52
41
36
38
44
51
42
28
26
35
44
52
53
49
40
38
41
33
24
20
19
11
16
26
39
38
32
24
32
45
60
74
82
83
76
70
59
58
67
70
65
42
28
35
43
41
28
17
12
18
24
34
43
51
59
72
80
72
60
56
59
70
74
76
80
80
80
74
68
72
88
90
85
69
52
43
49
44
33
24
26
41
53
53
44
40
41
48
56
56
41
28
32
38
36
27
23
24
24
18
11
19
33
48
65
71
67
74
90
107
119
120
120
116
108
103
101
98
91
82
76
74
73
74
77
75
72
72
58
49
40
29
19
12
19
23
20
4
4
21
41
57
65
52
41
53
69
75
74
68
49
33
32
26
21
21
19
4
-7
-7
-6
-6
-5
-7
-8
0
13
23
22
16
11
28
57
67
57
52
51
43
38
43
49
45
37
32
28
32
41
48
45
34
18
18
34
55
55
50
53
58
58
51
39
35
38
51
68
74
82
90
91
84
77
85
99
105
104
101
87
70
57
55
58
68
68
65
56
40
27
23
26
32
28
21
22
19
17
11
11
21
35
53
60
54
42
33
22
25
28
23
16
12
21
24
20
3
-7
9
36
52
50
26
17
20
28
36
39
49
64
70
73
68
55
51
64
88
115
129
119
103
96
96
87
74
65
54
55
52
38
32
27
25
22
20
16
9
5
2
-1
-2
2
4
12
22
33
42
52
65
76
90
90
84
80
80
81
70
58
56
52
42
44
55
55
48
43
48
43
44
53
59
59
50
50
68
87
98
101
106
112
115
116
116
118
108
102
100
99
101
106
106
103
117
139
146
138
132
137
150
147
121
98
96
100
99
86
76
84
92
88
71
48
27
13
5
7
10
9
8
1
-2
0
-1
-9
-28
-51
-55
-49
-52
-65
-75
-77
-68
-51
-40
-40
-40
-43
-52
-44
-37
-34
-19
-10
-23
-35
-36
-30
-36
-43
-49
-41
-30
-30
-41
-40
-34
-33
-29
-30
-22
-7
2
12
24
25
16
3
-6
-2
16
23
12
3
9
19
24
34
44
53
55
64
76
80
74
76
81
90
104
112
112
101
90
86
87
101
113
105
96
89
86
89
97
103
112
113
109
103
105
105
88
65
49
48
45
42
43
60
72
71
65
59
61
67
68
68
64
50
38
35
35
28
22
18
9
1
-5
-8
0
21
36
41
43
55
58
52
43
33
24
19
16
17
23
36
52
61
70
83
96
96
84
68
57
68
90
96
92
90
88
86
93
103
107
105
96
82
70
69
77
80
83
92
96
83
61
51
44
44
48
49
43
41
42
41
40
51
66
73
75
72
61
45
44
55
58
56
58
53
42
41
54
67
65
53
39
38
51
60
57
51
52
60
71
85
98
92
86
76
65
55
43
35
39
44
43
43
39
37
40
52
60
59
51
52
54
49
43
44
43
42
36
25
21
18
23
36
43
41
39
38
35
34
36
38
36
40
50
65
73
77
85
92
90
75
55
54
74
89
89
77
65
64
69
70
80
88
90
88
96
106
103
87
66
40
29
32
38
40
39
36
38
53
66
67
59
58
67
68
56
44
40
34
38
49
48
45
52
57
52
37
28
36
43
51
53
54
70
91
101
88
75
73
70
55
42
38
37
39
40
44
55
66
75
72
55
42
41
51
53
49
40
37
41
49
51
55
52
45
51
61
66
59
54
50
36
17
4
-2
-2
4
11
12
6
4
2
-2
-8
-5
4
9
12
21
38
43
36
35
50
68
87
109
122
122
114
89
73
65
60
65
66
57
54
59
71
74
69
68
72
74
85
97
93
86
84
93
106
106
100
104
113
119
114
104
103
106
103
101
99
90
98
108
122
131
128
118
117
122
130
118
98
85
80
80
82
80
76
59
42
44
51
44
42
50
40
19
6
13
22
19
8
1
0
-6
-11
-5
12
32
28
9
-5
-9
-1
2
0
1
-5
-18
-28
-35
-38
-42
-37
-33
-39
-51
-58
-58
-53
-39
-28
-28
-22
-12
-10
-12
-19
-18
-9
-8
-10
-4
12
20
9
4
13
32
51
56
52
37
23
20
19
10
6
11
20
27
26
26
27
33
43
51
34
16
13
12
11
9
5
5
19
33
41
42
41
44
51
56
60
