42
42
37
33
36
49
66
86
107
114
105
89
74
68
69
68
65
61
60
64
66
67
66
52
28
20
27
37
45
51
52
55
59
66
66
64
69
85
104
120
121
119
112
104
104
103
96
83
80
72
65
51
40
34
23
11
8
7
1
-8
-11
-1
8
3
1
10
24
34
37
38
35
25
23
26
33
34
36
33
26
26
26
25
25
22
6
5
21
33
33
37
52
60
60
65
82
104
107
103
106
103
90
81
84
91
90
89
97
97
86
84
84
72
44
28
29
28
19
5
6
10
4
6
19
24
22
25
35
33
24
19
23
25
13
18
33
42
49
50
44
35
34
32
37
56
58
43
25
32
53
76
91
82
60
65
81
87
84
76
72
70
68
73
81
83
80
67
53
50
48
49
57
66
57
44
38
34
25
11
10
12
13
25
40
40
27
11
4
4
17
25
20
17
13
8
11
8
6
6
6
2
7
19
25
28
33
27
21
24
48
69
83
84
71
55
43
38
43
38
20
22
34
43
59
66
61
59
49
37
34
43
52
52
55
65
80
87
86
84
85
89
88
89
91
97
100
86
68
57
56
70
75
59
45
40
44
64
71
64
50
39
34
27
24
26
26
27
26
29
37
40
40
36
33
35
40
53
72
83
85
73
68
69
69
71
76
70
53
53
68
65
43
27
26
35
48
49
52
55
42
24
17
32
40
38
50
61
73
68
50
41
48
44
38
39
51
60
58
44
34
24
23
41
57
50
42
51
57
52
35
20
18
23
33
34
39
52
53
49
55
57
55
60
66
65
67
81
76
64
61
57
45
39
35
34
44
53
52
49
43
42
51
55
55
56
53
52
58
66
65
57
52
48
41
40
41
52
66
59
37
26
25
26
29
38
38
27
20
22
36
51
60
58
48
40
37
27
21
24
29
27
19
7
8
26
48
48
44
55
64
72
90
98
87
84
92
108
116
99
71
64
66
66
66
66
66
69
71
69
70
69
60
50
48
54
72
84
80
66
55
54
52
49
49
48
48
40
39
54
59
56
51
41
40
37
34
27
24
25
21
21
22
19
17
28
28
24
12
-4
-9
5
23
27
27
49
66
53
34
25
34
39
36
28
32
40
45
36
18
18
21
16
17
20
11
-1
-7
-7
1
11
26
36
25
24
33
36
40
39
48
64
56
39
36
42
54
66
59
42
37
39
51
72
84
77
65
49
50
68
73
69
57
50
53
54
51
55
60
51
37
29
32
34
48
65
83
104
117
119
121
128
128
125
118
108
102
101
102
100
104
107
112
108
98
83
81
88
90
80
57
41
35
39
44
49
42
24
0
-6
3
7
5
18
45
50
28
17
19
29
43
50
52
50
43
40
42
50
41
12
2
8
17
21
18
10
4
8
17
7
1
3
13
24
37
43
39
36
38
50
55
50
41
56
76
83
66
51
55
65
59
53
50
44
39
32
25
36
42
27
10
7
17
28
43
51
50
42
33
32
40
51
59
65
61
65
68
67
67
71
69
66
69
67
51
41
48
64
76
80
68
43
23
16
17
25
26
21
19
27
37
39
34
26
38
53
58
58
64
64
55
55
64
71
69
38
2
-4
12
26
28
20
4
6
29
43
44
40
36
35
38
41
42
39
24
17
26
49
61
57
60
67
61
55
57
60
67
72
71
66
69
70
72
76
81
65
36
22
32
41
48
60
64
56
56
65
72
73
82
96
96
90
92
99
102
103
98
87
74
58
53
52
41
39
48
60
64
53
33
13
6
8
21
38
53
56
53
55
60
72
82
77
57
41
41
42
56
70
71
57
43
44
55
55
49
43
40
36
34
51
72
80
70
51
36
25
22
25
29
28
20
18
33
38
22
6
5
13
11
-3
-9
-4
-1
-4
-7
-7
5
24
27
20
20
26
35
41
38
28
33
49
52
50
43
33
22
23
27
25
16
5
1
1
5
9
9
12
27
34
26
35
51
57
60
64
67
69
71
69
65
61
57
53
51
48
39
34
35
34
22
12
26
37
33
34
36
34
42
56
56
57
65
60
48
38
35
35
34
28
33
51
72
86
88
90
88
77
73
71
60
49
40
44
39
33
23
16
19
26
17
2
-2
-3
-2
-1
-2
0
11
26
43
52
50
50
51
59
75
80
70
70
65
48
41
53
73
82
76
61
43
34
32
24
20
13
5
1
6
22
28
24
26
36
38
48
60
73
72
60
55
55
56
56
58
65
73
92
112
104
81
65
66
81
100
102
96
91
98
102
99
91
84
74
70
69
68
57
48
40
36
35
36
38
39
33
28
38
49
43
33
23
22
24
23
23
23
33
40
49
54
52
42
40
44
48
40
27
21
28
49
60
55
41
38
44
56
58
52
43
54
61
59
66
74
70
58
60
76
87
82
69
74
87
90
89
83
75
76
89
101
103
85
59
44
37
28
21
12
13
13
12
18
20
20
19
22
33
38
39
50
69
71
59
58
69
83
77
57
41
36
37
35
35
37
26
9
1
10
33
43
41
34
28
36
44
55
64
73
85
89
90
88
82
82
88
96
105
113
107
96
89
99
104
100
98
93
83
75
75
72
49
12
-8
-8
3
12
18
18
16
18
29
44
54
58
55
49
48
60
83
103
113
103
89
90
105
117
117
109
103
91
76
71
82
85
74
56
41
37
48
68
72
66
57
50
43
45
56
74
88
93
85
66
64
72
71
65
68
73
80
77
65
40
23
21
25
23
18
17
24
37
42
39
32
21
16
18
25
26
22
19
11
7
7
2
2
1
-3
-5
-10
-13
-6
-1
1
10
24
35
34
20
13
20
28
32
22
19
25
41
50
48
45
54
72
87
97
93
86
90
114
123
117
107
101
91
75
55
44
51
65
68
56
48
43
42
42
36
33
37
49
43
19
-1
-4
0
-7
-17
-22
-18
-2
8
3
-8
-20
-26
-28
-26
-10
20
52
67
71
65
50
39
26
4
-1
20
35
41
44
52
55
57
59
61
69
74
75
75
80
81
76
80
88
88
76
66
68
81
75
64
54
58
60
51
37
36
50
65
58
39
40
60
73
67
54
53
58
80
97
97
87
88
98
96
81
57
39
27
27
33
32
21
11
10
27
39
32
17
9
12
9
-2
-5
6
16
19
20
24
35
40
35
28
35
41
48
44
41
37
21
5
0
6
23
28
18
8
21
41
57
71
83
75
61
53
45
41
44
54
58
52
51
64
66
64
58
52
50
54
60
58
50
43
49
67
80
72
53
43
51
59
65
68
75
87
89
82
68
56
52
49
51
56
64
73
80
71
55
43
44
55
65
64
58
58
52
43
48
52
53
55
64
70
69
65
54
43
42
49
48
53
61
66
59
50
40
40
42
41
42
53
57
64
61
59
67
76
82
71
66
69
76
84
88
83
75
80
85
84
73
64
56
56
56
54
53
53
58
59
41
24
12
8
13
16
7
4
12
28
44
48
39
41
53
58
57
54
55
58
52
48
53
60
59
55
45
34
21
18
11
23
45
52
43
40
32
24
23
28
32
34
25
16
17
25
28
22
8
-5
-9
-8
-9
-4
6
10
9
5
7
10
12
22
33
40
42
51
64
59
54
44
42
64
82
83
81
77
75
71
69
69
70
64
55
58
58
48
34
34
38
32
11
-2
-19
-33
-37
-26
-10
-7
-13
-13
-2
11
17
21
37
44
48
53
58
59
54
53
64
65
43
20
17
28
48
65
76
86
82
67
59
72
80
70
55
50
48
48
49
36
27
27
23
24
28
33
36
39
48
51
49
42
32
29
40
41
39
36
38
49
59
74
81
70
64
70
76
67
68
83
90
83
66
60
73
89
98
96
84
71
65
64
55
42
34
38
53
66
59
52
43
38
42
53
56
58
53
48
48
58
69
64
56
49
42
38
21
7
8
5
-2
-9
-18
-12
1
12
18
24
26
22
22
23
27
37
37
32
23
38
61
66
58
53
48
43
41
38
35
36
42
54
75
89
85
70
64
58
57
66
75
84
86
72
56
60
81
97
91
74
68
81
86
85
90
91
85
73
65
44
26
25
38
49
54
57
49
34
26
25
28
29
26
21
20
20
17
8
7
13
17
10
17
27
27
12
5
6
22
43
43
27
10
6
13
8
-4
-17
-18
-8
-4
2
18
33
40
45
56
71
75
75
87
100
105
107
107
106
116
130
135
123
97
76
68
60
55
56
64
67
58
54
43
26
19
12
6
-2
2
12
21
36
49
54
53
39
27
32
36
38
39
38
40
43
38
26
19
19
24
27
24
25
40
56
69
70
74
84
86
83
86
97
113
119
121
123
118
114
113
109
104
98
100
115
118
106
97
89
75
64
55
49
43
34
23
27
29
24
18
17
20
28
40
40
37
43
53
53
50
50
43
35
28
19
5
7
18
12
1
-5
-11
-17
-23
-26
-24
-22
-14
1
21
37
44
50
52
59
60
57
66
76
86
93
100
102
96
87
89
85
73
65
60
51
37
28
24
16
1
-9
-18
-19
-18
-22
-20
-4
5
10
19
23
21
13
18
34
42
36
33
35
37
37
36
40
44
39
37
44
57
64
58
61
67
73
82
82
83
84
75
73
76
80
75
72
69
73
87
93
84
72
77
77
72
72
75
75
68
60
54
40
32
19
10
11
8
-11
-36
-37
-8
17
29
43
48
51
50
48
40
48
58
75
92
99
112
124
124
113
85
58
50
48
40
48
69
71
54
39
34
28
24
23
24
23
19
29
44
51
44
37
35
51
81
93
98
102
108
114
105
89
84
75
64
52
50
44
33
25
34
53
58
44
33
36
29
23
27
39
41
35
36
43
53
53
51
50
52
67
68
45
33
37
45
49
43
36
25
13
6
10
21
20
7
-3
-5
-5
-4
7
33
50
59
60
56
68
101
128
130
119
117
119
128
125
114
96
80
70
74
76
59
42
43
59
69
55
25
11
16
20
19
1
-13
-18
-25
-40
-34
1
32
40
33
22
19
26
38
41
35
19
16
21
39
57
73
83
86
74
70
81
97
115
115
116
123
124
123
119
107
92
82
80
81
73
64
57
56
59
51
39
38
43
60
60
41
34
35
37
33
18
7
10
25
34
27
17
10
11
13
11
18
28
36
29
25
22
25
42
55
54
52
51
57
57
53
42
27
26
33
35
39
42
43
44
40
38
49
52
50
38
23
26
39
42
39
39
39
43
48
50
56
67
76
81
80
81
82
72
60
65
73
88
100
88
69
61
72
87
86
86
93
103
104
98
83
60
40
32
24
26
24
10
-3
-12
-12
-11
-18
-20
-13
-7
2
12
18
9
7
6
9
20
27
25
29
39
50
65
74
66
56
56
55
52
49
54
67
77
71
56
50
57
74
74
68
81
88
84
87
92
76
66
70
74
85
99
91
72
55
34
20
21
24
26
29
25
12
12
22
34
36
25
8
-6
-6
4
10
12
23
36
36
32
38
54
61
68
84
97
98
92
85
72
67
75
74
58
48
40
49
61
71
69
55
41
35
37
51
59
51
34
28
36
36
37
36
29
25
24
35
40
39
40
38
24
17
18
19
18
8
5
7
7
1
-7
-5
0
-3
-2
2
6
12
19
13
23
43
52
54
52
49
51
59
70
81
89
98
92
80
70
75
86
83
65
53
51
52
58
70
71
54
28
18
18
7
-1
7
21
24
29
44
64
81
87
83
75
73
84
91
92
83
70
69
86
101
104
102
87
73
65
55
57
67
69
66
57
50
52
56
54
44
32
27
40
64
76
75
67
64
64
55
51
57
72
83
75
55
38
38
45
49
40
25
17
8
2
0
3
17
23
20
17
17
25
41
53
57
57
57
64
74
84
85
76
75
82
83
73
69
61
51
39
41
49
45
37
41
56
65
53
42
45
53
54
56
54
49
44
33
23
27
36
36
40
48
60
59
49
42
48
51
51
43
41
43
49
54
60
73
82
76
70
71
71
68
61
55
49
53
58
51
40
37
48
56
54
36
27
36
49
50
42
34
36
48
49
29
9
-6
-13
-17
-10
-9
-7
-6
-8
-9
0
12
28
35
21
8
20
42
53
43
35
34
42
57
68
61
52
52
53
52
48
54
73
87
82
70
77
90
73
51
40
49
67
74
70
67
66
66
70
73
76
81
74
72
75
72
58
52
56
60
66
60
51
41
35
37
42
48
50
48
42
49
42
33
36
49
58
55
37
36
56
73
73
61
48
38
42
52
53
53
44
35
35
41
42
35
27
24
19
16
7
1
-1
9
20
19
25
43
56
57
57
56
53
53
58
71
80
88
90
87
86
86
82
76
70
65
59
56
50
36
22
19
28
48
51
34
22
23
26
29
32
24
22
17
13
26
39
49
51
59
74
81
81
86
90
83
74
59
54
68
82
77
59
41
27
21
22
28
33
28
19
16
26
42
52
52
57
69
80
83
83
82
75
55
36
33
50
68
69
66
58
53
45
42
44
45
42
40
39
33
16
10
22
24
19
24
34
28
23
26
40
51
55
55
55
61
73
85
96
96
88
81
72
58
49
43
51
56
43
34
37
34
22
13
18
27
38
48
50
42
32
27
40
52
55
66
76
90
97
89
85
77
74
75
75
71
67
67
58
45
42
41
41
39
40
43
35
19
7
13
27
40
52
61
72
80
67
39
32
35
42
42
33
23
24
32
28
28
28
21
17
13
9
11
20
11
11
29
38
33
25
25
23
26
37
43
41
34
26
28
38
54
61
54
44
44
50
57
60
60
54
51
52
49
40
41
54
64
64
64
68
76
82
75
67
66
81
88
71
50
50
55
52
43
40
43
52
59
73
85
84
76
73
74
76
73
75
84
87
85
89
108
112
92
84
82
84
82
73
67
68
68
70
81
86
80
69
66
61
52
45
50
38
26
26
26
20
21
22
12
4
-6
-14
-10
-4
-1
-11
-13
-6
6
12
7
0
-2
8
11
9
10
13
19
29
38
28
8
3
6
19
35
44
48
56
69
67
51
36
33
38
48
60
81
84
76
76
65
49
49
54
50
36
25
26
39
43
38
33
36
29
22
12
16
34
42
40
35
27
25
26
32
39
50
54
64
72
77
83
83
73
53
43
51
57
69
82
85
76
60
64
75
81
77
86
85
75
69
69
71
60
49
35
33
40
45
50
50
44
44
39
32
17
16
34
49
52
53
65
69
65
59
57
43
24
19
23
34
36
33
40
56
57
42
34
38
37
27
27
25
20
27
42
44
38
34
37
44
44
34
28
41
70
84
80
76
84
81
75
70
64
58
60
65
67
67
65
55
52
58
70
74
68
57
49
42
37
34
39
48
41
28
28
36
42
50
58
61
59
55
50
49
49
44
37
29
32
35
34
27
24
18
10
9
17
22
20
6
-4
-10
0
12
22
24
19
19
33
45
43
35
27
27
39
45
35
26
36
56
53
39
36
50
64
60
58
57
48
35
49
65
69
73
84
83
75
69
64
61
67
76
88
89
74
56
45
54
68
74
71
68
64
60
65
72
85
85
76
83
92
87
60
43
48
65
71
67
55
36
21
12
6
-6
-11
-10
-12
-11
-4
3
8
12
11
18
33
36
32
33
42
64
86
91
85
85
89
88
83
72
68
67
65
66
75
85
89
73
42
19
16
32
43
43
44
43
34
25
28
40
51
60
72
76
73
70
68
72
76
64
42
32
39
54
64
59
67
75
59
29
16
20
29
38
40
42
48
64
82
91
102
113
113
102
97
106
121
125
121
107
88
71
53
23
0
-1
6
7
4
3
6
6
2
2
9
24
39
50
55
54
57
72
88
92
89
75
67
69
75
73
56
48
57
71
74
70
56
49
52
59
53
34
25
32
39
43
49
49
38
32
40
49
38
28
41
65
84
84
70
59
71
82
82
77
69
57
48
48
50
55
50
28
11
6
6
7
8
8
9
11
17
22
28
27
16
19
37
55
55
40
32
32
37
45
52
53
50
49
45
44
48
53
66
70
74
73
65
48
37
36
27
16
7
8
23
40
42
37
33
35
42
55
57
48
33
27
41
60
60
51
44
39
44
58
60
50
45
53
56
56
61
59
37
23
22
19
8
12
28
35
36
37
37
35
35
26
8
7
35
54
64
80
86
71
48
36
36
40
53
59
66
76
81
73
81
88
81
64
54
56
69
83
92
102
101
87
75
74
80
74
65
65
59
49
36
32
27
25
35
35
35
41
40
27
20
27
27
24
32
43
57
65
68
70
66
65
65
65
68
73
85
88
83
77
80
80
71
53
22
5
9
16
7
-10
-25
-23
-8
-1
-2
-11
-9
0
11
23
21
25
32
36
33
22
25
37
48
50
50
52
58
68
72
60
43
35
25
19
21
17
0
-7
-7
-5
6
16
13
16
21
21
17
12
16
24
42
53
36
17
28
59
67
54
38
37
50
59
70
75
73
60
45
41
48
38
21
19
32
34
32
37
45
53
54
42
35
39
48
56
66
82
84
80
73
73
72
70
72
74
84
87
84
82
82
83
80
70
70
80
80
75
75
80
83
85
77
76
82
76
72
74
86
97
92
88
89
90
91
87
82
83
76
59
55
61
45
18
4
4
7
8
3
3
10
5
-8
-10
-1
7
18
33
40
44
43
48
67
92
101
88
64
50
40
36
39
48
45
40
48
50
41
35
33
32
26
28
39
50
51
55
69
77
81
70
73
97
101
89
82
83
102
122
119
105
96
89
92
98
89
74
58
53
61
66
56
39
20
17
24
36
35
26
24
32
34
37
49
55
49
32
24
28
26
12
3
-4
-11
-22
-30
-24
-13
-12
-18
-7
18
35
36
41
53
64
72
80
87
91
75
65
71
81
84
81
77
83
87
86
73
57
54
60
61
50
40
41
38
25
16
18
28
39
41
38
33
44
53
44
49
54
57
72
82
82
65
40
27
28
19
16
26
44
55
52
44
40
41
65
76
66
60
67
61
48
37
44
65
72
66
55
50
44
37
27
23
22
21
25
28
19
3
-4
-8
4
29
49
45
41
45
55
57
52
51
45
33
22
32
48
51
45
48
49
51
49
37
38
52
58
57
66
69
66
57
50
49
55
52
40
35
28
33
36
38
48
45
42
38
36
41
51
64
72
75
73
65
68
72
75
80
86
90
84
90
98
87
72
65
60
67
67
66
76
93
97
82
64
50
41
58
80
80
72
67
70
85
103
106
91
73
66
71
70
60
53
37
19
11
11
6
-4
-11
-11
-9
-3
10
16
6
-5
-4
8
26
27
22
34
38
25
20
25
38
56
76
88
76
64
58
56
50
43
50
60
53
28
22
33
43
64
70
70
67
57
50
54
57
50
33
9
4
18
27
35
39
42
38
38
45
51
55
58
67
83
82
72
66
68
77
74
59
44
39
50
52
40
32
37
55
66
64
64
75
81
69
59
58
48
37
44
44
35
33
28
33
35
36
35
39
40
36
32
22
17
27
49
53
55
58
56
50
41
42
42
44
50
42
34
24
26
34
40
39
38
39
35
27
17
6
19
39
42
33
22
24
33
29
12
1
5
16
27
42
48
38
32
36
49
50
49
51
56
64
56
49
51
66
80
80
72
65
58
54
51
49
44
42
51
57
56
50
49
58
77
82
70
55
43
39
40
42
43
43
40
40
42
50
52
49
49
55
61
54
42
26
17
26
44
51
41
26
19
23
35
49
58
61
53
39
38
44
54
74
96
101
101
98
92
104
104
87
70
50
27
7
-9
-25
-36
-43
-52
-51
-39
-20
-5
0
3
2
0
3
25
50
56
55
57
57
65
68
70
80
87
87
71
54
50
57
56
43
33
35
50
57
54
53
56
57
57
56
55
54
50
51
56
60
68
69
70
74
85
92
82
58
50
56
74
87
80
65
67
70
55
41
38
50
58
50
28
11
13
29
40
37
37
42
41
37
37
42
48
51
57
58
55
53
52
41
36
40
49
53
55
56
59
65
67
64
59
59
56
52
53
53
52
51
54
66
71
73
68
58
44
33
37
43
50
41
23
10
7
6
7
10
10
10
17
27
37
39
35
29
20
10
10
20
28
41
55
58
55
53
52
43
40
34
24
33
48
50
51
54
52
54
73
98
100
87
74
71
69
71
71
67
70
81
99
114
118
114
104
97
89
85
81
74
67
53
36
32
32
24
12
11
18
26
40
40
35
39
45
51
43
34
27
24
17
11
11
25
50
60
61
57
57
56
52
48
49
55
65
61
55
52
52
44
38
40
42
43
54
71
75
65
60
61
70
76
81
82
83
81
81
84
85
75
67
60
58
64
65
65
68
68
69
64
56
55
60
61
61
59
55
42
34
32
33
44
60
59
42
23
18
23
41
51
48
42
40
37
38
41
41
29
25
33
38
36
35
37
36
25
18
5
-2
-6
5
20
18
12
10
7
7
18
35
43
40
34
37
44
54
65
71
73
76
72
68
56
44
54
71
74
57
28
12
8
2
1
11
26
39
41
42
37
27
24
27
27
20
6
0
9
18
16
10
11
24
50
61
58
43
23
22
38
52
50
48
54
60
54
50
49
42
43
53
54
53
54
52
55
59
55
56
70
72
66
52
45
49
52
53
56
53
36
13
4
12
25
23
19
23
24
18
8
17
27
20
2
3
23
43
54
59
65
67
70
81
90
88
87
98
104
106
106
99
90
82
76
77
77
80
65
44
29
22
18
10
13
26
32
28
27
35
43
39
37
51
69
86
96
99
114
134
132
117
112
101
88
77
68
70
82
76
65
52
36
25
23
23
25
22
8
-5
-11
-9
-5
0
8
18
19
23
42
66
80
81
72
73
83
82
75
74
70
51
25
16
21
34
33
34
51
56
40
17
3
2
7
16
23
27
32
43
58
66
67
65
58
58
68
77
72
64
64
66
59
44
35
35
41
48
43
48
58
71
73
77
70
48
35
43
58
53
37
33
38
41
40
39
48
66
74
66
56
55
54
55
58
60
65
65
57
48
45
54
58
50
36
27
35
35
22
9
10
18
23
29
41
56
70
68
60
68
85
102
112
108
113
105
99
101
100
98
97
90
90
88
84
84
87
85
70
54
52
51
44
41
37
27
19
22
26
28
33
41
58
74
80
85
91
91
89
99
103
107
114
119
121
123
121
116
107
98
92
88
82
73
66
60
58
51
48
54
67
80
84
82
82
75
69
72
73
71
67
60
55
55
60
72
83
85
81
68
43
34
43
55
56
49
35
26
24
24
21
21
32
40
35
20
19
28
35
27
18
13
10
7
10
17
25
29
19
3
-2
-4
-4
-3
0
2
3
3
0
3
10
20
23
27
37
43
51
66
72
55
33
18
10
16
24
26
26
28
32
35
40
41
36
32
35
45
57
65
59
57
53
50
53
53
48
40
43
50
44
37
26
18
16
11
16
16
20
32
37
25
10
6
9
10
11
20
29
34
24
21
23
20
13
20
27
33
32
33
37
33
23
18
20
22
23
16
6
11
23
25
24
23
26
37
42
40
36
34
28
23
16
10
21
34
41
44
43
48
54
50
39
43
44
28
20
33
43
49
39
25
19
19
22
35
44
41
38
41
38
27
28
39
41
39
43
45
33
25
35
51
65
84
98
97
88
83
82
93
113
129
136
132
117
101
102
113
104
81
57
43
40
38
35
27
19
17
23
41
54
42
24
19
24
37
49
54
61
71
66
58
60
72
74
57
36
27
32
32
18
4
-5
-6
-10
-20
-30
-33
-11
16
34
50
60
70
81
84
73
57
55
68
81
96
98
90
84
84
84
89
93
90
88
89
76
42
19
10
17
33
37
27
24
26
26
16
3
-1
4
17
22
