48
50
54
70
69
59
60
61
53
37
35
43
57
72
89
96
92
90
90
90
99
131
161
163
136
119
132
148
137
115
98
93
102
115
133
149
151
144
136
145
149
144
149
162
171
167
150
145
144
133
114
100
103
105
88
59
34
20
22
24
20
11
-2
-13
-11
-3
2
-9
-17
-6
4
10
21
24
26
33
35
27
32
55
69
43
21
18
26
34
24
16
11
4
3
5
3
1
-9
-21
-24
-12
2
16
27
29
25
18
-1
-5
2
7
17
23
16
-4
-10
2
10
10
4
8
8
-12
-24
-22
-28
-35
-29
-22
0
-5
-35
-39
-20
4
11
-3
-13
-10
2
8
22
39
41
43
60
71
64
54
71
91
84
74
75
74
73
86
92
65
44
55
70
71
57
53
65
75
82
83
89
97
91
96
106
107
99
89
88
91
83
61
51
52
56
68
67
49
19
-2
-3
0
-1
-13
-34
-35
-17
-7
-21
-35
-36
-37
-35
-34
-33
-26
-27
-27
-17
-10
-2
11
13
8
9
21
32
37
34
33
35
32
32
42
57
56
53
45
35
32
36
38
36
36
50
61
73
77
74
72
71
81
91
72
45
55
70
64
44
22
11
10
16
28
49
64
59
45
40
44
48
51
69
81
74
58
48
48
52
69
102
98
61
39
43
50
43
26
13
4
0
-4
-5
9
33
29
19
19
21
6
0
9
17
19
32
44
56
61
56
54
57
56
49
34
25
22
19
19
17
8
6
10
8
18
32
29
33
44
59
65
56
53
64
60
38
22
26
42
52
53
38
21
18
23
37
49
50
40
24
17
17
21
23
28
33
39
65
80
82
90
102
100
84
68
71
83
84
90
87
68
50
48
40
26
10
8
16
10
-2
-5
3
12
22
22
27
40
60
65
39
9
2
8
20
26
32
40
41
34
26
43
76
85
41
5
5
19
27
23
24
34
43
59
70
70
64
50
42
51
67
73
72
74
76
81
75
57
45
45
52
49
48
65
71
57
37
42
49
36
34
34
23
9
3
7
17
11
1
-4
3
19
24
24
26
32
37
61
86
82
69
60
64
71
81
72
52
41
51
64
68
75
86
84
74
75
88
87
81
80
84
92
104
109
115
119
128
117
87
72
71
74
77
70
60
64
66
66
61
56
55
57
65
73
80
73
67
53
49
58
69
60
38
27
40
59
74
81
80
76
82
85
85
84
60
36
32
26
25
36
21
9
7
5
9
17
20
26
32
29
38
51
54
57
65
72
68
52
43
50
56
57
52
39
35
38
29
22
21
13
10
16
21
22
23
20
23
38
54
61
59
64
74
92
106
105
96
84
73
65
64
65
68
73
71
73
80
70
60
55
49
49
51
50
52
56
69
83
90
87
73
56
53
60
68
68
67
67
74
72
52
37
32
27
25
22
22
25
23
13
19
36
43
40
38
44
57
61
55
48
34
33
37
39
49
54
54
55
57
55
43
34
25
26
40
53
58
57
52
42
36
36
42
56
71
75
83
88
91
99
91
85
82
83
84
80
72
69
73
76
81
76
69
64
54
52
53
52
57
58
42
26
27
49
59
51
39
39
37
32
28
25
29
38
48
49
48
39
26
19
20
25
35
53
71
61
32
5
-1
11
32
37
41
44
43
40
50
56
52
48
51
54
49
41
33
22
33
45
43
42
35
32
40
61
70
49
38
48
51
50
52
59
64
50
41
50
67
84
81
70
76
96
96
75
57
43
40
51
59
65
55
51
53
52
52
55
60
60
50
35
34
52
58
52
43
50
59
57
50
48
54
68
71
60
53
64
75
86
98
76
59
60
64
65
55
39
24
23
34
43
49
42
34
23
20
25
24
13
16
32
24
0
-19
-20
-6
17
45
43
18
6
9
16
10
12
34
56
55
44
38
24
13
17
25
40
51
58
68
68
56
49
41
37
37
50
65
70
70
66
58
53
53
55
58
73
68
51
44
51
50
41
36
35
41
55
67
69
70
70
72
82
82
72
81
80
69
73
84
86
84
83
84
85
86
81
60
48
51
58
57
52
42
25
21
26
26
18
6
2
1
-2
8
16
18
21
23
23
24
26
38
49
54
56
54
52
51
57
56
48
42
50
55
56
59
67
56
50
65
76
76
59
37
23
35
55
71
76
82
72
54
41
36
40
50
53
52
50
49
60
71
67
51
42
51
57
60
58
50
44
40
34
16
9
22
48
59
57
56
58
54
33
17
21
39
53
56
56
56
60
58
54
61
86
81
49
24
19
22
35
51
70
74
80
84
71
43
40
56
65
50
35
40
51
50
58
70
61
48
26
11
10
20
22
23
28
24
7
4
17
28
23
17
16
36
49
41
41
65
91
81
56
50
64
68
67
74
85
91
98
99
91
89
90
90
96
100
105
114
116
114
108
104
93
82
74
80
68
52
43
38
25
18
26
37
34
22
12
10
7
4
-1
1
5
3
-3
-2
4
8
6
-8
-17
-12
-1
20
28
21
9
5
7
7
3
2
11
19
11
3
0
0
-2
-9
-20
-28
-35
-41
-41
-35
-26
-12
-2
5
10
18
32
43
57
67
80
108
105
71
51
53
64
65
57
53
58
65
75
84
73
53
40
43
53
59
60
59
54
51
73
89
82
59
49
49
43
34
26
33
38
43
45
43
51
58
67
58
42
41
49
44
39
38
34
24
34
51
61
60
54
44
48
54
54
48
36
32
35
26
18
23
23
17
19
34
40
45
44
44
53
58
75
98
109
100
85
74
67
70
81
82
74
71
60
56
52
44
42
48
44
37
40
52
49
36
26
25
34
43
51
42
29
35
48
51
44
44
51
57
61
64
67
66
57
54
56
66
76
69
53
56
70
96
87
53
42
51
55
56
51
43
44
44
45
49
53
56
60
66
66
58
50
52
65
68
60
50
36
38
44
43
38
33
33
29
26
25
22
32
51
55
40
28
22
20
22
19
21
38
48
44
48
57
80
84
69
58
82
98
74
53
48
59
72
53
38
38
43
53
58
58
50
40
41
53
59
60
60
73
85
77
71
70
75
91
98
83
70
72
76
70
57
51
50
52
64
77
86
75
56
50
55
54
36
25
28
33
34
36
34
27
21
17
21
22
16
18
28
23
9
3
8
28
48
53
54
58
56
55
60
76
91
91
88
90
99
99
89
82
81
80
74
57
43
48
73
83
69
52
53
73
91
80
42
12
11
26
48
50
36
25
18
20
22
7
-13
-13
0
18
25
17
11
11
8
4
5
12
20
27
39
52
61
60
51
53
65
72
73
85
99
81
69
83
85
73
69
65
65
67
60
59
68
80
69
65
71
73
69
67
72
70
74
86
69
48
41
45
52
54
50
39
32
27
33
39
43
53
67
72
58
35
19
22
35
37
27
26
37
52
59
58
59
60
50
32
33
53
54
52
57
57
58
67
72
81
93
102
99
99
103
113
116
115
116
117
114
99
90
91
98
101
99
92
88
85
83
82
82
83
77
65
60
72
90
100
92
81
80
87
98
96
75
57
41
33
34
38
49
66
75
73
66
55
52
58
73
80
73
60
50
51
57
58
59
53
32
9
1
-2
-10
-17
-17
-17
-12
-2
3
-2
-2
6
7
-1
-10
-13
-6
0
6
17
34
51
48
40
59
59
40
32
35
32
21
9
5
11
34
37
28
25
26
26
27
28
24
24
41
60
65
55
54
61
69
66
51
36
26
29
34
37
40
44
43
40
37
35
21
10
10
10
6
0
-1
-2
-12
-29
-42
-42
-38
-23
-5
9
22
39
59
74
77
69
68
76
84
82
81
80
69
55
49
35
12
2
1
1
0
1
6
10
19
24
32
29
24
28
33
38
53
65
73
85
98
98
86
81
84
70
51
53
64
67
57
41
26
19
23
40
54
57
59
57
56
60
68
67
60
64
66
75
84
77
70
71
66
59
58
53
52
59
82
89
82
70
56
42
35
24
16
5
1
10
33
50
53
53
57
55
53
52
50
53
48
34
34
51
51
36
28
36
39
35
28
32
37
36
34
39
43
54
64
68
65
64
77
96
98
81
70
69
68
60
50
53
56
54
59
56
44
35
23
21
27
40
45
38
26
26
24
12
5
5
-3
-17
-7
11
29
38
37
23
2
-17
-24
-21
-24
-30
-37
-35
-22
-3
28
67
102
123
132
137
140
137
118
88
65
65
73
83
93
104
100
90
80
71
70
77
81
64
39
34
38
43
49
56
57
59
70
86
77
48
33
35
33
33
35
36
44
52
42
35
35
34
22
16
21
38
65
74
71
58
49
45
53
65
87
105
97
68
49
52
64
64
52
38
32
34
27
18
6
3
5
20
37
44
41
22
19
34
49
52
48
38
26
24
35
50
66
76
86
87
82
77
86
102
108
103
88
70
52
40
38
42
51
56
56
50
44
40
38
39
35
34
42
57
59
50
43
51
61
68
68
66
64
60
59
65
64
58
60
57
60
66
65
56
42
44
60
71
72
69
72
84
80
66
65
72
75
64
53
53
56
45
27
23
35
45
51
50
37
33
34
43
57
60
50
34
24
26
32
21
10
6
10
20
24
37
36
22
9
12
16
17
26
32
27
27
32
26
23
23
25
35
37
33
33
36
35
34
34
27
21
21
27
37
55
59
48
39
49
65
60
52
45
48
48
48
49
52
48
49
57
60
57
57
53
52
65
85
90
81
66
66
84
97
89
80
84
93
93
82
76
81
86
76
53
36
28
25
17
-6
-28
-41
-44
-38
-27
-22
-22
-19
-7
9
24
28
33
40
53
72
69
50
39
38
35
21
1
-11
-23
-24
-11
-5
0
9
13
7
-9
-20
-6
19
24
16
10
20
35
52
68
76
69
61
60
60
65
70
69
66
69
83
86
76
68
54
44
49
55
54
57
69
81
82
75
73
71
72
81
85
84
76
82
91
100
99
90
86
74
75
83
76
57
36
29
37
41
36
28
35
40
38
36
36
37
32
27
25
28
36
28
16
10
20
22
18
19
26
43
56
66
72
71
68
60
58
60
58
59
57
51
53
52
44
37
32
33
29
28
25
29
39
51
52
40
28
22
28
32
28
28
40
43
36
33
39
49
48
36
32
37
40
39
39
49
58
65
60
53
50
58
64
57
56
58
58
57
57
53
53
52
54
58
66
65
56
54
68
72
54
32
20
33
53
54
52
52
50
49
49
54
59
58
56
54
48
36
26
26
26
25
24
20
12
8
12
23
32
40
53
66
76
86
80
68
67
67
67
73
75
72
70
66
57
49
35
35
42
45
44
39
38
43
54
64
71
81
84
80
70
60
61
67
67
68
73
77
71
59
58
65
66
56
54
57
50
43
40
39
43
42
50
55
50
38
32
29
39
50
56
58
58
56
57
71
89
112
120
125
129
128
120
114
92
75
71
66
45
28
26
22
13
20
23
18
12
12
19
26
32
36
48
58
66
60
49
44
42
39
42
40
33
12
4
7
17
28
32
22
27
36
43
49
56
54
40
34
38
42
40
34
23
22
32
25
22
20
20
32
36
28
18
6
5
4
-5
-21
-20
-3
16
24
34
44
50
43
43
51
71
89
89
91
98
91
84
80
76
70
56
57
65
67
60
51
37
25
20
19
27
50
66
65
58
59
59
57
53
50
51
41
36
43
58
56
42
33
24
19
18
24
36
35
26
34
44
54
61
67
60
49
40
42
52
54
53
52
57
59
58
64
72
77
71
61
59
75
85
68
52
56
64
57
50
44
49
49
50
42
40
41
28
11
2
0
2
1
-3
-7
-1
25
41
49
53
51
55
70
81
82
76
76
85
87
83
82
71
64
59
51
35
28
44
75
72
44
37
28
24
23
17
10
16
13
17
22
32
43
53
54
51
45
49
55
64
64
52
39
40
51
68
71
68
57
49
48
50
53
56
49
40
42
61
77
76
72
73
84
104
128
123
118
118
120
116
107
105
113
109
89
71
73
84
82
67
56
50
40
35
29
32
35
34
24
24
32
21
17
24
28
39
40
38
54
67
66
53
35
23
20
24
24
22
23
25
26
26
33
33
40
53
52
42
40
50
51
49
55
60
58
55
59
72
80
80
71
64
55
54
64
65
64
65
65
59
52
44
50
52
51
52
55
52
45
48
40
32
26
28
33
23
9
0
0
10
24
22
7
-3
1
16
27
36
37
41
45
55
69
58
42
51
70
85
86
73
56
58
83
100
98
69
41
39
51
68
90
112
103
75
56
57
58
55
58
60
56
52
44
34
18
10
2
-6
-8
-6
-3
-2
-4
-2
6
11
17
27
35
35
39
45
53
49
41
32
17
-1
-9
-3
7
10
21
29
27
24
22
32
41
42
40
37
50
60
41
17
24
44
53
54
43
43
61
80
91
116
120
96
81
80
66
52
44
41
35
28
42
64
71
67
56
49
51
60
72
75
74
71
59
53
41
37
37
40
43
44
41
25
11
17
23
20
16
26
42
48
43
52
70
76
75
76
70
64
57
55
68
82
91
89
74
66
59
53
50
39
23
9
10
28
38
24
17
27
39
37
26
8
-4
-1
9
16
16
19
20
10
0
-3
-6
-17
-21
-21
-17
-3
7
20
40
53
56
72
91
92
82
69
80
97
109
120
131
136
135
135
135
121
115
118
128
137
144
138
129
113
89
74
67
80
98
105
108
109
104
100
89
70
48
32
26
27
33
37
42
52
52
49
44
35
23
27
39
49
56
57
48
38
35
36
34
26
16
8
7
0
-7
-9
-4
0
1
-2
-14
-26
-24
-18
-14
-9
2
16
20
16
20
27
36
35
36
39
42
52
67
66
43
22
16
23
32
35
28
22
22
28
35
36
23
10
3
5
25
40
36
26
26
25
27
25
19
17
18
32
44
43
42
41
33
28
39
41
41
36
40
55
58
50
32
24
35
42
45
50
54
59
65
69
68
53
40
40
56
65
69
60
38
17
6
5
0
-7
-1
3
-4
-18
-19
-6
-1
-1
6
12
13
20
26
28
26
24
22
34
53
71
90
92
83
76
82
91
99
96
87
88
85
74
68
76
88
92
90
76
56
49
52
59
73
72
67
66
67
65
67
70
71
75
75
66
56
51
49
48
49
54
57
65
74
69
51
34
23
27
38
40
48
55
57
53
52
52
60
87
104
102
98
98
98
96
92
107
120
119
116
114
113
100
87
80
76
77
74
68
53
37
27
21
11
6
1
-3
-2
1
10
13
12
20
29
35
39
50
58
60
55
61
84
101
106
109
113
120
129
124
120
122
121
121
124
129
118
107
98
86
75
69
77
100
106
96
87
87
88
86
76
73
72
65
64
59
52
48
49
45
38
38
48
65
82
92
88
66
44
48
52
44
44
51
53
43
38
37
35
34
36
40
44
48
43
40
42
51
55
48
34
25
33
39
37
35
27
20
20
18
7
-2
-9
-8
1
10
12
5
2
2
-4
-10
-10
-5
-1
-2
-5
-9
-6
-7
-17
-9
3
8
8
11
20
33
37
44
56
70
74
73
68
64
65
65
56
41
36
40
50
58
67
58
54
43
28
17
10
5
-2
1
19
23
9
-10
-17
-7
0
1
7
25
52
80
92
92
88
84
86
90
91
99
113
115
91
70
52
49
56
60
53
54
55
52
43
42
33
21
20
23
26
32
36
38
39
28
26
42
54
50
50
51
41
23
6
6
7
-2
-17
-25
-23
-18
-8
-7
-9
-6
-2
7
20
25
33
32
32
37
50
65
70
60
56
65
75
85
83
74
69
64
57
59
65
59
45
35
28
27
26
21
18
24
29
33
28
22
21
20
13
5
9
9
6
3
2
-4
-1
11
25
36
36
32
34
42
48
41
36
41
59
60
57
71
92
106
115
122
136
138
134
133
134
133
120
103
90
84
83
82
70
55
45
39
32
39
57
65
58
51
48
42
42
43
45
52
56
58
59
65
65
61
70
75
65
55
59
59
43
26
28
44
49
44
50
57
72
87
87
75
67
68
71
80
86
91
100
103
98
90
92
100
91
76
73
75
80
90
89
87
89
83
65
41
27
24
25
18
6
12
17
5
-1
6
6
-1
1
6
5
3
7
11
9
4
12
21
11
2
2
10
12
7
8
21
38
39
28
25
32
43
66
81
87
83
77
75
75
74
77
83
68
52
44
48
49
50
48
42
41
40
42
55
67
59
44
44
54
49
37
35
33
28
37
56
65
58
56
49
37
29
27
22
21
24
23
21
19
24
36
43
44
49
53
45
35
23
17
18
22
23
19
10
13
35
60
68
53
43
43
49
52
57
57
53
45
39
40
36
24
28
50
57
52
43
50
66
80
84
84
87
96
96
99
104
102
91
83
77
72
71
75
81
82
75
56
40
37
38
28
19
10
8
19
36
39
28
19
19
19
12
11
26
38
38
42
51
53
48
41
38
40
50
52
42
37
41
49
50
48
43
39
35
33
39
44
48
40
28
44
69
82
84
91
98
91
93
103
93
81
80
84
89
99
99
86
80
71
60
52
45
44
44
39
40
45
44
34
35
41
39
39
54
55
34
23
17
5
8
9
-3
-10
-11
-11
-4
6
4
0
8
22
33
42
57
60
53
44
38
42
56
67
76
81
74
80
84
69
64
67
71
77
72
67
68
66
58
56
66
69
64
54
53
59
64
72
86
74
49
42
56
70
72
60
43
37
43
60
65
44
32
32
26
16
5
1
9
12
8
9
2
-1
4
-2
-1
11
-7
-29
-23
0
21
25
21
22
33
44
53
65
73
77
70
61
53
42
51
68
76
60
43
32
18
8
13
19
22
25
22
13
10
9
10
20
25
26
39
53
58
52
40
40
54
59
57
61
75
76
67
52
48
52
59
70
64
53
53
60
69
73
77
75
73
81
82
80
84
96
102
98
87
91
105
108
98
99
113
114
98
76
73
70
68
75
88
81
60
54
52
38
22
20
24
27
25
21
22
22
21
33
40
48
51
57
69
72
74
81
91
102
104
103
102
96
85
72
53
36
24
18
12
12
19
20
12
4
4
18
23
24
37
51
52
49
52
68
73
67
59
58
64
70
72
75
89
81
65
59
53
43
41
44
49
45
32
10
1
2
8
8
-3
-4
3
0
-1
5
6
6
7
16
19
16
12
19
33
52
57
49
49
54
60
66
70
80
90
98
99
82
54
44
54
66
73
89
114
96
56
50
66
71
60
48
42
49
59
71
68
49
27
19
16
24
33
23
8
5
8
20
22
25
36
38
42
43
40
42
52
67
83
89
96
97
85
70
59
52
49
52
49
42
51
51
38
34
38
40
27
18
21
25
28
32
34
42
68
81
80
68
57
50
45
56
71
80
80
70
55
54
56
56
56
38
13
6
19
33
37
42
33
13
11
21
26
11
1
6
16
25
39
51
52
45
38
32
20
8
17
39
56
66
55
38
37
56
65
55
38
28
34
39
43
59
73
80
57
35
41
58
64
60
66
81
97
106
98
71
59
67
64
44
38
34
18
4
0
2
11
34
41
34
23
17
18
19
23
39
49
60
74
68
57
54
51
44
45
53
60
65
73
82
82
76
71
61
49
33
28
34
42
58
66
54
41
42
45
44
54
60
50
42
44
68
87
81
72
75
74
67
56
41
26
28
43
51
49
44
43
39
24
17
20
18
17
11
-1
-5
9
34
44
50
53
58
59
61
72
85
100
104
104
108
105
90
75
67
67
66
64
56
56
56
50
36
22
25
36
27
16
7
16
27
41
53
52
50
49
54
56
60
69
71
72
75
80
81
80
70
67
65
67
59
48
23
8
2
-2
0
8
20
22
25
35
50
51
41
39
50
65
76
84
81
69
72
83
92
98
91
86
92
108
119
117
107
101
92
97
99
82
73
77
85
85
69
44
33
20
19
22
20
20
24
21
10
10
20
24
19
10
16
29
42
50
51
55
67
66
48
41
49
59
66
58
50
45
44
35
21
22
37
49
45
32
23
28
38
42
44
50
61
74
84
76
60
52
54
59
52
34
18
5
6
16
20
18
8
1
3
16
25
25
18
13
26
51
65
61
57
52
48
43
39
36
36
43
48
41
36
38
45
44
34
22
16
17
22
32
36
48
50
43
49
54
51
40
28
23
22
22
25
33
41
48
43
39
35
37
42
58
74
87
88
68
48
37
38
41
40
37
42
51
56
58
58
50
42
39
37
38
44
64
80
76
70
60
53
59
68
56
57
74
72
68
83
100
103
89
66
48
40
49
57
56
54
59
66
67
65
56
32
17
16
23
29
24
20
27
33
34
39
40
33
24
26
38
38
25
20
28
39
33
24
18
10
2
5
10
26
50
64
65
71
75
75
71
65
72
85
92
89
92
98
91
88
98
114
116
101
88
82
73
61
55
56
60
48
26
29
43
54
65
76
83
81
74
68
58
59
65
57
44
33
16
-4
-9
5
19
11
1
-1
1
9
25
26
21
24
36
44
55
59
56
57
65
74
83
85
83
80
83
85
80
69
72
73
72
75
70
54
42
53
67
69
60
65
68
69
61
56
60
60
50
39
33
26
25
23
21
12
13
20
20
23
33
36
41
45
51
48
43
53
57
54
55
48
39
42
55
67
71
85
83
68
53
42
43
57
66
61
49
41
52
57
51
38
35
40
50
50
33
17
8
13
25
39
48
51
61
67
56
44
36
35
45
53
53
48
36
26
23
26
35
32
18
10
26
37
37
39
44
52
61
70
64
50
48
55
57
59
66
68
58
53
53
48
41
39
35
44
61
67
58
49
60
75
67
60
69
69
58
43
40
40
36
22
12
10
9
11
9
13
26
38
50
64
74
80
82
85
86
87
87
72
57
58
66
72
65
53
50
45
34
5
-12
-11
-5
-9
-22
-28
-22
-9
4
8
-1
0
17
35
48
54
60
72
84
86
75
66
61
56
50
43
39
42
40
21
3
-1
10
32
32
16
10
22
38
51
74
89
83
70
73
85
86
75
68
69
72
81
98
106
91
74
66
58
57
60
52
29
21
33
41
43
36
21
4
-3
1
1
7
23
42
56
44
36
49
60
66
65
68
76
75
65
55
49
42
44
55
53
27
20
35
42
28
12
24
53
59
49
40
40
43
40
39
41
34
35
40
39
27
23
21
23
34
39
42
45
50
43
41
45
64
69
59
54
56
61
64
67
74
69
66
72
82
91
96
97
91
75
52
39
32
26
33
40
40
41
55
68
66
64
74
84
88
86
75
81
88
96
103
102
82
68
80
97
92
75
66
64
60
56
55
57
52
49
40
26
28
29
17
7
5
12
19
18
19
32
40
48
41
32
32
35
34
26
18
26
32
7
-19
-20
-2
16
20
6
-2
-1
-3
-1
6
7
16
33
54
67
70
80
99
113
109
112
117
114
108
115
121
113
92
86
89
91
104
113
101
88
76
57
48
44
50
52
45
29
10
-1
-6
-17
-23
-22
-23
-26
-24
-11
5
12
11
6
0
0
8
28
40
39
35
43
45
54
51
45
57
72
75
71
60
51
52
68
76
71
69
72
74
72
71
74
85
91
89
81
75
75
72
70
81
87
84
75
76
85
86
81
70
68
67
67
72
73
64
44
36
52
60
51
42
48
38
17
2
-9
-10
-2
10
20
26
33
39
51
45
49
67
71
68
64
60
66
75
83
76
67
66
71
70
55
51
54
52
40
33
27
24
32
38
40
40
38
28
25
39
55
58
57
58
52
43
48
48
36
22
18
18
18
28
41
48
41
36
39
45
51
49
43
38
34
24
20
18
18
24
36
44
43
42
38
45
57
60
54
42
43
53
56
58
55
50
38
21
19
27
42
45
34
11
9
23
28
33
41
54
56
56
60
61
64
70
72
54
38
33
29
41
