44
44
44
44
44
44
45
45
44
44
44
44
44
44
44
44
44
44
44
44
44
44
44
44
44
44
44
44
44
44
44
44
44
44
44
44
44
44
44
44
44
44
44
44
44
44
44
44
44
44
44
44
44
44
44
45
44
44
44
44
44
45
45
44
45
45
44
45
44
45
44
44
44
45
44
44
44
44
44
45
44
44
44
44
44
44
45
44
45
44
45
44
45
44
45
45
44
44
44
44
44
45
44
44
44
44
44
44
44
44
44
44
44
44
44
44
44
45
44
44
44
45
45
45
44
44
45
44
44
45
44
45
44
44
44
44
44
44
44
44
44
44
44
44
44
44
44
44
44
44
44
44
45
44
45
44
45
44
44
45
44
45
45
45
45
44
44
45
44
44
44
45
44
44
44
44
44
44
44
44
44
44
44
44
44
44
44
44
44
44
44
44
44
45
44
44
44
44
45
44
44
44
44
44
44
44
44
44
44
44
44
44
43
44
44
44
44
44
44
44
44
44
43
44
43
44
44
44
44
44
44
43
44
44
44
43
43
44
43
43
43
43
43
42
41
40
40
40
40
41
41
42
42
43
44
44
44
44
43
43
44
44
44
43
43
43
43
43
17
16
17
16
17
17
17
17
17
17
17
17
17
17
17
17
17
16
17
17
17
17
17
17
17
17
55
326
626
795
748
521
252
75
64
184
349
467
486
420
299
189
132
141
197
267
312
311
264
201
153
137
149
173
195
194
172
152
137
136
145
177
210
214
196
169
139
113
106
121
133
130
113
103
107
118
121
108
98
99
113
131
135
129
123
118
109
92
67
42
40
66
88
99
101
105
106
115
135
161
169
150
124
112
128
152
153
133
119
118
112
114
133
148
136
103
81
70
67
70
81
91
97
99
93
91
97
92
75
67
76
99
105
99
98
102
96
83
66
61
75
91
101
103
96
77
73
80
71
57
54
55
60
69
76
82
74
61
64
69
71
73
73
70
71
70
69
58
40
36
45
61
64
58
75
99
97
75
64
53
54
75
113
132
115
99
90
87
91
93
87
75
69
81
105
120
114
112
109
105
96
85
85
96
102
99
80
58
42
52
74
70
48
41
64
81
75
70
71
70
66
57
58
54
49
53
64
64
60
59
53
44
56
81
80
73
76
64
37
27
35
35
50
73
85
90
89
77
70
72
72
71
68
70
82
96
105
105
83
54
42
48
67
80
81
83
91
105
104
77
49
44
61
76
84
82
67
50
38
36
38
28
23
24
36
38
37
41
52
59
71
72
48
25
37
64
75
82
70
66
75
83
76
58
50
54
69
87
77
50
35
32
27
21
9
17
48
71
82
80
69
60
55
51
60
80
91
106
116
112
100
85
70
53
43
48
44
28
21
20
-2
-24
-54
-89
-105
-93
-70
-42
-21
-10
1
18
38
59
83
101
107
115
131
145
138
115
96
89
86
80
84
85
88
98
102
96
82
67
64
76
103
119
118
123
132
122
92
61
40
33
38
45
53
70
90
105
103
89
68
40
34
58
89
99
96
97
90
69
32
8
5
23
60
88
102
107
92
68
40
20
16
44
89
118
115
102
87
61
37
25
35
54
67
69
83
108
124
98
44
13
0
0
28
58
74
85
103
108
84
51
36
28
29
37
49
66
82
84
68
50
39
38
38
44
64
89
120
121
98
69
38
22
24
37
49
56
60
59
49
37
26
26
34
43
60
82
101
106
93
76
58
33
6
13
37
54
66
75
74
64
53
48
43
48
67
84
80
86
96
68
38
35
43
51
55
64
80
104
119
112
93
76
57
39
35
44
70
120
147
121
84
59
64
74
73
68
70
85
86
73
44
22
2
-12
-17
4
25
42
49
36
7
-7
-19
-20
-6
25
43
39
45
66
65
36
2
-9
-1
23
57
91
119
134
125
93
58
43
53
61
69
74
68
64
55
40
34
32
17
11
36
52
53
67
84
75
40
-4
-33
-23
11
48
55
44
52
69
75
58
28
7
13
34
48
58
72
88
86
57
27
21
28
53
86
107
107
97
71
38
11
5
23
54
75
82
84
75
41
8
0
4
12
24
44
80
114
130
115
81
49
16
5
29
74
102
100
93
89
76
59
42
24
24
44
64
68
64
59
39
11
-5
-14
-19
-5
19
48
83
96
68
43
34
23
26
64
102
117
112
106
97
88
96
92
64
37
50
83
104
112
90
70
68
73
58
24
0
-9
-6
27
85
112
93
56
27
18
22
21
3
-26
-39
-28
-10
-7
-10
-7
10
44
71
81
97
121
122
96
49
-5
-37
-18
23
56
82
112
122
99
48
1
-13
3
38
72
103
125
121
87
48
18
2
8
37
80
115
129
107
82
55
38
24
19
22
36
53
70
73
60
35
19
17
9
12
41
74
88
81
51
24
8
-7
-9
12
54
97
120
130
105
71
41
20
8
8
24
55
84
99
117
124
113
75
39
36
64
89
101
103
98
76
53
35
16
7
23
54
82
96
86
59
35
4
-14
-13
2
19
39
64
84
73
38
18
16
17
23
40
40
40
52
58
51
38
43
50
38
40
67
86
85
80
71
66
44
36
48
81
113
130
139
144
116
77
65
73
80
85
90
91
98
106
101
86
68
51
22
5
28
71
96
93
77
41
6
-12
-22
-3
22
32
40
48
59
70
66
48
29
24
37
52
68
86
100
89
67
42
18
-7
-26
-26
-7
17
24
10
-10
-21
-11
-1
7
18
39
66
85
93
80
51
26
18
10
18
36
49
53
59
60
43
19
8
1
10
37
53
69
85
85
67
45
34
24
22
27
38
57
86
104
104
84
68
80
90
92
89
98
107
104
76
49
25
5
3
21
42
66
85
87
70
53
38
13
-2
5
24
35
44
53
54
42
21
-6
-12
1
19
35
53
66
68
56
28
4
-5
3
29
72
104
119
120
105
90
83
70
53
42
50
69
89
113
121
99
58
27
16
23
48
80
105
117
92
58
40
26
4
-7
6
28
52
74
82
55
5
-38
-38
-12
8
27
54
82
91
71
43
36
22
1
-2
6
32
72
102
109
88
57
36
22
26
58
92
113
121
119
104
80
48
25
27
64
100
112
106
106
97
75
64
59
56
56
59
66
72
65
44
11
-34
-82
-124
-146
-137
-109
-69
-28
-11
-12
-5
12
34
52
67
71
85
112
131
109
75
55
44
43
53
65
74
96
106
103
98
96
80
49
35
48
69
84
98
105
98
77
56
35
28
53
81
98
97
86
68
43
20
7
7
17
33
55
74
72
51
32
23
8
-6
2
27
55
72
86
80
57
28
2
-10
0
33
58
67
70
73
58
29
25
40
51
48
49
56
66
72
54
22
0
-12
-5
24
60
90
102
90
65
35
8
-5
-26
-35
-10
32
67
72
52
35
24
7
-12
-13
2
22
37
67
105
101
59
34
34
42
52
56
66
80
88
76
55
41
26
7
7
21
44
70
83
70
43
32
35
42
56
70
81
88
92
101
103
96
67
33
24
42
68
88
93
99
87
68
48
37
28
33
44
66
75
77
72
58
42
19
0
7
26
49
69
84
99
116
123
107
70
54
61
81
100
107
90
53
27
20
16
26
51
70
77
69
52
38
33
28
21
9
27
70
101
102
97
88
69
50
40
41
52
56
57
76
92
88
59
26
6
-5
-3
12
34
65
85
98
96
73
59
53
48
42
42
56
67
68
53
35
22
17
20
42
72
85
85
86
82
69
51
24
-8
-14
21
56
72
97
120
117
84
36
-5
-12
24
66
84
85
76
56
40
39
36
22
23
50
81
87
80
59
38
18
4
8
40
60
65
68
67
53
35
12
-2
-11
-8
6
26
49
52
42
24
2
-20
-33
-19
4
19
12
8
12
13
9
-6
-26
-36
-20
10
39
64
68
52
42
43
32
17
27
65
88
90
107
136
131
106
91
74
65
76
99
106
114
107
81
43
18
6
5
22
43
44
34
37
54
59
49
35
27
39
69
86
80
65
29
-13
-45
-67
-83
-91
-90
-92
-106
-109
-90
-85
-102
-103
-69
-33
6
43
82
114
128
119
103
98
104
98
83
88
102
106
106
89
60
45
43
41
44
74
115
129
119
102
83
64
59
68
57
48
61
91
113
102
75
59
68
86
88
85
81
82
83
74
53
34
17
2
-7
4
42
76
90
73
41
23
17
12
6
9
25
39
52
65
70
69
61
65
57
37
33
52
82
97
77
34
10
23
35
20
9
28
48
58
72
76
71
58
45
28
18
24
45
67
76
71
45
12
-4
-2
9
39
70
88
83
66
43
24
2
-23
-17
22
53
66
76
89
71
39
25
27
29
37
56
86
113
116
102
83
70
54
41
49
69
77
77
80
72
51
34
23
20
13
17
34
54
66
67
53
42
51
58
59
71
92
103
107
104
83
61
53
40
25
35
64
86
96
97
92
84
72
67
51
32
41
68
92
100
88
70
56
48
50
64
89
104
96
66
42
38
34
12
-2
-1
18
42
52
48
43
45
36
20
11
12
33
65
83
83
96
101
75
41
19
13
28
52
61
52
36
32
35
34
22
3
-6
8
34
44
65
88
90
64
24
8
19
50
65
59
64
71
80
81
74
64
39
21
18
20
32
48
67
67
44
20
-2
-4
11
21
24
29
33
13
-6
-13
-10
4
32
51
68
84
89
83
64
33
10
6
16
28
37
52
72
68
35
2
-11
-19
-12
2
21
37
53
55
43
42
38
20
3
5
28
55
65
61
52
27
8
5
7
16
32
40
44
44
41
41
41
42
48
52
58
55
52
49
39
28
38
59
68
74
96
115
128
128
109
83
66
56
41
28
38
52
73
104
115
88
58
52
51
45
53
64
64
58
75
83
56
9
-44
-90
-107
-104
-93
-83
-72
-61
-44
-39
-40
-27
5
44
75
103
131
146
137
115
80
49
35
49
83
136
170
167
141
120
118
113
85
68
86
106
116
116
117
104
85
65
37
21
39
69
98
112
103
82
60
44
26
6
-5
-8
-4
10
25
25
22
23
24
16
17
39
66
83
91
86
67
39
12
6
18
41
68
73
60
50
39
25
20
20
20
25
41
65
88
90
59
17
-18
-40
-53
-38
-12
24
71
99
89
70
59
45
24
16
16
22
28
37
53
67
58
32
6
2
-21
-67
-93
-82
-5
81
117
106
90
92
108
128
132
118
104
96
90
83
72
61
51
38
36
44
68
77
66
57
60
58
53
52
55
70
92
107
96
72
52
37
33
41
51
57
67
68
57
43
34
20
10
7
32
73
98
89
71
61
52
37
26
28
44
57
65
70
74
64
38
21
10
8
17
24
27
48
67
54
28
18
3
-7
3
20
28
43
59
65
51
29
10
-4
-2
10
28
44
44
43
50
39
19
7
20
45
60
73
92
102
91
72
56
49
48
69
86
83
83
83
73
64
48
26
20
39
64
80
90
98
93
75
43
12
0
17
39
53
64
76
89
83
70
52
26
13
33
64
83
101
106
102
97
89
73
50
41
54
68
75
70
53
33
4
-24
-41
-51
-57
-51
-20
37
81
80
55
36
34
44
65
72
57
41
37
32
16
-6
-19
-20
-9
-4
7
51
84
81
58
41
28
18
25
42
48
39
51
67
60
27
1
-7
2
29
57
65
56
44
33
20
19
16
5
21
64
103
124
112
72
39
19
6
8
37
69
84
88
82
56
38
34
37
35
40
66
86
89
82
72
57
34
2
-22
-21
2
22
11
-5
-24
-60
-89
-89
-74
-59
-40
-10
26
66
80
80
83
87
96
92
102
113
115
116
121
115
86
57
56
60
67
77
91
101
96
73
50
29
28
38
49
56
65
72
81
75
59
55
60
64
74
97
101
92
90
103
98
72
54
52
48
50
65
73
74
66
49
50
53
43
26
38
70
81
71
64
54
37
12
-6
-13
-2
24
50
57
71
85
75
50
19
-2
-8
-6
1
12
40
72
75
44
12
-3
-7
-1
4
10
26
40
36
23
10
-2
-4
10
33
44
55
72
75
52
33
18
5
4
27
58
73
72
68
58
36
2
-12
-10
16
53
80
89
86
57
11
-19
-28
-28
-10
18
36
59
89
96
73
55
51
54
67
89
108
106
101
91
74
55
48
51
54
67
73
74
92
119
113
80
48
38
51
77
96
96
85
88
92
74
40
19
6
12
39
51
43
34
25
9
-9
-20
-37
-52
-37
16
76
106
99
59
21
2
-14
-35
-37
-35
-20
12
44
39
10
-20
-39
-55
-52
-35
-20
6
40
49
23
-5
-27
-39
-41
-21
7
38
65
83
87
74
56
36
26
48
74
84
81
85
85
73
54
39
28
28
41
75
101
106
106
98
71
49
35
35
35
49
74
112
120
90
56
39
34
36
50
60
59
65
80
86
85
61
24
-1
6
33
53
81
103
96
66
32
21
32
43
56
72
98
118
118
96
72
53
36
37
66
76
73
81
90
83
64
43
38
48
75
86
76
74
74
70
59
50
33
21
38
61
75
93
106
85
38
5
-3
3
17
33
55
74
92
100
88
72
59
52
50
55
84
113
120
114
96
80
53
37
41
60
80
90
97
98
89
60
29
19
23
51
90
107
106
97
77
56
16
-34
-66
-75
-75
-77
-73
-69
-61
-68
-81
-90
-85
-50
10
81
131
160
167
146
124
120
120
102
88
86
88
98
114
113
90
77
68
56
56
67
77
92
107
107
90
64
28
10
28
65
89
105
119
129
114
80
53
38
37
51
68
88
98
88
73
56
39
33
25
35
65
90
102
107
99
56
4
-21
-18
0
23
38
39
38
41
28
7
-5
-13
-20
-12
-5
5
12
20
12
2
-6
-11
-19
-7
10
27
48
70
71
38
4
-10
-17
1
29
54
64
66
59
54
56
56
35
21
35
68
93
105
98
67
34
9
2
10
35
51
64
80
83
60
32
16
17
21
24
35
51
64
69
64
49
34
21
11
24
54
74
83
87
85
67
42
28
37
64
80
89
108
120
115
92
61
37
16
-1
10
34
49
73
90
76
50
24
12
10
16
27
49
68
89
102
98
76
43
22
33
67
100
122
124
107
89
86
66
40
28
42
55
60
70
76
61
35
21
17
17
27
52
73
81
83
74
56
38
21
10
21
58
97
108
107
99
70
52
49
37
39
67
82
71
67
77
74
40
8
-3
0
17
28
37
55
83
83
55
28
11
5
13
40
66
75
70
52
37
22
3
-5
-2
7
18
44
66
64
51
40
21
-1
-7
9
34
48
54
48
17
-4
-1
5
5
35
85
107
113
124
118
89
66
48
25
12
19
34
48
80
107
81
28
-3
-24
-26
-3
28
55
68
67
52
42
28
16
13
33
50
51
45
49
41
23
9
8
5
4
23
59
88
102
96
75
69
67
67
73
99
117
122
119
88
49
33
33
23
8
11
40
74
97
91
76
59
48
38
24
16
28
52
75
100
97
71
44
22
-1
-1
19
19
19
21
3
-36
-74
-103
-145
-184
-187
-172
-139
-75
3
51
65
72
90
123
165
179
155
134
144
161
167
149
119
98
96
100
106
123
123
101
96
102
92
67
48
49
64
75
87
89
70
42
22
12
20
38
49
51
60
70
49
11
-22
-41
-36
-1
40
70
97
117
103
68
38
23
12
6
17
37
66
100
99
56
23
1
-18
-11
9
29
45
68
96
102
81
44
20
17
27
38
48
50
48
45
43
36
36
43
48
58
73
81
75
55
25
0
-14
-22
-25
-17
9
40
50
34
-6
-41
-54
-50
-29
-6
-3
-10
-3
32
60
64
38
6
4
43
82
87
81
77
68
53
42
29
16
26
67
102
106
97
75
54
38
40
48
45
55
83
116
136
131
106
86
65
44
39
52
81
106
119
122
104
70
24
-21
-49
-34
2
33
69
99
91
72
80
97
98
83
57
53
81
112
114
92
75
60
53
55
68
91
105
96
73
42
19
2
-8
-8
20
61
81
72
60
49
44
42
34
18
18
36
58
82
88
72
49
37
38
41
55
73
69
57
66
74
66
37
3
-10
-4
20
42
61
61
54
39
19
-7
-13
-7
3
24
50
80
101
85
58
53
60
65
60
54
49
56
64
58
42
22
1
-19
-23
7
53
75
85
86
65
23
-6
-10
0
17
42
55
55
64
76
73
38
4
3
27
42
32
16
20
33
41
42
49
41
23
19
26
48
65
57
41
24
7
-1
2
23
56
67
66
61
48
18
3
18
26
25
18
13
33
51
40
11
-13
-9
17
54
83
102
108
106
96
69
42
24
21
35
52
68
89
117
122
85
49
35
32
34
44
66
76
74
74
69
53
34
16
4
12
40
72
100
93
53
5
-26
-38
-39
-54
-57
-46
-40
-50
-78
-124
-149
-141
-113
-67
-1
58
104
140
156
137
107
89
89
84
89
107
125
132
121
99
81
69
53
34
36
66
101
122
129
123
107
76
50
44
61
81
89
93
98
86
59
44
52
55
44
53
72
82
76
76
80
70
52
33
16
18
36
51
67
83
81
42
1
-23
-23
-1
10
0
0
33
64
44
7
-21
-34
-14
23
56
60
53
32
-1
-12
-18
-23
-17
24
84
117
129
128
112
82
42
17
4
7
24
43
58
76
76
59
48
44
41
37
42
52
61
65
64
45
28
25
23
26
55
82
91
90
91
75
41
4
-14
-7
19
49
67
80
93
90
68
57
55
50
51
73
101
120
129
116
83
50
26
6
1
22
48
75
104
112
80
52
45
51
70
91
88
69
66
82
73
44
24
21
28
43
67
80
85
88
71
39
11
-3
-10
-10
17
60
87
92
85
74
64
40
19
6
11
21
38
71
89
82
68
66
67
39
21
42
85
117
117
81
48
34
32
34
43
64
86
105
99
69
38
19
8
0
7
20
24
28
41
42
18
-5
-19
-25
-29
-6
26
40
36
38
48
48
21
-8
-9
18
55
76
70
51
42
43
40
21
5
6
18
37
43
43
51
64
70
64
51
42
54
72
91
106
101
80
60
60
55
39
37
55
67
68
56
41
22
13
12
7
-5
-5
11
38
54
52
35
25
27
11
-3
11
45
61
80
91
81
64
51
39
38
49
58
66
67
69
84
84
72
53
35
42
59
82
98
92
86
69
38
9
10
27
43
55
67
89
97
70
34
4
-7
-4
13
35
59
76
73
55
37
28
20
23
42
65
72
64
57
42
11
-19
-39
-54
-65
-70
-52
-5
18
6
0
22
48
53
55
73
106
147
165
150
114
83
69
59
65
85
100
114
137
145
108
66
35
12
-2
9
32
48
66
74
72
73
60
49
40
32
21
4
-2
17
64
106
121
86
29
13
65
123
139
117
93
81
60
41
26
11
6
6
16
54
99
97
64
27
9
10
33
60
81
92
102
85
51
16
-14
-36
-29
1
42
72
92
86
49
21
19
22
17
7
9
27
44
43
27
17
16
5
1
18
37
52
60
59
27
-9
-27
-27
-37
-43
-17
16
34
48
51
39
27
18
7
8
23
39
44
58
75
70
67
69
64
53
56
81
115
146
151
132
104
81
66
50
55
74
88
86
76
68
64
74
72
57
40
58
100
116
113
105
83
53
35
24
10
13
37
58
71
80
72
40
3
-9
1
28
57
73
90
96
82
68
59
51
22
12
34
58
87
106
104
86
64
44
24
23
32
28
27
43
61
58
36
12
1
4
13
28
48
68
90
85
51
32
38
36
40
70
103
119
115
86
44
10
-8
-13
-9
8
34
70
97
99
89
76
69
61
55
68
86
90
85
75
56
43
42
33
13
10
43
90
108
97
71
51
32
12
6
24
44
48
52
58
43
2
-37
-54
-65
-51
-26
-4
22
38
35
6
-17
-34
-54
-55
-27
4
20
37
55
50
38
35
34
27
36
54
57
60
80
90
73
43
24
24
36
51
69
89
91
81
56
32
19
21
27
50
75
83
86
93
92
76
65
43
22
18
27
51
81
81
54
24
7
5
2
-4
12
59
105
121
89
40
6
-2
-5
0
33
81
106
107
89
52
22
4
-18
-33
-45
-53
-52
-46
-54
-65
-59
-55
-53
-45
-8
48
100
148
181
185
161
128
113
112
115
116
113
124
152
155
120
86
71
51
54
80
86
71
61
67
60
36
17
2
7
51
90
100
97
97
87
58
24
-3
-20
-12
12
36
54
72
71
55
40
40
52
60
74
84
91
90
76
60
57
48
10
-8
17
66
91
90
84
66
53
57
50
36
48
67
74
85
98
90
73
49
28
19
16
17
36
72
87
84
71
54
24
-5
-17
-2
16
28
51
69
61
35
9
0
3
26
49
57
61
59
40
18
-4
-22
-27
-8
18
37
49
59
64
53
33
17
9
12
34
60
84
98
104
90
60
37
25
33
53
70
80
100
104
84
48
11
-23
-54
-41
7
74
115
131
129
113
106
100
64
35
37
55
81
113
132
130
97
48
22
38
66
73
81
89
85
56
27
20
21
36
64
75
77
82
82
68
37
-4
-30
-29
8
59
89
89
87
82
51
11
0
5
11
17
33
61
85
91
72
34
4
-2
10
35
52
65
69
65
43
18
5
-4
-5
16
35
51
65
73
74
56
34
10
-2
-1
16
35
55
77
89
68
35
21
32
50
69
74
82
81
70
43
12
-13
-26
-21
8
34
49
65
81
71
34
-3
-21
-19
-4
2
20
52
87
97
66
22
13
23
37
58
68
59
53
36
10
-4
-7
-13
-26
-13
11
33
34
27
21
11
3
3
21
44
68
89
99
98
85
72
71
67
50
45
64
90
100
93
76
51
32
27
23
28
57
80
71
66
74
74
55
42
41
51
70
89
106
116
116
97
70
49
33
16
9
24
59
100
119
120
104
90
84
74
72
68
73
81
64
9
-54
-93
-108
-132
-147
-130
-99
-73
-41
1
32
52
59
53
44
51
61
74
87
92
82
65
40
23
25
33
49
73
89
83
65
44
43
59
68
76
89
100
102
92
84
70
74
98
104
93
97
114
128
128
109
89
68
40
18
11
29
51
56
69
87
83
56
23
3
-7
4
38
68
90
103
88
45
9
-2
-4
-11
-5
8
27
52
64
43
5
-23
-29
-17
9
36
58
74
75
49
7
-21
-38
-42
-35
-11
18
53
64
37
-6
-29
-42
-46
-22
7
32
51
76
82
53
28
22
8
-5
10
39
66
83
85
50
12
4
6
20
54
86
92
99
119
122
103
82
59
34
26
53
87
109
122
118
96
82
69
66
74
89
93
102
115
108
92
83
71
66
60
53
44
64
100
119
107
81
58
40
35
53
82
100
100
82
64
40
32
36
48
45
33
26
44
74
87
75
59
44
26
20
34
59
82
89
85
58
48
51
36
19
27
52
64
72
81
72
55
37
24
22
36
53
66
83
102
100
70
28
21
29
32
43
69
84
85
75
67
59
53
38
21
27
52
82
105
112
91
67
39
22
21
52
68
71
88
104
90
66
48
32
12
1
-5
2
17
21
10
-5
-14
-7
-2
4
17
34
54
60
52
41
24
6
5
21
52
73
72
77
76
66
49
23
-1
0
21
40
55
68
73
65
50
33
8
-7
0
22
33
32
38
48
51
42
23
4
9
40
54
50
58
70
59
38
16
13
39
65
80
84
92
108
104
75
42
19
9
21
49
71
80
88
91
80
55
35
26
34
56
80
97
114
104
71
41
28
32
42
56
67
68
66
61
36
0
-23
-28
-34
-37
-44
-58
-73
-78
-76
-70
-68
-65
-54
-18
33
70
99
119
121
113
101
83
54
44
66
87
112
131
123
97
72
68
85
98
99
105
106
109
119
108
70
32
9
16
43
82
98
91
98
106
93
69
55
53
58
67
70
72
72
71
57
42
28
17
9
23
49
65
69
70
68
64
52
23
4
25
57
69
58
42
33
20
2
-9
-20
-21
8
49
70
80
76
44
3
-21
-23
-20
4
28
37
43
54
42
11
-3
12
18
21
42
64
80
84
58
18
-12
-18
-6
13
33
49
59
68
70
65
43
24
19
23
37
44
59
80
96
92
72
36
3
1
12
16
1
-24
-18
28
81
104
101
102
132
170
212
244
244
208
167
155
173
196
204
202
200
201
201
196
165
120
80
66
71
82
97
93
68
53
54
57
40
-7
-50
-42
-1
42
60
60
39
13
-3
-17
-25
-11
8
24
25
10
-17
-35
-39
-43
-45
-28
1
28
57
71
64
39
9
-6
-21
-19
-8
3
21
44
58
49
20
-23
-52
-57
-25
21
45
44
39
42
50
42
32
23
18
19
21
20
21
22
18
13
1
-11
6
40
56
71
80
74
53
37
23
4
-2
18
29
33
48
57
45
28
8
-11
-13
16
50
71
81
90
84
56
32
19
18
34
58
65
68
86
88
69
42
32
27
43
69
91
107
105
90
67
36
13
1
-5
9
41
76
89
76
42
7
-10
-21
-28
-24
1
25
44
49
42
29
3
-14
-5
21
44
71
101
121
125
103
70
51
40
32
39
60
92
119
125
101
68
39
16
-6
-25
-28
16
106
179
173
131
106
105
100
90
83
70
69
86
106
109
91
74
60
51
52
64
91
113
112
88
44
1
-41
-86
-102
-91
-84
-75
-66
-70
-85
-92
-92
-67
-14
38
82
117
144
148
131
112
103
86
71
89
113
114
112
98
66
45
49
43
32
41
64
76
88
100
98
75
42
33
51
72
76
66
57
71
70
48
22
20
38
52
66
76
86
96
88
65
35
16
9
10
24
56
87
99
97
82
72
57
34
27
49
82
100
92
88
82
55
24
6
-1
10
34
55
74
93
97
70
23
-23
-37
-18
10
28
40
53
59
38
12
6
6
-1
2
25
58
83
70
25
1
7
8
-11
-28
-9
32
70
89
73
34
-2
-20
-17
20
43
34
12
16
40
82
131
149
128
124
165
204
220
227
220
209
201
215
231
230
242
267
278
258
226
193
153
130
117
107
89
66
52
48
54
60
45
32
33
26
19
24
34
28
20
16
10
-8
-29
-55
-55
-23
9
25
33
36
36
16
-6
-7
-7
-9
-9
-9
9
36
42
26
3
-1
12
23
9
5
21
36
34
12
-5
-17
-20
-5
0
-11
-12
2
24
40
42
36
20
10
26
50
64
65
70
58
27
10
19
23
24
42
65
81
86
58
21
0
3
8
16
23
32
48
60
65
68
53
18
-7
-18
-3
36
69
81
80
70
68
64
36
6
8
41
71
84
82
54
19
-2
4
28
61
75
71
88
131
153
116
54
16
-5
-9
10
37
59
71
66
29
-7
-26
-23
-5
16
27
37
42
43
22
0
-11
-12
-9
3
16
23
24
22
13
1
-7
1
22
28
33
41
56
72
70
49
20
1
-8
-9
9
32
40
50
56
35
12
12
17
18
34
66
90
93
89
87
73
57
36
10
7
27
45
55
58
50
28
24
19
9
24
50
55
57
65
73
75
75
80
89
91
76
72
68
55
26
-8
-41
-69
-90
-114
-106
-60
-12
1
-1
0
8
29
48
53
58
71
98
130
149
151
123
84
57
54
68
86
90
96
108
121
107
77
52
53
59
64
74
93
101
96
76
65
52
29
11
21
57
96
106
89
56
23
-6
-38
-50
-28
10
43
48
28
18
4
-2
-6
-29
-43
-27
7
27
25
6
-21
-46
-59
-60
-65
-50
-21
2
10
16
7
-5
-9
-5
0
2
10
34
38
24
8
2
2
0
-3
9
45
65
60
65
72
55
29
26
38
44
59
76
81
81
84
73
60
54
43
24
28
56
84
99
90
74
57
44
24
7
21
53
74
75
82
92
99
97
86
69
57
82
112
130
135
137
117
81
52
43
53
77
90
96
114
131
118
85
66
58
49
50
71
105
144
151
128
96
83
90
75
60
83
112
128
130
117
96
71
52
44
52
65
86
115
128
121
112
90
66
37
5
-1
33
80
109
117
101
73
55
39
23
25
50
74
96
105
106
83
48
21
1
-4
17
37
55
70
68
52
37
25
12
0
5
26
53
67
57
35
11
2
5
-2
1
20
52
84
96
84
66
43
24
20
32
52
75
99
113
103
80
64
51
26
17
38
69
73
61
67
65
38
8
-1
5
22
40
56
70
80
74
55
23
-3
-4
8
34
54
67
81
99
104
77
36
6
6
27
64
93
101
88
57
32
19
8
4
9
40
66
69
70
65
49
36
33
22
10
27
55
66
68
58
41
21
8
-2
-10
1
38
75
102
98
73
52
25
5
9
39
64
80
96
108
99
70
40
24
24
43
69
82
89
93
84
65
57
43
22
13
33
64
77
76
67
40
24
26
26
32
52
76
86
84
67
27
-10
-53
-101
-132
-138
-125
-99
-73
-44
-18
7
24
33
44
54
68
106
152
176
145
88
56
51
44
53
74
88
97
112
115
100
88
86
72
56
72
97
108
106
83
43
11
10
20
11
22
53
82
98
109
92
66
58
54
34
20
25
44
68
81
59
20
4
7
9
12
12
16
32
52
57
41
19
3
4
4
23
51
52
43
49
37
24
27
28
22
26
52
73
80
74
60
39
22
22
28
44
68
81
76
68
52
28
17
8
4
3
22
49
65
74
74
54
25
6
0
18
52
67
66
60
54
40
19
-1
-11
-9
21
40
38
39
45
50
40
35
37
52
70
73
69
75
96
102
76
57
54
66
77
87
108
128
118
113
100
72
43
28
23
37
59
89
117
132
121
88
56
41
34
32
38
50
69
90
97
75
57
52
42
35
36
40
54
80
93
84
65
43
36
38
50
61
73
85
98
86
70
55
41
39
54
69
70
71
86
75
64
55
41
23
23
48
64
66
73
82
64
38
20
0
-10
6
34
54
68
71
52
18
-12
-21
-6
33
43
32
21
22
36
53
73
66
42
49
81
117
153
176
149
92
54
36
32
43
71
84
73
57
44
42
50
38
8
0
22
49
55
57
70
53
17
-6
-9
-11
-17
-3
18
34
44
39
19
3
2
7
21
38
52
67
90
83
48
18
-6
-25
-27
-9
12
48
74
75
58
55
40
3
-7
18
53
65
57
59
64
67
60
36
10
18
49
68
91
112
103
81
67
60
52
49
52
52
65
98
121
102
67
34
13
8
23
42
67
87
104
99
73
43
19
16
33
56
76
86
83
75
53
16
-5
-8
16
70
107
117
108
89
70
53
24
-17
-46
-56
-61
-67
-45
-12
-21
-65
-101
-110
-84
-11
64
108
130
155
170
147
119
103
88
80
82
90
99
109
116
106
80
50
41
54
83
100
92
85
89
87
71
38
10
20
55
68
69
82
86
60
37
13
-5
-14
5
28
42
40
28
6
-22
-35
-26
-22
-21
-21
0
38
66
68
49
12
-2
-4
-5
2
9
21
41
54
43
28
37
48
38
44
58
71
90
104
88
51
19
8
16
28
57
75
69
66
50
22
3
-6
-3
10
33
64
93
114
108
77
45
25
22
28
53
84
99
91
73
53
44
44
41
26
33
55
74
71
55
32
8
3
2
-1
11
34
49
66
90
89
71
52
33
4
-2
29
60
76
85
84
75
72
68
56
40
50
72
97
108
119
122
117
97
71
55
68
76
74
96
134
139
115
72
26
-5
-5
12
33
53
70
72
57
48
49
42
29
36
56
80
106
115
74
24
-4
-6
6
17
23
42
72
102
97
57
24
13
21
40
51
51
51
55
59
69
68
49
20
0
12
44
71
76
72
56
29
9
3
1
10
19
34
55
60
38
8
-6
-11
-9
12
52
89
98
83
58
41
28
10
-8
-3
20
39
56
57
64
67
57
42
24
4
-5
-26
-49
-50
-5
49
77
82
83
85
105
137
148
137
128
117
105
93
82
84
91
82
56
45
40
27
18
19
25
23
19
36
59
75
83
68
35
4
-18
-33
-39
-25
2
26
40
48
38
20
-12
-38
-42
-9
34
73
105
130
119
84
56
36
16
8
23
42
50
60
75
76
73
66
43
49
75
86
75
70
70
51
21
4
-3
-3
19
49
70
81
80
73
66
64
53
40
42
59
65
55
60
67
57
42
36
38
34
29
27
27
22
5
-33
-76
-118
-154
-162
-121
-71
-26
23
68
81
81
81
80
83
98
99
80
67
73
96
115
115
102
89
106
140
150
138
124
106
86
76
64
51
43
52
68
88
108
117
103
80
69
58
49
41
40
55
72
83
74
49
18
-4
-10
6
38
66
88
113
105
67
33
10
-13
-21
-3
28
61
84
92
72
37
7
-5
6
21
9
-7
-8
10
23
20
3
-5
-4
8
35
58
72
73
61
38
8
-7
-11
-1
19
33
38
48
48
26
3
-5
3
29
50
68
101
133
136
115
89
59
27
2
4
26
45
55
57
51
49
50
36
20
28
49
64
74
84
76
59
44
29
22
25
42
60
84
100
92
48
-2
-12
19
56
81
96
121
152
168
139
97
66
50
49
67
73
69
85
116
116
89
66
49
41
55
82
108
118
109
81
44
25
24
34
37
39
42
60
87
93
67
26
6
5
16
41
60
70
74
73
59
43
29
16
-9
-12
12
54
86
90
68
40
22
7
-4
-7
9
32
44
60
68
57
53
52
41
32
33
43
65
82
84
56
29
23
18
20
54
81
77
80
103
102
59
24
5
-1
5
22
49
76
97
86
54
22
-8
-24
-19
10
50
72
71
43
5
-38
-70
-42
17
57
75
103
147
163
141
100
64
48
27
21
50
85
98
91
61
24
4
10
12
3
9
35
59
76
80
67
49
44
50
45
53
57
49
39
39
38
33
19
0
-5
18
53
82
88
70
42
20
6
6
4
9
25
39
45
52
44
34
25
12
2
2
22
55
93
116
121
115
98
60
21
4
34
80
104
106
101
80
54
43
29
23
42
74
91
102
112
106
87
64
32
-3
-6
17
59
102
122
108
85
66
49
25
1
-18
-21
-22
-34
-52
-82
-113
-130
-125
-103
-71
-29
13
59
102
113
99
89
77
51
41
68
99
115
138
155
151
135
115
90
90
107
114
114
117
112
83
58
50
34
19
29
56
69
70
70
66
56
51
40
21
9
21
52
96
117
96
51
22
19
22
28
32
40
58
59
41
16
2
-1
-3
1
19
35
56
85
88
52
13
-6
-18
-22
-10
11
40
55
43
33
35
36
6
-21
-21
-2
21
39
53
49
28
17
16
16
25
50
66
66
59
55
36
7
-13
-25
-9
21
40
50
66
74
56
38
37
24
2
5
25
45
67
77
75
56
38
34
29
32
39
54
92
124
120
89
73
60
51
48
52
59
73
76
76
80
77
55
25
19
50
84
102
116
134
133
106
73
33
2
6
33
60
83
86
96
99
81
52
33
38
55
72
85
86
64
32
17
12
18
25
57
105
130
134
128
92
55
22
-6
-17
-6
16
43
73
98
92
64
36
35
42
50
64
68
72
88
91
75
51
32
8
-6
-5
8
29
51
59
55
50
28
3
-9
7
37
73
106
108
89
73
51
24
-1
-9
-4
13
38
53
53
44
39
25
2
-20
-26
-27
-14
22
56
66
42
6
-25
-52
-68
-78
-105
-130
-130
-139
-145
-130
-105
-82
-55
-30
-19
-6
11
24
23
18
-6
-40
-52
-38
-7
13
24
20
4
-7
-8
-5
-4
11
49
76
90
93
83
64
53
52
56
70
88
99
99
92
77
58
54
52
42
48
72
102
114
107
80
39
24
26
16
11
40
67
76
69
49
32
18
8
3
10
42
53
53
73
97
90
66
38
26
21
32
55
80
105
132
122
103
85
80
97
131
147
147
149
150
137
105
80
65
69
90
106
117
132
145
138
114
92
81
66
51
27
9
12
27
33
0
-51
-65
-61
-73
-56
2
66
114
150
152
121
100
102
108
118
137
164
188
213
216
179
119
74
70
101
140
161
166
180
182
153
114
86
71
72
91
114
113
104
98
72
45
27
1
-19
1
34
45
53
64
54
23
-8
-20
-4
22
49
70
86
97
76
26
-4
-18
-27
-22
12
52
70
85
96
72
37
19
13
11
27
51
61
59
53
51
44
22
-9
-28
-22
1
27
41
40
36
22
2
-19
-39
-33
3
33
48
57
59
48
36
19
-5
-4
37
72
82
72
43
-4
-44
-26
43
103
130
148
178
220
269
295
281
251
234
247
292
339
371
372
357
339
326
315
298
288
288
294
297
281
240
182
131
99
74
50
35
34
51
67
70
65
42
17
4
2
-3
-2
6
25
41
44
27
-3
-27
-41
-55
-52
-25
-12
-17
-10
-13
-27
-55
-83
-100
-93
-66
-51
-49
-46
-43
-54
-67
-70
-82
-97
-77
-50
-25
-5
4
-4
-29
-61
-82
-72
-46
-9
12
19
13
5
-8
-20
-23
-28
-25
-4
17
35
59
76
72
55
40
22
8
18
40
60
80
72
37
18
11
3
-22
-35
-7
26
37
37
27
6
-10
-12
-19
-17
2
22
37
52
58
39
11
4
6
0
4
28
65
84
83
61
39
34
41
41
40
49
61
72
67
41
12
-7
-19
-12
18
43
57
68
72
56
37
32
28
19
10
23
64
98
102
99
100
85
50
12
6
42
86
106
108
90
55
27
19
21
21
32
57
72
80
76
59
42
25
-9
-39
-40
-14
16
52
65
60
57
54
50
26
13
38
71
88
92
98
87
65
43
37
41
71
112
112
89
86
82
66
49
33
17
26
56
73
86
99
87
49
16
-7
-36
-53
-43
-26
-19
-13
-27
-72
-114
-120
-103
-74
-18
49
91
107
117
123
120
104
93
96
115
132
132
134
147
140
119
87
50
28
34
48
49
34
25
40
66
89
87
65
54
71
105
122
114
91
57
13
-12
-28
-22
0
19
37
59
67
52
21
2
5
11
16
22
36
49
58
58
34
17
17
21
36
50
53
51
50
49
42
43
39
12
-6
3
25
41
49
48
45
39
23
10
10
35
71
85
76
69
61
59
58
50
34
28
49
70
80
84
83
67
48
23
12
24
44
59
69
80
98
92
66
49
32
7
12
34
49
65
72
57
36
19
5
1
21
52
70
76
76
60
41
36
36
25
12
24
50
59
80
93
91
70
39
21
36
70
92
99
92
82
67
49
33
23
12
9
28
69
92
96
74
28
-1
0
4
8
27
44
58
70
71
57
38
20
10
20
44
67
82
90
83
60
37
17
11
10
4
-1
22
56
72
71
68
54
35
25
44
67
82
101
118
108
75
42
23
17
22
41
68
74
72
70
57
37
23
12
4
18
44
70
85
81
54
32
17
6
16
42
56
58
69
84
65
34
21
16
12
18
22
33
52
70
68
43
33
32
28
26
36
53
68
73
58
41
27
11
-1
2
17
24
29
44
59
65
65
56
43
32
34
50
58
64
66
53
36
27
28
28
34
34
17
8
33
61
73
56
25
7
28
72
96
87
80
81
67
50
25
7
6
18
41
59
60
59
60
60
57
52
38
36
48
60
72
88
99
82
52
27
16
27
55
76
86
86
90
83
59
33
5
1
24
60
92
115
114
91
75
61
40
19
27
56
55
40
33
9
-29
-82
-121
-138
-139
-135
-107
-61
-7
32
44
59
83
91
96
106
121
134
139
120
81
57
64
70
56
53
64
97
124
119
96
66
43
33
26
38
59
74
86
98
91
68
32
3
3
28
56
74
83
80
77
68
57
50
35
36
65
88
97
98
85
55
20
3
12
35
57
76
87
89
89
76
57
45
33
32
61
77
68
70
90
97
72
41
24
17
23
49
68
72
80
88
77
54
33
21
19
29
43
51
52
59
49
36
38
37
27
28
41
60
75
83
60
23
-3
-11
-8
10
42
70
84
90
86
52
18
5
3
5
33
70
100
107
87
52
21
11
21
26
28
48
73
102
115
118
100
69
37
17
26
66
99
106
90
73
66
52
50
51
36
28
49
80
98
99
81
53
36
28
40
69
92
103
96
89
71
50
22
-2
-10
5
37
59
60
59
68
68
45
24
16
27
49
65
68
74
80
72
55
24
-7
-12
6
27
53
88
119
117
99
84
37
-30
-70
-56
9
101
150
147
128
112
112
120
136
149
166
196
228
225
210
226
241
226
195
171
179
210
232
235
216
183
147
105
84
87
96
98
99
96
74
38
-1
-25
-34
-18
7
34
41
19
-9
-27
-41
-43
-42
-33
-20
-5
10
27
22
-19
-55
-74
-75
-70
-57
-56
-38
-17
-10
-29
-55
-77
-88
-70
-35
-18
-26
-33
-29
-43
-71
-86
-85
-88
-65
-9
34
48
51
42
28
5
-30
-45
-21
8
20
33
50
51
37
27
17
-6
-12
5
42
80
97
96
71
42
17
5
6
17
33
39
36
34
20
-1
-4
-4
-6
8
35
56
65
81
86
66
51
44
36
38
57
68
80
99
105
83
41
5
-14
-22
-3
22
33
19
-4
-45
-88
-122
-141
-147
-130
-102
-58
3
67
105
108
100
85
64
57
73
96
100
72
29
1
11
51
69
70
80
99
107
96
64
9
-40
-65
-81
-101
-98
-52
-1
24
18
-4
-21
-27
-33
-37
-28
-12
4
17
11
-4
-17
-17
-19
-18
-8
3
21
54
87
98
89
72
44
12
-1
20
65
98
115
115
101
76
60
57
53
52
66
86
101
112
113
96
66
41
33
34
41
56
83
105
102
75
57
41
34
38
64
89
97
96
103
103
84
60
43
39
59
88
107
116
117
100
80
68
58
45
35
36
44
58
72
76
67
67
69
51
24
17
24
45
82
113
107
83
69
60
55
73
103
123
129
129
119
96
71
49
33
50
82
96
89
86
77
60
49
58
85
113
129
147
166
179
179
156
131
120
122
140
152
139
131
131
133
120
103
76
42
10
8
35
64
80
76
65
67
66
55
34
22
33
58
85
91
72
40
23
22
16
10
33
60
86
97
85
58
32
11
3
5
17
25
36
48
59
58
36
5
-12
-27
-28
-9
9
34
67
67
33
11
10
21
40
56
68
69
68
68
54
35
9
7
34
74
98
113
129
128
99
64
39
24
9
23
65
105
131
135
108
73
54
36
17
7
5
17
53
83
70
23
-1
-19
-41
-40
-12
4
-5
-19
-13
-8
-1
-9
-40
-45
-12
12
35
52
66
69
57
40
23
18
32
50
54
60
72
73
54
27
23
34
45
67
89
114
128
113
67
32
22
23
33
66
99
114
115
116
107
93
74
50
32
34
42
54
77
96
86
58
32
5
4
22
39
50
70
105
112
73
34
28
43
42
33
18
19
27
9
-35
-72
-89
-121
-161
-155
-121
-69
-8
43
73
83
82
75
60
56
60
85
112
132
115
86
71
57
29
20
48
87
104
103
92
77
56
36
35
65
114
148
160
166
154
125
92
67
52
29
27
58
103
131
124
96
66
50
36
22
39
69
84
91
115
120
97
65
44
35
41
54
55
55
65
66
38
6
4
20
41
59
64
67
74
81
61
36
4
-21
-24
4
34
58
75
69
44
26
29
44
52
57
52
49
68
97
97
60
17
-10
-12
-3
9
28
49
60
54
25
3
-12
-22
-6
21
32
34
55
89
98
65
16
-6
-1
9
16
7
9
21
29
32
28
33
50
69
86
118
148
161
140
97
50
26
40
59
66
64
75
92
98
76
43
16
-3
-18
2
35
56
71
90
71
29
12
7
-5
-9
7
44
67
61
48
48
43
19
1
11
28
43
76
118
132
99
42
-2
-20
-9
12
37
61
104
131
115
80
59
54
52
45
29
26
40
72
81
49
21
6
-11
-22
0
27
50
68
85
90
67
23
-2
1
20
38
49
65
67
41
8
-19
-27
-12
23
57
68
73
88
85
76
65
37
22
42
70
82
85
91
96
84
52
16
10
32
51
59
72
99
113
73
20
-6
-3
1
9
37
68
87
85
59
28
22
36
43
29
21
37
74
100
75
34
-4
-29
-30
-1
33
33
4
-14
-36
-59
-74
-66
-39
-10
13
33
50
66
64
26
-30
-74
-88
-76
-29
19
41
56
69
51
8
-13
-25
-29
-11
25
55
73
92
88
48
10
-1
3
35
70
90
103
107
101
87
64
37
11
16
44
77
97
118
129
108
89
84
72
56
56
65
70
85
100
80
27
-26
-67
-82
-51
4
4
-5
25
76
103
104
97
74
60
83
112
128
130
115
99
85
64
52
64
90
102
116
140
154
135
96
68
59
39
32
57
89
102
107
97
77
53
29
20
32
60
89
122
153
150
123
98
71
43
36
48
57
64
93
133
129
97
37
6
19
60
89
101
116
114
81
52
42
43
32
11
21
52
75
84
59
20
-1
0
-19
-23
-5
9
9
9
9
23
22
-18
-54
-51
-10
21
34
49
59
43
21
11
8
8
22
25
37
39
56
81
75
41
17
12
25
59
93
112
104
97
85
50
18
5
18
52
82
85
88
102
97
60
29
37
36
32
60
105
128
118
80
37
32
42
54
56
70
102
117
122
118
88
59
42
41
72
115
145
145
161
154
91
35
13
0
-7
-2
20
50
68
73
66
45
10
-17
-29
-20
18
68
97
122
121
87
66
51
34
41
71
89
92
90
83
53
20
-3
-7
5
9
18
36
55
66
45
6
-42
-72
-70
-33
8
43
60
48
26
20
23
-1
-37
-42
-18
8
25
49
52
33
11
18
35
50
67
72
72
85
67
22
1
-1
-10
-8
24
67
84
80
56
22
0
0
25
57
56
44
51
60
65
45
28
22
-12
-37
-12
36
70
87
91
84
80
71
68
73
75
58
57
71
76
72
54
42
39
34
38
38
32
26
16
23
32
12
-19
-34
-35
-24
10
53
69
72
76
53
55
52
32
33
65
76
72
90
114
116
105
99
91
88
117
157
177
172
161
132
90
71
71
53
41
25
11
26
60
58
36
5
-7
34
59
44
24
42
82
71
37
27
48
68
83
108
128
132
123
118
103
68
25
7
-13
-39
-50
-43
-43
-51
-69
-84
-75
-37
8
49
83
121
166
173
132
72
44
53
54
43
52
81
106
120
108
70
22
5
20
39
58
75
102
107
103
75
44
16
-8
-11
17
65
85
77
84
89
56
9
-24
-37
-8
52
75
72
65
51
28
6
-3
-4
10
25
23
36
66
73
58
40
34
10
-12
1
44
84
74
21
-34
-43
-27
-21
-24
-14
19
60
80
71
34
-12
-29
-29
-27
-12
5
28
60
92
103
75
27
7
1
1
24
55
64
56
51
42
39
37
11
4
45
102
128
128
115
96
68
42
33
28
43
66
83
100
128
145
125
91
59
39
32
41
68
98
114
114
91
56
36
33
40
60
69
74
96
115
103
80
57
33
11
27
55
80
109
106
50
9
0
21
42
38
42
76
107
119
106
59
2
-28
-35
-21
4
42
76
98
105
75
42
35
42
40
29
34
38
35
33
8
-8
-12
-23
-26
-4
32
61
84
91
60
9
-19
-8
7
21
27
37
65
93
100
88
61
27
0
5
49
76
75
99
115
92
58
37
48
55
20
18
71
121
124
85
36
8
0
-3
9
42
75
89
97
101
74
42
37
37
27
40
71
72
93
141
144
90
54
67
76
57
37
44
64
81
74
49
8
-49
-82
-66
-60
-49
0
36
33
40
33
-5
-21
4
26
18
19
43
69
52
-1
-39
-26
5
37
65
77
71
67
53
13
-13
-25
-41
-35
16
85
121
118
107
67
8
-7
0
25
57
85
101
103
84
25
-18
-9
11
19
21
38
53
83
118
82
20
-7
-5
10
48
89
121
140
148
133
99
72
23
-4
37
92
108
87
74
69
56
28
2
-20
-21
-11
4
40
34
-13
-45
-72
-110
-133
-114
-74
-37
27
87
120
146
130
100
96
101
106
138
172
172
147
133
105
93
65
11
16
81
118
103
89
73
39
21
34
87
135
120
89
100
138
134
97
57
1
-12
29
66
67
88
124
133
73
16
1
20
33
21
32
55
55
49
54
48
23
2
-10
-9
16
48
70
82
49
-14
-34
1
19
34
58
68
53
53
75
76
58
54
39
23
26
45
59
67
64
66
64
42
12
2
18
42
58
65
74
70
37
16
2
3
7
16
27
39
50
60
53
18
4
2
0
21
52
83
103
99
72
57
57
49
23
19
41
68
91
116
114
92
74
64
48
41
53
77
103
124
124
89
56
23
2
10
40
58
69
91
112
108
103
83
49
29
41
56
72
100
119
100
64
40
27
32
51
65
68
71
85
99
96
70
40
22
32
60
96
112
103
74
44
36
28
19
24
57
97
117
118
113
99
82
54
20
3
26
51
51
44
50
57
58
52
35
27
42
69
88
92
85
53
23
8
1
1
18
48
71
86
83
69
50
24
7
-3
-5
1
16
40
61
59
34
6
0
0
2
6
22
42
64
74
57
27
9
8
6
10
28
50
72
114
134
121
92
55
18
5
21
48
71
84
75
40
10
6
18
22
26
41
67
89
96
76
56
41
33
20
16
29
58
85
100
88
54
28
19
16
18
29
43
58
75
84
74
66
44
17
16
48
84
103
115
119
92
64
48
43
36
42
66
73
71
60
41
22
17
20
18
22
38
57
83
98
80
38
8
-3
-8
-7
11
43
70
75
44
-8
-46
-60
-72
-82
-71
-61
-67
-73
-83
-86
-85
-90
-92
-82
-33
26
90
153
188
182
135
89
73
56
48
57
86
119
133
113
76
57
52
51
42
51
74
97
117
133
123
101
70
45
36
55
76
81
82
98
99
65
28
13
-2
-3
18
27
35
54
66
44
12
-9
-24
-19
23
58
57
60
86
102
90
58
29
19
33
55
74
97
122
130
89
51
35
33
51
65
77
96
102
97
81
50
32
23
17
22
38
55
73
77
53
19
6
12
23
39
56
70
82
89
80
50
23
11
8
21
48
85
128
145
118
70
33
21
26
38
54
74
102
129
117
75
49
48
48
43
40
58
89
100
83
68
57
38
6
-13
-2
34
65
71
68
48
19
8
3
4
22
55
86
107
115
92
60
43
53
55
39
38
60
90
105
96
76
64
53
39
32
43
69
77
54
32
19
10
8
-10
-28
-20
5
23
34
37
25
4
-6
-6
-13
-13
4
43
71
73
55
28
11
17
20
20
27
49
74
99
93
64
36
23
24
37
52
58
71
91
114
101
61
23
0
-6
12
48
76
99
109
101
69
32
17
25
36
55
86
106
99
68
39
23
9
2
4
34
67
82
87
86
67
33
9
1
-13
-8
12
38
66
82
72
41
8
-4
0
18
36
38
36
43
42
34
17
-3
-8
2
16
19
25
44
49
25
2
-18
-34
-25
10
45
64
73
72
56
43
38
26
10
20
52
81
97
114
116
89
53
29
32
59
86
99
106
116
99
64
45
50
48
41
38
39
51
68
68
55
45
41
39
40
44
50
43
37
36
9
-38
-82
-115
-135
-129
-115
-87
-38
9
29
35
40
49
59
73
87
115
141
147
131
106
74
43
34
43
73
99
101
100
104
105
84
61
50
48
71
104
118
122
133
118
72
23
0
-6
10
50
75
90
93
76
39
10
12
17
24
42
59
74
88
82
45
13
-3
-13
-13
19
64
76
81
83
70
48
38
25
-1
-4
21
50
64
54
36
3
-33
-44
-40
-20
11
42
59
69
73
59
36
19
1
-6
10
37
61
90
103
81
54
37
23
12
36
70
90
97
93
86
69
54
39
25
34
59
83
86
85
76
45
12
-6
-6
1
23
52
76
100
105
90
60
34
4
0
33
68
86
90
96
89
71
58
51
50
65
82
105
136
162
144
99
59
44
51
69
93
114
121
121
128
122
101
69
27
19
43
69
90
105
92
59
33
9
-8
-12
13
54
71
74
82
68
45
32
22
5
-2
11
42
69
87
89
60
26
17
20
23
41
68
84
89
77
40
11
3
-5
-18
-1
32
54
68
70
56
36
13
-6
-7
6
36
68
82
76
51
27
27
21
1
-8
9
42
54
42
29
17
-2
-18
-19
-6
21
52
65
80
91
71
48
26
-1
-13
4
29
54
80
85
74
48
18
5
4
17
38
58
64
61
45
25
12
4
-6
-8
17
52
80
98
90
52
12
-3
-1
4
16
35
53
71
87
80
58
40
20
4
24
59
86
100
106
98
68
39
27
28
42
57
72
91
102
90
54
34
21
11
19
36
51
57
61
49
34
11
-17
-22
-4
28
67
99
124
134
99
49
8
-8
-3
10
24
24
7
-4
-33
-84
-132
-141
-122
-88
-61
-29
23
82
105
96
67
44
42
50
71
102
123
137
134
107
76
66
70
76
80
74
83
103
122
116
83
51
39
38
56
84
91
89
90
89
84
84
70
42
42
80
103
106
114
121
104
75
51
34
33
50
75
100
98
77
45
21
23
24
17
22
34
48
80
107
97
60
39
26
13
24
50
57
58
67
60
36
5
-9
-12
4
44
85
112
112
82
43
21
11
8
9
22
48
66
82
89
66
21
-1
-11
-24
-11
24
65
73
74
72
56
49
51
43
38
45
50
50
69
84
71
50
33
16
3
10
39
77
107
103
65
18
3
8
18
37
68
91
99
100
86
60
29
2
-3
24
58
71
82
104
105
72
38
18
4
4
23
55
90
113
114
97
72
56
40
25
36
60
86
101
102
89
74
57
39
21
18
33
50
64
67
58
42
22
0
-17
-14
3
32
51
65
68
65
56
35
9
10
45
89
109
107
91
65
36
26
22
18
25
35
51
87
108
90
57
23
4
2
22
45
56
69
87
86
53
18
3
2
17
32
49
75
104
101
66
39
36
27
26
54
85
92
105
116
91
52
21
3
-3
17
40
41
35
39
36
19
3
-7
-24
-25
2
40
72
92
88
58
25
3
-6
-6
4
19
53
84
91
91
84
55
11
-13
-10
20
57
82
86
66
51
49
36
25
35
53
64
64
67
64
38
12
-5
-4
17
32
34
32
25
2
-35
-38
-24
-29
-40
-30
-7
19
43
40
18
-10
-27
-28
-23
1
33
58
84
87
57
7
-14
-7
-7
-13
-19
-39
-56
-51
-59
-103
-154
-179
-165
-133
-91
-51
4
67
97
81
51
44
42
28
33
57
92
116
121
108
88
73
68
60
70
90
107
122
138
134
108
91
89
99
138
179
180
170
179
186
166
130
92
66
64
87
118
137
132
118
83
43
37
42
36
39
67
97
107
99
83
68
50
32
23
35
64
91
113
122
114
91
60
24
9
17
24
40
65
90
100
87
75
69
54
39
59
96
107
107
103
74
40
36
41
20
1
23
59
81
74
48
24
8
0
-10
-8
17
33
28
21
-2
-27
-4
70
134
138
121
136
178
225
249
235
202
172
161
166
208
259
293
297
266
209
168
160
173
193
200
209
231
245
233
201
180
172
152
120
88
70
68
81
98
92
59
34
17
-2
-8
2
16
24
34
42
34
6
-19
-38
-55
-46
-18
7
7
-5
-33
-58
-70
-61
-57
-41
-7
22
40
55
59
39
11
-6
-20
-23
-5
16
34
57
64
36
1
-23
-35
-34
-9
18
25
20
5
-20
-41
-49
-52
-54
-39
-13
10
38
58
53
22
-5
-27
-42
-28
10
44
60
71
71
54
36
20
8
7
33
68
73
54
40
35
17
-17
-42
-43
-22
-2
4
6
21
32
28
20
1
-25
-34
-19
-1
21
37
34
16
1
-5
-10
0
24
40
53
64
66
41
20
25
36
41
45
52
70
93
107
99
65
33
16
18
41
73
91
91
86
68
43
23
0
-18
-4
33
67
102
128
115
64
6
-8
-5
-5
5
18
34
53
66
58
42
32
23
17
23
57
99
114
105
83
52
26
10
9
26
45
55
69
74
70
72
72
58
49
56
76
91
98
99
91
66
21
-22
-65
-103
-109
-99
-86
-74
-60
-52
-52
-57
-52
-34
12
73
102
104
115
114
85
64
72
83
76
83
109
135
145
137
121
100
71
41
26
43
74
92
103
92
59
41
34
37
50
77
105
114
118
130
116
72
23
-2
3
25
37
43
59
77
75
45
8
-8
-7
-2
8
20
37
64
80
67
44
26
16
8
24
56
84
109
125
102
64
35
11
-3
3
28
66
91
100
89
59
27
18
17
6
20
50
76
89
82
57
25
-6
-14
2
28
55
66
70
66
58
49
23
5
3
13
32
64
100
116
99
58
32
11
4
17
52
89
103
90
59
32
19
13
7
6
25
55
83
92
98
88
68
38
18
23
52
71
86
114
137
119
82
43
22
22
49
80
101
109
107
84
56
37
16
-2
10
43
76
101
105
98
80
53
28
9
12
45
69
80
89
91
70
39
9
-6
-5
21
55
76
80
68
50
27
9
6
11
25
48
66
82
96
104
88
53
16
-1
23
65
84
82
59
35
22
26
33
32
26
33
41
54
73
91
82
45
12
-4
-17
-7
12
33
45
56
49
36
24
4
-11
-1
32
65
73
64
49
27
6
-7
-14
-17
4
32
38
35
28
20
18
12
1
0
29
69
96
101
90
65
28
-2
-24
-22
11
39
40
41
50
56
48
33
19
2
3
33
60
86
109
108
81
56
41
21
18
52
91
103
97
91
64
18
-7
-8
-5
0
10
34
87
130
108
68
45
36
25
33
53
64
64
68
66
66
57
38
19
20
36
48
68
96
107
92
81
75
45
22
32
43
55
70
71
52
38
28
24
25
50
72
80
74
76
71
48
12
-9
-29
-38
-34
-26
-28
-41
-75
-103
-91
-73
-83
-94
-74
-11
58
122
154
148
129
112
100
85
91
116
133
129
117
97
67
48
29
21
44
77
100
120
130
119
84
50
33
22
38
93
134
146
140
123
92
59
29
1
-1
42
93
116
116
108
102
91
71
52
52
75
98
108
120
134
116
74
40
27
32
44
54
55
65
81
77
44
8
-13
-10
26
72
91
83
72
76
80
66
39
10
-2
11
39
69
88
86
70
55
38
19
11
32
55
74
89
99
83
56
43
40
41
39
36
36
40
45
48
28
-2
-28
-41
-34
7
58
83
77
65
48
39
37
26
16
20
59
97
108
113
105
91
81
69
56
43
42
55
69
86
99
88
56
20
-2
-4
21
49
57
59
60
52
33
20
6
-5
16
50
70
98
116
105
77
35
-2
-5
16
38
51
54
57
50
40
29
16
1
-10
-2
26
53
66
59
50
38
26
10
4
20
39
55
70
84
82
59
35
8
-3
13
38
53
69
82
71
48
33
37
39
41
58
85
113
129
112
80
55
24
0
5
38
69
88
101
97
83
64
38
25
23
34
32
24
32
48
49
38
20
-6
-26
-23
-1
34
72
101
90
48
5
-12
-11
1
13
25
45
75
77
49
11
-6
-20
-33
-13
27
72
86
76
55
48
50
37
12
21
56
106
136
131
100
71
52
38
34
36
42
61
82
82
66
53
44
35
16
-4
9
50
83
105
107
74
33
9
-1
-3
19
35
38
55
74
61
42
24
8
-1
9
45
91
117
113
98
86
80
71
69
81
89
92
103
113
89
52
26
18
5
7
32
67
89
89
75
54
43
43
29
12
32
72
104
109
105
84
43
16
5
-3
-10
-17
-34
-51
-59
-75
-113
-151
-162
-142
-108
-50
6
45
87
117
120
114
105
101
104
113
117
118
118
117
96
64
41
17
-1
12
49
73
84
98
98
71
48
37
39
52
71
93
113
113
101
86
66
36
18
24
57
84
98
114
118
101
81
66
48
34
51
82
97
100
107
93
59
32
18
9
17
37
48
48
58
68
53
37
25
12
24
61
90
102
107
89
53
23
8
-5
-8
16
45
70
86
101
86
35
2
19
61
105
140
180
218
240
220
180
160
145
144
168
196
229
283
329
317
277
261
256
246
244
273
317
359
378
363
330
313
305
276
247
273
310
336
354
375
388
380
360
326
299
300
320
339
342
332
308
259
210
166
119
91
102
107
88
67
36
-17
-66
-94
-117
-132
-142
-156
-170
-171
-163
-187
-241
-293
-321
-309
-285
-289
-297
-294
-289
-309
-345
-380
-402
-401
-388
-361
-338
-323
-312
-305
-316
-349
-375
-380
-350
-300
-264
-250
-228
-197
-196
-219
-237
-244
-247
-225
-190
-168
-140
-120
-116
-121
-135
-153
-168
-162
-131
-89
-53
-42
-58
-86
-94
-84
-68
-41
-7
8
17
29
29
8
-20
-44
-58
-66
-44
-17
5
16
25
28
26
12
0
-1
22
51
66
75
84
82
71
59
56
49
55
82
106
122
138
146
122
90
72
73
86
100
118
135
150
155
137
115
106
97
88
104
128
135
147
168
168
147
124
107
88
92
120
144
160
172
164
140
113
82
60
54
76
117
151
172
170
133
92
72
66
55
71
101
129
147
148
124
91
67
58
64
75
99
120
135
136
118
82
51
49
58
68
85
119
156
181
179
138
87
57
49
53
70
83
88
88
84
71
60
48
28
20
35
60
77
83
81
59
42
41
38
28
44
85
118
118
103
83
45
8
-25
-56
-72
-73
-75
-77
-72
-66
-51
-39
-36
-18
28
90
132
150
156
146
104
69
59
68
67
67
77
97
114
119
102
75
73
88
92
90
100
112
120
135
138
115
66
21
7
37
72
84
90
107
119
93
58
37
28
36
57
80
99
118
122
100
80
70
58
38
29
51
87
113
119
100
60
40
44
50
49
41
42
55
76
77
49
16
1
-2
8
38
64
70
72
80
69
43
18
2
0
16
51
87
101
96
77
53
23
16
25
42
58
82
99
108
96
64
28
6
0
9
36
58
64
58
51
36
20
3
-3
-4
8
32
64
88
93
58
12
2
6
9
11
23
41
65
90
90
66
48
40
35
38
74
108
115
115
115
114
99
65
32
39
86
119
122
123
125
108
76
58
57
58
71
83
88
100
104
75
27
2
12
43
71
77
77
88
101
103
80
34
-3
-26
-18
19
50
65
68
54
24
9
2
-6
3
20
33
52
74
80
53
37
37
36
32
49
80
97
100
90
59
36
32
32
18
18
40
58
68
77
72
52
34
22
6
5
23
39
57
77
84
55
25
19
16
18
42
70
69
56
53
35
12
18
22
12
18
43
70
85
82
45
11
2
1
-2
10
48
72
81
82
70
37
-2
-23
-25
-5
23
50
73
106
128
107
76
53
26
5
11
38
68
99
114
97
59
34
18
4
23
53
67
69
75
84
75
48
12
-9
-14
5
38
58
59
55
44
32
11
-4
-11
-1
23
51
72
82
76
58
33
4
-7
5
21
51
92
108
86
51
22
2
-9
0
27
57
71
81
83
65
44
32
21
26
41
55
74
100
98
59
34
33
44
58
80
96
100
97
83
57
25
-7
-37
-67
-83
-76
-66
-66
-72
-77
-78
-74
-67
-52
-12
64
144
187
193
182
169
149
119
81
56
66
87
116
146
140
102
58
35
34
43
58
68
73
88
102
85
48
7
-4
5
21
48
74
87
92
96
76
48
23
26
45
58
67
74
89
88
67
51
41
37
35
55
88
105
101
98
87
68
49
36
22
32
51
76
96
93
73
50
36
19
-10
-18
5
33
56
75
82
57
21
-6
-17
-9
-4
2
18
37
50
44
26
10
6
10
26
42
66
97
113
90
58
48
50
49
39
37
50
73
104
114
81
36
0
-20
-7
25
54
72
86
85
68
45
34
32
37
65
81
81
80
83
75
58
40
34
36
42
53
66
74
75
66
55
51
43
39
61
98
116
120
117
103
86
66
38
16
20
53
84
97
102
105
100
80
41
7
3
29
73
98
86
60
28
11
8
2
-6
2
33
68
91
97
73
40
19
4
-8
3
38
65
75
84
75
53
22
2
0
8
27
51
68
72
70
49
25
8
-3
-2
18
45
77
99
101
76
54
35
9
-6
6
48
60
52
54
56
38
12
-9
-23
-19
7
43
80
103
99
71
49
40
34
20
23
45
64
70
81
77
59
38
26
18
22
40
64
80
87
85
68
40
7
-12
3
35
50
50
61
73
50
10
-4
-5
-5
5
21
37
58
75
66
41
13
-3
0
23
55
80
83
66
34
16
3
-5
-1
18
36
54
87
107
96
64
36
21
7
7
33
64
96
117
109
74
33
8
8
28
55
80
106
137
154
130
81
40
22
20
37
67
103
140
167
145
77
21
1
0
17
44
68
82
98
106
84
53
32
10
4
28
60
76
72
56
34
17
1
-27
-57
-70
-74
-75
-73
-77
-94
-101
-91
-81
-68
-27
40
105
148
163
157
132
88
56
53
83
119
145
153
152
153
140
118
84
42
33
56
87
103
114
129
130
115
88
60
44
42
39
43
58
81
90
80
54
26
9
26
65
96
107
102
82
52
37
42
48
44
51
61
71
75
88
93
67
28
3
-1
20
50
58
67
82
61
34
20
4
-11
-5
27
57
72
80
65
32
8
7
-4
-13
7
36
57
77
83
66
24
-10
-23
-17
6
25
41
65
70
48
24
13
-1
-6
25
68
96
105
104
85
48
7
-13
-12
4
34
52
64
76
81
60
42
32
27
42
66
81
91
106
112
89
55
24
12
27
66
96
100
97
102
98
66
26
1
-4
18
56
88
104
93
57
24
21
21
7
5
37
83
108
108
83
53
28
12
4
2
32
68
91
112
116
83
41
12
0
-4
3
26
64
91
97
74
42
19
-2
-26
-34
-9
39
84
101
89
51
8
-17
-12
-5
7
25
52
77
87
59
20
-8
-23
-20
0
22
37
53
64
37
4
-11
-2
11
25
37
57
81
84
74
65
44
26
16
21
43
65
84
98
89
61
35
18
17
24
35
41
54
83
99
77
51
37
28
24
27
33
37
52
71
75
66
52
44
48
65
84
89
92
93
77
49
21
18
13
9
12
24
44
69
76
52
24
10
-3
-9
5
39
75
99
98
70
43
36
27
13
17
43
80
104
114
98
69
42
5
-24
-22
10
45
65
76
85
73
57
39
18
21
44
59
73
90
114
113
89
70
50
35
40
55
73
87
81
49
10
-11
-13
-9
5
38
68
81
80
64
48
35
28
28
40
53
64
68
68
52
12
-23
-53
-89
-121
-115
-78
-28
-4
1
-5
-7
2
27
56
81
102
117
133
147
125
91
65
51
52
81
114
130
138
148
132
100
82
73
69
73
89
112
118
114
91
52
23
8
8
23
55
83
103
117
120
89
37
-1
-9
-1
10
29
52
68
81
81
57
36
17
-4
-22
-19
6
38
66
70
60
56
56
50
49
53
75
103
112
100
76
57
38
33
43
74
99
100
93
91
81
56
23
-1
-3
11
37
54
60
58
43
24
8
-8
-27
-36
-10
23
53
70
65
44
26
8
-20
-44
-35
1
27
45
65
64
49
38
38
40
50
68
89
100
109
109
89
64
33
12
20
48
68
75
67
42
4
-25
-23
-1
10
29
60
90
119
131
98
64
51
50
39
54
83
106
118
121
102
61
33
26
24
35
54
67
76
87
86
69
42
18
6
10
25
34
44
68
68
27
-7
-9
-3
-4
10
48
85
100
83
49
33
27
24
27
41
55
69
71
74
72
56
43
36
11
7
32
64
97
119
106
66
21
-1
-8
-5
16
48
81
92
84
60
43
24
-3
-19
-8
8
27
53
76
70
51
35
8
-11
-4
26
56
80
104
115
89
61
50
39
51
76
92
104
117
103
77
76
72
48
29
50
87
107
113
101
66
22
-8
-21
-21
-9
5
23
39
40
20
1
8
21
16
17
37
65
72
82
87
70
41
16
3
18
53
74
69
69
87
85
67
37
7
1
17
34
40
49
60
64
57
48
32
24
34
50
68
80
71
59
40
16
-10
-17
8
34
45
59
76
90
73
41
25
19
18
41
80
101
91
76
60
34
3
-10
-14
1
48
89
105
103
86
57
16
-28
-62
-61
-54
-69
-77
-54
-28
-28
-42
-44
-20
21
71
114
145
157
152
128
102
86
65
43
52
80
100
124
155
150
117
83
59
49
44
55
72
84
96
104
88
55
29
32
50
68
87
98
96
84
71
52
12
-11
-9
17
44
67
84
97
88
64
34
24
32
51
64
68
74
69
37
1
-7
3
5
16
37
65
76
72
50
22
7
1
-1
5
12
33
71
115
131
105
56
12
-10
-6
18
39
55
71
75
60
41
21
-2
-11
0
23
49
61
67
58
42
19
-3
-24
-24
9
64
102
114
93
58
22
-5
-24
-22
10
45
71
99
130
123
87
49
23
2
-2
20
56
91
106
89
54
24
6
1
11
38
64
91
123
130
91
52
33
10
11
50
76
83
85
74
54
36
9
8
37
80
114
123
112
98
85
72
51
21
11
36
71
97
108
106
77
36
11
17
9
13
43
75
101
106
87
52
24
8
17
35
49
58
83
103
105
84
55
32
9
0
10
7
-22
-50
-42
-3
44
56
40
29
48
75
85
97
115
91
43
23
39
54
55
56
76
93
83
55
38
65
87
64
36
60
109
131
112
97
101
86
41
-4
-21
-2
24
44
57
80
76
50
22
4
-17
-19
4
43
69
64
37
20
21
20
1
-5
10
41
76
97
87
53
7
-26
-54
-65
-46
-26
-3
35
69
60
26
-4
-25
-23
6
40
59
72
75
67
49
27
9
2
18
51
71
77
96
91
54
28
23
5
1
38
84
107
130
145
117
73
41
28
38
75
99
96
88
90
85
69
53
28
2
5
38
66
90
107
87
38
-22
-70
-75
-24
53
113
138
144
131
100
51
-13
-87
-139
-152
-136
-117
-116
-125
-133
-145
-168
-195
-198
-153
-101
-58
-18
22
35
34
42
54
64
91
128
144
151
156
141
104
82
71
58
55
76
107
129
141
154
148
114
88
86
82
87
91
97
104
122
117
84
59
44
28
36
58
80
85
89
88
81
68
48
33
28
56
90
106
104
97
76
56
42
33
28
49
76
102
114
112
91
65
40
16
1
17
52
85
117
140
137
86
21
-20
-27
8
64
107
141
170
170
136
88
44
12
8
27
48
72
97
103
76
34
1
-12
-4
25
53
65
81
92
67
24
10
10
6
19
41
60
73
76
59
26
4
3
18
34
51
58
59
73
88
86
56
10
-6
5
25
48
65
80
96
87
65
44
26
19
41
70
85
102
117
100
67
50
37
23
23
36
50
66
84
87
70
51
28
13
33
66
70
59
60
74
77
64
34
8
12
40
65
75
98
128
131
106
70
34
23
38
61
84
106
117
93
56
25
9
12
32
55
82
103
103
91
80
66
48
23
16
17
29
64
81
70
38
17
11
17
17
36
68
85
103
114
98
67
42
28
6
1
27
64
80
84
71
44
20
3
1
13
43
76
98
106
113
97
56
19
-3
-1
25
57
73
85
108
113
81
51
28
20
32
53
74
84
87
84
59
39
25
8
7
28
60
90
107
98
65
34
11
-12
-20
-7
4
24
67
114
113
73
41
27
24
36
52
64
81
90
55
-13
-60
-53
-12
28
67
92
132
195
242
251
235
197
162
178
252
329
361
341
299
284
293
295
263
224
228
266
288
285
284
269
224
162
133
136
149
160
152
135
123
117
106
82
50
26
26
43
50
33
18
13
0
-37
-86
-125
-138
-109
-66
-28
-12
-18
-39
-76
-109
-133
-150
-150
-137
-135
-148
-171
-214
-249
-262
-264
-258
-234
-196
-135
-67
-26
-20
-33
-40
-34
-27
-29
-22
-3
8
21
32
12
-19
-40
-60
-60
-29
-3
5
21
27
4
-23
-30
-26
-22
-12
10
34
57
85
93
71
39
17
-7
-10
11
51
80
88
88
73
64
41
12
-1
2
6
3
17
39
35
5
-29
-53
-56
-30
2
37
64
67
51
34
22
10
5
18
44
73
96
106
96
55
19
-6
-12
-6
11
33
55
80
85
73
56
26
1
-3
10
27
44
57
75
83
76
74
69
53
55
72
83
88
91
81
55
24
2
-1
6
8
7
18
56
114
151
153
131
90
57
55
84
117
139
144
140
149
162
157
141
147
162
186
205
230
253
251
221
184
147
120
102
91
96
89
70
44
28
21
2
-7
7
21
25
33
38
20
-17
-42
-53
-42
-14
10
28
34
27
5
-35
-69
-76
-68
-43
-25
-17
3
22
18
0
-9
-17
-19
3
33
39
35
24
7
-12
-41
-69
-84
-73
-45
-19
-2
11
24
9
-11
-24
-23
-13
-2
23
60
93
100
66
29
22
8
-17
-18
12
51
83
108
112
98
82
66
57
71
83
60
37
53
96
118
118
100
80
85
128
172
192
179
152
121
98
87
74
55
48
44
44
56
84
76
52
40
35
10
2
20
48
56
56
60
54
37
19
2
-11
-8
16
52
76
74
53
21
-1
0
10
25
55
88
98
96
75
44
12
-3
-9
-6
21
66
98
112
89
51
8
-12
-4
11
32
59
99
129
124
88
45
22
20
21
34
68
107
132
129
97
56
16
-9
-11
-1
19
48
73
96
89
58
42
51
53
43
36
43
76
109
106
80
64
48
18
3
20
56
81
85
80
58
48
39
21
4
16
39
57
71
76
64
35
6
-10
-21
-21
-20
-23
-28
-35
-66
-115
-134
-132
-123
-98
-49
5
49
90
117
114
92
75
56
44
64
92
118
123
117
92
69
61
70
80
82
92
104
115
119
106
88
66
34
16
40
88
122
138
140
130
103
66
37
34
40
57
76
97
115
109
70
28
13
7
6
24
53
87
113
108
74
41
17
1
3
27
54
73
85
87
73
53
19
-13
-49
-39
2
41
72
82
74
66
44
16
1
7
35
60
89
101
88
69
53
39
24
23
43
67
80
72
54
29
17
22
36
57
90
104
106
114
114
92
55
11
-24
-34
-10
25
56
76
83
56
17
-6
-9
-11
-17
-7
12
39
52
51
48
44
35
12
-5
4
35
58
75
85
75
49
26
20
22
36
48
49
55
73
75
67
58
37
10
12
51
84
100
105
89
71
73
74
52
25
35
66
81
87
97
92
73
57
52
51
64
93
119
131
122
88
56
39
18
1
11
48
72
88
103
115
104
80
43
5
2
29
65
87
97
88
55
16
2
9
23
38
58
82
98
100
81
53
42
39
27
22
35
51
68
87
84
49
12
-6
-22
-12
22
54
85
121
130
104
70
43
21
3
6
26
56
89
107
86
51
23
16
16
37
70
99
108
106
97
73
50
22
5
16
42
75
100
114
107
72
35
16
4
5
25
52
72
74
70
58
42
19
-4
-13
3
32
57
85
89
54
22
6
0
3
18
40
67
87
92
75
48
21
7
4
-4
2
34
70
85
86
61
24
-3
-12
-12
2
33
64
83
89
74
58
53
40
16
17
38
54
60
60
43
22
10
-2
-17
-4
26
55
82
98
82
45
24
17
2
-4
18
51
76
76
57
29
17
25
29
24
25
41
64
99
114
86
53
28
18
12
10
16
35
53
51
17
-34
-70
-89
-106
-121
-116
-93
-54
0
29
28
40
61
61
56
84
129
166
183
192
166
122
92
76
65
67
75
96
115
124
116
96
73
48
21
22
59
99
108
98
81
58
36
22
22
27
49
73
96
104
102
77
45
22
0
-8
18
49
57
64
76
83
68
52
34
16
17
28
41
64
82
71
36
3
-20
-25
-4
32
52
37
27
33
24
2
-20
-24
-10
12
34
52
71
69
51
35
16
-9
-22
2
43
73
85
85
61
24
-2
-10
-2
18
32
43
73
99
88
60
45
43
27
17
24
54
85
101
87
44
19
9
2
-17
-23
-10
32
66
66
60
53
19
-30
-83
-86
-13
70
119
122
91
55
37
26
-6
-43
-72
-83
-61
-22
-7
-35
-75
-103
-109
-104
-76
-34
12
48
59
33
-21
-68
-90
-75
-27
36
85
106
102
69
42
39
36
20
9
22
49
72
92
81
35
-7
-22
-13
2
37
75
100
108
100
76
55
36
13
4
20
58
96
113
107
90
73
54
34
26
42
80
105
123
129
103
66
29
6
4
26
55
71
82
99
102
89
71
49
36
45
74
112
144
163
165
148
114
75
48
41
65
90
108
123
132
114
88
69
55
51
68
92
112
120
132
131
99
68
38