103
204
137
-121
-70
102
17
-13
112
200
227
4
-193
-6
37
-140
-81
61
169
123
-154
-139
72
7
-56
87
193
257
86
-145
8
123
-12
18
132
196
183
-69
-149
33
-11
-142
-27
101
211
96
-168
-83
52
-78
-56
118
220
194
-104
-249
-11
23
-118
-18
114
230
135
-164
-113
77
-8
-49
82
192
249
37
-174
-19
40
-84
7
105
188
148
-100
-86
59
-66
-146
38
170
214
1
-222
-38
96
-18
27
141
233
198
-85
-149
29
-40
-146
16
140
216
55
-181
-33
99
-46
-36
108
224
228
-40
-165
9
-34
-166
10
168
258
155
-86
-2
133
3
-9
131
220
244
25
-103
92
113
-61
11
138
220
116
-190
-119
102
9
-51
84
200
266
60
-174
-35
51
-77
-22
65
149
109
-182
-219
-20
-55
-90
81
195
279
128
-109
1
76
-105
-82
86
226
218
-88
-214
-3
-8
-125
26
180
267
116
-184
-97
84
-36
-57
88
214
256
10
-134
41
27
-154
-81
44
156
59
-231
-154
53
-42
-68
109
231
260
11
-200
-9
75
-85
-21
107
181
92
-198
-124
145
72
-50
60
163
230
24
-241
-108
-22
-190
-114
82
220
197
-116
-189
12
-21
-137
7
156
261
113
-162
-61
60
-91
-90
82
233
262
-25
-173
19
19
-179
-116
19
154
38
-279
-199
9
-87
-103
43
167
240
-14
-215
-25
22
-139
-42
113
241
182
-107
-102
100
59
21
151
228
264
42
-179
-6
101
-24
67
212
306
273
-40
-117
64
-3
-102
43
156
251
86
-185
-54
58
-120
-72
105
231
236
-66
-172
48
39
-87
52
198
323
204
-117
-69
86
-56
-104
17
150
247
-14
-212
-25
39
-81
32
156
246
146
-180
-139
90
9
-52
106
242
294
43
-180
-27
23
-130
-13
155
267
213
-105
-121
120
87
0
124
220
285
75
-244
-151
-10
-117
-42
101
200
208
-61
-122
74
36
-84
67
201
308
197
-68
7
109
-92
-123
42
216
297
32
-145
51
117
21
128
211
284
170
-152
-97
105
2
-25
141
250
275
0
-245
-116
-84
-241
-140
17
162
113
-213
-215
16
-40
-124
24
178
291
89
-167
-19
68
-115
-88
35
152
160
-135
-182
71
60
-60
74
210
305
139
-155
-75
48
-118
-120
44
200
243
-53
-194
23
64
-78
-13
76
215
104
-243
-180
17
-102
-130
0
105
194
-41
-232
-52
11
-119
-3
161
290
189
-168
-177
28
-57
-115
71
201
247
1
-246
-91
16
-121
-21
139
256
235
-66
-122
64
-22
-169
-28
120
243
67
-209
-72
74
-81
-68
76
197
215
-89
-211
-23
-34
-146
4
177
316
176
-156
-90
103
-7
-35
86
202
260
-28
-227
-24
43
-86
0
117
233
129
-216
-179
35
-72
-135
9
138
236
26
-185
-18
51
-136
-67
86
228
186
-156
-195
16
-51
-117
70
210
291
68
-231
-99
58
-93
-74
72
210
211
-117
-227
-27
-58
-179
-6
146
276
129
-194
-124
-12
-172
-171
10
167
221
-53
-186
20
49
-82
39
149
235
124
-209
-183
-5
-131
-173
-1
135
172
-117
-321
-60
71
-92
-41
97
243
199
-146
-166
49
-19
-68
116
245
306
71
-166
23
139
-49
-10
134
244
219
-99
-172
36
-6
-131
11
132
216
36
-258
-115
56
-108
-92
115
298
365
71
-82
93
60
-104
35
182
294
163
-196
-150
51
-37
-54
102
241
314
55
-138
34
69
-86
19
178
305
214
-134
-150
10
-105
-179
-13
117
214
7
-218
-44
73
-51
23
136
228
196
-115
-148
80
24
-85
73
197
291
118
-155
-22
114
-29
6
160
278
279
-43
-153
70
59
-88
43
197
300
130
-219
-172
-17
-131
-119
38
145
192
-54
-184
26
51
-108
-1
151
276
170
-169
-134
50
-84
-156
19
169
262
9
-230
-44
43
-106
1
169
272
195
-131
-145
70
-9
-140
-12
124
246
74
-155
0
121
-26
17
153
251
220
-124
-230
5
1
-130
-10
102
195
44
-231
-113
71
-40
-34
104
227
260
-65
-260
-82
-52
-150
26
194
331
214
-177
-168
25
-101
-151
11
154
259
19
-177
17
77
-82
11
138
248
181
-179
-186
37
-60
-166
-7
133
250
53
-194
-34
88
-50
8
150
265
232
-124
-216
6
-24
-169
-52
112
280
130
-173
-60
90
-65
-45
136
290
325
21
-133
59
70
-49
85
173
231
99
-182
-89
90
-29
-56
99
224
280
-2
-217
-66
-45
-203
-99
42
165
97
-244
-261
-84
-177
-204
-2
153
243
5
-237
-49
56
-110
-39
119
263
235
-94
-126
106
25
-118
34
184
304
107
-187
-58
67
-98
-49
133
267
288
-11
-120
87
64
-82
57
210
304
109
-198
-51
153
1
-49
88
217
281
7
-147
77
122
-40
44
165
249
120
-227
-203
18
-35
-59
73
197
300
70
-145
28
96
-81
-4
147
277
201
-147
-195
3
-86
-169
22
181
293
75
-201
-28
128
-18
32
192
309
261
-100
-229
-55
-100
-202
-29
132
272
105
-189
-38
147
-3
-3
162
307
344
23
-142
60
66
-97
-7
97
217
108
-202
-152
23
-90
-118
38
193
291
22
-195
-21
32
-113
26
226
352
232
-140
-114
117
-2
-105
33
146
220
3
-222
-45
45
-147
-119
4
136
147
-156
-218
-23
-102
-206
-24
138
246
43
-262
-148
5
-129
-83
86
215
226
-94
-213
18
27
-134
-52
81
212
83
-215
-99
76
-72
-81
112
259
309
17
-167
27
64
-103
11
168
291
200
-133
-149
17
-87
-133
71
224
290
16
-219
-1
124
-19
58
188
266
182
-184
-235
-21
-83
-195
-53
89
230
90
-147
-4
116
-67
-50
100
236
240
-108
-217
10
-3
-149
4
144
244
139
-87
6
113
-57
-24
177
289
299
-11
-177
66
145
8
106
230
346
245
-104
-65
140
-6
-97
74
266
387
115
-141
18
69
-102
-12
135
252
168
-215
-245
-33
-94
-131
55
161
214
-8
-251
-87
49
-91
-23
128
235
204
-139
-246
-43
-66
-181
-33
102
214
43
-269
-169
0
-121
-88
80
193
210
-85
-215
-19
-45
-193
-39
91
209
115
-178
-84
124
-5
-27
149
257
278
-6
-189
-6
22
-185
-126
27
184
129
-203
-193
23
-39
-85
87
224
309
69
-183
-29
48
-116
-3
192
291
219
-137
-196
58
58
-39
114
267
374
170
-137
-11
123
-53
-56
88
184
172
-154
-260
-13
4
-114
21
166
304
185
-123
-67
86
-54
-57
130
276
310
-17
-210
-22
-17
-182
-52
122
284
219
-110
-90
105
-7
-99
33
161
249
-17
-284
-124
-2
-125
-38
121
266
246
-81
-115
104
25
-98
35
151
243
50
-214
-50
114
-42
-50
85
243
298
-5
-141
20
-3
-138
4
173
309
136
-177
-22
208
84
72
194
267
269
-29
-182
21
50
-86
69
249
375
258
-86
-44
156
61
34
211
361
426
101
-178
21
109
-87
-8
136
246
195
-105
-75
139
32
-76
70
194
252
9
-229
-45
76
-83
-59
105
301
323
-18
-138
29
-10
-108
55
197
298
108
-199
-68
114
-20
-14
105
184
196
-101
-226
7
39
-86
71
256
393
267
-71
-11
177
39
6
181
300
308
-18
-217
-43
-25
-185
-74
75
215
161
-156
-141
56
-60
-153
3
150
249
8
-243
-85
-23
-204
-104
123
276
203
-150
-168
81
11
-117
24
166
284
103
-198
-82
64
-93
-61
116
240
212
-148
-260
-8
32
-59
67
195
324
202
-105
-35
114
-43
-58
113
247
279
-41
-205
50
102
-92
-6
165
324
244
-98
-90
92
-18
-83
71
218
321
57
-183
1
99
-67
-9
136
273
248
-87
-119
121
87
-8
117
235
348
155
-148
-42
53
-122
-66
121
256
253
-60
-163
41
18
-90
69
213
321
147
-178
-68
120
-38
-92
42
201
290
7
-150
59
107
-19
83
195
290
165
-171
-135
60
-24
-43
98
226
328
88
-116
71
151
-2
90
247
364
278
-82
-103
116
66
0
134
244
332
90
-170
6
136
-20
37
204
357
357
26
-69
124
84
-22
120
219
290
99
-162
-24
112
-74
-101
39
183
201
-161
-315
-56
-19
-169
-51
103
244
104
-270
-243
-72
-210
-219
-18
150
252
5
-187
-3
40
-142
-69
89
245
181
-145
-118
82
-40
-116
6
84
141
-88
-321
-161
-52
-183
-71
108
242
219
-109
-168
24
-51
-169
-21
132
231
12
-274
-130
12
-137
-86
101
256
297
0
-101
122
107
-39
76
209
325
176
-152
-72
81
-76
-74
117
226
242
-66
-232
-6
59
-89
-10
87
201
125
-169
-99
140
64
28
192
313
380
82
-211
-67
12
-158
-81
101
284
289
-26
-65
153
93
18
170
273
352
93
-257
-138
17
-107
-57
81
213
235
-75
-193
-19
-72
-179
-11
130
256
107
-202
-100
93
-3
19
182
309
328
17
-109
133
156
-24
54
196
337
201
-171
-132
86
2
-40
104
246
320
20
-214
5
125
-21
41
161
278
216
-108
-103
102
11
-76
67
198
284
28
-233
-46
89
-65
-9
172
338
323
-40
-153
33
-54
-213
-62
106
251
99
-157
5
132
-115
-161
0
170
217
-98
-233
18
66
-45
113
262
369
193
-183
-137
65
-19
-3
170
274
297
-1
-194
39
113
-72
-1
148
304
236
-116
-146
35
-78
-154
18
153
242
20
-198
-8
104
-65
-18
115
248
227
-104
-155
65
2
-90
93
240
314
44
-289
-154
9
-110
-50
106
229
244
-81
-195
23
1
-138
-3
150
295
182
-121
-85
28
-118
-115
44
164
200
-77
-225
13
89
-57
41
181
291
152
-219
-195
7
-92
-120
64
219
315
49
-202
-41
21
-165
-86
70
203
164
-193
-228
12
-51
-149
12
176
291
88
-152
1
106
-52
11
201
336
313
-45
-172
38
20
-91
49
183
304
148
-142
3
230
107
76
195
304
342
19
-171
9
16
-130
18
153
232
75
-260
-198
12
-73
-86
102
264
322
24
-174
38
97
-105
-69
58
194
170
-107
-98
97
0
-83
76
227
329
75
-210
-36
106
-38
11
186
361
363
28
-35
176
91
-69
51
187
316
147
-173
-88
54
-69
-37
99
217
256
-27
-166
32
10
-141
-34
85
203
70
-234
-131
71
-61
-101
71
225
298
4
-233
-83
-27
-153
-45
89
217
136
-182
-152
41
-52
-82
120
258
312
38
-198
2
118
-60
6
192
313
246
-123
-188
1
-82
-181
-8
148
273
106
-146
-11
104
-72
-55
100
233
246
-104
-234
1
-2
-151
-3
161
288
139
-170
-67
113
-43
-58
106
231
269
-38
-222
-18
16
-178
-84
70
228
149
-181
-133
68
-53
-101
85
237
296
-1
-231
-12
102
-59
-6
134
258
163
-216
-234
13
-57
-165
18
203
347
156
-130
0
115
-39
20
161
261
267
-34
-108
98
55
-66
85
226
313
104
-203
-56
149
35
41
187
309
352
20
-178
-23
-44
-169
-24
105
246
169
-169
-172
5
-65
-71
93
211
260
-10
-194
21
81
-100
3
168
313
248
-123
-164
52
-17
-117
22
165
277
48
-216
-44
99
-25
27
168
306
300
-40
-118
88
-2
-153
-36
96
236
84
-214
-92
85
-23
17
166
272
282
-26
-158
58
52
-106
25
184
304
153
-181
-107
81
-38
-59
107
250
314
49
-122
98
171
26
129
282
393
257
-131
-147
69
-8
-57
122
262
336
88
-131
60
155
-34
19
192
332
290
-56
-135
41
-13
-87
66
194
329
166
-117
5
137
-37
-41
69
156
164
-117
-183
48
12
-121
8
149
278
131
-174
-86
57
-102
-99
86
247
312
11
-172
40
100
-39
61
185
297
209
-99
-29
170
25
-38
123
242
284
-18
-291
-136
-66
-212
-103
53
183
147
-163
-150
81
8
-73
90
199
259
39
-218
-57
54
-135
-98
70
219
209
-149
-263
-8
28
-69
45
162
289
136
-172
-57
116
-25
-27
120
232
234
-92
-232
-9
11
-108
36
185
313
204
-115
-53
149
26
-24
132
243
269
-6
-205
-54
-20
-156
-13
160
281
200
-148
-149
69
0
-58
93
210
288
41
-217
-68
11
-149
-67
123
249
216
-109
-174
38
-2
-98
71
224
338
146
-164
-44
99
-45
-9
171
304
326
17
-123
92
128
-1
98
210
346
247
-55
26
210
83
65
216
309
312
4
-173
51
92
-65
58
203
329
251
-102
-116
61
-45
-116
24
119
193
-51
-294
-109
-9
-173
-100
81
251
242
-88
-134
75
7
-89
83
220
289
39
-291
-162
-28
-190
-121
88
241
247
-68
-178
35
37
-87
44
195
321
178
-124
-13
167
-5
-87
43
194
253
-57
-218
29
89
-73
45
246
426
333
4
32
202
87
54
217
305
329
34
-189
32
130
-53
-11
123
281
245
-114
-157
45
-28
-119
40
182
307
115
-157
-26
98
-60
-1
163
280
252
-90
-172
57
32
-101
38
170
265
66
-281
-194
-13
-125
-107
29
128
149
-141
-267
-40
-8
-129
6
149
288
180
-155
-110
72
-44
-81
90
241
314
17
-252
-87
3
-139
-28
132
283
248
-76
-84
132
40
-61
74
219
346
119
-161
-20
91
-43
4
113
234
230
-98
-163
80
80
-12
115
227
333
166
-121
-11
121
-42
-22
125
257
295
-10
-163
7
-12
-152
2
166
290
145
-225
-183
-20
-163
-164
42
204
279
9
-157
55
92
-88
-17
92
201
144
-172
-179
-7
-122
-150
19
144
230
7
-199
4
122
-36
49
226
353
282
-119
-211
21
8
-59
96
233
344
120
-226
-133
0
-150
-118
38
178
203
-88
-166
52
0
-179
-39
124
253
102
-204
-103
60
-129
-182
-25
128
204
-70
-206
38
97
-53
57
210
345
245
-91
-54
134
3
-50
120
247
265
-46
-266
-34
82
-92
-28
129
267
209
-151
-179
48
-6
-105
25
139
221
-21
-297
-123
34
-84
6
192
344
356
7
-123
51
7
-90
75
193
291
112
-203
-88
71
-81
-45
135
261
308
35
-82
131
120
-54
54
204
368
266
-102
-53
170
76
41
205
353
412
121
-113
36
67
-117
-27
132
261
168
-218
-253
-26
-76
-124
64
209
274
41
-162
53
166
-13
38
183
300
280
-62
-154
51
-6
-113
59
201
310
117
-193
-81
33
-162
-145
32
169
194
-107
-216
18
5
-155
-7
149
246
83
-211
-105
41
-117
-136
70
243
280
-53
-247
2
107
-14
82
216
328
241
-102
-70
160
58
-29
74
195
310
72
-179
-17
73
-99
-28
149
297
244
-115
-170
48
12
-65
97
234
305
51
-244
-103
7
-162
-98
107
276
310
3
-106
92
60
-91
35
173
290
101
-247
-137
40
-74
-34
171
315
359
52
-110
105
119
-58
38
185
299
167
-195
-155
50
-65
-123
35
172
266
53
-140
12
75
-58
54
211
348
306
-46
-100
90
-6
-117
18
141
250
50
-209
-55
59
-104
-71
86
227
193
-194
-293
-41
-28
-140
-17
122
279
149
-149
-30
144
11
35
197
316
330
5
-138
58
26
-155
-26
138
276
153
-174
-114
69
-55
-75
77
200
262
-4
-187
18
72
-117
-57
90
236
154
-210
-220
-11
-89
-161
-13
112
210
-11
-254
-98
7
-131
-45
124
269
259
-69
-132
70
-10
-157
2
152
240
26
-279
-138
24
-123
-100
75
248
315
17
-113
88
84
-56
58
172
268
133
-166
-78
105
-20
-49
122
276
346
48
-162
19
68
-83
32
200
333
220
-134
-115
92
9
-33
146
258
323
80
-153
2
81
-82
-6
176
325
273
-116
-202
23
-23
-158
-34
107
234
58
-201
-49
91
-55
-28
112
232
234
-88
-194
27
29
-53
121
278
390
170
-226
-148
75
-22
-51
87
213
265
-2
-156
27
49
-88
39
193
298
176
-155
-108
113
13
-35
108
202
261
13
-206
-35
17
-129
10
167
290
240
-97
-107
120
42
-45
122
267
359
132
-153
-3
136
-13
28
164
275
297
2
-82
88
23
-70
114
258
361
183
-147
-70
87
-44
-39
115
243
260
-61
-193
33
73
-51
82
231
358
219
-118
-51
136
-12
-54
128
296
392
101
-135
50
140
-3
90
212
281
211
-92
-74
151
69
-5
147
252
337
132
-118
19
92
-102
-52
108
246
240
-103
-168
56
33
-43
115
233
320
136
-152
-39
104
-43
-19
148
269
291
-27
-146
100
103
-73
24
167
305
180
-157
-84
118
-10
-26
148
277
320
13
-199
-23
24
-107
50
240
370
263
-120
-135
67
-38
-114
49
180
266
35
-212
-37
72
-88
-7
153
299
282
-59
-108
103
32
-74
72
209
331
162
-107
34
171
-13
-24
113
253
248
-86
-168
85
89
-37
101
247
343
145
-197
-98
98
-13
-21
114
243
278
-61
-241
-4
45
-86
39
184
297
192
-148
-119
57
-75
-130
53
229
329
10
-265
-70
18
-133
-27
149
285
232
-108
-137
75
36
-3
163
266
352
153
-101
19
92
-122
-113
37
163
164
-148
-219
16
1
-121
-1
144
300
149
-173
-91
60
-77
-66
88
198
224
-72
-203
20
19
-151
4
211
337
184
-178
-139
44
-55
-55
114
240
314
41
-185
-5
36
-148
-59
49
140
93
-198
-186
10
-98
-177
43
240
332
59
-238
-62
83
-78
-37
114
253
241
-117
-221
-35
-99
-212
-37
125
226
41
-234
-129
3
-155
-147
11
148
177
-120
-231
5
40
-78
37
147
258
129
-220
-171
16
-100
-113
40
183
300
64
-149
-7
9
-138
-21
134
264
169
-165
-117
128
37
-54
68
185
273
11
-257
-66
75
-75
-6
172
308
232
-136
-202
28
11
-66
112
268
356
115
-211
-93
38
-117
-89
34
152
186
-100
-195
17
9
-98
22
147
291
192
-84
17
187
44
35
194
304
336
34
-145
61
114
-50
17
150
295
215
-130
-124
34
-97
-135
73
235
280
-25
-268
-54
56
-83
4
169
296
217
-134
-138
114
58
-49
85
217
325
112
-179
-41
93
-41
12
139
228
202
-123
-206
4
-43
-148
52
229
353
185
-119
-5
167
27
22
165
305
348
34
-114
99
105
-66
20
140
272
155
-197
-166
19
-89
-106
86
227
294
28
-182
3
84
-56
24
154
288
242
-97
-145
48
6
-26
109
194
257
18
-236
-75
52
-71
17
176
298
273
-56
-137
65
18
-92
49
167
267
90
-205
-77
75
-85
-60
141
332
373
35
-106
101
74
-109
4
177
342
210
-149
-93
118
37
33
184
296
340
54
-106
103
124
-61
23
149
230
119
-212
-179
42
-35
-81
105
262
361
145
-73
88
148
-35
64
251
377
310
-74
-141
90
40
-68
85
227
324
120
-161
3
116
-113
-89
73
192
211
-67
-166
22
5
-107
26
156
272
102
-232
-145
44
-70
-41
123
245
267
-50
-215
-11
20
-107
39
199
312
168
-196
-134
88
-23
-75
76
213
325
107
-89
101
180
17
96
235
359
277
-126
-181
81
60
-22
131
289
417
213
-69
69
182
-8
-1
139
274
265
-90
-219
-45
-94
-210
-54
99
261
151
-169
-101
53
-58
-4
182
304
321
4
-155
61
97
-69
-7
71
172
100
-202
-166
19
-84
-98
96
241
306
16
-231
-60
38
-67
39
164
250
185
-138
-166
9
-60
-107
69
219
325
102
-142
24
118
-87
-49
114
235
201
-129
-193
2
-73
-225
-52
150
312
145
-168
-56
100
-37
-19
106
189
194
-99
-195
57
85
-73
28
144
249
137
-180
-121
42
-75
-37
193
339
364
55
-136
28
49
-110
11
168
299
220
-124
-148
22
-67
-122
26
166
272
34
-218
-38
96
-36
43
193
307
232
-148
-198
57
48
-42
113
237
321
100
-205
-70
73
-70
-35
119
248
227
-132
-243
10
36
-81
53
203
330
193
-105
-2
164
-12
-54
117
300
386
72
-138
27
25
-153
-12
160
279
163
-174
-118
102
5
-56
72
198
276
11
-202
10
104
-99
-34
140
267
194
-155
-164
85
36
-57
96
251
374
161
-137
-18
102
-43
-1
112
192
179
-129
-198
27
-4
-134
16
184
340
176
-161
-74
84
-56
-36
145
280
312
-55
-269
-71
-35
-142
20
177
317
243
-72
-40
124
4
-25
137
249
297
28
-150
49
88
-90
26
196
307
230
-115
-124
107
43
-51
82
192
274
56
-168
23
146
-36
-23
97
227
235
-67
-133
59
12
-68
106
241
326
123
-164
-13
162
8
20
195
314
298
-69
-219
2
20
-122
0
151
294
178
-123
-35
131
-22
-41
145
284
327
32
-168
23
66
-84
48
230
369
265
-108
-115
97
4
-74
33
123
208
-33
-268
-91
-3
-170
-81
120
289
265
-70
-122
96
42
-50
109
243
359
121
-276
-194
0
-114
-105
17
188
240
-72
-195
16
3
-130
2
148
259
74
-246
-100
114
-25
-45
99
226
281
11
-166
-11
-4
-139
2
165
295
177
-194
-165
57
-56
-149
4
186
311
61
-157
73
205
41
114
265
389
314
-33
-38
204
134
16
130
226
310
101
-173
-56
50
-102
-30
149
266
226
-140
-253
-11
-9
-116
38
181
293
113
-216
-106
45
-110
-93
100
246
279
-43
-222
-23
-21
-197
-98
45
200
102
-214
-149
25
-98
-119
58
197
263
-8
-202
19
92
-92
-23
128
267
199
-165
-209
-10
-87
-142
44
184
242
-29
-299
-102
34
-141
-113
41
214
242
-90
-186
10
-43
-156
-12
114
229
83
-172
-41
101
-33
18
197
332
358
32
-126
84
97
-42
84
215
314
156
-178
-92
84
-68
-114
65
232
331
67
-153
33
58
-142
-45
119
266
192
-139
-113
107
23
-23
146
257
309
68
-184
-52
16
-132
-40
112
216
170
-168
-200
42
17
-58
105
242
355
169
-109
21
150
3
69
251
380
354
-2
-81
181
180
24
151
293
411
250
-93
-11
166
23
10
172
275
292
-17
-195
3
42
-93
21
163
289
214
-113
-82
99
-58
-139
35
199
290
28
-198
-27
28
-146
-53
107
257
210
-142
-166
82
52
-41
65
160
257
48
-200
-6
154
-9
12
169
290
272
-57
-147
71
51
-58
69
177
268
101
-198
-84
68
-87
-87
82
216
245
-84
-238
8
58
-113
-13
140
305
200
-150
-132
54
-41
-58
118
260
329
49
-150
55
109
-50
21
165
321
289
-54
-77
129
57
-12
124
217
291
69
-165
35
162
-11
-2
147
296
311
-8
-121
69
48
-30
124
235
323
128
-184
-88
23
-142
-123
49
194
216
-115
-264
-38
-12
-156
-40
102
246
130
-212
-142
54
-49
-34
163
297
323
1
-184
34
59
-152
-65
124
296
218
-151
-173
27
-45
-119
11
135
228
-11
-265
-99
6
-145
-78
92
242
216
-138
-174
88
77
-10
122
245
347
137
-177
-55
89
-53
-14
152
307
300
-83
-210
55
93
-60
27
166
310
179
-101
45
242
81
32
199
362
426
101
-118
51
56
-106
25
173
273
168
-170
-173
-8
-129
-162
23
188
307
67
-157
22
100
-61
5
149
291
247
-115
-178
23
-60
-165
-9
135
249
70
-171
-21
92
-72
-25
122
224
188
-162
-228
58
80
-67
33
144
240
86
-216
-115
39
-102
-71
138
309
342
3
-193
3
36
-92
38
166
263
141
-177
-136
56
-57
-86
122
275
337
66
-123
76
115
-98
-42
81
201
150
-177
-172
25
-84
-162
32
172
258
38
-201
-21
135
7
66
200
324
309
-46
-139
112
107
-50
40
164
281
92
-221
-92
97
-9
34
209
330
336
5
-133
87
75
-92
48
231
362
171
-226
-156
64
-70
-114
68
231
292
16
-170
10
66
-74
29
163
258
134
-229
-197
28
-59
-130
48
197
281
27
-217
-50
40
-125
-40
128
252
202
-142
-180
49
-11
-122
21
140
259
99
-187
-71
67
-77
-19
164
311
339
-4
-161
37
19
-123
11
160
291
155
-162
-82
97
-51
-93
25
152
224
-44
-202
27
113
-2
106
215
311
204
-146
-107
108
-8
-74
113
247
296
21
-213
-20
92
-23
88
260
377
296
-66
-98
106
16
-82
66
177
261
26
-258
-104
19
-135
-67
122
279
297
-18
-121
76
60
-55
70
188
296
140
-155
-94
12
-145
-136
52
216
246
-93
-241
11
35
-150
-39
117
236
108
-241
-187
37
-86
-157
3
176
294
56
-137
41
108
-29
57
188
290
202
-119
-84
148
49
-58
75
228
356
141
-169
-70
48
-83
2
167
294
249
-118
-209
3
-26
-139
3
144
272
130
-132
4
168
25
37
177
280
291
-56
-233
-33
-12
-129
4
161
316
219
-74
2
164
32
11
164
280
321
21
-164
32
55
-120
-5
151
242
164
-139
-104
102
-9
-88
80
245
374
145
-103
59
134
-34
54
198
269
197
-138
-151
89
49
-40
128
290
418
199
-129
4
165
-8
-5
169
338
343
-33
-179
48
32
-109
36
148
242
121
-141
-20
166
38
34
194
300
315
3
-155
70
103
-81
27
185
289
162
-185
-153
66
-37
-97
64
182
252
-2
-216
-33
44
-106
-5
160
277
224
-133
-166
45
-38
-133
26
182
295
77
-187
-13
112
-76
-55
114
281
282
-101
-232
2
26
-39
122
249
331
136
-178
-75
57
-108
-103
65
204
264
-10
-149
65
71
-76
50
200
336
214
-125
-67
139
25
-33
109
229
264
-35
-231
1
73
-116
-56
82
230
184
-172
-185
48
-22
-104
34
145
224
-11
-281
-129
-23
-157
-49
122
246
225
-82
-133
70
1
-126
41
193
300
128
-179
-71
45
-133
-93
100
229
231
-94
-200
51
68
-67
53
187
299
145
-227
-178
-12
-141
-149
-3
121
216
-9
-165
39
103
-29
89
232
326
213
-147
-161
25
-60
-137
7
115
200
-2
-213
-28
66
-109
-36
140
294
264
-87
-132
108
60
-54
100
217
281
42
-275
-141
27
-98
-59
93
229
261
-42
-130
92
51
-91
57
219
330
146
-212
-117
93
-30
-25
167
309
347
32
-150
70
116
-54
43
212
356
250
-98
-60
137
-9
-87
75
203
291
24
-202
-1
109
-38
50
205
329
294
-24
-54
135
25
-89
35
128
169
-66
-295
-120
-4
-170
-103
84
244
253
-98
-213
3
-11
-116
41
177
280
135
-137
-30
96
-84
-109
59
224
288
-9
-170
23
38
-88
40
167
279
170
-168
-122
76
-39
-92
42
147
192
-109
-325
-75
83
-30
55
198
333
269
-75
-87
130
28
-82
71
195
277
19
-262
-90
37
-101
-18
150
291
284
-55
-122
102
41
-89
70
234
358
172
-148
-70
37
-119
-81
83
227
284
2
-118
113
132
-9
