67
59
48
38
40
53
73
82
75
70
70
69
69
64
65
69
74
72
57
51
51
44
43
48
44
41
43
40
34
33
34
28
22
9
-2
-9
-18
-23
-21
-11
-1
4
4
-6
-21
-22
1
34
44
27
21
54
91
99
74
44
28
26
26
25
35
43
42
34
26
24
27
36
39
40
43
44
41
34
34
38
40
40
37
35
39
39
33
19
12
12
18
12
18
26
34
33
28
19
18
26
40
42
39
38
39
49
54
41
36
40
49
44
39
49
61
64
56
48
35
27
26
36
55
71
88
96
97
97
98
97
97
99
98
85
71
64
75
100
114
100
82
73
74
82
81
72
56
41
39
36
28
25
20
13
21
29
27
22
25
32
37
41
37
35
38
38
37
35
41
55
58
43
35
32
37
40
37
40
48
48
32
18
26
50
70
75
76
69
57
58
70
80
87
92
97
88
80
73
69
66
70
72
70
67
66
58
53
41
21
5
-2
9
32
38
28
23
26
24
20
12
12
9
4
6
10
18
23
26
24
19
20
16
12
21
36
40
43
58
70
71
66
59
56
54
51
45
44
48
49
51
60
70
68
57
44
32
13
-2
-9
-6
-1
3
8
6
2
8
26
42
38
27
25
36
51
59
56
50
44
50
64
73
74
71
66
56
41
34
35
40
48
52
55
57
65
70
75
74
64
52
48
49
49
48
50
51
43
28
16
16
24
28
41
57
72
69
60
65
69
65
59
64
56
55
66
68
64
65
65
58
59
65
69
58
42
35
35
43
55
61
67
69
49
25
13
17
32
48
53
51
34
11
7
10
22
32
37
40
41
37
36
34
36
42
41
33
27
24
18
11
18
24
36
40
34
32
29
33
34
32
36
41
38
24
21
39
57
59
51
39
36
41
52
60
68
70
69
72
76
89
98
92
85
70
53
50
52
48
36
24
21
37
55
64
59
53
51
57
64
58
51
50
58
74
86
89
87
83
84
89
92
99
105
105
91
72
58
64
76
80
64
44
48
57
65
60
55
53
53
54
43
34
35
32
19
4
-3
-6
2
18
26
23
20
23
35
45
58
66
60
53
55
69
83
83
80
83
98
114
108
97
86
84
89
93
92
81
57
40
42
48
34
19
22
26
23
19
19
32
43
41
32
24
9
-8
-22
-22
-10
-2
1
-1
-8
-20
-21
-9
5
21
27
35
35
36
43
53
56
59
68
75
87
99
93
85
84
81
72
67
59
59
59
51
36
26
23
22
22
18
13
21
33
34
22
12
16
11
-2
-11
-4
16
27
29
32
28
24
24
28
32
33
39
44
45
45
43
38
33
35
41
34
12
4
10
20
26
18
11
23
37
44
54
60
60
54
42
39
51
59
55
44
42
48
57
71
72
60
48
37
35
36
33
32
37
38
38
42
44
52
60
64
53
44
48
53
60
68
64
54
49
41
36
38
44
43
38
34
33
29
24
20
17
10
19
27
32
27
27
34
43
64
76
76
73
71
73
82
75
69
68
60
42
27
27
25
17
9
11
16
21
37
50
50
49
48
41
42
58
76
90
97
93
88
77
67
55
53
40
26
21
25
36
32
20
10
20
34
40
41
43
40
40
48
55
56
53
55
59
64
59
53
52
52
57
65
58
53
53
51
55
51
38
39
49
56
64
64
54
49
52
56
51
43
36
32
28
25
26
35
42
36
25
20
18
33
51
67
74
69
64
66
67
60
68
81
76
65
60
61
54
43
36
32
35
37
41
52
60
65
53
48
56
67
68
64
54
48
43
50
53
50
54
69
73
65
53
42
41
57
80
87
84
71
65
56
48
53
69
76
76
80
76
65
50
44
52
58
61
57
48
40
40
40
37
35
38
42
49
52
44
42
43
50
52
51
59
76
90
89
76
69
69
75
83
88
93
100
101
96
97
91
76
71
71
72
73
72
71
74
74
65
57
60
68
71
72
73
66
57
53
49
52
60
51
37
39
41
39
37
39
41
37
27
22
21
19
17
11
12
24
35
42
42
40
44
55
52
36
23
16
8
1
-7
-8
-9
-7
-5
-7
-18
-26
-21
-5
10
21
22
16
12
20
25
26
24
23
25
29
29
32
35
32
26
28
24
24
34
40
44
49
52
57
61
70
73
69
67
58
44
38
42
56
56
49
36
35
41
42
34
25
26
36
41
50
43
24
20
36
44
40
43
43
40
43
42
36
29
27
35
50
64
68
64
57
50
39
35
32
32
34
43
57
64
51
39
42
40
37
37
37
41
43
37
34
33
26
17
9
16
23
24
17
10
16
25
35
42
52
56
55
52
49
50
45
40
51
73
82
70
60
59
60
69
75
82
80
68
57
57
53
42
39
44
51
49
50
50
40
41
48
54
44
28
23
26
29
34
39
43
57
66
64
54
51
51
52
51
55
69
73
59
48
36
25
24
29
43
49
48
43
39
39
42
49
57
72
77
73
59
44
55
88
105
101
87
91
101
102
97
84
76
83
90
103
107
103
90
85
86
77
70
72
73
70
80
85
73
56
49
53
53
40
33
40
49
49
40
25
24
37
42
44
43
36
32
42
55
68
73
75
81
83
87
100
116
130
123
113
107
112
108
105
112
106
98
90
86
88
100
100
86
72
66
72
89
100
100
87
72
71
80
83
70
49
34
25
23
29
29
19
5
0
3
19
28
32
35
50
64
57
44
42
51
58
52
35
23
26
25
23
27
32
36
34
22
8
0
-7
-3
9
19
25
27
23
17
5
0
1
11
26
29
28
33
38
42
39
35
34
39
49
53
55
54
49
41
36
33
35
40
45
49
52
54
56
65
66
54
41
36
40
48
41
37
41
53
49
41
49
58
58
50
41
32
23
16
8
-1
-4
-1
0
-1
-3
-4
-10
-19
-23
-20
-7
5
16
32
48
60
73
72
75
86
90
90
98
105
108
101
86
83
86
88
89
88
81
76
76
71
57
52
48
28
13
8
-3
-6
-2
-1
-7
-13
-17
-11
-6
-11
-23
-26
-17
-6
-3
-2
2
11
24
34
40
42
52
59
69
71
70
70
70
76
96
113
109
104
98
91
90
91
96
96
87
73
57
42
34
27
29
32
37
43
51
58
68
77
72
57
53
57
53
42
35
35
35
36
35
26
10
-7
-22
-24
-18
-10
1
12
24
32
40
44
50
56
67
86
102
99
88
85
84
86
86
87
93
92
85
74
69
71
75
76
69
65
70
71
60
42
28
20
12
10
-3
-26
-37
-34
-37
-53
-67
-71
-72
-69
-58
-43
-30
-25
-21
-10
11
40
53
53
60
69
77
88
99
97
86
80
85
92
97
98
107
121
122
118
114
107
98
88
81
61
43
44
54
57
55
36
17
11
17
8
-8
-17
-6
-1
-1
5
13
19
22
25
26
32
35
35
34
28
22
10
8
22
28
35
43
57
71
80
84
89
104
106
90
76
77
81
74
73
70
61
54
55
65
70
67
60
57
50
36
21
8
-3
-13
-13
-7
-10
-24
-23
-13
-4
4
9
18
35
42
40
42
44
45
54
64
69
80
80
72
71
73
75
74
73
75
81
86
88
83
84
88
92
101
100
103
113
100
73
51
37
24
17
10
2
-5
-10
-20
-33
-36
-22
-3
7
3
-11
-24
-28
-19
2
9
9
11
21
21
19
28
48
54
64
80
88
93
97
92
96
107
115
116
107
101
99
101
109
115
116
116
112
92
76
74
74
67
54
41
24
19
24
26
21
16
9
5
1
-2
-1
1
0
13
37
51
44
23
3
-3
10
39
69
77
71
58
44
33
19
20
32
42
55
70
83
90
96
92
85
84
90
102
104
105
103
92
83
74
65
65
71
70
65
57
53
45
35
37
44
50
48
43
49
56
60
52
38
35
38
41
40
34
33
41
41
40
48
57
55
42
29
34
34
27
24
32
43
51
54
57
56
56
54
44
41
49
59
66
60
52
41
37
35
32
21
16
16
16
16
7
1
4
17
37
50
48
45
51
48
34
20
19
29
41
50
39
32
25
21
34
54
66
67
67
64
58
54
49
48
48
52
52
54
59
56
52
52
54
56
64
73
83
76
58
48
48
58
70
69
59
51
38
36
39
44
52
56
60
67
72
74
74
67
57
53
48
41
33
23
21
24
28
34
43
59
73
74
58
43
40
43
50
56
60
56
61
83
89
73
58
51
34
11
4
7
19
36
41
34
32
34
34
32
32
34
38
37
36
40
40
36
41
44
40
41
48
44
52
70
80
72
58
49
43
43
41
39
37
35
38
36
35
40
45
49
50
49
49
49
52
55
54
48
40
44
48
43
56
65
58
48
42
51
57
55
42
27
20
20
21
26
36
44
57
66
57
42
34
33
36
39
48
64
70
72
82
96
102
99
90
92
92
91
87
77
66
58
57
59
51
34
19
2
-8
-7
2
1
-7
-9
-5
-4
-3
-3
3
20
33
25
18
27
41
43
37
34
36
37
39
49
57
58
55
55
60
54
49
49
52
60
69
67
65
69
80
90
103
107
102
93
89
81
69
71
71
71
69
70
80
74
66
58
59
57
53
52
51
50
52
56
69
72
64
56
60
70
72
68
60
55
51
49
37
27
26
24
28
37
39
36
41
53
52
49
54
61
68
68
56
39
22
11
25
60
83
84
77
72
58
48
44
48
43
29
23
28
42
51
36
19
5
-1
2
10
27
41
44
48
57
66
71
77
73
67
71
85
90
83
71
64
52
37
32
34
32
23
21
21
19
19
21
32
43
52
56
54
55
55
44
37
41
58
71
72
71
71
74
84
83
73
69
69
80
77
60
45
32
18
23
38
43
35
19
5
1
6
11
17
22
26
33
38
39
40
37
28
26
38
58
67
55
36
18
20
38
54
54
42
37
41
50
52
52
52
54
66
71
70
60
59
69
76
73
69
57
51
49
51
66
64
53
53
68
85
83
69
54
52
61
70
71
69
65
53
38
26
34
44
44
33
12
0
-3
-5
-4
1
0
-8
-11
-5
0
-2
1
10
22
29
25
16
7
18
36
57
69
64
56
73
102
114
99
74
57
50
58
76
84
82
72
64
65
67
58
50
58
74
76
71
59
44
32
16
10
17
23
24
20
13
4
-6
-11
-8
-8
-8
-3
-2
-5
-10
-13
-3
10
26
43
64
76
76
76
82
88
97
99
100
100
102
106
107
102
97
89
88
85
80
65
49
49
56
59
59
60
64
59
45
34
22
25
41
51
53
50
35
21
8
1
7
18
18
20
32
38
36
32
28
35
42
51
49
44
49
58
75
84
87
89
97
98
98
100
100
98
100
101
90
82
83
84
81
80
85
90
87
73
51
34
27
28
40
56
54
42
40
40
39
39
42
43
55
70
68
66
80
93
92
80
69
72
85
91
103
108
104
101
105
112
101
85
81
85
82
69
65
69
69
58
56
66
73
80
77
68
55
48
45
53
55
43
27
21
19
11
5
-2
-2
9
12
12
13
19
25
21
11
12
16
13
20
29
34
27
35
42
41
38
45
56
67
70
72
76
83
87
91
90
82
68
61
66
69
69
70
68
55
38
25
20
16
18
21
27
33
28
27
37
50
43
35
35
42
48
41
35
32
38
55
71
74
60
48
40
34
28
39
51
57
57
52
51
51
51
51
53
60
56
41
33
28
29
24
20
17
16
16
11
6
4
7
12
13
8
12
24
26
26
33
48
54
43
37
41
42
35
33
49
80
100
98
85
74
72
70
64
59
61
60
48
34
34
49
57
49
33
23
19
19
26
33
24
16
10
11
16
9
-1
-5
-5
-4
3
10
17
12
12
11
21
42
54
59
64
65
59
56
56
65
80
91
99
101
109
120
114
89
76
84
102
121
123
107
85
69
65
64
64
73
75
67
52
37
16
-4
-4
10
22
24
20
8
-2
-11
-14
-12
-8
2
13
20
18
8
-2
2
23
45
58
69
80
82
89
105
117
116
109
106
108
121
130
119
105
101
102
106
116
114
100
82
69
67
56
41
33
32
40
43
25
0
-17
-6
10
19
21
18
17
19
32
33
32
40
44
52
54
49
38
39
51
60
67
65
65
68
80
92
101
93
81
86
112
121
116
105
91
82
74
85
98
96
84
71
60
56
50
44
43
41
49
54
52
35
12
4
8
16
20
21
16
6
-4
-10
-14
-18
-18
-12
-4
7
19
26
38
41
34
25
24
26
35
39
43
48
52
48
41
43
49
41
36
40
53
61
68
70
61
52
48
34
21
16
22
38
42
38
43
55
53
49
38
37
53
60
57
49
43
52
61
55
49
43
35
25
26
36
41
37
22
21
29
37
32
19
16
19
28
41
42
40
38
37
38
51
53
44
44
48
37
38
44
48
44
40
37
41
42
40
39
48
59
73
85
81
75
76
76
71
64
58
59
60
66
68
54
42
37
25
21
23
28
36
33
26
26
33
37
36
32
32
28
25
33
42
42
43
32
17
21
25
19
5
6
10
8
8
18
23
27
36
44
54
60
68
72
73
73
67
65
60
57
52
53
57
66
71
73
76
76
69
60
52
35
22
23
29
32
25
21
23
33
38
33
10
-1
1
3
7
21
34
33
25
18
21
27
32
29
23
19
18
23
33
39
51
53
43
40
45
49
50
57
69
67
49
35
34
42
56
66
68
69
73
71
68
64
56
43
33
29
36
34
23
16
20
26
28
34
39
49
51
48
42
44
52
53
44
48
64
70
70
71
72
74
72
57
48
39
40
49
54
56
54
57
68
75
87
91
86
81
72
60
56
50
36
22
18
16
16
24
42
57
60
50
29
16
23
37
44
54
68
76
80
81
81
84
86
89
88
89
87
77
64
59
67
65
56
56
60
56
42
33
26
34
50
58
53
41
43
52
49
37
36
44
55
58
48
38
28
24
21
22
34
45
48
42
37
36
42
35
11
-6
-21
-19
2
18
23
25
24
27
42
66
73
65
58
65
73
82
91
101
106
108
104
92
86
89
97
90
81
73
71
77
81
80
81
82
83
76
60
45
37
32
33
44
54
53
41
35
33
35
33
26
26
33
38
37
33
32
34
33
22
10
8
19
41
57
51
36
38
55
58
50
43
50
56
59
66
69
69
56
45
48
53
57
60
58
54
60
71
70
65
64
61
55
50
48
44
54
67
69
60
58
57
52
43
38
35
24
19
22
19
12
13
5
-5
-5
2
9
16
9
18
35
48
51
55
50
38
39
50
56
56
44
36
39
51
52
41
34
28
22
10
3
7
21
29
41
54
60
36
0
-8
-6
-10
-14
-13
-8
1
11
11
5
-3
-8
-7
-7
1
21
41
64
75
55
48
60
73
68
55
49
51
52
53
72
98
104
104
81
43
37
41
50
58
58
50
36
25
25
38
53
53
42
27
10
9
23
43
24
-3
0
23
36
27
21
26
35
39
43
49
53
58
67
71
84
98
103
99
89
82
77
85
81
67
60
69
82
84
80
93
105
83
65
69
81
83
75
72
66
60
58
55
56
49
36
34
43
51
52
55
56
51
43
51
64
68
66
65
64
69
86
69
41
44
65
81
87
92
101
99
93
99
103
96
82
65
58
70
87
92
69
48
49
65
73
80
114
116
91
83
85
83
86
85
74
71
74
77
72
52
29
23
25
33
44
57
50
27
17
24
39
50
52
54
57
60
65
64
57
59
59
60
56
49
45
56
76
66
54
54
57
55
51
49
57
65
56
49
53
55
50
48
52
57
58
51
39
35
32
22
19
20
26
39
38
28
25
25
19
17
20
26
34
35
38
42
50
60
66
65
52
40
39
59
86
99
89
67
52
42
36
35
37
41
52
56
53
49
39
29
28
36
42
51
43
20
4
10
22
33
45
51
28
-12
-53
-58
-24
12
29
32
42
73
100
98
80
61
53
54
68
72
67
59
56
48
28
17
16
26
44
52
42
41
56
69
58
40
38
52
56
44
35
38
49
44
35
36
53
64
54
37
32
35
38
52
65
60
52
43
48
48
37
20
5
1
10
25
32
28
25
19
12
17
22
21
24
24
17
5
5
23
38
37
43
52
51
48
43
38
36
40
51
59
59
59
51
49
53
50
42
38
26
16
11
19
29
32
22
22
29
40
48
49
50
42
40
38
35
35
35
36
41
56
73
71
57
43
39
49
64
68
67
66
72
74
74
73
72
61
49
34
24
27
43
64
70
58
37
20
24
35
35
36
39
40
44
57
61
49
34
24
27
35
37
26
17
11
18
24
24
32
36
40
57
75
87
87
84
82
80
76
71
66
70
71
70
64
53
38
32
28
22
20
21
24
32
37
33
28
36
41
37
34
40
45
50
49
52
60
69
64
55
56
56
48
40
37
35
37
41
50
55
54
56
64
69
72
74
80
84
88
87
87
83
74
68
55
43
40
42
48
50
52
55
53
42
37
35
38
45
52
53
43
36
34
37
41
39
38
43
52
56
50
38
35
40
48
44
37
35
42
57
71
76
73
73
81
80
81
82
89
105
115
118
113
99
87
84
96
116
131
128
115
113
117
123
119
102
85
72
59
59
68
73
71
57
53
66
74
68
61
69
82
90
89
73
60
59
64
71
72
70
69
65
60
57
48
44
52
58
52
38
37
44
54
45
28
19
23
40
40
28
18
8
4
2
2
1
7
16
22
19
12
21
35
43
41
33
22
19
24
26
21
21
22
24
27
29
27
36
53
65
59
48
43
49
55
59
59
51
33
18
22
36
37
32
20
9
7
5
0
-1
9
18
18
23
36
55
65
58
66
70
59
45
40
34
23
19
20
29
37
42
42
42
42
49
66
80
82
81
88
98
99
98
92
85
75
73
73
65
48
35
34
36
37
26
5
-5
2
21
40
49
48
56
69
81
84
76
65
48
33
27
25
28
36
33
20
3
-8
0
10
17
17
17
21
26
25
26
38
49
57
59
60
64
71
83
90
91
92
91
92
90
87
88
91
92
101
108
113
117
128
132
124
114
100
83
69
65
69
82
86
73
56
51
42
33
20
11
-1
-21
-34
-34
-37
-43
-46
-58
-62
-58
-52
-45
-45
-42
-33
-19
-19
-18
0
20
26
25
23
28
42
59
74
77
81
87
93
88
76
81
99
100
87
70
67
74
82
90
91
85
83
81
71
66
59
65
76
76
71
73
76
73
61
55
58
71
83
76
53
28
34
50
56
54
54
48
44
58
67
71
68
60
57
65
67
68
68
70
74
70
64
55
43
38
37
43
45
42
48
52
48
44
41
34
20
13
25
32
27
22
20
19
12
9
8
3
-8
-22
-24
-20
-19
-18
-9
-3
-5
-13
-26
-21
4
28
44
44
39
37
43
48
50
57
74
81
77
81
90
98
90
73
68
73
75
70
59
50
49
54
58
59
56
45
38
38
36
32
32
29
32
35
27
13
8
13
19
25
29
23
21
19
19
26
35
40
37
34
35
37
41
42
36
34
40
45
44
43
41
38
41
50
50
50
56
60
54
55
72
87
103
109
99
81
70
66
59
56
60
64
51
34
26
38
48
40
37
48
49
40
39
40
43
50
57
75
87
84
69
59
59
59
58
60
59
55
54
56
64
70
74
72
64
64
66
67
70
76
75
59
44
53
64
66
60
52
43
36
32
28
26
21
10
12
22
24
19
13
16
18
21
23
13
-1
-10
-12
-8
1
21
34
36
39
44
56
72
87
87
85
86
86
86
88
88
91
103
107
103
99
97
92
86
81
72
70
67
60
52
34
25
32
42
44
41
35
19
5
2
5
16
27
27
22
17
16
26
38
33
25
24
24
22
24
29
38
53
74
91
100
99
98
93
91
98
102
102
102
106
117
118
118
119
122
123
117
112
108
113
109
92
70
56
54
54
40
25
16
17
28
33
20
0
-9
-8
-6
-3
1
2
-3
-6
-9
-9
1
10
17
25
36
39
35
34
42
50
56
72
81
77
76
76
69
61
58
52
41
38
37
36
26
22
26
28
27
32
32
23
5
0
6
16
21
42
57
55
53
49
50
52
49
40
50
65
74
87
102
107
103
88
71
69
74
86
90
87
76
58
43
34
32
36
43
45
40
38
37
34
32
34
24
8
4
7
5
4
8
21
33
26
11
3
5
12
8
4
8
20
28
32
27
29
33
37
43
54
59
58
58
64
76
86
88
89
90
88
87
99
106
102
98
88
81
72
67
64
67
76
77
73
71
69
68
66
67
67
64
64
71
68
58
54
43
28
23
26
28
32
32
32
41
55
59
56
49
41
41
48
54
65
74
69
53
40
35
38
41
39
44
65
81
87
81
66
56
56
57
55
53
55
56
51
42
32
20
11
5
-3
-13
-24
-19
-4
6
8
-2
-18
-24
-5
22
32
25
18
9
19
36
49
57
64
71
88
104
113
115
108
104
105
119
133
133
138
144
139
139
141
140
132
119
113
105
96
84
76
73
69
59
57
50
38
25
17
11
12
7
-3
-10
-19
-23
-22
-19
-7
1
1
-1
-7
-10
1
20
34
44
54
51
51
49
43
41
41
41
49
66
81
88
90
88
86
84
74
66
65
68
69
67
66
61
66
71
71
64
56
55
51
48
48
48
41
36
32
28
32
24
25
36
39
36
26
20
22
27
33
29
24
22
26
36
41
39
35
38
50
56
57
55
54
58
73
86
87
89
90
88
76
72
76
80
68
40
21
23
28
24
11
3
4
11
19
19
11
4
4
6
2
1
1
3
5
8
9
8
8
11
13
17
12
4
1
-2
-2
8
25
43
53
43
36
45
61
71
72
65
60
65
59
44
23
17
27
43
52
51
43
38
32
29
45
58
60
56
50
41
40
38
35
38
50
55
54
52
53
56
64
69
65
60
67
75
89
107
115
115
108
107
103
100
100
98
97
100
97
84
72
69
71
80
84
73
54
37
32
35
33
22
21
19
16
11
16
9
2
1
5
7
17
32
44
49
44
44
49
58
70
75
77
68
55
45
49
52
57
60
53
43
36
39
51
60
68
65
56
49
35
12
1
8
19
24
35
55
64
56
54
54
50
39
35
42
41
26
6
-4
0
8
11
5
2
11
29
50
66
67
64
52
33
28
43
50
53
65
81
89
84
68
60
69
80
87
88
77
66
59
55
43
42
54
71
85
83
64
48
40
35
27
24
20
11
8
12
16
18
21
27
36
52
72
86
86
69
50
41
42
55
75
92
92
80
70
69
75
84
89
91
87
73
69
75
82
83
81
80
80
75
75
76
68
52
39
35
39
49
53
52
43
26
19
25
36
39
44
54
53
36
21
19
23
32
36
35
33
33
25
11
10
22
33
38
44
41
35
34
38
41
51
71
88
84
76
76
74
60
49
48
44
43
36
34
43
53
54
52
54
58
59
61
65
58
41
28
22
8
-2
1
12
23
18
6
7
20
28
35
41
41
37
32
32
35
38
40
49
59
65
55
53
49
39
25
20
25
44
58
57
59
72
82
80
74
71
71
81
76
55
48
60
74
85
88
82
68
48
34
29
38
51
58
61
52
35
27
28
24
20
22
20
18
21
24
20
17
32
42
41
33
27
38
52
61
64
52
48
56
68
80
84
77
68
64
70
77
70
56
42
41
42
41
33
25
33
42
51
49
36
27
23
16
12
16
21
27
27
18
7
7
9
10
22
34
43
51
52
55
54
43
37
42
53
53
42
35
40
59
80
88
88
86
81
74
73
75
75
74
74
74
80
82
82
74
72
80
86
91
89
76
71
68
68
64
53
50
48
43
39
34
26
25
26
33
48
60
60
55
60
57
48
50
60
66
57
52
50
42
44
52
54
51
44
57
65
58
56
55
60
74
81
75
81
86
82
64
51
43
42
36
34
33
26
19
12
7
5
10
10
10
