35
23
9
6
13
28
44
50
45
38
40
51
61
67
56
52
54
55
50
43
36
28
27
39
55
58
56
58
59
58
57
58
55
55
66
74
67
57
60
75
86
88
71
54
39
25
23
21
18
16
7
4
5
2
-7
-5
9
23
23
24
28
39
43
44
48
56
64
56
53
53
52
57
64
67
66
57
52
45
51
56
57
64
68
68
58
45
41
45
45
42
40
35
23
19
26
35
28
16
5
5
10
11
16
11
11
19
22
20
25
29
37
38
37
42
45
52
57
57
55
57
60
58
64
70
68
55
52
53
59
71
80
82
82
80
84
89
85
71
51
38
33
25
16
10
3
3
11
17
10
-3
-24
-35
-33
-28
-20
1
26
49
56
56
52
43
38
35
42
50
48
50
56
59
60
59
58
49
35
36
44
57
67
73
84
89
85
85
84
74
69
72
81
86
90
89
84
80
68
56
52
49
49
49
48
39
25
16
10
12
23
33
33
24
18
6
0
-1
-3
3
17
33
49
65
82
86
76
60
52
54
67
83
87
75
61
53
49
49
51
49
51
56
51
45
50
44
38
33
32
32
37
42
43
49
44
40
27
20
19
23
26
26
21
13
10
23
35
32
27
12
-2
-3
2
4
6
9
9
10
8
8
21
40
49
42
40
49
53
58
67
65
65
64
65
72
80
72
52
38
38
37
35
35
44
64
73
76
77
75
65
49
41
44
55
56
49
42
44
49
55
64
68
65
51
42
42
49
54
53
49
52
60
67
60
57
68
80
76
70
65
72
82
81
73
70
68
71
70
66
60
58
64
73
77
76
66
50
44
51
58
58
51
40
32
33
37
33
34
39
50
58
60
54
50
53
65
73
84
101
112
101
84
77
72
65
60
58
55
52
52
50
45
41
29
19
19
27
36
33
21
16
21
23
13
9
16
26
35
26
22
32
49
52
43
33
21
12
8
17
35
51
54
49
48
54
64
74
88
101
104
93
73
57
54
56
57
67
72
60
49
42
44
44
49
54
59
59
56
45
28
32
48
54
55
64
72
80
83
76
66
60
59
67
71
68
60
52
38
27
28
23
18
23
36
39
36
38
49
55
54
49
49
53
51
41
40
49
55
57
54
44
52
72
88
87
80
77
84
85
72
59
57
49
40
43
42
38
25
16
12
23
37
37
24
10
1
4
16
24
25
27
32
35
29
24
23
24
32
39
48
50
49
48
41
33
36
50
65
68
67
67
57
53
57
67
68
65
60
58
53
39
23
19
27
34
28
24
21
23
22
21
21
20
26
33
33
38
44
42
33
27
39
48
42
49
65
76
76
75
75
73
76
82
83
80
74
71
74
73
67
58
53
55
64
67
68
67
61
48
33
34
41
44
37
36
40
44
44
33
20
16
12
19
34
39
35
35
37
50
61
71
76
74
65
49
36
33
28
16
6
16
32
43
41
32
23
21
22
26
33
35
35
41
52
54
56
64
60
52
43
52
68
69
55
43
42
55
60
54
48
42
36
35
43
52
43
27
16
5
3
2
0
6
16
21
24
29
33
37
39
37
42
48
43
44
48
40
26
25
37
44
51
54
58
69
80
75
65
67
81
98
106
100
83
74
80
81
70
53
41
44
50
33
7
1
6
1
-8
-12
-17
-14
-8
-10
-9
0
11
20
20
20
25
32
34
37
38
44
53
55
54
42
36
40
50
56
64
64
60
60
51
32
20
38
61
76
80
75
81
91
97
89
74
66
64
65
66
59
45
39
40
38
33
23
16
7
1
-4
3
19
28
25
19
8
4
8
7
4
2
5
25
48
51
43
41
41
42
50
57
56
55
57
59
59
69
77
82
73
68
71
72
67
64
66
66
57
51
42
40
41
41
39
36
24
21
21
20
24
38
44
42
34
21
19
26
35
40
38
36
28
19
7
3
6
11
19
28
42
56
59
59
66
75
83
86
90
93
96
90
88
89
87
82
81
87
99
99
85
71
75
87
85
75
64
56
54
51
41
33
34
35
38
37
35
33
26
26
25
20
17
21
23
24
23
32
33
32
38
44
53
56
53
45
48
56
65
68
61
50
45
52
55
56
53
44
42
39
32
33
42
48
41
41
49
56
55
53
58
60
56
51
48
38
28
38
55
60
54
42
33
36
41
49
54
56
52
48
54
65
56
50
51
50
48
42
37
27
24
27
34
36
40
38
37
38
35
27
27
29
27
21
21
27
33
33
28
33
35
41
50
51
50
49
48
43
44
43
56
57
51
48
45
50
53
54
51
41
37
43
39
39
44
49
49
43
42
50
57
59
57
49
36
33
28
22
20
33
41
45
50
67
75
60
50
56
60
56
57
56
50
42
42
50
60
68
65
58
54
58
75
86
83
76
73
80
82
75
72
74
76
85
82
64
51
57
66
69
68
67
66
59
59
67
70
73
59
41
42
58
71
67
53
55
60
59
59
66
76
81
80
75
64
49
40
33
27
32
28
24
24
18
9
7
4
0
2
13
27
35
40
43
40
36
43
59
68
58
44
34
23
27
28
23
18
22
28
37
42
50
56
59
54
54
55
49
42
43
55
65
56
43
41
40
35
39
50
55
54
51
48
42
40
42
42
40
36
34
39
52
55
54
52
43
32
20
19
36
38
36
43
51
56
52
43
34
36
44
56
66
64
54
58
68
72
64
55
56
59
61
58
49
44
53
59
53
41
40
51
65
68
66
59
49
40
43
52
53
50
43
37
36
41
41
38
39
38
37
32
24
18
10
10
19
26
33
37
39
41
40
38
28
26
28
41
50
52
48
36
27
26
33
43
65
80
86
83
81
85
87
86
87
88
86
75
67
60
60
60
49
25
11
8
11
11
10
12
20
26
35
42
59
74
75
61
57
65
70
67
57
53
56
59
57
42
34
25
21
19
18
29
50
64
69
68
57
52
45
40
39
41
52
60
60
65
72
65
49
37
28
28
26
29
36
36
36
26
22
28
34
25
12
5
1
2
10
28
43
43
34
32
44
59
65
60
60
68
69
70
73
74
81
88
89
83
72
69
74
76
65
51
38
32
37
48
50
51
51
49
42
44
54
58
61
60
58
55
53
43
36
38
42
53
56
50
38
28
27
35
39
43
48
49
45
45
52
65
74
76
73
60
50
42
48
56
61
55
48
44
50
66
72
75
81
85
89
96
93
83
73
66
59
65
75
80
73
71
64
45
37
45
57
55
49
48
48
41
35
21
11
6
8
9
17
33
44
49
53
56
50
48
45
45
48
64
72
59
37
26
28
34
36
38
40
36
27
24
37
55
70
71
59
44
33
23
25
32
34
35
33
22
13
13
18
22
25
34
50
64
59
52
51
67
83
92
93
87
76
65
57
51
43
36
28
35
44
51
50
40
22
19
22
27
33
42
56
65
67
64
64
66
58
49
44
57
75
72
59
60
66
65
64
60
58
54
49
42
44
51
49
48
42
36
29
26
22
17
10
13
23
24
20
22
24
20
5
-5
-7
0
8
9
10
10
13
19
19
21
37
65
86
83
68
64
59
59
59
56
53
51
44
39
36
36
44
52
52
49
51
49
39
29
25
32
48
69
74
69
65
60
56
50
52
57
57
51
52
52
49
45
48
64
85
97
89
83
74
69
70
80
83
83
86
92
97
86
67
54
42
33
35
56
73
72
66
60
65
69
68
58
51
48
41
29
18
12
16
19
19
21
33
48
50
50
52
52
59
73
77
65
44
32
23
33
49
54
53
57
68
80
96
101
91
85
81
88
98
96
91
93
96
85
70
58
48
37
26
20
18
19
21
21
21
23
25
28
34
36
36
36
38
42
41
40
48
59
60
55
49
44
52
60
64
57
57
59
60
57
60
68
70
70
73
73
64
43
32
20
13
9
9
21
26
18
9
13
22
27
28
26
26
32
36
38
36
23
17
17
16
13
8
2
2
4
7
6
8
21
41
53
55
54
58
70
82
86
91
96
89
72
61
58
65
73
73
69
66
59
54
57
74
90
85
58
33
18
25
40
42
37
26
20
20
20
20
22
26
27
24
25
37
49
51
52
60
64
60
59
69
86
101
106
104
96
90
83
70
65
66
69
81
89
87
81
69
57
52
50
51
49
38
34
28
24
24
23
19
23
33
41
52
58
59
56
44
44
50
41
38
42
51
56
67
74
64
49
40
42
41
37
26
16
11
18
26
36
42
41
34
27
25
26
32
38
43
52
55
56
65
76
82
71
70
82
82
71
69
70
72
72
73
75
73
72
70
71
72
74
81
70
55
52
59
66
69
68
60
52
41
36
35
32
26
20
17
17
21
26
36
38
32
22
18
13
7
7
17
32
45
54
58
66
70
74
75
76
77
76
72
76
82
83
87
93
88
70
56
48
36
23
19
23
21
21
21
10
-3
-13
-20
-19
-10
7
32
50
58
52
43
44
52
60
68
73
77
81
68
55
51
56
60
65
66
65
71
77
84
82
67
54
51
53
54
58
65
56
43
37
37
44
49
37
21
9
11
16
9
6
7
8
19
24
22
12
13
20
24
32
36
26
17
19
29
37
37
35
36
39
40
44
60
69
64
55
52
52
52
52
53
60
68
73
75
68
51
41
50
55
55
54
49
42
42
49
51
48
40
29
20
23
38
40
35
26
26
36
36
26
21
26
41
51
52
43
38
48
58
65
61
56
55
55
53
53
64
60
56
53
53
58
66
68
70
70
65
56
54
49
43
42
39
40
50
57
59
57
51
39
40
44
41
26
11
16
37
58
66
71
72
68
61
48
27
10
6
22
41
50
40
23
5
5
18
28
39
48
52
55
55
52
43
37
39
55
67
71
76
76
75
75
84
91
77
60
48
33
24
19
20
23
37
53
56
56
57
55
51
49
50
53
56
49
24
3
4
26
43
42
32
21
18
36
67
82
82
77
73
68
72
76
80
82
81
83
81
72
72
73
69
59
51
54
67
74
73
71
67
64
57
53
52
54
55
50
44
38
28
25
36
42
48
45
39
38
42
43
32
13
6
3
12
27
33
24
21
26
36
29
20
23
24
26
33
33
36
39
39
28
26
33
35
29
29
33
32
28
32
29
28
42
52
43
36
38
43
37
26
24
34
33
16
-8
-24
-29
-28
-28
-30
-36
-39
-27
-18
-8
3
21
36
41
32
21
24
35
43
50
51
58
59
53
51
56
65
66
68
75
83
92
102
97
83
81
89
85
65
43
40
44
40
27
13
3
2
10
16
11
9
6
3
4
9
25
43
51
53
53
51
44
49
54
56
56
56
57
52
50
64
83
101
104
96
87
85
88
91
99
99
92
82
70
68
64
60
61
64
65
69
67
60
55
49
56
70
66
52
42
48
54
57
57
54
50
54
54
42
36
35
29
27
37
48
42
41
45
49
53
51
40
35
38
45
55
53
44
50
54
50
38
35
40
45
57
75
81
73
67
61
57
60
66
70
76
77
72
61
52
43
40
40
48
64
76
81
76
75
71
65
66
67
66
68
71
64
53
49
39
37
44
44
38
35
35
40
42
38
26
11
11
25
37
38
37
49
65
71
69
65
61
54
49
54
65
68
65
61
58
53
48
43
50
56
57
58
59
66
67
65
69
75
83
81
72
73
84
85
81
72
68
58
53
51
52
56
64
60
54
44
40
41
40
44
55
60
68
75
81
80
70
60
59
61
65
64
66
68
59
54
55
68
76
74
59
50
49
50
51
56
65
69
73
75
71
72
69
56
51
52
49
41
36
36
33
25
23
23
20
10
7
19
26
25
22
21
27
34
33
27
28
35
41
40
39
41
54
61
61
67
73
82
91
105
113
113
102
92
98
100
96
81
66
49
28
24
27
33
40
44
32
17
6
5
8
7
5
3
0
0
-1
-1
4
7
19
38
50
53
51
45
38
42
54
57
56
59
69
80
83
82
80
73
75
97
112
117
113
103
100
102
99
86
67
55
54
56
52
44
39
27
16
5
1
3
0
-7
-8
-3
-4
-9
-13
-11
-5
1
2
8
11
13
19
22
25
33
38
52
61
57
52
52
51
59
73
82
83
83
87
100
101
88
76
82
80
65
52
42
26
9
-4
-8
-7
-1
4
3
-2
-2
-1
1
10
32
42
44
39
33
27
33
41
53
64
61
53
35
33
43
52
57
58
50
35
28
32
38
43
50
64
76
81
72
61
52
54
64
74
84
85
71
57
59
61
54
43
34
22
19
25
26
32
41
53
59
60
54
54
55
58
70
89
101
93
74
64
67
70
74
80
86
92
87
83
75
75
83
89
84
70
67
68
65
58
58
65
64
48
35
34
33
23
21
32
39
39
32
20
10
11
12
9
4
-1
-1
-1
1
10
16
10
10
8
5
8
18
26
32
26
19
16
27
43
61
74
74
73
81
88
96
99
101
105
112
114
109
104
102
96
81
67
68
73
71
65
55
44
38
36
37
41
41
43
41
38
39
34
33
36
36
28
24
22
21
25
26
23
20
23
24
19
17
28
40
42
38
39
48
48
41
36
27
20
10
11
26
40
44
51
55
59
60
65
69
65
58
60
67
71
75
80
70
52
41
41
41
41
45
50
51
50
44
44
42
36
36
38
39
37
39
44
57
70
74
71
65
56
56
64
73
84
88
80
66
53
44
42
45
51
39
23
34
50
51
43
41
44
49
51
56
60
58
53
41
33
34
43
53
49
32
20
32
49
57
61
60
58
56
65
73
75
73
67
64
67
75
83
81
71
64
53
44
41
43
49
49
38
26
19
18
12
10
16
19
12
2
-7
-10
-4
3
-4
-6
3
9
11
13
17
22
26
25
26
38
53
58
52
49
51
59
66
64
68
67
64
57
53
58
66
65
59
60
60
53
45
41
41
41
36
33
36
36
38
49
56
65
67
68
76
86
88
84
72
52
43
50
54
50
37
21
17
24
36
32
18
4
1
5
16
25
36
50
64
61
56
52
50
53
55
56
57
61
60
66
84
104
108
96
83
75
74
83
87
86
84
86
92
96
100
100
101
98
84
75
72
69
58
45
41
38
36
35
36
28
20
11
7
10
20
16
0
-12
-12
-4
3
-5
-9
-6
0
4
7
16
21
23
25
21
19
20
28
40
42
45
44
44
43
45
48
43
37
36
48
55
54
52
52
51
43
41
43
45
38
25
19
17
11
10
17
19
19
29
42
36
33
37
44
50
45
49
59
67
66
64
61
64
61
68
76
76
74
73
75
81
87
80
60
51
57
67
60
53
54
61
64
58
56
58
64
57
53
41
32
26
35
40
42
37
33
32
25
21
26
42
56
65
68
75
84
88
89
97
103
100
92
90
88
89
87
75
70
69
68
59
55
55
60
68
57
40
36
49
58
60
52
35
24
21
24
27
28
34
38
38
39
40
42
44
53
60
68
72
70
68
65
61
65
66
60
53
50
52
57
57
53
40
33
28
24
26
32
26
17
12
17
22
21
16
12
21
33
39
41
40
39
40
43
42
40
41
39
36
38
48
52
49
50
58
64
54
49
43
44
48
41
32
27
32
32
26
26
37
42
39
34
34
34
34
41
56
66
68
69
75
85
83
75
77
80
72
67
69
59
44
38
36
24
8
13
35
54
56
51
48
48
53
51
42
38
33
27
29
34
41
49
42
37
35
37
32
17
5
5
5
-2
-11
-12
-4
13
32
32
32
33
43
56
55
53
49
36
25
25
34
36
38
49
54
49
43
49
50
57
67
73
73
72
70
65
64
67
67
64
64
53
33
28
38
40
42
40
43
50
52
52
50
52
57
57
54
52
48
51
58
59
65
72
90
105
106
105
98
88
86
96
102
98
87
82
83
81
73
60
55
59
64
60
60
61
54
41
32
22
18
18
19
17
8
3
4
8
9
6
3
6
1
-6
-6
4
18
21
20
20
23
28
38
42
42
50
59
66
72
88
102
100
82
68
66
74
83
76
68
59
56
51
44
41
48
59
68
67
58
45
34
27
32
35
41
48
41
35
38
49
51
53
60
67
66
56
48
49
55
64
68
65
56
49
39
39
52
68
71
64
54
48
43
43
38
27
25
28
22
18
23
37
50
51
50
50
41
39
44
54
67
68
65
68
73
84
85
80
80
83
83
73
60
58
70
83
86
85
83
83
74
68
70
70
67
72
75
73
70
71
69
59
56
56
56
52
50
51
48
44
51
58
53
38
28
28
33
34
40
50
51
49
43
49
57
60
60
59
59
70
76
76
70
68
75
85
77
56
38
27
22
24
28
37
37
34
29
22
10
2
2
10
11
8
6
1
-9
-18
-17
-12
-8
1
10
9
7
5
5
11
19
25
26
26
25
22
22
23
23
23
20
9
7
16
27
32
21
18
29
49
59
68
69
65
58
53
50
51
51
50
53
59
60
58
51
43
40
39
45
53
51
42
37
38
42
40
36
38
49
55
51
38
33
40
50
44
37
37
50
57
55
54
56
59
60
58
57
55
58
68
71
66
61
69
70
65
61
66
67
66
56
54
65
76
90
99
99
90
77
72
72
76
90
92
85
75
68
58
43
26
24
29
34
29
26
34
42
52
61
60
50
43
51
54
52
56
60
56
45
36
33
35
37
38
40
44
50
52
51
55
65
65
71
82
88
90
90
88
81
66
54
45
41
41
50
51
51
54
41
34
35
39
39
28
20
11
9
3
-7
-11
-5
-2
-3
-6
-6
3
13
13
9
4
3
0
0
6
9
13
23
27
26
28
35
44
65
82
86
87
88
96
104
102
96
90
86
70
56
57
64
60
59
60
61
67
71
70
67
64
55
42
37
38
42
44
43
39
43
53
53
44
40
43
55
64
64
54
44
43
44
49
43
35
33
33
27
23
18
13
20
24
28
26
27
37
40
38
32
26
27
24
23
36
52
59
57
50
44
48
50
56
61
61
65
64
61
65
67
71
67
56
48
49
54
55
53
54
58
59
59
60
65
55
39
25
24
28
37
42
38
32
29
33
36
35
34
34
38
38
35
37
38
40
43
40
38
39
35
22
11
12
27
40
36
27
28
40
53
56
44
36
41
49
55
59
64
58
58
68
72
65
58
70
84
89
88
81
73
76
80
74
64
58
70
72
66
59
59
54
44
48
53
56
57
59
64
59
55
51
49
53
49
40
36
34
27
28
34
38
48
56
60
66
64
59
60
64
58
56
55
68
84
91
83
74
80
85
72
56
51
59
75
86
81
55
33
17
7
10
20
26
28
35
43
43
43
48
54
50
40
36
35
28
22
24
35
35
27
12
4
4
7
9
8
5
9
20
22
22
19
11
6
11
20
24
41
65
69
67
60
67
82
82
61
52
48
50
49
41
35
39
41
40
36
36
43
51
48
35
32
37
51
59
56
51
48
56
68
73
77
82
86
88
83
70
59
57
59
59
57
54
51
52
48
35
32
39
48
52
55
55
55
54
49
45
55
64
64
64
58
44
34
25
20
20
21
11
3
6
20
27
26
23
24
29
39
37
35
39
42
40
44
57
65
59
54
50
53
59
69
64
49
41
40
40
41
42
36
28
29
35
37
38
42
49
48
41
36
33
36
41
44
44
50
59
68
66
57
53
52
53
50
50
54
60
74
83
82
68
61
66
69
70
67
68
73
70
66
65
55
51
51
42
33
23
20
27
41
52
50
35
29
33
37
54
71
77
74
61
57
61
59
50
42
43
44
48
55
60
64
69
84
90
88
82
81
77
73
69
69
76
83
74
57
42
36
39
48
43
39
38
23
9
16
33
34
18
7
11
19
26
39
52
51
42
34
28
29
38
43
49
51
50
48
50
56
60
60
60
74
91
107
113
100
83
67
59
59
54
45
48
54
64
64
56
42
34
35
53
73
73
74
81
76
67
53
49
51
50
55
64
64
56
56
50
36
32
36
48
50
40
33
32
26
20
8
-1
-2
5
11
18
23
27
36
50
50
33
19
29
40
41
43
54
59
59
58
54
50
44
50
58
70
68
54
48
52
56
44
25
18
22
26
23
35
48
57
66
61
53
49
42
42
52
56
51
49
51
55
49
33
25
43
64
57
39
29
37
50
54
44
41
35
23
21
26
36
39
42
42
39
37
39
40
39
29
27
41
64
69
69
67
58
52
48
41
44
49
48
44
37
22
18
34
42
42
42
45
53
58
59
55
54
55
57
59
57
54
56
65
61
57
55
56
64
60
50
44
44
48
51
56
60
59
55
45
35
33
40
48
51
50
41
23
13
19
23
26
26
25
26
24
20
21
33
41
42
42
38
40
48
56
66
72
77
82
88
99
98
86
72
69
65
54
52
54
56
55
52
51
59
70
68
56
48
42
50
54
49
42
42
41
45
51
52
49
39
24
16
16
24
29
34
39
44
48
51
53
42
34
35
44
48
48
53
51
44
43
40
34
36
49
58
69
69
68
65
60
57
52
38
24
17
18
21
21
17
12
11
11
9
18
27
38
40
41
50
54
56
67
80
89
98
101
97
87
77
67
57
56
60
56
48
45
52
51
41
36
36
36
35
37
39
37
28
23
26
34
39
38
36
48
64
71
74
80
89
96
97
93
92
93
87
75
70
66
56
45
41
49
53
51
40
42
51
51
44
39
45
55
55
43
27
21
28
40
40
28
18
21
27
25
21
20
18
19
17
12
11
16
19
26
32
26
20
1
-17
-12
-9
-8
-4
7
17
16
17
23
26
26
34
53
74
83
76
77
85
87
76
57
44
39
38
42
39
29
36
41
42
48
57
64
61
51
41
44
60
74
83
81
72
68
70
69
66
73
81
81
84
91
103
114
122
128
120
109
103
98
91
90
86
81
71
57
42
34
33
35
40
44
43
37
43
49
43
28
25
21
19
18
17
19
23
24
23
28
36
39
38
37
41
51
56
59
55
53
64
74
73
60
48
39
40
37
27
21
18
12
7
7
16
27
41
53
57
59
59
59
66
59
52
42
41
44
43
43
42
43
49
48
50
51
49
54
65
66
56
42
35
41
53
53
56
66
75
80
76
68
53
45
50
59
65
60
56
52
50
48
38
28
28
38
44
42
29
18
16
19
26
39
51
58
59
69
81
87
96
102
101
100
100
98
92
86
74
67
64
64
73
85
81
60
51
52
45
37
29
28
32
29
29
35
37
33
27
24
24
28
43
55
51
50
53
57
57
51
42
36
24
18
29
45
50
40
32
23
21
24
34
48
54
58
55
43
38
34
35
35
28
27
25
22
26
36
44
52
53
57
68
75
84
86
82
69
58
64
61
54
66
82
86
86
80
76
76
80
83
83
81
80
76
71
70
68
64
59
64
68
65
55
44
37
33
32
36
44
56
60
58
54
45
40
38
38
42
52
60
58
48
34
27
25
26
28
33
41
56
66
61
49
32
23
32
45
49
34
22
17
17
20
21
13
10
10
23
35
36
36
35
37
39
44
45
42
42
55
60
44
24
18
25
33
37
38
35
29
25
24
34
41
43
36
20
6
8
17
20
16
7
4
11
21
23
21
18
20
28
44
45
42
38
28
27
39
42
40
42
42
36
35
37
42
50
53
53
51
51
55
66
71
74
72
69
71
68
55
43
43
54
61
60
55
49
49
54
55
56
65
69
65
51
41
38
39
43
48
50
55
58
54
49
45
48
52
60
60
54
51
52
52
49
45
44
42
43
53
69
73
72
69
54
34
27
40
54
57
53
45
36
23
12
6
3
8
11
9
3
4
16
