41
42
50
61
65
53
36
21
17
25
33
35
37
40
45
43
33
22
28
35
28
28
33
33
36
36
34
42
44
40
32
28
33
32
26
25
26
27
23
25
38
49
49
44
41
44
50
52
45
34
29
40
54
54
53
55
58
58
60
67
74
83
80
73
75
76
81
84
73
61
61
65
70
77
85
91
82
70
73
85
88
69
48
39
41
45
49
50
42
32
25
28
35
41
45
44
40
37
34
26
26
36
43
39
35
45
64
59
43
37
35
27
25
33
42
56
65
66
57
52
50
45
42
38
41
39
33
27
28
39
51
57
60
60
53
44
42
41
54
68
67
53
41
42
50
48
36
29
28
24
24
36
39
23
9
8
13
24
32
36
44
58
64
64
64
65
68
76
90
86
71
67
66
65
65
67
66
60
54
52
53
51
40
34
32
32
28
24
24
34
36
33
37
50
57
58
58
65
64
44
28
25
34
51
67
71
69
59
48
43
48
48
52
53
53
60
81
86
82
75
71
66
59
60
58
52
44
33
19
-2
-6
23
56
60
52
49
64
86
99
92
76
73
76
82
85
89
83
67
50
38
26
16
3
3
7
9
12
21
20
26
36
26
17
20
27
39
50
59
50
34
35
45
56
59
58
50
44
57
71
76
77
71
59
55
64
70
64
48
45
53
53
43
36
41
50
52
40
23
9
5
6
0
-12
-24
-23
-17
-11
-13
-28
-30
-18
-2
17
33
34
40
57
66
57
65
87
96
92
96
98
90
81
71
66
60
60
70
67
43
20
6
5
10
17
16
6
-1
0
8
17
25
33
35
35
38
40
39
38
38
37
32
38
52
43
38
36
28
34
51
71
75
56
41
40
56
55
44
37
26
21
21
26
33
34
37
49
65
67
56
50
56
60
58
57
57
54
55
58
55
43
40
35
26
27
28
26
25
24
28
32
25
32
36
33
24
22
26
43
66
73
73
70
70
69
54
27
23
34
25
19
23
26
25
22
19
20
23
33
43
49
51
54
59
75
87
82
71
68
71
85
99
99
87
72
60
58
65
59
48
33
28
37
36
33
26
32
43
51
41
40
42
42
40
42
45
41
41
41
40
37
33
36
39
34
22
19
23
36
54
74
88
88
84
83
81
84
86
85
75
66
64
64
68
80
82
66
54
60
58
52
39
25
32
35
20
9
9
18
25
33
17
10
19
25
27
21
17
19
22
32
41
44
41
34
27
28
26
32
37
41
38
34
39
49
50
49
49
53
66
81
89
88
82
69
64
82
105
114
101
86
74
64
59
59
56
50
48
48
36
19
9
1
-1
-1
-13
-13
-1
3
2
2
0
-4
6
32
50
54
49
43
48
56
57
56
56
61
74
88
86
86
101
114
116
118
124
133
147
150
138
118
113
117
129
130
130
139
132
108
101
87
66
51
44
36
22
16
4
-8
-11
-7
-1
6
10
7
5
9
19
28
39
44
48
45
42
43
45
50
48
39
38
42
41
35
33
41
48
43
41
45
52
60
76
82
77
81
88
86
74
73
76
81
75
73
66
51
44
50
52
44
34
19
11
3
-2
0
5
12
22
25
23
22
26
35
40
41
44
49
53
50
45
54
67
74
81
85
81
68
59
60
68
73
76
77
74
71
74
84
81
69
60
65
74
83
75
58
44
34
22
17
10
-3
-17
-29
-28
-11
0
2
10
18
22
26
24
11
0
0
4
5
-1
-1
5
7
12
18
18
3
-5
2
24
44
52
58
80
91
88
72
66
68
69
67
71
65
38
26
41
56
58
57
56
44
35
36
38
41
51
54
53
55
49
38
34
26
22
22
23
24
24
25
19
13
20
33
41
44
51
56
52
50
55
68
75
75
74
64
59
59
59
68
72
75
74
66
60
66
65
60
72
81
72
49
35
38
44
44
38
35
41
48
42
32
22
21
32
34
23
11
8
8
1
-5
2
18
35
50
60
64
59
66
84
93
91
80
58
51
54
54
49
48
55
71
75
69
61
54
51
55
54
50
42
42
43
45
54
52
34
16
13
17
16
8
4
11
19
18
16
25
44
60
57
50
50
49
44
48
48
45
44
53
57
56
51
45
35
12
2
2
10
20
21
8
-4
-9
-9
-5
8
24
34
42
55
54
43
42
44
45
48
48
51
51
48
48
41
32
22
19
34
60
72
66
57
52
43
42
56
72
82
81
83
90
91
87
90
89
72
65
69
75
83
87
84
71
55
41
42
38
39
57
69
70
60
44
48
61
75
76
70
61
55
53
52
43
33
28
33
40
51
57
57
52
52
53
56
51
34
21
21
19
11
2
-12
-23
-29
-29
-17
3
10
16
24
29
32
40
53
73
86
90
92
84
80
89
97
91
83
73
70
70
83
92
97
90
80
67
68
68
60
52
53
57
52
39
32
26
26
22
21
21
26
26
22
21
33
39
40
39
43
43
48
50
42
32
25
42
53
51
51
57
67
68
61
65
64
64
60
65
68
64
58
57
59
57
56
65
68
65
65
64
61
69
76
80
75
71
67
54
38
28
35
37
26
26
24
23
22
21
19
21
26
26
21
21
29
37
40
39
35
32
29
34
32
26
22
21
33
43
48
41
50
65
69
74
82
80
76
83
92
92
88
90
92
90
92
90
83
75
75
80
85
82
73
73
75
73
67
67
67
60
52
49
43
37
23
12
11
17
8
1
9
24
33
37
35
20
11
27
50
55
49
41
39
52
74
89
85
70
67
73
76
66
55
54
58
58
57
50
39
35
35
35
39
54
66
58
43
33
26
27
35
36
34
29
23
12
3
2
10
17
22
28
39
41
42
39
37
48
65
75
76
76
80
76
92
108
106
98
96
96
88
80
82
92
96
96
98
99
99
100
103
101
96
90
85
87
92
84
64
39
34
49
51
28
2
-20
-33
-27
-20
-17
-23
-28
-37
-43
-37
-24
-14
-8
-4
0
-2
-1
3
10
18
25
35
42
52
65
87
106
112
106
114
124
133
130
130
138
155
166
163
156
153
153
153
151
149
144
129
105
88
77
65
51
42
29
7
-7
-12
-22
-36
-46
-51
-49
-42
-38
-29
-33
-33
-28
-25
-20
-22
-25
-25
-10
8
23
32
32
26
27
44
74
85
87
91
97
91
87
88
89
89
90
90
86
86
97
106
103
86
69
60
61
68
66
59
55
42
33
32
34
34
33
35
34
19
6
1
-6
-18
-29
-33
-28
-25
-18
-17
-26
-27
-11
-2
6
18
18
13
18
21
32
42
49
58
67
64
55
50
49
53
58
57
57
61
60
54
53
66
77
81
72
60
48
37
36
42
43
34
19
9
18
27
33
25
6
-4
1
3
0
0
-1
-12
-28
-37
-34
-24
-18
-6
4
9
13
19
24
33
42
53
54
49
41
48
70
88
92
91
90
99
106
112
113
114
116
121
117
112
113
115
105
84
73
80
76
61
38
10
4
12
12
6
-3
-4
-4
-10
-20
-21
-20
-11
-3
10
27
40
48
37
23
26
52
71
81
87
91
88
84
86
104
116
114
103
99
103
106
106
105
105
112
112
101
76
60
65
71
69
59
54
53
53
51
44
43
38
33
33
41
44
45
45
32
17
5
0
1
7
12
10
10
19
24
28
38
44
50
49
51
58
65
59
66
85
104
102
90
85
90
98
96
89
88
86
80
69
66
69
65
53
40
34
22
10
2
1
7
18
18
7
-11
-29
-35
-35
-26
-14
-5
-3
-5
-2
-2
-11
-22
-20
-7
20
48
67
73
72
89
117
125
121
115
107
107
117
130
136
138
137
131
120
121
119
112
101
99
97
81
55
38
26
20
16
4
-10
-9
3
6
1
-4
-11
-12
-18
-27
-36
-37
-25
-17
-12
-4
9
22
29
43
52
51
50
56
70
75
73
69
66
73
84
88
101
100
76
53
44
38
32
42
68
70
50
36
41
43
40
33
23
19
20
24
24
18
19
25
25
24
29
39
42
41
32
23
38
56
54
48
51
58
52
42
38
40
54
67
71
59
51
55
64
60
55
55
58
59
66
68
68
68
65
67
68
66
65
67
65
68
70
66
66
72
75
75
74
61
56
68
82
84
74
58
51
53
57
57
49
50
58
66
68
71
71
69
68
71
81
77
69
61
59
64
65
66
72
71
61
51
38
33
27
33
38
43
40
34
24
20
35
60
81
80
69
59
53
58
67
59
55
60
59
49
39
35
26
16
10
12
18
19
21
25
22
12
7
9
23
32
29
29
40
51
49
42
52
71
80
75
75
81
85
89
84
77
77
86
97
106
121
120
107
96
86
77
81
97
114
109
87
61
59
73
84
82
74
72
74
82
84
72
56
48
37
32
29
35
43
53
53
41
27
7
-6
-12
-18
-14
-13
-6
-1
-1
-2
5
19
22
18
19
29
42
52
56
64
72
72
83
102
116
106
96
92
90
90
98
112
113
98
83
77
81
82
71
68
67
60
53
44
37
26
18
4
-7
-13
-8
-1
-2
-3
-5
-13
-13
-2
6
-2
-8
-8
-6
-6
-8
-6
-1
-2
-5
-2
6
18
29
38
40
44
44
48
57
67
69
65
56
52
52
53
56
58
57
54
56
55
49
41
36
37
45
48
32
9
4
20
27
24
27
28
32
36
41
35
25
29
34
37
41
43
43
35
26
26
25
20
11
7
22
40
51
55
67
76
83
88
87
85
76
66
53
34
16
8
16
35
54
57
50
51
58
61
60
43
25
16
12
13
9
4
9
19
20
20
23
20
9
17
33
43
53
55
58
68
68
68
75
83
86
91
90
81
65
54
58
74
90
90
75
64
64
70
75
71
52
38
38
42
42
36
34
37
40
42
50
58
55
51
50
44
38
33
41
50
49
40
32
33
37
34
32
28
28
41
50
40
32
32
43
67
77
70
58
66
82
90
85
80
85
92
100
92
87
89
99
103
107
105
101
97
97
98
101
97
85
87
97
89
71
54
49
48
41
41
44
39
39
55
80
91
84
59
53
54
57
60
66
70
67
64
59
52
45
48
50
53
51
42
34
28
29
24
16
20
33
42
49
36
18
0
3
20
34
38
40
40
48
52
49
41
28
18
19
24
25
21
22
20
17
13
12
8
11
20
27
32
29
28
25
22
24
34
50
53
44
33
33
37
38
42
44
39
35
33
35
35
32
32
27
22
8
-4
-8
-10
-7
-5
0
5
13
32
40
42
38
35
35
32
16
-8
-18
-12
-9
-8
-4
2
5
7
5
7
24
49
71
96
105
104
104
106
103
92
84
82
85
86
92
114
137
149
137
113
91
75
75
86
87
77
64
43
25
5
-5
-9
-7
2
21
33
25
4
-14
-18
-9
6
28
42
42
41
40
45
49
52
56
65
73
82
92
104
107
108
104
104
112
131
145
141
138
145
160
163
149
123
105
99
84
66
50
38
39
37
25
11
2
-7
-17
-22
-33
-40
-43
-50
-52
-43
-39
-42
-42
-37
-33
-25
-13
-4
2
9
21
36
52
64
69
76
91
104
116
128
137
135
134
147
157
154
147
141
140
136
123
107
105
113
115
102
71
40
20
7
-1
-13
-22
-26
-37
-42
-50
-57
-69
-69
-60
-61
-70
-72
-73
-67
-58
-51
-35
-9
12
36
51
57
66
74
86
102
119
132
139
147
149
148
153
161
153
144
155
173
169
155
148
139
128
120
119
118
117
109
97
82
72
60
48
25
7
-4
-26
-52
-57
-49
-51
-46
-43
-50
-55
-57
-59
-58
-51
-35
-13
-6
-5
-5
-1
12
27
38
50
61
80
91
93
90
89
86
86
84
84
90
102
108
106
103
91
76
67
66
61
49
43
42
48
44
32
24
29
32
24
28
39
38
33
32
26
21
20
20
21
12
-2
-11
-19
-21
-11
1
10
9
12
25
32
27
26
34
36
41
51
51
43
52
73
86
77
67
64
74
90
98
87
76
73
65
48
38
42
55
60
51
41
41
44
41
35
39
50
45
42
48
42
26
16
9
3
2
9
18
9
-2
-6
0
7
21
39
50
53
52
53
67
76
76
74
75
76
73
70
72
73
69
61
59
58
65
73
85
96
96
89
81
67
59
64
72
73
67
59
58
55
49
40
28
8
-3
0
12
26
35
35
38
40
43
49
44
37
26
23
25
33
39
51
57
57
48
39
39
45
58
76
99
105
98
82
75
77
75
67
54
45
50
53
49
40
36
28
34
39
40
27
16
12
8
6
17
19
22
22
23
23
25
33
48
67
85
92
87
71
54
52
68
82
85
74
60
57
53
52
59
72
76
75
71
60
49
34
21
28
42
49
53
53
44
42
53
65
69
69
65
59
64
68
69
65
49
40
48
56
65
66
67
60
56
56
56
54
51
45
42
44
58
67
67
70
81
83
81
77
74
71
59
49
38
41
50
49
34
17
12
16
20
24
21
16
12
16
33
44
53
56
51
44
45
55
65
66
60
54
45
48
49
49
41
35
42
57
64
56
55
52
45
55
68
70
60
53
52
50
38
26
32
49
60
66
65
60
58
56
53
56
56
51
50
53
55
58
67
59
42
32
25
22
18
28
51
56
49
43
44
41
33
28
21
9
1
-8
-12
-19
-19
-18
-14
-11
-12
-12
-9
1
21
44
60
66
55
51
53
60
81
93
98
90
83
87
98
102
98
86
82
81
83
91
99
87
70
58
53
56
64
70
77
81
74
58
44
39
45
60
57
40
25
20
21
25
23
22
18
9
13
20
25
28
38
43
50
54
54
55
52
49
53
56
58
61
67
68
68
75
83
73
54
36
22
23
32
25
11
3
1
6
20
33
40
36
28
27
39
50
49
43
38
38
42
49
57
64
64
57
50
37
33
41
53
60
65
64
66
67
60
58
67
76
77
70
65
64
67
85
98
86
64
51
56
65
60
56
55
57
65
68
58
40
32
37
51
60
57
54
55
59
57
45
39
44
45
48
48
42
41
44
54
67
75
76
80
80
73
72
74
74
65
44
39
49
58
57
51
44
42
49
50
41
37
43
53
52
40
36
39
48
43
42
44
40
29
27
40
57
56
43
35
23
21
20
19
22
18
6
4
5
11
12
11
19
29
33
22
6
1
2
-1
-3
-1
-2
6
19
24
23
26
36
53
67
67
57
52
64
82
89
83
74
66
68
80
82
81
76
84
88
85
81
80
82
84
82
70
57
54
53
48
40
34
25
17
9
9
16
18
13
12
10
7
7
7
7
7
1
0
8
21
27
35
39
38
32
28
36
44
56
66
80
88
80
67
57
53
57
67
72
80
71
55
45
53
73
75
66
64
69
72
72
66
54
42
36
36
44
55
55
37
17
3
6
12
16
11
16
22
26
35
32
23
27
38
43
41
40
48
48
41
33
28
28
37
48
50
43
40
41
43
42
40
27
21
25
29
25
18
16
23
39
45
36
20
16
25
41
56
65
69
74
76
76
87
90
88
89
99
103
98
89
97
102
104
115
119
103
84
72
58
54
58
64
60
44
25
8
-5
-6
6
22
25
23
21
26
28
25
12
5
6
23
37
32
28
41
52
48
36
33
36
33
32
32
38
56
73
76
76
74
72
71
75
84
85
89
89
80
83
88
85
89
91
77
56
38
36
49
66
68
53
40
35
32
27
23
21
16
11
10
12
10
-1
3
9
12
26
49
57
54
53
53
54
56
59
65
68
71
75
92
104
99
93
88
82
72
59
51
49
53
65
69
67
65
56
43
41
52
57
54
49
39
37
19
3
-5
-10
-12
-4
10
22
34
43
48
43
48
53
58
50
44
44
54
72
82
83
77
74
76
77
69
57
55
54
57
69
68
66
60
50
38
39
41
37
36
34
35
41
56
71
81
81
71
71
81
83
71
50
24
9
7
13
20
36
51
52
42
35
24
21
32
48
48
45
49
49
49
48
48
54
57
52
41
35
38
48
58
68
72
75
83
85
81
81
88
91
85
76
73
61
65
68
58
49
43
44
51
41
20
8
8
10
18
23
22
20
18
12
10
9
9
8
10
22
28
21
11
10
19
22
24
39
54
55
40
19
10
21
37
53
68
75
71
64
60
51
40
42
55
73
83
80
67
59
65
58
43
32
20
16
10
8
12
19
20
23
26
24
23
22
16
7
13
21
10
5
19
36
38
32
36
54
69
73
73
75
81
87
88
90
90
92
98
113
117
107
104
109
113
115
107
98
84
75
72
65
54
45
33
19
19
28
34
32
24
17
8
1
3
13
22
29
33
26
24
29
34
40
41
43
42
40
39
40
44
57
74
86
91
97
102
107
120
132
131
116
105
96
86
82
83
86
86
84
73
58
51
51
52
49
44
35
21
12
7
5
3
1
5
16
17
22
36
38
23
17
21
24
26
34
41
40
28
18
7
4
19
36
44
50
57
68
70
73
84
89
90
93
97
91
84
87
99
106
103
101
93
85
82
86
90
84
69
55
44
37
38
38
35
27
12
-8
-23
-24
-18
-9
-6
-8
-12
-20
-23
-24
-22
-10
-1
7
10
18
34
37
38
49
50
50
54
54
58
71
85
98
104
112
116
128
134
128
113
100
86
84
93
102
98
88
87
73
49
32
28
25
20
16
16
18
16
11
11
17
12
4
8
16
21
20
10
7
4
2
6
16
23
33
40
40
41
50
66
86
104
113
109
113
113
109
121
129
119
113
104
85
67
55
53
54
49
34
33
41
39
20
-8
-22
-22
-21
-22
-26
-28
-19
-7
6
17
27
36
28
33
42
43
54
65
67
60
53
49
44
54
68
74
72
67
71
71
81
96
103
101
97
99
102
102
100
96
87
81
71
66
64
59
58
56
51
44
33
8
-12
-21
-18
-6
4
6
2
-8
-10
-6
0
6
17
26
28
33
37
33
28
34
34
21
8
7
20
33
44
64
68
60
56
60
70
70
72
85
100
109
120
120
112
101
106
108
101
91
88
81
69
61
70
80
76
69
60
54
55
55
52
49
56
67
69
65
56
53
55
55
54
51
48
45
51
53
45
29
20
25
45
56
53
39
33
38
39
32
24
26
33
26
16
13
18
10
0
0
12
35
43
40
37
39
41
42
48
52
53
55
42
36
34
37
41
40
41
50
52
51
53
49
49
49
44
42
44
52
56
66
82
85
74
67
66
58
58
59
56
59
58
51
44
39
37
41
48
43
36
22
9
5
11
24
29
25
16
12
19
25
26
32
34
34
27
26
32
42
64
74
70
66
70
82
86
68
50
52
71
84
87
93
97
92
84
77
81
86
82
68
67
71
71
66
59
60
65
55
43
41
41
32
20
22
34
36
32
24
24
22
16
12
16
23
43
59
55
37
20
7
1
12
38
51
56
58
54
49
49
45
44
43
45
53
60
61
59
56
53
57
67
72
69
67
67
58
43
37
37
43
52
51
55
65
65
58
49
41
41
51
56
53
40
22
8
-3
-5
6
19
27
28
26
20
16
13
20
32
28
25
22
21
23
28
38
45
54
54
51
51
60
71
66
59
65
74
69
53
41
35
35
39
41
44
48
49
52
59
71
80
81
71
57
44
35
33
32
28
35
40
49
56
56
52
48
44
44
50
51
48
53
61
73
73
67
58
60
72
75
69
67
70
72
74
75
73
61
53
49
53
67
76
75
67
54
38
27
27
29
36
36
26
28
40
42
39
36
38
42
44
51
56
56
54
56
53
42
33
27
38
50
61
73
72
57
43
49
65
75
80
76
74
73
71
70
71
83
85
69
51
38
33
39
49
51
45
41
39
36
42
52
50
48
42
40
48
53
49
41
26
16
19
35
53
71
74
60
48
41
40
41
45
49
55
67
68
60
51
39
42
43
37
26
24
32
43
57
59
52
42
40
41
44
43
42
42
40
41
43
48
44
44
48
41
34
38
52
60
55
48
51
54
49
37
37
43
54
66
66
55
55
59
56
50
50
59
72
68
66
72
80
76
71
56
52
45
41
40
43
52
59
70
71
67
57
41
40
52
58
53
36
29
39
48
44
37
33
32
32
32
36
39
37
27
22
25
33
25
10
1
2
8
17
22
25
27
23
22
23
38
64
82
76
60
56
61
65
69
77
84
81
73
60
51
42
38
36
37
34
28
21
11
11
18
25
36
42
37
34
37
39
40
49
56
55
53
51
44
40
48
60
74
74
59
54
58
66
64
61
60
70
80
77
64
49
38
35
27
11
4
10
22
22
16
20
24
23
22
25
35
44
48
42
41
49
58
56
42
36
39
39
34
25
11
4
19
34
33
25
25
27
25
25
33
41
48
56
58
53
53
51
50
44
42
44
43
49
55
55
54
58
66
64
57
56
55
65
64
56
50
33
20
23
38
50
38
26
26
43
66
71
56
37
26
33
40
52
67
66
45
38
50
56
67
75
75
71
70
75
84
85
72
59
56
53
53
54
53
64
73
70
58
51
48
53
68
70
54
34
19
18
21
19
9
-5
-10
-1
16
32
34
32
33
21
3
-6
-6
-3
2
11
13
10
5
1
8
21
28
34
34
35
33
33
36
33
24
26
37
48
45
45
52
57
59
61
59
61
58
57
59
56
53
51
45
41
43
52
52
48
44
48
50
55
57
52
44
39
41
51
52
52
57
55
45
36
32
34
38
43
48
44
45
54
49
48
60
80
83
83
80
70
64
54
49
50
53
58
55
49
43
42
45
50
48
39
37
48
58
60
56
57
65
70
71
74
76
84
91
92
87
70
50
19
-12
-10
39
84
87
65
43
42
50
58
60
59
66
70
67
72
83
87
87
80
64
50
35
32
51
69
82
88
86
83
74
70
76
92
103
99
75
48
34
32
32
32
32
35
38
35
33
29
36
34
33
33
28
28
32
38
49
57
56
44
43
48
48
49
49
52
57
60
59
64
68
68
71
70
60
54
57
61
61
61
66
59
57
57
55
51
54
58
55
44
41
40
41
41
38
34
24
18
19
26
25
18
20
23
23
26
41
57
54
39
41
52
56
55
59
59
57
58
66
64
56
56
58
59
67
64
53
48
50
53
56
60
60
66
60
59
60
59
59
68
77
90
92
88
80
74
69
66
70
68
54
35
23
24
26
24
20
12
13
16
16
18
24
41
51
43
42
53
58
57
45
25
4
2
20
53
72
71
61
68
89
104
90
57
43
48
51
58
72
86
82
58
44
44
54
54
51
55
60
69
74
72
64
64
74
86
87
81
71
59
51
40
36
33
33
38
52
70
83
85
84
86
87
84
83
91
98
98
100
96
85
73
53
34
18
9
20
42
58
54
41
40
50
55
64
67
60
55
51
49
50
44
40
40
53
67
73
73
70
69
74
76
67
66
70
80
91
102
98
86
73
57
43
35
27
25
24
22
11
6
5
10
22
23
9
-1
-7
-10
-10
-10
-20
-29
-33
-29
-20
0
10
9
7
20
35
48
45
40
38
45
60
75
85
88
87
88
90
92
89
90
89
87
84
86
92
92
88
84
68
54
57
69
75
68
59
65
64
43
27
36
43
40
32
34
40
44
41
23
10
12
33
49
51
43
40
40
40
41
52
59
64
69
69
67
64
57
53
52
58
69
77
80
72
64
66
73
74
67
49
39
43
51
41
24
9
9
22
32
36
42
41
27
20
18
13
11
17
19
24
33
36
36
35
34
27
22
21
23
23
20
23
27
35
43
52
50
48
48
44
51
67
76
80
76
66
56
56
68
77
80
73
57
39
34
38
34
12
0
-2
1
3
3
7
19
26
28
32
32
19
8
8
20
40
49
41
32
21
17
18
21
28
27
24
25
27
28
27
23
29
39
43
48
55
68
72
59
29
7
2
2
3
6
24
55
73
60
40
32
23
18
22
26
24
22
23
27
27
17
-3
-12
-10
-6
-1
8
21
25
22
20
23
33
44
52
56
70
80
83
72
56
48
55
60
51
36
29
