24
24
19
11
6
3
8
28
40
44
54
68
70
58
48
56
65
57
53
45
39
32
32
37
27
9
4
11
12
6
2
3
16
27
29
33
36
40
41
35
32
26
25
26
28
26
12
-2
-11
-20
-9
10
27
38
35
39
57
65
55
40
33
32
36
49
68
82
80
72
69
64
64
68
67
54
50
66
75
73
75
82
80
72
73
90
103
96
76
64
60
72
77
76
68
60
58
56
56
59
59
51
36
24
21
1
-19
-10
1
9
19
26
34
32
26
37
53
59
57
54
58
65
56
58
71
71
68
74
84
73
58
55
57
66
74
81
71
53
50
59
64
53
42
48
58
70
74
69
70
71
75
80
70
54
42
26
19
19
23
28
23
17
10
12
24
32
34
38
20
-8
-19
-1
35
61
72
71
69
82
97
102
90
67
57
65
73
76
82
85
73
52
39
36
38
48
50
49
42
33
22
17
16
11
12
16
27
42
41
23
12
12
22
20
25
28
25
25
27
28
26
35
48
54
53
57
64
69
69
66
64
58
57
55
60
57
51
49
48
45
44
43
49
60
84
101
90
69
59
61
60
52
49
57
52
36
28
32
23
23
36
42
39
24
16
17
26
35
36
34
36
41
50
53
51
52
55
57
54
39
21
17
26
39
51
42
25
16
13
32
42
33
20
27
40
39
38
44
49
35
33
42
49
42
37
34
26
27
26
20
6
5
25
45
49
27
19
33
51
57
52
42
52
68
72
72
69
64
65
74
80
66
55
59
60
56
52
53
57
56
54
53
49
49
50
50
50
52
54
51
44
38
36
37
42
54
66
70
60
55
55
57
56
50
45
51
48
41
43
57
69
66
65
74
84
77
70
76
85
75
68
60
60
60
57
57
55
53
52
48
38
29
24
29
38
48
52
48
43
41
33
38
50
49
36
33
35
36
34
39
51
57
67
81
83
74
71
80
97
105
107
108
108
113
121
123
119
105
88
74
64
55
51
43
38
42
44
35
16
8
19
26
23
16
6
1
1
1
2
2
1
8
21
24
24
10
2
3
16
25
27
25
28
40
55
67
61
51
48
54
74
92
99
96
88
81
70
81
108
122
109
91
99
108
104
97
84
58
35
21
19
22
29
36
28
21
26
28
22
9
4
1
-1
-2
2
8
8
3
3
18
25
23
21
36
55
69
71
70
72
72
73
86
99
99
91
97
105
103
92
86
89
99
97
84
82
86
72
52
36
25
28
33
21
10
5
3
-2
-6
-7
-6
-11
-4
11
12
7
0
0
8
22
27
27
28
43
64
68
68
81
97
101
100
104
105
99
98
97
92
105
123
134
132
130
122
119
118
115
100
84
68
56
52
52
50
42
28
4
-10
-2
7
6
8
10
9
3
4
9
10
-2
-17
-17
-9
0
7
4
-3
2
18
34
52
72
80
76
82
87
86
76
72
72
90
105
100
83
71
57
42
25
12
16
16
12
4
-10
-18
-10
-5
-5
4
8
1
-5
-9
-6
-1
6
8
8
5
1
3
11
21
26
32
28
39
48
50
55
68
67
61
57
57
58
53
43
39
41
41
49
67
76
73
67
65
67
70
65
59
66
69
66
57
50
43
35
36
45
54
53
51
53
50
50
54
53
54
57
49
43
55
56
51
54
70
75
68
67
68
75
80
83
89
86
74
73
81
87
91
82
57
36
33
24
8
-2
-1
2
4
4
-5
-21
-27
-25
-14
0
5
5
5
11
25
40
39
38
45
58
64
57
48
44
49
48
39
35
50
68
76
75
70
66
68
82
86
74
68
68
68
60
65
60
44
34
27
25
21
22
19
7
1
-5
-12
-22
-12
4
11
11
4
7
11
18
28
35
22
4
17
54
88
108
115
114
115
129
134
118
105
101
99
115
134
130
114
96
90
88
86
84
77
72
70
72
66
45
25
11
8
11
8
3
-9
-14
-19
-26
-38
-52
-50
-38
-22
-14
-10
-5
-2
-1
1
-1
-4
-6
-2
3
17
23
36
48
54
59
60
65
73
75
66
53
51
58
67
72
82
87
85
75
70
61
57
59
64
60
58
58
52
51
49
40
34
28
25
20
19
16
7
5
4
-3
-5
2
2
2
3
10
33
48
53
55
54
52
55
76
102
104
97
105
108
98
88
87
96
96
92
96
100
104
107
105
99
88
76
69
66
58
54
53
50
39
25
18
16
20
20
7
0
7
10
10
19
19
10
11
21
33
38
44
51
49
49
55
60
66
68
73
73
67
57
57
64
66
70
75
69
59
60
69
60
52
60
68
64
64
64
68
76
76
69
64
55
51
53
57
55
50
54
66
66
52
40
35
25
20
21
35
48
53
53
56
56
61
67
64
55
43
36
38
40
34
26
27
42
53
55
52
65
82
89
85
76
82
90
93
89
89
91
92
100
106
109
107
106
99
72
51
40
42
43
39
34
21
5
-7
-2
17
33
33
24
18
13
7
1
11
27
25
11
6
9
20
34
48
51
50
64
74
77
76
73
65
59
68
75
76
72
60
50
48
53
49
41
39
49
60
67
67
67
69
70
65
50
44
43
27
8
-4
-11
-9
-17
-40
-60
-62
-56
-51
-42
-29
-12
-2
1
2
10
27
41
53
65
70
71
76
88
84
76
71
60
51
50
49
49
37
38
59
74
66
58
60
70
81
85
75
71
66
65
70
72
74
77
68
44
29
19
10
4
-4
-5
-3
0
-6
-18
-27
-37
-35
-35
-25
-17
-18
-13
-4
13
35
50
54
51
59
75
83
75
76
84
92
101
101
106
118
122
121
118
109
106
107
105
90
71
59
56
67
75
73
67
66
66
56
49
48
40
32
23
18
6
-4
-2
6
10
2
-11
-19
-14
-4
4
5
11
28
42
39
28
36
53
53
42
40
41
44
52
54
48
41
51
66
74
89
93
88
73
68
77
91
97
85
71
60
48
38
42
58
60
43
33
34
36
27
27
39
37
24
19
11
9
12
11
12
17
17
22
25
37
58
71
67
51
44
50
58
69
71
65
54
51
56
59
69
80
82
85
84
83
77
71
61
64
65
73
84
96
104
107
101
97
103
105
91
84
86
93
97
91
86
68
56
66
75
65
50
42
51
69
82
75
60
39
25
23
26
35
27
19
21
29
38
39
33
23
23
18
19
27
34
25
26
35
39
40
34
28
35
33
23
17
17
26
40
48
49
53
64
70
75
72
64
58
60
67
70
73
75
76
73
54
34
23
21
17
16
17
16
9
10
21
22
25
33
33
25
24
34
40
38
37
45
54
60
64
58
55
56
67
65
58
65
72
72
65
57
64
73
81
74
67
64
57
57
64
66
55
41
38
40
42
28
13
10
18
24
32
33
24
21
24
35
37
40
49
54
58
65
71
70
68
69
76
83
91
103
101
88
75
75
76
76
84
88
86
76
70
65
60
64
70
76
67
53
56
66
67
53
40
43
38
34
34
28
19
16
19
24
21
11
10
19
24
16
11
22
32
32
24
21
20
19
8
8
21
27
28
28
19
8
11
24
34
41
50
55
53
33
18
21
34
48
56
64
65
64
68
71
64
58
52
32
24
25
33
41
45
49
43
39
44
51
40
32
37
50
52
49
52
49
51
60
60
50
38
51
73
76
58
43
45
52
56
56
52
45
39
26
27
38
48
58
60
48
35
32
35
36
33
24
34
48
43
35
28
24
32
40
55
60
52
43
40
42
48
44
44
49
52
50
41
34
27
26
26
29
28
28
37
48
60
68
71
75
84
90
98
98
88
80
76
84
89
75
58
50
52
52
51
50
49
39
27
24
19
16
10
8
13
26
37
41
41
36
41
50
45
34
37
43
39
32
32
37
39
36
39
49
55
54
52
50
58
75
86
86
84
88
93
97
90
75
59
36
6
0
23
48
42
33
24
16
8
12
8
1
0
-1
-11
-28
-34
-19
-18
-24
-25
-21
-9
-11
-19
-9
4
18
20
24
42
69
83
82
85
86
88
96
100
99
93
92
92
91
90
85
72
69
70
71
76
84
96
101
102
93
90
86
73
56
51
57
58
49
35
27
24
20
8
-3
-11
-19
-12
10
22
17
8
17
32
43
53
54
54
60
68
72
76
76
80
76
70
67
70
82
84
88
98
90
82
84
90
96
97
87
60
44
49
54
64
57
37
27
32
38
44
40
35
26
21
21
22
28
33
23
11
9
19
28
34
41
53
50
48
49
40
36
44
57
61
60
68
68
57
49
49
59
72
88
93
87
81
77
81
81
80
84
92
97
90
86
85
86
84
77
67
56
42
27
17
5
-10
-22
-23
-22
-21
-26
-37
-28
-14
-10
-9
-8
1
24
44
56
57
54
56
64
74
80
71
65
59
66
69
68
60
54
64
73
72
66
70
72
70
68
72
72
61
50
50
51
51
43
28
18
12
20
23
24
21
26
36
36
38
40
36
37
45
41
28
23
21
18
22
37
48
44
41
50
59
69
71
71
88
102
108
115
117
115
104
101
104
99
82
73
71
66
59
53
42
42
38
37
40
38
36
26
21
22
23
21
11
7
11
7
3
7
20
36
45
53
55
53
53
44
37
37
45
43
40
55
73
72
67
76
90
88
87
87
76
68
71
83
87
88
103
116
112
98
91
99
103
102
104
105
96
80
65
53
41
38
35
26
18
21
25
19
1
-5
-3
-2
-8
-11
-10
-7
-1
-2
-9
-12
-3
19
37
36
41
61
80
81
83
90
93
100
107
112
112
112
102
99
107
113
103
97
102
112
105
89
73
66
57
49
38
27
24
20
5
-6
-7
-13
-27
-33
-26
-20
-17
-9
-10
-19
-20
-22
-20
0
20
33
39
50
66
73
72
66
67
76
91
103
106
106
109
106
101
106
117
128
131
116
96
86
90
99
101
99
84
70
70
77
83
80
81
85
84
80
72
72
75
71
60
52
45
44
49
43
22
1
-8
-13
-18
-13
-9
-12
-21
-25
-20
-12
-12
-13
-17
-17
-10
1
10
19
34
50
56
50
35
25
34
44
49
43
42
42
51
65
60
41
35
40
32
19
20
28
38
43
48
51
56
58
55
52
56
65
66
56
43
35
34
35
27
24
28
35
35
28
34
44
43
34
26
29
35
35
35
41
48
52
48
52
59
70
82
87
86
80
70
65
58
57
54
49
49
58
73
81
72
52
35
32
35
37
50
69
81
81
72
70
71
73
69
60
60
70
76
64
43
35
40
45
51
40
24
21
28
27
13
12
25
34
36
41
42
36
26
36
43
45
40
35
41
48
41
44
54
64
69
69
65
58
56
43
45
56
66
65
51
40
39
42
42
43
49
52
52
45
42
44
49
51
51
48
42
37
18
-2
-5
3
16
27
27
20
16
21
22
26
34
48
57
64
65
57
50
54
56
57
67
72
73
73
65
54
52
55
54
58
67
72
77
85
82
67
53
52
56
66
65
53
49
42
45
53
52
40
32
29
28
11
-9
-14
-12
-13
-11
-3
8
17
18
21
23
29
33
29
38
44
42
48
50
40
39
49
57
65
64
56
55
60
73
86
98
106
112
102
90
90
92
92
90
80
68
71
91
112
105
80
56
48
41
33
25
20
11
3
-3
-12
-14
-2
24
42
40
29
19
33
51
59
55
50
42
40
53
71
85
90
77
66
54
41
35
41
51
61
70
81
82
82
88
91
86
87
92
92
86
70
49
28
25
32
32
26
24
26
27
32
27
26
32
33
28
24
16
5
2
2
2
6
16
25
32
27
19
10
24
37
32
34
44
54
53
44
48
52
50
52
74
91
91
87
88
89
83
70
64
64
56
45
42
48
45
37
22
4
-20
-37
-41
-43
-44
-49
-51
-44
-37
-25
-20
-9
8
24
37
44
53
59
72
76
66
56
57
67
80
86
91
101
102
103
104
101
96
83
72
74
86
100
106
102
100
106
106
91
75
65
55
48
39
36
36
38
39
28
17
10
12
18
28
35
27
22
10
10
21
23
19
18
25
38
48
42
36
29
34
42
55
61
65
66
60
56
64
80
89
87
85
80
61
43
40
48
56
64
60
42
37
49
60
54
34
24
32
42
44
28
11
8
19
37
36
12
2
-2
0
18
38
49
41
35
36
38
39
40
35
24
18
28
48
57
59
65
69
71
75
84
97
101
101
91
75
66
57
56
66
59
48
41
42
39
34
28
28
26
28
32
26
27
38
38
28
23
27
29
32
33
39
49
52
56
60
67
71
72
74
77
83
74
72
76
74
77
87
83
81
90
92
91
83
74
72
70
59
54
57
56
39
17
5
5
2
-2
-3
-3
-4
-7
-2
5
2
1
6
10
20
33
40
48
58
72
87
96
98
96
90
90
87
84
87
91
97
89
77
74
81
91
98
98
101
101
100
90
82
75
77
83
80
73
69
72
71
69
64
51
34
17
13
20
28
35
28
17
-1
-18
-35
-38
-33
-27
-28
-23
-3
20
28
21
19
17
11
22
49
66
64
54
57
66
72
72
68
65
60
70
81
82
80
75
73
67
64
64
58
59
59
57
50
35
21
11
5
1
-6
-7
1
11
24
27
16
1
1
7
5
1
12
37
42
32
26
42
61
64
55
55
54
56
68
73
80
88
96
92
88
85
84
84
85
86
89
86
76
75
77
81
65
43
50
60
65
66
67
61
54
56
50
39
37
37
37
27
12
11
32
39
26
17
11
10
16
33
53
64
64
57
59
72
73
60
58
67
75
82
86
83
81
73
55
38
35
42
50
44
37
36
40
48
54
45
37
28
28
41
55
65
76
75
64
58
67
71
73
85
98
90
60
40
41
55
60
58
57
44
24
18
17
17
22
33
39
38
32
33
49
54
59
69
73
71
60
51
40
27
25
36
36
26
10
5
5
18
27
33
37
54
69
73
76
89
91
85
74
71
73
60
40
35
35
33
28
36
50
53
44
38
37
37
37
38
36
26
25
35
34
24
22
39
57
64
64
61
61
56
54
56
58
56
55
61
69
71
68
55
48
37
24
25
40
40
32
26
28
26
36
51
54
44
41
43
44
51
50
39
27
32
50
59
56
45
39
37
34
40
42
44
55
64
60
51
44
44
54
61
54
45
49
44
42
56
77
92
96
92
89
82
65
55
68
77
69
48
33
25
21
16
0
-6
-4
-6
-9
-11
-11
-5
6
23
40
37
20
11
24
32
36
41
43
38
38
52
69
71
66
56
42
34
32
27
27
29
38
49
54
52
51
48
28
5
0
12
24
26
28
23
12
13
21
24
22
22
33
51
66
68
67
71
76
65
44
33
41
56
64
70
73
68
66
75
84
76
74
84
90
83
71
73
86
88
75
64
57
61
69
71
68
64
66
58
49
48
44
43
45
48
43
39
36
40
38
28
23
25
41
49
36
33
35
38
34
25
32
35
24
27
42
54
53
37
25
19
13
13
10
19
28
41
41
38
43
49
40
27
32
39
48
45
38
40
49
52
54
57
64
70
80
84
75
64
50
48
54
66
69
68
68
65
64
60
53
36
34
42
55
66
69
72
73
70
67
58
58
67
74
71
57
56
64
77
88
89
83
65
49
39
48
56
60
65
60
53
45
41
44
42
36
28
28
34
39
39
41
41
43
49
56
60
56
51
53
66
68
67
71
74
72
70
70
72
81
81
73
67
60
57
53
54
61
69
65
50
38
25
26
38
34
13
4
2
6
12
17
19
22
20
20
25
35
44
48
49
48
45
51
52
51
54
55
51
51
55
59
64
56
52
50
49
50
50
52
64
70
59
54
56
51
45
58
71
70
66
67
64
53
38
27
27
40
48
45
52
57
54
42
38
44
51
52
51
43
37
41
49
41
37
36
43
61
83
91
84
70
69
77
89
93
96
99
97
73
48
49
44
33
25
20
9
-4
-3
6
8
6
7
4
-8
-8
4
23
34
41
40
32
23
25
35
40
41
43
48
52
56
57
53
56
64
71
76
75
72
70
76
88
91
77
57
53
54
58
56
43
37
42
43
37
32
19
6
1
2
5
5
5
8
19
25
26
20
18
21
26
32
23
16
22
39
53
67
74
73
60
55
58
61
64
53
50
64
75
75
75
75
67
55
49
51
60
70
68
65
67
72
68
67
74
81
72
65
66
71
77
76
76
87
91
81
60
43
40
51
64
66
58
52
52
56
67
72
73
75
70
60
59
58
51
42
38
32
20
7
9
19
27
28
17
8
8
17
41
55
49
37
35
41
50
44
37
27
23
35
53
64
64
64
67
81
72
56
40
27
29
40
43
33
29
37
39
33
20
12
20
34
50
52
50
43
40
42
41
26
12
9
8
4
3
9
7
6
13
20
26
36
32
24
32
43
54
58
58
49
28
24
29
41
52
57
60
67
67
57
64
73
85
91
92
99
98
96
101
108
104
99
98
100
92
87
81
75
70
64
57
50
28
8
5
6
-5
-19
-19
-7
-2
-1
-5
-12
-10
-5
2
6
17
26
33
33
35
38
42
50
60
71
81
93
101
90
75
81
90
97
105
118
117
116
120
117
112
114
124
133
123
112
105
103
96
83
69
55
48
35
19
6
6
1
-8
-21
-26
-23
-18
-22
-26
-19
-5
7
18
9
-7
-17
-8
-10
-41
-67
-51
3
61
97
97
81
74
82
92
101
101
90
84
77
73
66
49
25
11
22
35
36
24
20
24
21
0
-25
-29
-23
-18
-17
-11
-2
-1
-1
3
-4
-14
-12
-2
11
21
26
29
37
43
50
51
52
55
57
60
65
54
41
39
45
54
55
56
55
50
53
61
58
58
73
85
81
71
76
96
107
108
99
89
84
75
69
52
44
55
64
60
54
52
53
42
32
28
33
38
50
59
54
43
40
38
43
55
56
50
51
56
60
60
53
55
67
66
55
53
52
55
66
70
69
60
65
72
75
69
66
75
87
91
92
91
90
90
87
96
105
103
92
86
93
90
74
61
54
53
51
41
33
25
21
19
26
41
43
39
37
36
38
41
32
23
18
12
17
33
43
41
37
33
25
19
9
10
17
25
27
22
18
18
19
13
8
4
0
3
16
28
36
33
35
36
40
53
59
49
40
42
40
41
51
54
40
26
22
27
22
7
4
12
24
23
17
11
12
21
40
57
69
81
84
82
96
116
122
116
121
135
130
107
91
90
106
131
132
121
116
115
115
116
114
113
105
90
73
71
67
55
48
44
38
25
19
19
18
23
34
41
48
51
53
57
70
81
87
92
92
88
89
97
104
107
108
123
136
128
112
91
85
90
99
97
92
100
101
98
92
85
72
64
57
51
40
28
21
9
2
-1
-9
-28
-42
-43
-43
-45
-41
-42
-49
-55
-57
-43
-27
-25
-35
-29
-14
-7
-6
0
9
20
38
65
86
92
83
76
86
90
97
99
96
90
90
88
82
74
73
73
72
68
69
67
64
60
58
50
38
28
28
19
-2
-6
-4
-10
-17
-12
-14
-12
-4
0
-12
-28
-30
-24
-11
-9
-19
-21
-11
-13
-20
-20
-21
-20
-7
5
16
20
26
33
36
50
71
80
77
83
97
108
112
103
87
76
76
100
123
131
116
100
92
91
89
74
49
23
6
9
23
26
28
23
9
4
3
4
2
-4
-3
3
-9
-23
-24
-18
-11
-6
-1
5
18
33
52
69
86
92
98
107
113
105
101
101
104
105
103
100
100
103
107
115
113
102
99
100
98
90
86
87
93
93
89
86
85
70
59
67
73
70
66
65
51
37
32
22
12
10
9
12
10
6
21
34
34
27
33
41
40
40
48
50
53
58
58
54
60
72
83
87
90
89
86
84
80
73
66
54
48
54
57
45
44
50
48
48
45
44
43
44
40
37
26
17
18
26
32
26
27
27
19
4
1
16
43
61
57
56
65
68
61
59
65
65
72
80
85
93
100
103
100
91
75
51
50
70
84
83
74
67
54
42
37
38
37
39
37
27
26
29
27
21
24
37
35
19
6
12
33
40
44
64
57
34
21
26
39
38
24
9
9
24
35
39
40
39
44
53
49
40
41
51
60
66
70
65
48
40
44
51
54
66
73
71
66
54
45
39
36
35
40
37
26
23
25
23
26
28
29
24
24
32
34
41
52
53
37
22
24
36
44
50
38
25
24
29
37
40
37
34
32
32
39
49
52
48
44
48
44
42
45
59
70
68
58
44
32
33
51
60
59
55
55
58
61
59
56
65
74
88
98
93
88
81
71
69
66
58
52
40
24
18
13
16
20
22
23
21
18
8
-4
-5
4
13
13
12
18
28
41
48
54
65
65
53
43
38
34
32
32
37
48
52
50
43
44
68
92
90
74
70
69
60
53
52
58
67
69
70
66
56
48
38
40
44
50
49
44
43
49
55
60
58
55
44
40
36
25
8
0
3
4
7
11
16
19
25
28
33
35
42
55
65
70
71
76
85
90
90
87
82
82
89
93
87
68
53
59
71
71
68
67
69
74
71
68
69
69
76
84
80
70
57
50
56
64
52
33
28
40
56
60
55
55
64
58
43
35
26
26
42
52
39
23
11
9
12
20
19
9
9
25
37
40
49
52
50
48
35
40
52
64
75
85
88
93
101
112
115
103
92
85
70
71
70
71
67
58
56
59
60
52
40
32
25
33
32
25
26
32
36
39
43
54
54
51
45
50
56
68
70
60
56
56
52
45
45
49
40
34
35
39
42
44
42
48
53
57
58
65
66
59
52
53
57
53
44
41
35
18
16
25
27
35
50
60
64
52
42
50
64
71
71
60
50
44
37
32
36
40
36
34
39
49
48
48
40
36
40
56
60
54
53
52
50
48
48
51
56
55
44
35
36
45
52
60
64
56
50
49
55
65
70
68
70
75
71
50
34
36
38
35
35
32
33
32
19
19
22
33
48
56
52
40
26
23
34
48
53
55
49
36
37
43
51
49
41
35
39
55
66
60
54
50
38
33
43
64
65
52
38
16
4
1
8
29
44
44
39
44
50
40
34
39
42
39
36
39
40
43
50
50
57
65
65
58
56
67
76
71
67
72
74
69
64
66
69
65
56
49
48
51
52
53
52
48
37
33
37
34
36
35
36
51
57
60
67
65
53
36
26
35
49
48
35
22
24
38
33
17
11
28
39
33
28
28
34
37
40
41
44
52
57
54
52
54
59
64
59
58
66
68
61
49
37
34
33
29
28
33
37
35
34
25
20
24
34
38
42
43
41
35
28
32
42
58
70
81
89
91
84
73
80
86
87
83
74
74
87
92
82
68
68
66
64
67
76
96
114
115
99
87
87
87
76
64
57
64
69
67
64
56
57
59
56
53
48
38
25
20
23
33
40
39
35
23
11
8
12
21
24
20
9
5
9
18
33
39
32
20
16
27
43
52
53
58
66
73
83
81
58
33
10
10
44
80
87
70
57
65
76
71
53
36
26
26
37
52
49
43
39
35
37
41
40
37
33
27
19
11
23
36
39
25
20
35
42
42
43
32
25
36
52
67
75
73
69
67
56
44
38
43
58
61
55
56
60
57
52
43
43
44
51
60
64
51
29
12
8
17
21
22
26
21
11
5
6
11
21
24
17
6
12
25
37
52
75
90
83
67
51
39
35
42
55
60
56
54
50
38
18
7
26
56
72
83
92
91
77
61
59
58
51
48
52
64
84
87
72
60
53
44
49
42
28
27
39
41
37
36
36
40
50
48
37
38
49
50
35
19
19
36
49
51
50
49
57
73
83
80
72
56
42
48
55
56
57
51
26
9
9
18
24
27
33
33
41
53
43
32
35
38
36
44
59
67
55
37
32
35
33
34
32
22
24
33
26
18
12
9
9
17
20
16
16
24
27
28
34
38
42
50
50
50
48
41
36
41
61
76
87
90
90
84
71
60
53
44
32
24
36
56
73
77
76
69
59
65
71
72
56
19
1
16
