49
52
52
57
56
42
25
12
4
9
20
25
27
21
12
6
6
10
20
26
34
41
42
49
52
51
52
59
76
97
85
69
68
72
75
76
64
48
42
68
103
114
101
89
93
112
118
109
102
88
77
88
96
87
83
82
80
77
64
43
41
49
55
52
33
22
25
37
45
42
34
20
16
10
9
10
8
5
28
36
35
52
69
58
32
23
39
58
70
66
52
42
50
67
71
57
36
41
72
102
108
97
84
74
60
49
39
41
58
65
57
59
67
66
59
52
51
52
53
51
51
52
56
68
38
0
-5
20
45
44
27
16
12
6
1
13
29
27
16
10
13
16
22
39
54
54
39
22
18
22
35
43
41
35
34
35
28
25
37
57
70
70
65
66
76
116
123
89
67
81
97
87
69
70
81
74
70
89
109
108
88
60
44
40
35
42
48
52
57
40
9
-5
-4
-3
-2
-2
-5
-11
-21
-24
-21
-23
-19
-20
-21
-13
0
20
37
11
-9
-2
11
24
36
38
45
64
74
82
96
114
123
123
115
102
85
74
76
83
86
86
80
66
58
54
53
44
28
22
35
64
50
13
-4
-9
-8
-6
-6
-10
0
8
5
5
17
32
51
54
52
52
50
57
70
84
103
114
103
102
122
114
96
99
109
102
83
68
58
65
76
80
74
60
44
48
25
-13
-33
-35
-23
-11
-21
-42
-45
-27
-9
-11
-19
-6
-5
-19
-19
-2
25
40
27
16
8
10
37
55
36
24
36
48
53
49
45
53
59
61
58
56
57
54
48
54
68
75
67
59
68
81
68
44
51
67
76
73
53
37
36
41
54
85
86
50
28
24
20
22
32
39
36
33
43
60
70
70
57
41
56
86
71
48
33
28
28
29
28
43
61
59
44
37
40
49
55
55
51
41
28
16
16
18
17
20
41
52
36
34
33
20
12
19
26
32
33
39
50
54
45
39
57
73
52
38
45
57
53
37
29
33
37
44
55
64
68
64
54
58
74
90
80
68
82
92
90
87
86
91
99
102
96
87
102
121
124
113
99
85
75
85
89
80
72
66
27
2
2
-3
-11
-9
-2
-4
-22
-37
-36
-19
-4
1
12
23
37
32
21
26
41
48
42
44
68
90
84
75
84
96
87
74
71
80
101
89
72
84
91
87
80
84
84
72
59
64
69
60
35
16
8
4
3
18
26
16
7
16
22
32
17
6
19
37
41
36
33
27
38
59
69
71
81
86
102
118
118
116
129
120
100
97
93
97
96
90
85
82
75
75
73
69
69
58
49
39
37
35
32
26
12
-4
-17
-28
-24
-10
-37
-59
-57
-42
-40
-44
-44
-41
-35
-26
-14
-11
-14
-10
0
5
8
18
41
65
56
59
66
65
69
82
97
104
105
102
100
99
96
87
75
67
64
75
88
91
100
99
60
36
38
41
39
41
49
41
27
32
43
51
45
49
59
59
49
49
65
73
76
92
115
101
73
66
64
56
57
59
51
38
28
33
44
39
21
4
-1
11
18
16
18
26
42
59
42
32
41
50
49
48
52
49
52
60
66
68
68
59
51
55
75
80
52
29
28
55
66
26
-2
3
18
27
32
23
19
24
33
38
45
65
71
59
45
42
45
54
67
57
43
52
44
33
34
40
50
53
52
50
45
53
69
75
73
69
57
38
26
35
33
22
36
69
84
70
54
53
54
66
57
32
16
16
11
-5
-17
-5
6
9
6
-2
-8
-5
7
21
29
26
22
29
40
40
40
51
53
55
64
57
49
48
56
42
26
26
40
50
49
41
34
36
51
65
56
48
45
45
41
38
36
44
55
54
41
33
28
39
45
53
56
61
43
38
60
84
77
60
55
68
82
84
87
98
102
105
114
116
115
117
107
93
90
83
68
56
49
55
88
81
53
40
29
20
11
8
17
33
39
41
40
38
42
51
58
57
52
51
50
48
48
58
85
67
26
20
28
34
32
33
38
42
52
56
52
50
52
60
69
59
48
48
51
52
57
56
57
43
1
-20
-7
2
4
-11
-27
-26
-13
-5
1
6
5
-3
0
6
10
21
40
54
54
40
26
24
35
51
60
64
72
100
92
77
87
97
100
98
83
80
85
87
89
85
73
65
56
44
33
28
38
44
44
51
58
69
70
66
52
49
69
61
35
21
16
12
11
22
39
52
60
67
65
69
68
53
48
59
83
84
68
58
60
65
66
67
75
88
73
55
41
40
36
27
32
27
19
20
22
21
22
26
27
19
11
8
11
25
35
33
32
40
40
40
42
51
53
60
64
72
72
44
33
43
57
60
43
28
41
54
49
27
26
40
54
52
51
61
67
64
61
56
48
40
43
58
73
70
56
50
41
40
56
52
33
24
27
29
28
24
24
28
27
35
44
40
32
34
45
49
49
52
66
84
84
64
59
74
80
75
83
86
80
74
76
74
72
66
57
59
76
65
54
59
59
54
49
42
48
51
38
26
28
36
48
41
17
20
33
35
37
39
36
37
44
48
39
37
42
54
56
52
52
59
66
70
77
82
86
93
96
86
72
69
65
68
69
51
45
59
66
52
40
40
52
54
53
57
52
43
37
28
27
35
35
21
9
8
16
23
37
48
44
38
28
25
32
36
34
32
37
41
44
34
20
5
-1
-1
16
33
39
34
28
32
35
36
36
37
35
28
34
54
89
96
80
74
81
89
89
74
50
38
44
54
48
43
48
45
35
6
-21
-19
9
40
57
64
67
65
50
28
26
42
58
60
56
58
65
68
70
68
64
69
80
54
38
38
38
43
53
55
51
52
64
76
84
77
60
43
40
42
49
50
49
55
52
50
52
52
55
56
54
50
48
48
54
64
64
56
51
44
39
42
54
43
28
27
34
32
25
34
34
37
44
48
53
66
65
44
38
55
75
44
22
37
68
84
77
60
48
41
44
52
64
65
48
28
21
19
8
5
20
34
35
27
16
7
20
36
37
32
37
52
43
26
33
43
44
43
49
60
72
71
66
61
54
53
61
69
71
55
51
57
60
51
35
23
21
20
12
22
33
34
41
52
55
58
68
70
58
56
59
74
80
58
59
71
56
49
64
71
76
76
73
73
75
82
82
81
76
80
73
64
52
60
74
76
75
83
89
72
50
50
59
60
56
51
50
57
68
59
38
17
6
16
27
32
27
35
35
21
8
8
13
25
41
53
45
43
55
70
68
44
21
11
12
29
49
52
51
55
58
56
54
51
43
37
36
41
52
54
45
39
40
40
40
28
12
-2
-17
-22
-9
0
1
3
6
7
7
16
19
16
21
33
41
41
27
22
26
28
34
41
44
43
42
43
36
25
26
34
33
25
33
41
42
40
35
35
45
57
64
66
67
69
59
51
44
48
49
45
36
28
27
27
32
40
41
36
34
39
48
48
52
54
41
33
34
49
64
64
43
25
22
43
76
93
91
73
54
56
80
90
83
64
45
40
59
88
108
104
90
84
72
66
69
75
67
53
45
40
24
16
17
13
13
21
34
54
60
56
53
53
56
55
53
48
35
29
37
37
36
36
32
22
12
6
5
17
27
42
41
22
20
32
41
64
71
70
71
71
70
64
61
68
71
80
87
86
75
60
51
57
68
67
71
70
54
44
49
55
58
49
38
27
12
-3
-6
22
66
88
84
81
92
105
99
82
67
60
61
64
68
85
97
90
85
85
80
70
72
81
90
98
84
69
68
73
73
69
61
55
43
39
38
29
22
22
29
40
48
39
37
39
35
25
20
27
38
52
55
35
7
5
25
39
44
55
67
72
59
55
60
54
43
40
49
67
77
72
65
68
71
65
57
53
50
49
54
58
60
69
64
53
51
42
34
38
58
72
64
49
39
27
19
12
13
23
39
43
33
10
6
20
34
43
42
35
34
37
36
24
20
26
34
40
40
43
42
39
40
51
68
76
72
65
59
65
72
84
92
90
84
75
75
75
72
67
64
54
38
22
11
18
21
17
24
41
58
64
52
41
39
38
39
38
36
40
52
56
52
42
35
26
16
17
34
56
40
5
11
48
71
71
64
55
50
49
54
70
83
80
67
61
70
76
82
81
69
57
52
52
69
87
89
71
51
32
19
13
9
3
9
24
42
28
6
-3
3
9
3
-2
11
35
48
43
40
53
65
50
34
29
41
59
72
68
55
56
70
76
77
83
82
84
97
97
83
69
66
70
76
84
83
70
58
44
28
22
26
40
39
24
18
33
28
-6
-20
-13
-5
6
6
3
3
0
6
25
44
58
66
57
54
58
66
82
88
88
96
93
83
56
37
43
68
81
80
75
69
66
60
52
48
45
40
40
42
40
37
37
44
39
29
12
9
-4
-6
16
28
17
-5
-10
2
20
26
27
20
20
22
19
24
37
41
33
36
66
58
41
42
40
28
19
16
23
41
49
43
36
37
44
55
65
65
49
45
64
87
91
73
58
56
66
60
50
37
24
26
33
24
9
-1
-1
28
27
-4
-17
-7
-4
2
28
52
50
42
48
60
68
57
49
56
66
68
64
60
65
65
74
93
80
59
56
60
66
66
60
69
82
80
76
90
98
80
59
56
59
56
39
29
33
35
34
23
9
6
7
16
20
29
42
49
48
39
42
48
49
55
74
58
21
10
24
41
48
52
56
51
53
70
89
98
92
87
89
98
103
101
98
89
86
83
68
52
41
19
3
11
0
-29
-41
-33
-28
-34
-35
-35
-37
-41
-26
-3
11
11
12
16
23
40
53
58
67
74
72
64
59
66
85
101
108
106
96
90
97
106
131
119
89
84
97
113
116
105
85
73
75
73
67
68
74
68
51
40
37
42
50
43
21
0
-7
-3
4
17
34
44
50
41
34
28
32
25
27
48
66
68
64
64
81
99
82
70
80
92
99
90
75
75
83
89
85
68
56
54
53
38
18
17
33
42
42
33
18
9
6
-4
-12
-10
-3
-2
-1
1
6
6
2
9
29
40
43
49
44
43
54
69
76
89
97
88
70
52
43
70
105
117
98
85
99
124
133
124
112
80
70
80
86
87
77
65
51
43
26
9
8
18
20
10
-2
-11
-12
-10
-17
-23
-13
0
8
16
27
34
29
32
39
50
60
72
80
72
70
75
86
88
89
86
83
82
76
72
82
98
113
98
66
55
75
87
76
57
45
40
35
23
20
17
20
22
11
3
6
9
6
-1
-3
-2
4
16
26
33
28
44
68
80
80
74
68
66
73
84
90
93
90
84
74
66
69
83
88
55
17
5
11
12
7
-9
-26
-33
-24
-23
-35
-42
-51
-49
-50
-60
-61
-53
-42
-37
-33
-22
-17
-3
11
22
27
44
67
100
97
67
57
72
81
80
84
89
98
101
99
93
80
67
64
68
74
67
56
51
50
49
51
43
39
35
24
22
26
25
22
24
27
34
39
32
34
57
51
37
49
71
88
86
69
56
52
65
76
71
59
53
48
38
33
32
33
29
21
20
27
35
24
10
11
13
23
37
41
42
53
65
70
72
76
82
60
50
59
72
86
90
77
68
70
83
100
117
128
124
115
116
114
100
91
89
87
83
84
91
100
102
97
88
80
75
77
77
90
83
53
44
55
65
54
35
32
36
43
53
57
55
53
55
64
68
60
60
76
87
76
66
56
58
72
80
87
69
41
35
45
55
55
55
49
38
38
53
65
56
42
40
52
52
45
42
41
60
54
24
21
34
37
41
48
42
35
22
17
25
33
29
28
27
20
24
54
84
64
38
40
51
53
50
52
60
73
74
55
38
37
38
36
40
54
59
56
60
71
81
87
96
67
45
58
70
67
59
58
60
54
36
21
28
42
36
22
20
17
21
27
28
28
-4
-35
-26
-11
-6
7
20
19
26
39
40
37
36
42
54
69
72
66
67
77
84
84
82
86
93
108
120
118
108
103
100
98
98
88
75
86
99
68
45
43
51
43
32
21
6
8
21
26
24
23
20
11
9
18
37
53
53
42
41
50
56
59
58
70
70
45
40
54
61
50
33
19
19
23
29
40
39
34
23
8
7
11
12
10
9
6
7
9
10
3
-1
4
6
6
11
19
20
24
27
36
41
38
21
10
28
70
83
55
41
39
40
48
54
53
45
48
55
68
74
72
80
85
90
96
93
90
102
102
86
73
69
66
60
54
49
38
37
41
29
25
34
49
57
48
28
19
22
32
43
56
71
77
73
71
65
49
37
40
39
26
16
4
3
6
7
2
3
5
12
26
32
39
50
51
43
37
34
39
50
53
60
42
23
35
49
53
50
40
41
54
54
42
36
39
43
39
33
27
33
33
32
26
32
35
39
55
70
82
86
88
99
103
97
92
92
96
86
102
106
86
70
65
50
29
19
13
20
24
21
16
8
6
4
2
6
9
7
4
9
21
25
25
33
44
55
49
36
34
37
44
61
74
56
43
55
65
54
45
49
50
51
51
52
54
52
44
48
48
36
33
42
57
69
72
67
61
65
64
60
66
68
60
56
52
57
67
60
44
35
44
65
75
90
74
64
76
87
76
50
33
43
68
85
91
97
102
97
88
99
119
131
133
133
116
85
66
71
88
101
116
120
100
89
96
98
81
59
56
75
102
120
128
130
119
104
117
130
118
104
97
97
102
116
124
121
124
116
87
90
115
130
138
140
130
124
129
135
137
132
122
121
128
133
124
106
97
92
88
103
96
64
49
36
33
33
28
19
3
7
26
42
49
41
22
7
17
21
-2
-23
-22
-14
-10
5
18
19
16
11
5
5
10
18
13
1
-21
-29
-26
-20
-8
-6
-8
2
6
16
11
-1
8
24
23
9
-8
-21
-6
16
19
11
11
18
12
5
7
9
25
23
19
24
32
24
17
9
3
-4
-6
-7
-3
-4
-19
-37
-53
-55
-44
-29
-24
-10
17
26
37
38
24
34
48
49
41
38
43
52
53
54
57
59
59
57
54
56
65
71
60
51
43
50
59
57
42
26
28
28
27
16
-8
-20
-8
2
4
-5
-6
-4
0
-2
-3
-2
0
-3
-1
8
19
18
13
13
16
11
18
-2
-28
-29
-11
-3
-5
-7
-6
-5
0
9
27
56
80
85
89
91
89
96
105
107
115
122
132
135
106
88
102
120
112
86
70
66
60
59
60
48
21
1
-17
-28
-28
-18
-11
-18
-27
-30
-29
-30
-26
-18
-3
20
5
-17
-17
-9
3
17
19
25
39
51
59
72
85
91
96
107
116
109
112
120
128
122
114
112
114
108
112
131
146
108
71
64
58
45
35
21
19
28
37
27
18
21
25
25
18
9
16
27
33
25
9
12
27
25
12
6
16
27
39
52
65
77
88
103
98
65
51
74
104
115
115
107
106
109
112
112
114
119
114
99
99
102
92
75
60
56
67
65
38
12
2
-3
-9
-14
-18
-12
-17
-23
-6
17
-5
-20
-6
11
20
28
36
40
48
49
48
40
35
34
37
41
57
71
68
66
69
68
73
75
73
68
66
56
51
58
48
28
24
29
42
51
55
50
33
19
13
11
11
10
12
17
19
36
41
19
18
32
42
38
29
32
28
34
42
53
53
44
42
54
70
82
96
108
114
104
88
84
91
100
98
89
96
107
80
56
55
57
57
48
33
34
40
43
44
40
32
26
28
26
28
32
32
35
40
40
25
10
8
17
23
19
12
27
58
70
41
29
43
61
68
61
66
71
65
50
40
41
36
22
23
38
48
49
40
40
44
43
41
41
43
52
54
48
41
42
43
45
55
32
0
-5
6
12
9
2
-1
1
16
20
17
22
33
45
68
80
76
83
87
76
53
38
54
84
103
109
109
106
114
145
150
99
54
48
55
66
68
70
80
72
49
37
37
33
24
21
16
-7
-12
-4
-1
6
18
28
28
10
-1
5
13
25
42
59
61
51
44
64
52
23
11
16
24
21
16
22
33
25
34
53
57
51
43
44
50
44
44
48
44
42
39
41
54
56
39
24
25
35
43
58
80
89
61
44
65
86
92
97
106
118
114
97
84
82
83
77
66
57
66
74
66
51
43
53
73
87
88
88
84
69
57
56
66
71
51
41
54
69
70
68
70
73
73
66
55
56
65
66
74
72
59
48
34
34
34
26
25
29
34
37
44
51
48
38
25
21
19
28
43
43
35
32
26
25
25
41
56
28
8
23
45
48
35
27
34
39
41
45
52
54
52
44
41
34
37
44
48
49
53
57
53
43
49
59
73
74
69
66
69
68
52
36
33
43
60
68
67
60
56
59
64
60
60
61
71
83
89
91
75
56
60
89
83
65
68
83
83
69
57
57
61
57
50
52
66
81
84
81
80
72
69
71
73
72
66
58
42
35
39
35
21
8
-1
-13
-13
1
6
7
10
16
34
66
77
44
27
40
50
49
52
53
45
50
58
49
32
25
34
52
60
54
39
36
44
60
72
72
55
49
57
69
73
67
52
41
35
26
20
17
22
35
44
44
42
51
58
65
55
36
36
54
89
91
80
70
67
73
73
64
52
65
89
99
88
81
87
87
69
55
51
51
51
50
48
43
37
23
12
18
27
25
20
17
22
32
22
11
10
20
21
19
22
20
12
12
17
20
42
71
67
42
28
33
41
57
51
36
41
55
56
52
49
41
41
50
65
81
91
86
80
74
74
73
73
81
83
80
81
89
92
77
70
70
75
84
85
75
57
39
29
33
34
33
50
43
20
17
24
23
16
10
13
20
11
1
0
6
12
19
25
26
18
20
23
32
50
56
51
42
41
48
54
60
65
55
37
27
33
37
39
50
58
58
51
42
36
27
21
16
17
25
33
25
22
24
38
60
72
58
51
51
58
65
57
52
51
53
55
58
67
68
64
66
75
81
73
80
80
70
65
66
76
81
82
100
83
54
51
66
76
75
71
68
70
72
75
73
60
60
64
42
23
21
22
21
19
11
9
2
-4
-9
-24
-35
-40
-39
-30
-13
-2
-13
-11
4
16
23
35
38
44
45
41
45
50
49
51
52
40
24
12
17
25
33
39
44
48
50
54
58
65
69
69
66
65
61
65
67
68
68
59
53
64
75
81
73
53
37
41
36
16
9
18
21
21
36
59
40
17
22
34
33
32
38
44
53
55
49
38
27
22
32
49
55
54
58
66
72
76
80
75
68
64
66
72
81
80
80
81
76
69
67
64
53
49
44
36
25
26
28
22
18
20
17
12
8
10
28
43
42
36
38
51
56
53
49
53
64
65
64
68
74
72
71
72
71
69
73
76
80
86
58
29
28
45
57
59
56
55
53
51
43
45
58
60
54
48
49
55
53
42
38
38
38
38
37
25
19
21
33
44
52
49
44
49
57
58
55
61
75
85
88
84
73
69
73
76
76
76
85
90
88
84
74
65
52
40
36
28
27
26
19
16
18
28
37
39
56
54
27
21
35
48
48
40
40
49
59
68
65
69
75
68
65
64
52
39
35
40
51
60
57
39
27
33
32
24
20
9
6
7
7
12
21
19
16
18
20
23
21
12
9
10
17
17
0
-5
3
19
34
64
67
34
16
25
42
48
54
66
73
75
74
87
96
97
99
101
99
101
105
112
112
112
104
102
101
91
81
76
70
51
40
38
40
45
41
22
9
6
2
6
24
44
51
48
43
42
44
38
36
44
50
43
37
35
33
35
27
21
26
34
34
34
33
25
34
50
76
89
65
44
50
56
49
39
36
32
32
28
32
29
35
42
39
40
50
49
35
20
24
35
43
53
59
55
48
40
28
21
23
32
25
20
12
16
26
35
33
24
27
45
59
64
67
69
69
83
112
117
87
71
66
68
72
57
35
40
64
80
85
75
57
48
51
51
45
41
41
34
26
18
0
-11
-12
-9
-9
-11
-11
-7
5
21
24
20
25
39
53
59
58
58
68
83
86
86
87
81
80
88
99
104
104
106
109
118
119
104
90
71
51
50
53
43
35
39
53
64
64
52
43
50
36
4
-9
-9
-6
-3
-10
-13
-4
8
16
19
21
23
23
20
19
25
39
45
59
80
92
98
99
101
101
105
112
108
98
92
101
103
87
67
52
43
50
50
39
37
36
26
17
11
22
33
29
29
32
23
12
12
17
19
24
27
20
17
27
40
39
39
52
66
72
68
59
52
49
50
55
69
70
67
64
66
69
67
65
65
64
70
83
81
68
67
75
84
81
72
66
64
64
60
57
58
68
60
44
36
25
12
12
18
20
11
4
6
10
10
5
-2
-4
2
6
20
36
35
26
26
32
41
44
35
22
27
43
49
42
38
43
49
45
48
51
56
50
48
64
84
96
97
90
71
57
56
54
54
57
53
39
23
19
27
29
25
23
28
25
10
4
9
25
37
43
54
65
72
75
73
81
90
101
96
86
89
101
100
88
84
83
72
68
67
61
61
65
66
57
55
55
40
22
13
17
25
22
4
-11
-22
-25
-18
-8
-21
-27
-22
-11
-7
-6
-6
6
26
41
41
36
41
53
57
60
57
55
55
57
66
72
74
72
80
87
91
86
84
88
84
75
81
84
81
80
80
72
55
44
44
41
41
52
49
40
41
49
53
54
58
69
74
76
76
87
99
99
98
96
91
74
56
40
44
66
93
117
133
144
145
144
139
133
119
100
91
107
128
136
144
136
124
119
119
124
131
128
121
121
118
117
106
97
90
91
99
105
106
108
113
105
96
88
90
99
102
107
119
124
114
96
96
99
99
98
89
86
86
88
86
73
61
64
57
53
49
34
20
22
33
39
39
34
23
16
12
16
9
5
3
-1
-8
-8
-5
2
7
12
21
25
28
36
36
27
18
5
-6
-8
0
3
-3
-5
1
3
5
10
20
24
32
29
20
11
7
5
4
5
3
5
16
28
34
33
37
41
40
28
23
23
22
20
21
24
37
52
53
40
27
22
7
-8
-18
-18
-13
-7
-2
1
9
12
7
-2
-4
-5
-5
9
28
34
33
37
40
44
44
38
26
28
41
48
50
50
41
33
28
36
42
43
51
44
36
23
12
18
24
32
33
25
22
23
32
36
34
35
28
20
22
39
50
37
27
32
43
58
64
59
56
58
70
74
73
82
87
77
72
76
82
75
68
64
58
58
55
52
49
48
41
39
39
26
11
6
-1
-9
-18
-12
1
16
34
37
20
2
2
16
34
50
66
80
81
72
65
60
57
50
41
39
48
49
41
44
59
73
83
85
77
69
61
51
43
36
41
50
43
36
25
28
36
48
52
45
40
39
43
39
20
3
-4
-2
1
5
9
12
17
16
6
9
23
34
35
33
40
51
65
76
88
100
100
92
92
91
99
108
108
102
98
97
92
89
88
101
106
92
70
56
53
58
73
97
108
105
93
83
70
55
41
34
28
36
39
36
34
34
33
23
17
10
-1
-8
-4
1
6
13
22
29
25
12
8
17
32
49
55
50
44
40
33
27
35
41
40
36
35
40
45
44
56
72
81
75
73
74
68
57
61
69
64
52
41
36
42
57
68
60
40
27
27
38
40
43
38
33
28
32
24
8
4
8
11
19
20
13
20
18
12
11
19
29
44
58
61
61
67
72
73
83
92
99
83
60
43
32
32
53
85
100
82
60
68
92
107
99
69
44
40
42
53
66
69
69
73
76
81
75
68
64
64
70
81
83
80
72
64
52
45
52
53
40
32
37
45
42
29
25
32
44
60
60
52
53
57
57
64
68
64
57
57
54
45
35
23
26
54
80
86
76
66
64
59
49
29
17
17
10
-9
-26
-29
-27
-26
-13
19
36
22
6
-1
-10
-25
-29
-29
-25
-23
-29
-34
-22
-9
-7
-11
-18
-17
-13
-5
16
38
56
69
82
85
98
103
99
102
103
101
105
122
128
120
120
121
121
120
113
92
76
70
69
68
67
68
64
49
35
36
48
52
51
48
48
55
59
59
52
39
35
36
32
20
21
23
17
12
25
39
37
24
22
25
28
26
33
