99
80
59
49
43
42
40
41
50
50
50
55
58
66
54
38
33
28
27
22
33
49
60
59
52
44
56
57
55
57
51
24
-1
-10
11
41
60
66
64
54
49
45
35
16
3
13
50
64
57
67
83
77
64
53
56
53
48
56
67
59
39
35
41
42
43
39
26
16
17
22
25
20
12
16
8
-8
-18
-12
-2
9
10
9
12
24
35
42
59
70
67
44
39
50
55
51
41
43
42
35
34
33
35
41
58
66
56
39
33
55
72
65
54
60
70
61
48
32
28
42
53
50
37
37
44
52
54
66
77
65
40
37
39
40
45
42
28
22
26
35
42
41
37
28
23
10
-2
-5
1
10
23
39
60
82
89
92
97
92
89
85
88
83
70
56
45
49
44
38
37
40
51
68
76
73
66
67
68
59
50
44
43
32
16
8
13
24
27
33
37
27
21
26
44
55
49
36
38
60
87
88
82
76
71
65
64
80
107
119
102
85
84
93
116
140
149
138
129
138
155
154
130
116
114
102
101
102
104
99
86
88
87
68
35
13
26
54
50
27
12
9
18
39
54
53
39
25
34
50
49
24
7
10
33
49
53
48
38
37
39
45
68
90
88
67
53
61
60
45
39
42
48
50
51
42
33
21
34
42
26
19
19
19
20
11
2
-1
0
6
6
6
16
20
18
17
21
26
21
5
0
1
11
22
21
24
40
60
64
61
65
59
50
43
42
43
49
49
39
19
-4
-18
-7
4
8
21
36
48
56
60
58
35
7
-5
-18
-18
0
18
23
24
17
17
26
23
7
-3
-2
3
5
5
2
8
23
40
44
28
7
-1
6
23
40
40
13
-2
7
21
21
18
26
50
54
44
54
67
75
72
65
64
69
68
61
66
66
66
69
73
73
68
71
73
52
34
48
84
120
130
115
101
108
116
114
104
103
103
89
74
82
99
93
58
25
20
20
21
19
23
24
33
52
67
66
64
56
56
54
45
48
49
53
57
60
64
73
84
90
90
75
69
76
77
70
70
71
73
81
88
85
73
61
69
80
69
66
69
58
37
25
38
57
57
38
34
48
66
84
82
76
80
81
70
65
71
73
67
54
45
48
44
39
37
39
39
27
25
24
32
54
69
65
54
57
58
45
37
49
49
25
8
22
45
44
25
20
35
57
58
53
52
50
48
52
58
58
55
56
57
51
36
37
43
45
40
26
22
33
42
39
42
59
67
54
38
42
42
34
24
7
-11
-7
13
38
43
32
21
33
57
58
42
29
25
36
50
51
44
41
38
40
33
19
23
42
52
37
11
3
2
-6
-11
-7
-3
2
11
22
18
-2
-14
-8
6
23
32
24
20
27
37
32
11
-17
-27
-13
2
19
36
35
22
22
27
27
23
26
24
35
44
48
53
50
48
35
24
23
29
38
36
28
21
16
12
12
12
21
27
32
33
37
40
45
50
48
41
39
55
66
49
32
39
44
43
40
34
34
37
49
51
37
19
9
27
43
37
26
18
9
6
4
3
3
-2
-10
-13
-9
-9
-13
-9
2
12
27
44
38
17
4
16
43
50
41
43
64
75
61
51
53
65
67
52
51
54
54
56
51
33
24
36
65
74
48
4
-9
7
32
33
25
18
9
10
19
26
27
26
17
0
-14
-14
2
17
16
1
-2
11
39
60
83
98
98
80
69
66
51
38
38
51
56
41
12
3
19
42
59
67
67
55
38
38
44
48
41
48
54
51
45
49
52
53
41
17
21
39
50
52
52
51
59
71
72
75
85
92
96
86
73
59
58
64
67
83
103
103
81
60
55
50
52
66
70
67
65
74
89
91
92
88
73
57
51
58
69
77
80
82
90
87
65
57
57
59
70
81
83
87
85
76
83
86
80
57
32
26
48
60
44
26
34
48
55
57
70
85
92
85
57
41
39
37
42
53
55
55
42
27
41
69
80
69
45
37
51
64
65
72
98
109
99
74
68
81
81
69
66
69
65
56
56
55
57
45
36
28
23
24
35
44
50
54
53
43
36
36
37
29
25
34
50
56
50
33
18
6
2
12
22
35
52
55
54
51
48
45
35
34
40
42
50
58
66
68
59
39
28
38
51
53
56
60
60
58
56
55
40
19
6
8
20
40
53
42
28
25
12
10
39
68
75
65
55
56
67
80
80
71
70
73
71
66
68
81
87
92
89
81
75
75
65
65
68
76
82
73
60
59
60
53
37
21
9
11
23
38
45
48
24
-12
-17
7
28
38
35
33
39
51
40
21
2
-1
18
36
40
54
52
34
28
39
52
72
83
68
60
72
85
88
86
69
51
39
29
43
73
65
38
25
19
16
19
5
-6
1
12
11
12
23
23
16
21
34
45
57
59
61
65
69
68
67
72
67
54
39
39
58
73
70
69
75
86
92
96
89
85
76
68
68
71
68
65
72
83
70
60
55
52
49
49
43
41
45
40
33
32
32
36
27
24
28
41
56
57
54
41
27
7
2
18
34
36
43
50
45
41
37
34
35
32
22
18
25
35
34
35
53
68
67
59
56
58
69
74
83
82
61
53
59
55
50
50
44
28
16
10
8
3
19
54
76
84
88
91
96
92
92
90
81
70
70
68
60
37
5
6
25
27
23
26
34
38
41
44
48
51
64
68
55
43
49
65
59
39
24
22
23
27
26
25
37
57
66
67
68
70
65
38
24
36
50
55
53
42
38
43
43
29
34
49
50
38
33
37
42
53
59
48
25
24
27
25
23
12
6
7
16
21
12
3
10
33
55
82
91
90
96
100
106
109
101
85
92
116
125
124
119
107
89
88
120
151
149
124
118
133
162
181
179
166
152
148
156
170
173
155
122
103
98
103
115
108
97
92
92
86
74
76
92
106
107
90
80
84
91
85
71
54
38
27
28
38
43
35
20
25
40
38
29
33
36
39
39
23
4
0
10
36
56
65
41
23
24
25
28
28
34
28
26
29
37
38
27
36
60
75
59
42
36
50
76
91
86
70
68
70
57
49
52
57
56
49
39
24
2
-7
-10
-1
9
17
13
9
16
25
37
35
34
33
19
4
-4
-2
5
6
0
3
7
-7
-27
-36
-33
-20
2
9
-6
-22
-18
1
9
8
11
6
5
20
20
8
-3
-12
-35
-43
-22
5
9
-2
-6
-9
-14
-17
-18
-24
-27
-22
-20
-24
-13
1
11
20
11
-6
-17
-4
18
28
33
33
37
35
43
57
56
50
49
52
51
41
24
11
9
7
16
28
28
7
0
11
27
39
40
21
7
18
27
25
19
13
-2
-5
12
36
58
69
64
35
12
21
42
56
58
59
69
74
69
65
66
66
66
67
71
89
108
113
101
76
56
36
18
24
48
56
43
37
50
69
72
72
72
51
33
38
48
39
21
8
0
1
9
10
7
12
37
58
76
96
90
80
82
87
75
54
44
49
53
58
57
49
42
35
28
34
36
33
38
53
51
36
20
25
48
53
39
25
20
10
6
11
24
33
26
20
20
9
2
9
32
51
58
64
69
80
92
99
87
84
84
84
86
83
69
59
61
65
50
36
37
45
71
83
64
48
66
84
70
51
39
32
21
4
-28
-61
-56
-21
23
51
41
20
21
51
84
90
82
84
102
119
117
107
102
90
80
69
66
67
81
98
92
75
70
80
73
50
40
53
70
77
80
75
60
43
24
5
-4
-9
-18
-19
-6
4
4
2
6
11
10
0
-9
-3
11
12
9
16
21
21
19
34
51
56
59
64
70
80
82
66
49
42
41
40
56
75
100
102
92
89
98
101
98
96
87
75
64
52
38
33
37
38
33
26
19
24
36
25
4
0
6
18
34
37
25
5
3
19
32
26
9
0
9
24
22
23
38
56
54
43
43
69
87
92
93
96
96
102
99
83
80
92
97
82
60
44
28
24
37
60
93
108
104
102
114
123
130
130
118
112
115
131
144
144
139
134
132
135
139
147
153
151
140
139
156
176
170
150
135
145
147
132
121
124
123
108
104
105
101
101
105
96
74
70
87
104
112
100
81
69
67
66
75
93
93
80
65
58
68
76
74
57
38
37
38
38
40
42
37
20
10
10
9
8
2
-5
-17
-33
-33
-21
-23
-39
-46
-40
-22
-10
-6
1
21
35
18
-5
-2
13
18
0
-5
-4
-3
4
9
9
8
11
16
5
-4
-4
-5
-4
4
12
11
3
1
7
8
-5
-33
-41
-37
-25
-19
-26
-45
-66
-61
-55
-55
-41
-23
-13
-8
-5
0
12
32
37
33
28
48
69
68
56
58
69
70
70
59
52
52
52
36
28
42
64
61
58
54
48
48
54
49
35
27
28
34
33
27
33
35
25
18
8
3
1
11
24
16
9
12
16
12
10
10
8
4
7
6
10
32
52
65
65
64
60
58
54
50
51
68
85
88
84
87
92
99
101
89
69
50
52
64
66
60
55
49
39
23
13
33
68
67
38
20
16
28
44
49
41
33
28
27
19
11
20
33
39
38
40
52
43
35
51
55
42
39
42
42
44
43
42
43
43
49
53
67
83
96
91
75
64
64
59
42
27
28
53
80
75
70
67
68
82
93
91
72
50
45
53
69
70
66
66
71
64
52
51
51
48
45
37
24
25
32
26
25
28
23
27
21
6
4
4
5
2
6
29
59
69
55
44
55
72
80
82
93
106
117
130
140
149
137
108
89
89
92
89
71
53
52
49
34
13
4
4
8
7
-2
-11
-9
-1
3
10
24
24
3
-5
6
17
20
10
-1
2
20
37
42
36
35
40
40
50
67
77
74
54
48
69
98
118
129
115
98
91
96
98
107
107
86
80
88
96
100
100
92
91
87
75
71
76
74
64
51
54
70
76
82
88
97
101
88
80
87
83
66
65
66
44
25
23
43
66
53
33
38
56
71
89
92
84
71
64
56
38
20
8
11
23
24
17
9
1
1
32
71
89
88
87
88
86
73
82
101
102
89
73
71
81
81
80
83
84
76
59
59
75
86
90
92
90
87
87
89
75
42
33
35
33
24
20
19
19
28
34
17
3
9
11
12
7
10
24
25
18
8
5
0
-9
-5
-4
-8
-3
-8
-21
-19
-25
-52
-61
-54
-36
-22
-26
-29
-17
3
10
10
16
23
27
35
43
64
73
74
83
93
101
112
125
123
116
108
106
123
135
137
135
114
87
83
90
98
97
86
71
66
55
50
49
54
49
37
37
39
36
35
44
51
40
29
28
38
36
22
13
17
28
27
12
2
-2
5
23
32
38
52
66
75
84
84
82
81
68
54
48
55
83
98
100
97
87
83
87
99
104
108
104
96
99
96
83
65
52
53
67
75
73
60
52
49
51
57
51
36
43
67
86
85
71
67
69
59
45
35
16
2
-3
1
21
37
37
27
21
19
18
13
0
-3
2
-5
-14
-7
7
10
7
20
33
48
56
55
52
67
86
83
77
87
99
91
76
72
73
77
76
72
66
67
74
85
81
60
40
37
53
83
103
100
83
69
67
66
42
22
21
22
19
20
24
23
16
8
9
13
24
24
22
24
33
44
57
49
41
51
54
48
38
28
25
18
19
25
25
28
48
55
58
56
41
32
27
32
33
37
41
34
36
49
51
41
41
48
57
67
70
71
68
64
55
53
48
42
43
37
33
26
24
40
72
91
81
50
21
6
16
33
36
23
25
33
28
16
13
21
21
17
7
5
25
49
54
51
32
2
-4
2
-3
-6
0
18
22
22
21
22
9
-9
-11
9
25
27
26
21
23
34
35
22
11
12
21
39
43
42
53
67
72
72
58
52
60
67
66
68
74
72
67
57
52
48
48
41
41
50
68
77
65
52
85
119
105
76
65
67
66
55
44
43
55
74
80
65
56
59
66
68
76
92
98
92
89
81
69
58
51
54
72
85
75
56
38
24
10
9
23
34
37
48
58
66
53
28
24
41
51
40
37
44
51
56
65
66
68
72
72
58
43
44
57
68
64
65
74
74
58
42
32
19
11
22
48
68
82
103
124
137
136
139
154
166
176
194
201
202
212
225
220
198
182
195
209
209
193
184
192
198
199
187
173
161
150
146
151
152
147
141
147
144
131
121
114
105
83
58
55
69
82
82
73
68
60
48
35
40
50
61
75
68
48
28
19
16
20
21
11
1
-2
10
18
17
22
18
8
4
1
1
16
18
5
-5
-6
-3
-10
-33
-49
-43
-43
-49
-54
-57
-69
-82
-84
-74
-75
-93
-122
-123
-89
-60
-49
-45
-43
-36
-20
-4
0
-8
-4
8
22
34
42
49
45
42
54
73
83
73
71
82
86
81
71
64
68
74
65
48
37
37
40
38
19
0
1
11
26
40
45
41
38
37
39
40
37
42
48
38
20
9
19
35
49
49
40
25
22
16
1
-5
7
35
52
51
43
26
12
12
17
20
13
17
18
10
3
-6
-18
-10
1
-3
-10
-10
-4
9
17
9
1
10
42
57
58
66
72
82
83
76
60
41
37
54
69
59
40
33
37
66
75
56
39
43
60
71
69
64
60
48
26
23
21
8
3
13
18
17
12
13
19
19
8
1
-2
4
18
17
27
51
67
71
70
61
54
55
53
53
55
53
42
26
17
21
41
59
66
49
41
56
66
67
53
34
23
23
32
34
19
0
-7
4
21
29
20
6
5
20
36
41
35
11
-8
-2
25
44
37
16
7
17
28
36
40
40
28
22
25
18
12
11
19
35
41
37
26
18
10
12
12
21
39
40
27
19
8
2
9
9
5
8
27
44
27
7
7
16
21
24
24
24
40
66
80
70
48
38
29
20
29
43
50
49
29
9
-2
1
6
-4
-13
-8
-9
-18
-34
-50
-46
-27
-7
0
-11
-28
-45
-36
4
37
39
20
5
6
18
36
42
36
27
32
44
52
45
37
35
37
54
73
88
107
119
128
136
135
133
120
116
113
105
96
84
83
76
59
53
56
57
51
41
41
52
54
43
41
55
61
51
33
11
5
24
40
34
25
28
26
18
11
20
32
37
39
44
56
58
64
64
58
64
71
88
105
101
73
54
54
67
87
101
98
84
80
89
103
107
90
61
57
91
118
114
91
82
84
81
66
57
55
41
25
12
6
1
3
8
6
10
20
27
39
51
49
25
8
12
37
57
70
72
70
84
105
106
98
104
123
128
112
100
98
99
104
114
117
117
109
99
85
84
99
105
102
100
114
129
130
130
113
85
64
54
58
66
57
54
58
54
41
24
10
16
32
40
26
11
29
49
52
59
61
54
41
38
40
52
70
66
37
34
48
48
37
36
41
48
52
61
64
54
57
58
44
44
60
66
59
69
82
70
40
35
54
54
37
34
33
12
-3
2
9
10
6
-3
-1
25
54
65
58
43
38
50
64
67
60
55
55
54
48
41
37
21
-7
-38
-42
3
68
100
100
93
90
103
122
106
76
61
57
48
33
33
40
43
42
37
35
40
51
55
49
44
65
83
74
57
70
112
144
139
115
91
84
75
56
39
38
42
49
65
68
45
35
42
48
48
44
59
74
72
64
68
90
105
91
67
55
56
68
85
90
84
71
64
67
73
85
89
66
44
56
82
97
93
74
77
116
139
135
128
138
145
124
102
99
100
92
86
75
74
60
52
58
65
64
58
51
40
24
19
32
43
37
21
22
36
45
52
57
74
76
73
69
60
52
40
41
58
67
68
81
89
82
66
55
61
71
68
73
89
98
90
86
92
92
74
59
66
66
56
40
29
25
24
28
41
45
33
6
-8
-12
-25
-35
-30
-22
-13
-6
-5
-8
-13
-1
22
40
44
41
38
37
41
42
33
28
32
26
24
23
28
40
48
39
32
35
39
42
40
26
25
42
50
42
38
40
40
27
9
6
12
13
7
10
20
25
12
4
4
2
-4
-8
-8
-5
-5
-14
-26
-34
-34
-17
-1
-8
-19
-12
-5
4
27
50
59
52
56
75
75
68
66
69
66
60
59
65
68
64
64
60
51
42
40
27
3
0
18
28
29
22
12
9
16
22
21
11
3
3
4
12
33
50
54
43
35
36
51
65
58
49
44
52
67
75
75
81
89
92
97
99
98
76
48
52
71
77
70
64
64
67
70
70
53
36
41
48
34
28
40
45
38
18
6
3
-5
-9
1
8
19
20
11
7
17
25
28
24
27
37
35
35
52
72
71
56
41
44
57
58
60
55
41
34
36
34
25
24
33
43
43
35
27
16
-3
-8
3
12
21
23
26
33
43
55
52
41
41
50
51
51
52
51
59
67
58
44
40
43
48
58
70
73
71
65
72
96
107
92
72
65
64
54
52
64
72
82
88
86
76
74
71
64
54
54
65
75
80
80
77
72
61
59
56
50
44
42
45
57
76
83
71
61
58
60
55
43
40
48
52
53
54
59
70
72
68
57
43
36
33
26
20
17
22
25
32
43
48
39
40
40
35
38
37
32
41
68
80
65
41
40
54
65
70
76
80
69
59
60
70
75
53
29
24
22
23
25
28
32
29
39
56
56
36
18
19
27
35
32
22
24
40
49
44
40
26
23
33
38
35
36
44
52
49
38
27
33
41
36
39
51
49
51
52
51
43
36
27
34
43
36
20
19
33
45
58
67
64
64
81
100
102
83
68
73
82
72
67
75
90
84
57
40
35
43
71
87
76
53
50
72
87
66
44
42
42
38
35
38
55
60
57
56
45
20
6
17
26
34
42
60
71
61
49
41
48
56
67
65
68
69
65
60
67
68
64
56
48
35
26
24
32
49
57
50
38
33
28
24
36
56
64
65
58
54
48
36
25
24
22
11
10
26
50
60
53
41
42
44
48
50
50
50
52
54
52
42
33
34
42
51
50
43
45
60
75
86
99
108
117
118
108
86
71
72
65
54
51
53
53
51
48
41
32
28
45
54
38
32
35
41
45
40
28
20
34
50
49
32
32
50
70
82
67
57
70
84
82
81
84
93
83
55
65
89
99
96
92
102
116
131
130
112
82
59
56
55
61
58
34
18
18
19
27
27
10
5
8
13
24
29
26
18
20
35
38
23
13
19
25
32
38
34
33
48
60
70
70
55
43
43
41
50
66
73
80
85
82
80
73
71
67
60
59
57
42
39
43
45
57
64
55
52
49
25
12
19
36
56
61
52
38
33
40
55
67
55
34
28
48
69
80
86
88
87
80
54
48
52
56
57
48
25
21
39
49
38
23
12
11
25
28
21
19
19
12
18
28
28
28
25
19
17
8
3
13
42
51
36
27
28
24
26
49
69
55
22
10
21
29
21
8
13
25
11
1
11
19
9
8
38
88
124
115
86
88
106
112
93
76
68
70
81
90
103
97
72
55
53
48
36
22
34
66
87
88
88
87
85
84
88
89
83
70
58
52
52
56
73
97
92
76
67
74
88
103
123
145
152
160
152
147
152
153
138
133
138
147
146
140
144
157
170
169
150
122
108
108
113
103
75
56
51
66
88
82
48
19
22
35
34
10
-10
-9
6
19
21
8
-11
-30
-37
-42
-37
-13
-1
-13
-33
-40
-29
-17
-14
-14
-8
-2
2
1
6
18
22
24
26
32
25
11
3
12
28
39
38
17
6
11
16
3
-20
-23
-9
-4
-7
-5
3
16
22
13
1
-17
-39
-53
-40
-13
3
3
-9
-11
-4
-1
5
7
0
-7
-3
17
37
45
42
37
37
41
23
13
26
49
67
76
85
89
82
67
55
52
53
48
40
39
41
36
32
35
50
68
64
51
52
61
65
75
89
92
89
84
76
68
54
38
36
50
58
58
59
55
22
-8
-6
22
39
39
33
21
26
34
32
36
39
34
23
21
27
33
33
20
12
10
7
7
8
17
35
48
50
48
52
54
51
58
49
29
25
23
32
48
55
64
66
55
54
66
76
88
96
91
82
65
52
56
60
70
77
85
85
88
84
70
50
32
35
40
32
11
1
2
4
1
-5
-3
-9
-10
-3
-3
5
21
26
23
19
23
27
22
18
23
41
54
54
55
52
50
52
50
43
40
36
40
55
64
59
57
59
74
72
67
65
66
76
85
87
92
104
115
124
128
122
109
105
119
139
144
135
132
145
149
128
89
76
91
105
104
101
105
102
87
80
85
90
85
84
85
96
107
106
100
99
105
104
98
93
103
113
108
107
108
87
66
70
97
122
136
132
123
118
118
125
131
120
92
70
65
72
76
71
56
59
61
53
43
37
39
41
44
39
34
34
34
41
53
50
39
33
20
11
6
1
2
2
1
-6
-21
-38
-36
-21
-14
-13
-3
3
-8
-20
-11
-13
-23
-20
-17
-19
-17
-8
-12
-28
-25
0
16
11
8
19
27
24
16
5
-2
-3
-6
-13
-22
-28
-36
-38
-21
-6
0
7
18
24
17
10
19
26
26
23
21
11
8
21
22
12
4
-3
-12
-23
-35
-37
-29
-30
-29
-18
-3
7
7
5
1
-9
-8
9
40
64
67
57
57
67
72
70
65
55
55
68
93
108
90
76
83
73
54
45
35
24
27
41
38
10
-3
3
20
27
28
17
4
-3
-5
-2
12
27
34
35
37
25
19
18
19
23
23
32
50
65
69
70
67
82
98
102
98
90
83
69
54
52
53
51
38
22
2
0
25
53
55
51
51
55
64
54
27
12
12
22
23
25
49
68
68
58
43
40
53
68
68
59
59
67
74
82
77
82
87
77
58
44
54
72
67
52
49
57
74
86
97
90
89
91
99
103
99
99
93
83
83
103
113
100
96
104
107
101
86
85
112
130
116
89
72
71
72
70
65
66
60
51
54
58
43
37
29
25
23
24
22
28
40
41
37
37
28
21
20
21
22
20
13
23
19
16
28
54
55
44
54
65
66
80
107
123
118
114
114
104
99
107
109
99
85
83
84
87
85
75
86
106
118
113
96
77
81
108
132
123
114
132
163
171
155
135
131
147
161
154
140
138
139
131
122
128
137
136
133
128
119
115
119
105
90
85
85
89
98
103
90
71
70
83
99
98
84
80
85
89
80
59
50
40
39
40
38
36
41
48
52
50
37
24
29
51
58
53
51
52
55
49
38
23
21
28
37
34
18
11
16
3
-12
-13
-5
-1
3
1
-10
-11
-3
8
17
24
36
49
51
33
6
-8
-9
-2
5
12
18
11
11
-2
-19
-17
-12
-23
-41
-50
-44
-44
-54
-55
-40
-28
-28
-37
-42
-37
-26
-29
-37
-35
-41
-54
-34
-9
-6
-10
-18
-28
-35
-28
-22
2
23
38
36
32
28
36
43
53
60
64
66
69
60
57
53
43
24
10
23
43
51
44
34
20
20
36
37
22
6
6
23
43
49
51
54
44
50
65
66
57
49
51
45
28
24
33
44
52
49
45
61
93
99
76
59
58
59
59
67
64
56
57
64
54
37
38
44
42
43
45
48
43
43
50
58
61
59
66
74
72
54
38
27
26
23
12
9
12
8
10
32
58
68
67
76
87
91
77
58
56
51
28
24
39
59
82
91
89
85
72
57
58
68
65
52
50
54
58
55
48
28
23
32
43
48
41
25
3
-6
-9
-21
-26
-12
4
7
0
6
25
37
36
26
16
18
32
50
52
40
25
16
10
28
57
71
72
75
74
83
99
102
102
106
112
104
107
108
99
88
84
76
72
64
54
50
37
42
59
64
55
44
32
29
42
54
65
72
85
102
108
132
164
171
151
130
131
154
172
176
165
155
140
119
105
116
133
137
133
120
121
138
147
138
115
97
90
83
75
73
70
69
69
73
76
73
64
51
49
41
42
44
40
35
43
49
40
48
66
64
42
26
28
36
38
41
42
43
44
41
42
40
22
7
9
20
38
53
58
38
18
23
33
33
19
2
-7
-17
-24
-14
2
12
16
13
11
11
9
5
12
20
6
1
6
11
11
11
8
5
7
16
5
-5
-2
20
38
42
36
19
-5
-14
-8
-3
1
8
19
24
25
22
11
9
4
-11
-27
-25
-19
-21
-30
-44
-43
-33
-20
-8
8
18
6
3
18
40
61
67
64
74
