16
10
20
29
28
22
16
7
17
27
26
25
35
49
50
41
48
56
68
72
83
83
74
67
72
90
109
124
133
119
103
99
97
97
90
76
69
69
61
58
54
41
26
12
-6
-11
0
25
44
58
67
64
56
52
42
40
52
57
58
68
75
80
84
87
84
82
91
99
89
76
70
72
66
37
24
33
42
41
35
36
38
40
49
49
38
42
58
66
55
28
12
39
84
104
89
67
68
98
121
128
128
122
112
103
109
144
171
177
164
148
146
146
148
147
140
129
114
116
134
134
102
85
89
99
97
75
49
24
21
38
49
48
40
33
34
38
40
37
29
19
13
20
26
29
36
41
37
17
-3
-20
-37
-38
-17
10
22
11
0
3
20
27
21
10
0
5
24
25
-3
-25
-19
-3
-10
-23
-30
-38
-36
-29
-19
-8
-5
-7
-9
-13
-20
-26
-29
-25
-18
-6
0
3
11
24
21
2
-4
18
51
57
32
12
37
71
81
52
22
27
43
41
19
5
7
11
17
10
-8
-23
-12
16
33
32
36
41
32
11
8
19
26
33
36
26
28
45
44
37
40
53
66
65
49
40
51
65
58
43
39
57
81
83
67
52
57
67
51
35
36
50
60
54
34
4
-18
-25
-20
-11
-3
-3
-5
0
2
-2
-1
9
17
27
43
42
42
52
60
59
48
38
33
26
35
35
33
32
28
38
52
57
54
48
54
68
72
72
65
58
69
76
69
65
66
71
75
66
54
57
60
57
65
83
91
97
87
72
51
28
20
25
43
53
54
65
75
84
96
99
87
68
55
67
87
88
80
87
101
106
97
86
85
80
80
77
75
59
52
65
76
76
57
26
4
12
37
52
52
52
59
68
69
66
43
33
48
69
81
76
64
57
72
91
100
83
56
38
40
59
66
50
43
58
76
80
75
85
92
88
92
119
144
133
104
97
124
160
157
118
84
65
67
88
105
100
98
99
98
98
100
98
93
87
70
53
41
33
24
17
8
-1
-2
6
8
1
-5
4
25
51
65
57
44
34
20
9
3
10
18
6
-6
-9
2
18
11
7
8
12
26
35
24
2
-13
1
28
38
32
22
22
25
28
27
27
22
20
32
38
41
48
37
36
36
32
28
21
6
-6
3
17
9
-5
-17
-24
-27
-18
-5
-4
-6
-9
-7
-1
6
12
12
9
10
24
36
34
24
12
6
12
27
41
50
68
83
75
53
44
41
25
18
26
55
82
83
66
42
33
39
43
40
22
2
16
49
52
26
17
26
34
27
20
23
34
36
36
42
55
58
58
60
57
57
57
44
34
28
27
35
52
57
44
38
58
73
64
57
64
73
81
69
55
52
53
50
43
44
55
68
59
40
35
58
81
86
73
51
38
55
90
113
116
109
107
107
114
124
130
118
96
92
102
105
104
101
99
96
83
74
84
91
87
77
75
69
71
85
97
100
99
96
98
102
90
69
56
65
67
65
58
38
12
1
9
23
23
16
17
27
32
29
35
36
28
26
28
32
25
25
36
36
25
28
50
48
28
19
9
0
4
29
53
59
54
51
44
35
22
10
2
3
9
19
22
25
34
43
54
54
42
25
11
10
21
42
57
53
48
48
44
40
38
34
26
21
32
38
39
38
28
25
18
8
16
26
32
25
23
28
33
38
38
45
57
67
69
67
59
35
20
33
49
51
48
43
51
53
50
53
57
45
32
41
61
65
51
41
37
29
29
38
33
23
10
8
17
20
16
5
2
1
-1
1
-4
-21
-24
-4
21
28
13
6
20
40
48
56
58
58
58
54
51
59
67
71
76
76
71
83
96
85
72
70
76
89
96
96
99
92
68
48
42
43
29
16
7
11
19
23
32
34
25
16
9
11
21
34
38
40
53
65
59
51
55
67
75
88
90
83
72
53
34
34
42
42
37
28
26
33
25
6
-2
8
29
41
51
55
52
49
48
51
38
18
19
12
-10
-22
-2
21
34
38
25
6
0
7
23
34
36
28
20
9
17
25
21
16
18
28
49
61
67
75
88
90
76
67
68
73
77
68
49
39
41
43
41
42
54
60
54
40
45
69
84
73
57
60
83
109
112
81
49
39
52
72
83
81
73
65
64
67
72
76
83
75
67
55
51
51
53
56
52
52
49
48
51
50
40
41
57
68
67
66
68
61
54
66
88
100
86
75
83
89
89
92
92
84
71
60
51
51
53
40
20
1
-20
-30
-20
1
12
25
36
33
28
29
38
37
37
34
28
38
49
43
52
73
87
73
52
44
69
84
77
68
68
57
48
53
65
75
82
60
39
36
43
43
25
5
-4
1
6
9
10
16
13
4
-5
2
12
22
27
26
27
36
33
25
18
10
21
42
53
53
54
53
51
44
44
52
56
51
53
59
70
77
76
80
88
92
98
102
104
108
104
101
96
80
73
81
90
99
102
99
91
98
108
120
124
105
86
80
81
83
77
74
72
64
50
40
44
56
55
44
54
75
89
90
84
73
71
82
97
100
84
60
53
51
56
70
76
71
59
43
36
35
38
42
37
22
23
38
53
44
32
28
33
29
26
36
36
24
17
2
-12
-14
-18
-20
-7
6
2
-5
-4
-2
-1
1
-1
-1
20
50
70
87
85
71
69
70
77
77
75
72
64
68
76
72
65
73
82
76
69
57
49
48
49
44
38
34
42
51
44
38
36
49
61
54
39
34
40
50
50
53
56
57
60
67
64
61
86
129
154
145
121
122
146
166
151
106
84
99
124
144
144
132
128
133
145
148
148
138
121
119
136
156
152
124
99
89
86
74
64
56
51
44
33
19
5
-10
-26
-27
-27
-29
-29
-35
-35
-35
-49
-60
-71
-66
-54
-36
-22
-21
-20
-20
-34
-44
-44
-35
-29
-50
-61
-53
-36
-26
-25
-29
-41
-45
-27
-2
4
-11
-21
-12
-6
-7
-18
-35
-50
-56
-54
-51
-39
-28
-23
-18
-17
-21
-24
-17
-8
-8
-11
-5
8
16
8
1
-4
-2
-6
-8
9
34
48
41
9
-14
-18
1
17
22
27
25
18
28
41
40
37
22
8
19
39
58
71
80
88
87
74
70
67
56
49
41
40
42
54
52
42
41
51
70
75
59
42
38
39
37
36
38
40
42
50
54
43
25
29
40
39
27
13
12
19
20
19
32
48
52
49
40
60
82
86
86
66
42
57
82
81
66
57
66
76
87
103
119
119
108
103
105
124
141
141
132
117
104
92
86
81
71
72
83
89
92
82
71
70
59
45
38
27
16
19
21
23
22
6
-2
11
37
58
70
58
43
36
38
48
60
70
67
60
69
87
108
113
88
55
37
52
88
104
89
77
86
99
97
90
103
124
130
107
97
100
105
100
86
75
80
81
73
58
52
50
57
73
67
53
49
45
51
51
51
54
53
42
34
24
19
13
16
22
36
55
66
68
64
55
37
20
33
54
66
67
61
71
77
83
88
86
73
66
52
35
24
33
45
43
27
21
12
13
27
38
32
22
7
-4
7
35
44
37
22
12
17
24
32
32
27
32
43
59
60
48
26
13
11
22
24
13
0
-6
4
11
17
12
13
20
25
35
40
50
65
61
50
44
58
67
65
58
50
49
60
68
66
58
56
53
40
34
25
25
35
44
54
65
65
48
38
39
37
36
54
75
70
44
40
51
53
35
10
6
18
26
12
7
26
44
50
49
37
32
43
54
65
68
58
51
49
49
57
72
76
59
44
42
40
36
36
48
58
64
54
41
35
44
56
64
68
60
54
56
72
91
101
97
84
77
81
84
80
57
29
22
27
40
50
44
45
58
68
68
52
27
32
66
101
113
100
89
96
96
84
68
61
64
56
55
61
59
55
56
48
25
11
11
11
17
29
28
23
36
53
60
66
68
57
43
39
38
34
26
27
32
25
23
37
56
67
65
51
38
48
68
73
70
67
72
76
85
105
116
99
88
84
81
76
59
45
52
61
66
54
40
45
58
59
64
64
52
41
49
65
70
49
22
18
32
67
104
113
100
99
109
120
129
139
148
145
145
147
141
148
161
173
160
134
133
141
152
164
165
154
140
131
119
119
138
152
139
129
139
162
170
155
134
107
91
112
135
137
129
118
121
128
118
107
90
66
39
22
20
20
19
28
48
51
38
23
13
1
-13
-25
-33
-36
-38
-51
-57
-58
-73
-87
-86
-85
-77
-70
-59
-55
-46
-44
-43
-38
-29
-34
-44
-39
-17
1
0
2
21
32
18
0
-17
-25
-25
-25
-27
-29
-40
-50
-40
-38
-42
-56
-67
-51
-33
-26
-37
-36
-23
-12
-21
-26
-18
-13
-23
-29
-35
-44
-55
-46
-27
-17
-4
0
-1
-4
1
7
6
2
-12
-25
-23
-10
3
16
23
25
16
7
3
9
19
20
23
18
5
5
20
34
28
23
37
56
65
70
74
60
39
24
21
24
16
6
6
13
36
51
55
55
48
37
42
60
70
69
73
77
89
105
104
85
73
73
73
56
36
36
48
55
58
60
66
64
57
56
48
48
50
60
77
90
83
64
54
58
72
85
83
75
73
70
69
72
71
69
68
67
82
97
81
59
55
58
67
69
71
88
103
105
101
96
99
103
90
83
96
108
107
102
106
106
100
96
101
131
162
157
138
134
155
176
177
176
178
188
181
152
141
151
154
138
131
129
128
135
146
154
153
148
121
98
88
97
100
92
75
74
101
115
104
104
118
133
136
134
122
117
104
84
83
91
102
104
96
85
83
83
70
54
45
41
40
49
57
56
53
44
37
28
24
22
17
4
-10
-11
3
12
10
-6
-22
-44
-54
-33
-19
-23
-45
-61
-40
-18
-19
-38
-59
-62
-55
-38
-27
-25
-37
-41
-30
-21
-18
-29
-36
-34
-21
-9
-5
-8
-10
-9
-4
3
8
6
7
10
8
-1
-12
-12
-5
-19
-42
-49
-43
-43
-50
-55
-55
-51
-55
-55
-56
-60
-56
-37
-23
-24
-17
-3
3
12
19
19
20
32
45
38
29
40
56
49
34
37
37
23
19
23
27
32
38
53
74
85
81
58
42
39
39
52
69
67
50
25
6
0
6
6
4
5
13
24
27
26
23
19
13
17
25
28
39
59
71
66
51
69
100
103
84
53
28
39
74
91
92
101
108
128
131
125
123
120
119
114
92
89
113
121
100
84
74
64
57
69
88
103
100
100
101
97
102
121
122
105
88
76
82
88
90
74
52
26
21
28
38
28
13
3
-1
-2
5
9
2
0
16
39
50
41
35
53
81
81
67
60
53
50
53
65
81
86
74
69
82
88
76
55
43
54
73
68
49
53
71
75
58
40
32
36
38
21
-2
-21
-26
-18
-11
-12
-23
-28
-19
-4
0
2
10
16
8
21
58
73
44
21
22
37
61
75
66
52
43
35
27
37
54
54
39
28
27
24
20
16
4
3
21
50
61
75
88
87
81
75
77
76
68
50
43
53
53
48
39
33
41
48
22
2
19
50
66
57
34
17
27
49
70
76
69
66
66
51
44
51
58
65
60
55
56
67
74
49
16
20
40
39
33
52
58
35
16
28
55
50
25
16
20
40
65
55
28
19
18
23
38
51
48
43
40
41
43
40
32
24
26
33
28
21
32
51
65
56
49
68
93
103
106
107
101
87
81
83
74
72
77
86
80
71
68
52
33
22
12
19
16
13
21
12
-3
-4
3
18
23
28
36
37
37
44
43
43
52
58
59
68
76
92
101
100
86
68
58
68
80
101
103
90
90
90
77
73
81
88
89
76
74
77
83
77
59
49
51
64
61
55
64
73
59
36
37
50
56
55
65
87
89
87
89
100
112
109
113
119
128
133
138
149
150
164
182
188
192
192
178
160
150
153
162
160
134
105
102
122
151
161
145
123
113
106
96
93
99
88
64
40
39
49
65
69
50
27
18
20
33
34
33
39
41
34
28
29
33
32
34
39
35
17
-1
-4
7
19
20
11
4
-3
-13
-11
-4
-6
-20
-37
-49
-40
-36
-38
-41
-36
-34
-40
-36
-23
-18
-22
-27
-30
-40
-36
-19
-23
-36
-33
-33
-38
-40
-33
-9
7
12
11
13
6
2
17
33
33
22
19
22
33
56
71
57
26
5
-5
-12
-17
-21
-21
-10
-9
-9
-2
-10
-20
-7
-2
-9
-6
22
45
48
37
38
49
57
66
64
52
34
23
24
24
20
23
38
48
26
7
12
13
6
-5
2
27
50
53
56
59
64
64
64
64
57
50
48
56
65
61
58
57
50
48
51
58
73
80
73
64
52
44
60
81
83
80
91
107
123
115
93
88
97
103
106
101
89
76
68
82
83
61
37
32
48
65
55
21
-3
-2
12
23
18
8
11
21
25
33
49
58
57
59
69
80
89
102
96
84
93
101
83
60
60
81
101
114
115
115
113
102
100
119
135
138
129
112
102
121
154
164
148
136
134
145
166
168
147
114
86
66
59
64
71
69
54
54
65
58
24
-2
1
5
20
38
41
33
34
50
50
32
21
23
32
32
20
11
24
40
49
39
5
-17
-21
-25
-35
-25
-7
0
-8
-19
-12
-1
11
24
24
18
9
9
6
1
-1
2
8
19
35
37
6
-20
-7
23
37
24
0
-12
-3
25
52
52
42
33
27
24
22
36
53
50
32
19
19
19
24
43
60
67
66
64
56
44
39
33
20
17
10
5
12
23
32
50
58
58
49
36
27
19
8
2
20
50
60
57
40
39
43
37
28
18
13
9
16
28
35
40
40
42
36
24
22
39
64
69
65
64
56
50
48
50
51
39
25
4
-14
-1
32
39
28
23
23
32
41
33
20
11
9
22
39
44
40
33
45
73
77
66
58
66
74
83
86
80
65
68
84
93
85
69
69
74
71
65
73
104
113
91
65
56
65
75
81
75
66
44
49
58
44
32
41
59
72
66
56
55
44
34
38
49
48
44
57
60
54
40
26
28
51
72
69
49
35
39
56
70
74
71
70
58
61
64
33
9
7
8
17
32
43
49
40
35
42
58
71
74
73
64
53
54
58
66
71
67
44
27
35
60
86
98
97
82
68
66
72
68
58
43
38
52
70
73
60
53
59
70
64
52
52
60
77
102
106
87
80
83
84
82
83
90
104
116
121
118
105
116
145
165
156
130
108
107
122
146
162
153
139
132
129
123
119
121
132
134
115
101
114
122
119
114
101
86
86
99
112
112
97
80
82
112
130
104
68
64
76
90
88
68
48
52
68
73
61
48
35
28
28
32
22
7
7
9
-3
-10
-19
-37
-41
-40
-38
-28
-20
-20
-18
-20
-35
-36
-19
-13
-20
-11
-6
-3
6
10
-6
-12
-7
-10
-13
-6
-3
-10
-4
7
1
-21
-24
-1
20
12
2
11
24
20
8
2
-4
8
18
-3
-22
-23
-14
-10
-10
2
19
25
25
24
19
13
16
8
1
-1
-13
-38
-36
-9
16
18
7
1
-8
-4
-2
-7
-10
-6
1
-5
-7
-2
-1
12
26
28
21
21
28
33
38
48
53
56
66
69
65
54
51
58
53
48
67
92
101
85
69
65
66
59
59
56
53
57
57
61
65
58
45
28
23
13
2
3
23
42
41
28
17
21
52
71
73
72
65
49
33
37
57
66
59
58
69
65
50
42
36
38
54
69
66
51
40
51
72
87
85
73
65
53
48
54
57
60
65
59
49
42
52
57
64
68
67
52
39
51
72
66
44
45
54
54
55
56
44
33
39
51
48
28
26
52
76
85
80
71
68
71
66
68
75
61
34
22
35
60
66
49
55
67
59
74
102
91
66
54
55
53
54
52
48
52
57
56
42
33
38
57
69
84
99
90
69
57
81
101
87
75
68
54
44
65
97
108
102
76
71
96
105
100
82
60
66
76
70
57
57
65
68
59
73
92
101
97
100
113
124
120
105
88
82
85
100
106
104
97
108
131
139
146
147
134
125
132
151
165
171
165
155
154
160
164
171
170
149
133
150
176
184
171
155
156
155
140
119
106
105
98
88
101
107
93
68
50
56
74
69
43
24
13
21
33
26
16
2
1
2
-5
-25
-41
-44
-41
-41
-45
-39
-22
-14
-24
-37
-46
-51
-43
-33
-11
-3
-28
-55
-52
-43
-35
-27
-26
-26
-30
-39
-35
-36
-51
-59
-58
-39
-21
-17
-21
-21
-27
-26
-10
-3
-17
-25
-17
-19
-35
-44
-35
-25
-34
-34
-35
-46
-41
-18
-7
-14
-25
-39
-19
9
4
-17
-6
26
50
53
50
33
27
50
59
52
56
56
56
60
82
86
81
80
71
52
33
32
37
22
11
20
37
55
66
68
57
41
27
21
22
24
27
34
35
29
27
43
73
83
58
42
48
50
43
37
27
24
29
41
45
45
55
56
59
72
83
86
76
57
45
43
53
61
56
33
3
4
24
37
28
12
3
6
28
42
33
25
22
38
65
87
90
66
48
56
64
56
48
53
65
74
68
54
55
65
60
55
61
80
82
74
67
49
49
69
82
82
80
77
64
51
54
54
52
67
88
88
88
100
105
90
80
72
70
73
84
88
83
73
53
41
43
40
40
49
56
66
67
65
68
70
71
73
64
44
38
40
44
52
55
40
24
21
49
80
89
81
69
65
64
61
58
49
36
25
42
65
67
68
74
77
85
83
56
38
42
38
24
27
55
74
86
107
102
73
73
113
140
117
75
74
105
140
150
136
120
116
130
137
123
100
76
68
81
102
101
83
64
58
68
80
80
72
58
60
82
89
83
77
87
86
61
35
32
41
51
53
38
9
-11
-6
11
22
13
-3
-13
-12
-14
-20
-21
-26
-42
-49
-37
-35
-44
-34
-8
1
2
5
8
8
7
21
38
48
51
48
32
16
19
37
52
55
45
48
44
25
12
11
12
10
18
16
-8
-14
-2
-7
-29
-39
-33
-36
-37
-13
-5
-17
-17
6
18
4
-17
-23
-20
-18
-4
12
19
6
-11
-5
5
-5
-8
17
37
35
32
50
74
72
49
39
55
69
71
69
55
59
72
69
59
61
57
55
73
92
103
100
76
71
80
88
88
103
128
123
119
129
133
135
124
101
101
123
150
169
172
166
165
183
212
227
217
187
177
201
245
257
216
166
149
164
166
156
148
137
138
128
105
91
85
61
49
66
73
65
55
64
80
86
87
75
66
53
37
17
7
9
11
7
13
21
9
-9
-24
-27
-29
-27
-26
-25
-26
-28
-35
-39
-26
-28
-46
-42
-33
-22
-17
-20
-30
-20
-10
-12
-5
9
10
7
1
-9
-6
-2
-3
6
18
22
24
25
27
28
28
24
19
26
28
9
-12
-36
-33
-26
-33
-26
0
26
27
12
6
10
16
7
-3
1
12
24
38
41
37
49
64
55
48
42
42
38
24
18
28
50
50
41
44
54
58
44
20
6
23
57
67
54
36
21
6
-3
2
8
8
10
17
4
-10
-8
-2
0
4
18
35
42
42
44
48
51
58
66
69
75
97
114
108
99
101
106
105
114
129
130
133
140
137
129
116
124
162
177
165
154
157
180
202
202
196
186
172
164
162
161
140
120
115
128
145
152
148
136
108
101
112
101
89
102
106
93
84
99
115
121
123
114
89
66
55
55
53
68
98
105
106
117
121
114
101
97
92
84
81
91
92
70
40
20
20
21
8
0
6
22
35
28
18
6
3
3
5
17
28
21
1
-7
-13
-28
-34
-29
-21
-1
27
33
19
6
-2
-10
-22
-22
-14
-26
-28
-28
-25
-22
-21
-20
-26
-49
-67
-56
-38
-30
-49
-60
-59
-49
-37
-42
-43
-38
-53
-76
-83
-62
-34
-33
-53
-54
-27
-10
-5
-3
-7
-6
0
-7
-24
-26
-14
-14
-13
-4
4
2
-2
4
1
-11
-36
-51
-37
-10
9
16
5
-1
-1
-8
-10
0
0
-7
-7
-5
-4
4
12
20
22
23
19
20
33
34
20
17
32
45
51
51
51
56
69
76
55
40
51
84
99
84
72
67
61
56
48
45
65
81
74
68
52
37
41
65
80
73
55
33
27
33
37
29
10
-1
-5
1
18
32
40
61
64
44
42
52
58
64
54
51
65
71
75
83
89
100
105
96
85
89
92
84
73
68
66
67
70
83
72
41
42
64
60
49
42
48
66
85
82
53
38
53
75
92
84
66
60
59
52
36
37
57
71
66
70
89
92
80
81
93
104
103
82
51
43
53
57
67
80
69
48
43
57
59
51
54
60
49
48
41
26
27
41
38
35
48
58
41
23
36
58
68
70
58
41
42
61
71
58
42
39
36
50
64
55
51
64
71
71
59
43
27
23
27
33
25
20
35
59
70
59
40
22
21
48
71
68
58
68
82
88
83
72
76
81
64
53
65
72
60
40
32
44
65
69
69
67
61
65
69
72
69
67
52
38
37
39
39
51
70
74
66
48
41
49
61
71
70
65
57
60
64
53
39
26
11
16
40
66
71
56
40
40
48
54
53
41
38
56
80
87
88
74
56
55
55
52
53
72
89
91
72
45
27
19
24
40
51
60
69
72
86
92
81
56
50
60
65
58
61
58
39
26
42
60
69
66
40
25
33
49
59
50
28
22
51
66
51
54
71
65
49
50
58
69
74
80
85
87
82
70
51
43
50
56
45
42
55
59
43
34
39
43
48
55
81
103
103
99
101
99
104
116
120
116
90
49
32
42
58
64
64
65
75
84
66
48
38
32
34
51
64
58
60
69
66
51
50
51
42
39
37
35
51
81
97
87
71
76
86
87
102
129
132
123
130
136
144
140
132
131
133
131
133
140
149
147
146
156
162
160
153
138
129
131
144
156
140
115
101
83
69
70
75
71
59
54
56
66
69
70
69
67
75
86
76
49
20
5
-1
-9
-23
-24
-18
-28
-52
-70
-76
-69
-59
-62
-83
-89
-82
-66
-53
-50
-51
-37
-18
-7
-9
-7
-4
-10
-18
-21
-19
-9
-11
-13
-10
-14
-10
-2
1
-6
-21
-18
3
4
-4
1
10
10
8
11
1
-25
-34
-18
2
9
1
-10
-4
8
8
2
-6
-7
-8
-5
-2
4
19
18
7
16
33
33
9
1
17
38
37
19
23
44
67
70
60
42
26
24
41
54
53
39
42
52
53
48
29
28
55
69
59
68
85
68
34
28
43
51
55
53
48
56
70
76
56
18
7
23
24
11
16
37
53
54
43
34
28
23
18
20
36
51
50
51
48
37
34
38
40
48
57
65
83
93
70
53
65
76
80
80
76
76
74
72
68
69
73
74
74
55
34
38
67
81
75
64
55
56
59
51
39
24
25
40
37
32
43
49
43
49
48
33
24
29
33
44
54
44
32
44
68
73
57
48
54
57
55
53
49
57
66
61
67
65
53
49
60
82
80
58
39
41
50
54
53
39
28
42
60
61
49
45
52
59
56
42
39
44
53
45
36
40
49
48
50
44
37
36
58
80
80
60
51
64
90
108
116
117
119
121
108
90
87
103
100
71
42
36
49
67
74
56
34
33
37
35
36
51
73
92
98
87
86
92
90
88
93
90
91
91
92
92
84
69
64
58
65
74
76
70
45
24
28
45
54
39
26
43
67
67
56
43
40
40
37
39
22
1
-5
-2
-2
1
2
0
3
21
19
13
19
27
24
18
16
25
41
41
33
24
34
54
58
53
41
41
57
70
75
66
58
65
72
67
52
53
68
74
70
69
82
81
69
69
74
69
65
58
53
50
41
28
21
25
35
39
37
29
24
10
2
9
26
38
37
41
50
55
56
42
17
-4
-21
-12
12
37
54
58
60
60
68
76
83
65
43
60
98
114
119
121
118
112
103
101
97
90
85
74
83
100
105
92
70
67
82
88
74
71
89
108
112
93
90
122
157
157
144
134
144
166
187
195
187
181
176
171
170
182
194
192
165
138
131
135
145
138
122
120
135
153
160
152
148
144
132
118
103
101
99
103
102
99
96
87
73
54
40
38
40
28
20
28
38
37
20
1
-8
-17
-28
-36
-37
-26
-20
-14
-17
-20
-8
-1
-10
-18
-20
-3
21
32
18
11
21
35
53
70
57
40
37
38
41
42
42
43
58
68
50
41
41
41
23
-2
-12
-4
1
-12
-39
-42
-13
0
-25
-60
-70
-72
-77
-84
-75
-60
-50
-51
-65
-65
-52
-38
-38
-38
-33
-11
6
8
7
10
13
24
38
41
44
41
40
41
36
28
23
11
6
20
37
44
48
43
41
43
57
58
29
-6
-25
-28
-33
-42
-62
-85
-99
