71
75
83
87
97
107
105
83
59
50
40
49
68
83
83
69
65
65
55
33
32
51
53
41
32
32
40
38
18
1
3
16
16
4
-1
2
2
2
1
0
-2
5
12
26
50
66
70
66
55
39
33
24
23
40
52
40
20
9
9
6
0
3
8
12
22
23
3
-7
9
26
6
-17
-12
5
21
19
3
-7
-2
12
18
7
-9
-13
0
24
42
40
17
2
23
60
89
92
72
56
56
64
61
55
48
39
39
40
29
23
17
12
19
35
39
27
11
3
4
18
25
21
11
3
-3
-5
-11
-11
-5
-17
-26
-9
4
-2
-8
2
23
20
-2
-17
-8
4
21
39
44
38
39
52
43
6
-18
-18
-8
-5
1
-7
-10
5
24
27
19
7
11
36
53
60
67
68
65
58
61
59
51
49
52
55
52
44
49
65
90
97
88
80
66
53
44
41
48
52
43
38
40
43
41
34
32
36
54
73
81
65
43
37
36
38
32
18
8
8
11
23
32
28
18
8
5
16
21
22
27
41
43
42
48
49
35
18
8
17
29
32
22
21
33
28
17
17
28
40
49
57
67
56
37
33
40
44
41
34
29
29
25
24
35
48
36
13
19
43
66
76
80
75
72
70
74
88
88
71
60
66
70
89
116
104
71
55
56
70
73
69
70
68
64
67
57
48
49
44
33
36
50
61
60
53
48
44
38
24
24
32
28
22
13
6
24
42
48
49
49
52
49
38
34
38
43
52
59
57
40
32
34
35
26
21
33
45
40
25
32
53
54
36
24
28
34
40
55
57
53
48
40
35
32
21
25
41
48
41
33
19
13
16
25
29
33
32
36
37
36
44
67
87
86
65
50
48
52
71
91
97
88
86
87
83
73
56
36
20
24
42
49
38
34
36
53
64
43
22
17
23
41
56
51
54
56
49
52
64
73
68
50
39
44
50
48
41
40
50
56
50
37
41
51
50
42
49
82
115
108
82
56
55
60
67
73
85
85
84
83
80
77
81
77
68
59
64
72
76
74
80
84
86
98
119
139
144
128
109
98
100
114
112
98
103
108
99
91
85
73
59
37
17
12
26
40
40
27
26
32
39
43
42
36
28
24
22
32
37
34
44
69
76
73
65
52
44
33
21
34
57
75
71
51
39
49
66
86
96
85
74
67
59
59
70
82
90
81
67
69
69
64
53
41
37
28
12
9
20
26
37
42
41
33
21
10
8
8
2
-1
-6
-17
-19
-12
-9
-6
-7
-17
-26
-25
-8
-5
-13
-9
1
7
20
36
50
70
72
64
58
59
65
65
66
76
86
83
82
82
67
51
45
52
57
44
33
29
32
32
34
26
9
-5
-9
2
19
11
-9
-18
-3
8
13
19
21
16
6
7
4
5
17
16
5
11
32
33
21
23
38
41
35
26
20
26
48
76
85
71
66
69
68
71
74
75
82
82
70
57
50
40
38
37
34
21
8
6
12
19
23
22
16
20
42
69
65
45
22
2
-6
1
13
20
19
23
40
57
67
64
56
53
54
54
51
59
68
57
53
64
74
73
72
70
54
49
68
89
90
57
29
33
41
48
40
20
12
28
40
48
53
56
56
55
51
49
53
59
60
51
39
37
36
27
28
36
45
64
57
39
37
51
71
81
80
88
98
99
103
103
85
66
65
75
80
66
54
56
73
84
82
82
92
91
83
75
67
57
56
57
66
68
60
61
61
44
27
28
42
49
45
42
53
56
51
48
57
67
66
67
73
83
97
113
104
83
68
66
68
76
100
106
88
70
56
48
35
22
36
65
84
82
68
53
44
37
17
3
9
17
23
34
43
44
58
71
55
27
18
10
20
41
53
52
44
37
41
58
72
68
69
83
88
76
71
86
98
104
106
98
91
87
80
84
92
87
66
44
49
64
71
66
48
34
24
24
36
44
50
42
35
38
34
20
12
8
-2
-4
4
6
3
-2
-2
1
6
21
37
37
19
13
21
28
40
48
43
36
26
17
13
28
43
40
24
3
8
25
42
48
28
16
12
28
59
74
69
54
52
65
76
74
67
59
59
66
70
75
82
73
58
50
51
55
57
64
72
60
37
19
6
20
50
59
48
34
28
37
55
81
86
77
72
66
64
61
60
54
50
48
56
73
86
82
70
54
37
27
28
33
35
24
24
37
38
48
71
72
53
33
25
33
28
26
32
26
25
36
43
41
33
22
18
17
35
52
51
48
49
51
50
39
27
29
33
28
32
35
34
26
18
17
19
12
10
22
36
38
40
51
65
68
58
54
49
39
45
68
72
72
83
89
71
51
48
44
36
10
-1
24
57
74
67
52
57
68
54
36
27
40
51
51
45
29
21
24
28
35
38
45
55
54
41
36
42
54
51
42
41
42
42
50
53
51
49
38
33
40
53
57
52
38
38
53
58
57
52
41
39
53
64
57
45
52
64
67
68
73
67
48
28
25
42
60
58
53
57
60
56
42
33
38
39
26
5
-5
0
5
17
34
40
35
27
32
38
40
35
33
33
37
49
45
36
28
28
40
59
66
49
28
32
48
45
38
28
26
24
18
18
26
34
40
37
32
38
51
51
28
7
11
26
35
44
64
82
92
91
87
71
42
34
48
58
52
33
29
38
49
53
44
37
43
41
37
48
61
75
74
57
48
50
57
68
59
52
57
66
69
53
34
32
41
48
41
38
33
22
24
41
64
74
72
57
43
51
66
75
88
92
90
91
97
109
113
86
50
32
37
50
57
70
83
73
57
55
56
54
44
34
26
23
16
8
13
21
21
22
23
16
11
22
35
35
18
10
24
40
42
39
36
33
34
41
44
38
29
27
20
8
10
26
41
50
48
34
27
39
50
48
40
43
67
89
70
40
40
44
42
28
21
34
44
50
45
34
20
17
16
11
21
37
50
50
27
8
19
48
68
64
42
23
24
28
27
20
25
37
40
35
28
29
24
8
-6
-14
-8
11
38
56
82
106
122
123
119
113
105
103
101
101
107
109
99
88
82
71
73
86
96
82
80
85
83
81
82
85
77
73
67
60
66
70
71
69
59
51
56
57
45
19
-4
-4
1
10
27
33
25
25
38
42
35
21
11
19
17
2
1
2
1
1
6
17
27
40
50
52
51
53
68
87
91
98
102
104
114
119
106
73
52
52
55
59
70
71
57
52
49
29
26
39
56
66
64
51
27
5
-6
-5
10
23
17
12
12
17
32
50
67
69
54
50
48
43
51
60
64
65
67
66
54
42
42
40
33
24
25
32
37
40
40
39
40
36
32
33
34
35
49
53
41
24
10
11
25
36
20
7
6
5
2
4
3
-1
0
-4
0
17
37
49
40
28
27
38
51
59
59
52
36
35
49
58
65
71
77
60
41
29
39
60
73
71
77
100
112
100
73
51
55
75
85
81
71
70
71
69
52
39
44
52
56
57
64
72
60
37
19
2
-9
-11
-13
-21
-18
6
33
34
16
9
23
48
52
44
37
43
70
100
117
117
123
124
120
117
116
103
86
88
114
133
133
117
113
130
151
162
161
149
123
121
140
153
153
139
128
124
130
131
124
105
73
65
88
105
92
75
69
75
92
105
105
89
73
66
66
89
115
122
120
109
107
114
114
112
108
97
92
109
104
84
80
86
96
90
85
91
93
88
80
76
83
81
71
58
55
54
44
25
3
-13
-26
-23
-7
0
12
26
22
21
28
49
73
88
90
89
92
98
92
80
60
59
64
53
44
40
28
22
17
8
0
-10
-12
-8
-22
-50
-51
-36
-26
-26
-26
-10
4
10
9
20
26
12
-3
-14
-17
-10
-4
-3
-7
-23
-45
-49
-10
28
49
48
37
36
51
68
59
38
32
41
40
29
19
8
12
17
4
-5
-3
-1
2
7
5
8
24
28
18
-2
-18
-22
-23
-33
-37
-26
-12
-4
7
18
24
8
-6
5
27
54
59
50
37
33
40
36
12
5
10
25
40
49
42
40
48
36
13
10
23
40
55
69
73
66
58
58
52
43
53
60
59
58
56
50
23
-3
-1
18
28
26
9
-5
3
19
21
18
19
25
29
33
21
5
-1
-2
-8
-14
-20
-17
-17
-22
-24
-17
-2
11
10
4
6
25
44
54
54
53
58
75
80
70
56
45
41
40
37
39
49
52
51
50
52
58
60
57
52
54
54
56
36
6
12
28
35
37
25
16
12
3
-5
-9
-7
1
21
40
48
41
38
45
54
50
41
38
52
67
75
82
80
69
51
35
28
37
36
45
70
87
93
99
92
84
80
73
72
67
52
39
35
34
25
12
2
-7
-17
-18
-19
-9
-4
-6
-3
1
-2
-1
10
18
25
38
51
50
53
67
72
73
77
75
58
58
82
109
122
116
104
108
120
113
98
92
98
88
65
33
23
24
9
-8
-13
-11
-12
-11
-6
-4
-5
-3
-1
-1
-3
-4
2
7
5
5
20
34
35
20
1
5
27
39
33
22
38
66
73
65
52
49
57
69
86
98
97
88
87
86
74
61
43
32
36
51
57
56
59
54
41
41
48
39
23
19
26
37
51
56
57
57
59
66
83
98
102
117
147
162
163
161
164
156
154
152
135
123
128
134
136
134
148
165
163
151
136
119
125
138
120
86
68
69
80
73
61
60
57
50
39
34
36
48
54
48
28
25
42
53
43
21
18
28
40
36
23
22
32
41
37
29
35
43
43
41
44
38
18
-5
-10
2
18
20
12
8
9
16
24
34
33
20
18
13
10
17
22
21
11
-1
-8
-12
-21
-24
-21
-4
10
18
18
28
51
58
67
60
42
44
65
76
67
55
53
45
33
35
48
50
48
48
50
49
50
49
29
8
2
-1
-4
-8
2
24
41
42
35
26
27
38
44
52
51
36
29
39
40
38
52
59
53
43
41
45
44
35
37
56
72
66
57
65
68
51
38
26
26
35
35
26
9
0
-5
-2
4
3
5
12
17
16
16
17
38
68
74
64
55
60
68
68
75
73
70
74
81
96
101
89
60
41
45
60
58
58
54
53
53
55
59
40
19
20
26
28
21
17
21
17
3
10
26
32
26
22
21
23
26
27
43
69
74
76
97
108
108
107
112
101
91
89
90
97
93
82
76
83
81
74
77
81
85
90
88
90
99
93
75
59
50
48
54
55
53
59
66
51
35
25
33
51
51
39
35
48
83
107
96
82
90
106
114
112
101
99
103
104
102
87
71
69
70
56
41
41
65
85
75
65
68
83
87
77
70
71
67
65
83
91
88
92
100
85
55
41
41
52
57
53
43
42
48
43
25
19
20
18
24
29
28
26
24
32
41
40
25
16
20
28
26
23
28
29
25
27
37
39
44
54
44
36
43
55
40
16
3
-12
-23
-19
-10
-6
-6
-10
-12
-12
-6
8
16
21
45
81
100
103
113
122
119
104
98
112
130
124
106
97
93
97
92
81
66
56
57
58
50
36
34
37
40
37
29
19
17
18
20
24
41
57
53
44
42
52
54
45
42
44
54
69
75
68
54
48
41
35
43
66
68
60
66
71
67
59
61
66
59
41
24
24
24
21
20
9
-3
-3
-5
-8
-4
-3
-4
7
24
28
25
24
20
10
10
20
22
24
42
56
55
43
37
44
44
41
33
21
35
57
75
85
73
58
59
74
114
148
163
164
151
140
146
153
145
123
116
117
121
121
119
102
84
87
118
139
151
155
146
140
157
164
153
133
103
90
102
113
118
116
99
77
66
52
49
64
74
73
60
51
43
44
42
38
40
49
57
52
40
41
49
38
28
26
32
33
40
51
60
67
60
55
71
97
105
117
128
122
105
100
101
86
87
91
82
70
61
66
67
58
36
11
10
23
32
35
40
43
33
16
-6
-19
-18
-17
-10
-7
-5
-2
0
-4
-8
-1
5
2
-1
6
23
28
12
9
22
27
23
8
4
9
7
-9
-23
-19
-1
9
1
-5
-2
2
-5
-17
-13
-8
-4
-5
-25
-43
-38
-26
-24
-12
-10
-24
-30
-29
-24
-20
-19
-13
-2
1
-7
-14
-10
-2
13
20
34
49
39
25
21
29
44
50
40
33
22
24
33
35
22
8
17
21
19
19
10
6
10
12
19
22
12
-3
-8
4
22
25
21
18
11
20
45
54
37
28
36
37
33
40
58
71
65
54
64
75
72
50
39
51
67
70
60
50
48
51
55
58
66
69
65
44
41
53
67
69
57
39
21
11
18
25
23
9
-6
-13
-6
4
8
12
25
44
48
44
54
56
41
34
40
41
50
56
58
57
54
61
66
54
35
13
8
33
54
48
28
36
52
61
66
69
70
84
88
85
82
73
76
81
71
43
16
10
24
21
17
21
26
36
36
32
36
40
53
57
51
41
41
45
49
59
75
80
83
80
73
70
69
75
83
84
82
72
66
61
66
69
69
66
64
61
66
60
54
57
70
71
66
56
43
37
51
66
59
56
59
58
57
51
44
44
49
50
61
75
73
53
26
12
12
28
38
34
34
45
70
77
71
67
80
97
104
106
105
114
124
121
107
109
120
114
89
68
51
36
23
24
39
51
51
49
39
27
22
22
10
0
3
-3
-12
-9
1
-3
-19
-20
-6
-3
10
33
45
65
82
91
90
83
84
86
84
91
99
88
80
86
97
99
89
101
104
69
36
43
70
93
93
75
66
66
71
82
77
61
52
51
50
49
56
58
50
45
49
51
49
43
52
67
69
61
58
58
66
75
77
68
45
33
28
25
16
4
-1
5
18
17
9
9
7
11
26
37
33
34
37
35
43
56
58
73
83
67
44
40
41
48
51
52
51
48
36
23
25
40
51
55
56
54
54
66
77
76
76
82
81
80
76
67
57
48
33
33
44
44
39
33
21
6
8
21
27
25
26
21
9
10
28
44
42
35
33
38
49
42
34
35
43
56
68
75
87
105
114
104
98
86
68
51
58
77
86
80
67
52
42
48
50
38
32
38
51
54
50
48
44
49
56
64
61
60
59
57
60
71
88
100
90
74
61
61
84
121
139
123
101
105
145
173
181
161
133
130
128
116
118
134
147
138
128
134
154
166
161
154
147
134
123
117
116
118
118
107
98
90
96
107
116
112
99
90
100
105
92
73
67
64
53
43
38
45
58
57
56
58
55
49
38
36
41
57
68
55
37
28
26
36
43
34
18
11
24
38
52
56
60
65
51
37
32
33
40
37
10
-3
16
36
37
18
-6
-19
-21
-28
-43
-39
-22
-4
-2
-9
-23
-26
-13
-4
-4
-10
-10
1
12
19
13
3
-8
-8
1
3
-2
-4
0
2
10
18
9
-7
-18
-14
-17
-20
-23
-33
-45
-38
-25
-28
-36
-38
-28
-18
-6
2
6
10
17
18
12
8
-7
-14
-3
9
16
19
21
10
-4
-18
-24
-22
-10
-4
-6
-6
1
6
5
-1
-19
-20
-4
11
25
27
34
42
48
50
49
44
55
67
70
72
70
67
68
67
57
51
48
33
7
-3
-1
6
16
18
5
-11
-17
-9
-1
1
-4
-9
-10
-10
-6
5
0
-12
-5
16
13
-2
-5
10
28
39
49
58
72
72
65
53
40
41
50
55
60
69
72
70
70
81
91
96
100
115
124
132
133
119
115
131
137
124
106
87
76
77
86
85
71
57
56
64
58
51
52
52
49
41
43
44
36
20
8
8
20
27
23
19
10
10
20
21
20
22
27
32
24
22
38
44
51
56
58
58
59
66
52
17
-3
5
21
29
37
43
53
56
52
48
50
59
69
67
55
56
69
74
71
70
64
72
90
89
73
61
73
77
72
68
56
41
43
54
57
65
68
56
43
53
75
88
99
105
116
117
114
117
109
90
70
60
71
100
132
154
155
133
115
119
137
152
150
144
145
150
160
156
146
138
132
122
118
124
134
137
124
112
98
98
113
114
105
108
115
105
93
91
85
76
80
81
72
64
55
44
48
59
57
39
18
17
33
37
52
66
65
56
54
51
43
35
19
-1
-4
1
2
-6
-9
-10
-18
-23
-23
-22
-23
-24
-14
-3
-2
-1
6
9
10
10
4
-6
-2
13
13
-8
-18
-3
11
17
6
-4
-4
2
12
21
19
22
36
40
38
42
54
52
36
21
24
34
36
33
33
38
49
51
35
12
2
4
27
44
51
42
33
28
33
39
39
34
21
20
17
3
-10
-13
1
17
17
9
3
2
16
28
35
42
50
56
54
48
44
51
54
72
90
77
58
54
65
69
66
61
51
41
42
42
27
9
9
34
64
76
68
56
57
60
50
26
18
17
27
42
37
20
21
35
26
20
26
35
41
48
43
38
43
52
48
38
37
43
55
71
71
54
44
43
55
65
59
54
44
32
23
34
44
51
51
37
29
37
50
60
65
57
56
58
66
59
37
26
38
64
73
66
51
43
45
40
23
17
35
60
73
73
57
37
39
64
68
55
54
61
76
91
96
76
61
60
65
65
54
43
49
64
67
60
56
51
52
68
69
51
40
52
74
91
93
81
61
64
76
83
70
57
58
71
90
99
85
70
64
49
24
16
21
20
4
8
26
40
37
26
23
28
39
42
32
12
-2
3
9
8
6
8
21
38
50
48
43
40
50
69
84
87
86
74
60
56
59
65
66
54
43
43
45
59
75
67
43
25
17
17
16
16
22
40
48
45
38
26
28
35
36
33
36
39
42
43
52
58
65
64
61
68
74
90
101
96
99
117
115
83
54
43
70
117
137
124
112
113
123
146
160
153
133
109
105
121
131
122
121
130
128
107
90
87
99
114
114
100
86
89
102
107
103
105
107
106
105
98
84
72
66
64
66
55
27
21
34
34
20
20
42
64
57
29
10
24
39
39
28
21
20
21
20
10
3
-2
-8
-20
-18
-9
-19
-35
-52
-58
-50
-37
-39
-50
-50
-30
-13
-2
-1
-14
-28
-26
-20
-18
-13
-22
-24
-19
-14
-13
-19
-17
-19
-28
-35
-36
-28
-10
-8
-24
-23
-10
4
24
27
9
-2
3
1
-10
-11
-8
-10
-8
-2
1
12
21
17
12
20
19
9
3
-5
-17
-9
17
38
34
20
19
45
72
81
54
19
9
23
33
40
49
41
32
37
52
60
71
77
82
84
88
86
73
74
73
69
68
64
65
68
59
58
71
75
72
53
39
43
54
53
49
43
55
65
60
49
35
34
38
43
48
53
64
64
60
68
58
39
42
53
49
26
12
12
19
27
41
49
35
24
27
43
74
84
74
76
82
87
90
85
72
64
55
51
49
57
74
72
60
64
69
74
75
74
76
70
69
64
42
45
67
75
83
85
68
41
35
48
56
53
51
49
45
40
24
16
21
38
42
38
34
40
55
64
69
75
67
40
33
44
58
76
82
69
56
68
74
67
64
73
80
76
65
38
27
48
76
92
89
76
74
85
82
59
53
65
70
57
32
27
48
56
64
69
70
61
54
52
55
66
64
56
64
73
77
72
76
82
68
52
43
50
53
51
45
45
59
75
81
84
83
71
66
74
87
89
73
64
70
83
74
70
80
101
104
86
54
27
33
58
72
76
70
43
26
27
49
69
64
53
55
54
41
36
33
42
65
76
87
104
104
91
97
106
97
71
74
118
154
154
131
129
157
177
166
153
149
148
146
147
156
163
139
116
113
120
122
112
89
84
93
113
104
73
48
43
41
39
44
55
58
48
32
24
24
27
36
32
20
28
52
54
44
42
52
68
77
72
50
32
23
10
2
3
9
11
10
12
12
16
19
2
-24
-51
-69
-66
-35
-3
7
-4
-5
1
0
-1
2
5
8
5
-10
-20
-8
-3
-19
-34
-29
-13
-2
-2
-14
-27
-26
-12
-8
-11
-4
16
32
38
43
45
45
38
33
39
44
42
37
26
20
29
48
48
34
24
33
40
25
5
-7
-17
-3
12
9
3
1
-2
-19
-26
-22
-4
9
-1
-12
-7
1
10
25
24
18
16
22
43
64
58
39
24
33
55
70
75
73
66
67
73
74
75
72
69
66
67
58
43
26
18
13
16
12
11
21
33
32
35
38
35
39
49
49
52
64
76
71
57
50
54
66
85
101
97
72
38
20
17
16
12
20
40
50
52
56
60
64
34
-3
-17
-3
13
10
4
12
21
22
23
24
28
41
50
44
37
41
48
48
39
40
60
72
71
71
64
50
42
36
28
34
52
75
91
100
96
73
50
29
23
27
33
32
34
50
53
40
28
40
72
96
90
67
51
66
93
106
92
70
52
37
34
37
40
43
27
6
19
37
37
27
26
34
40
48
49
44
50
57
71
77
70
70
84
90
84
74
76
72
52
37
43
66
75
67
50
43
53
68
81
84
75
56
45
57
68
73
77
77
82
84
73
55
59
72
80
77
65
52
50
54
60
56
52
59
67
50
29
21
20
34
58
72
59
56
57
60
67
53
35
41
71
91
83
68
67
75
73
59
52
59
69
70
65
61
61
70
81
83
67
35
13
29
81
123
129
105
91
96
115
129
114
100
92
89
99
115
114
104
92
85
89
96
97
99
102
112
108
105
102
99
107
122
133
146
155
150
139
122
102
88
75
64
54
53
56
44
25
12
7
10
16
0
-26
-42
-28
-3
5
4
10
24
24
11
16
27
34
23
11
10
20
24
23
17
18
9
-10
-8
5
2
-7
-12
-12
-9
-13
-18
-34
-49
-53
-51
-33
-4
8
5
2
9
11
6
-11
-11
5
8
-1
-3
11
27
24
23
27
38
53
54
43
36
27
17
10
20
34
40
40
36
38
37
37
41
39
29
28
41
66
85
75
51
35
40
53
61
60
44
23
17
21
22
21
28
32
28
22
21
22
21
10
-9
-11
16
36
28
11
13
34
51
57
55
55
58
57
58
64
77
91
89
88
86
76
75
83
82
84
89
97
92
88
96
89
70
60
61
66
74
83
77
69
58
51
58
69
70
57
44
40
53
64
39
7
3
20
34
39
44
60
66
60
54
51
52
49
29
24
34
44
59
64
50
39
52
68
81
80
58
51
73
98
101
86
75
73
72
64
58
59
60
52
44
50
56
73
80
69
71
74
67
51
35
26
39
72
102
117
133
156
167
150
123
107
104
106
116
118
107
92
97
112
133
139
115
81
64
70
91
102
106
132
154
151
139
141
148
146
133
105
82
73
82
89
69
36
25
41
52
32
-11
-33
-21
-9
-2
-2
-5
-6
1
5
-2
-23
-37
-40
-28
-10
-2
-5
-24
-38
-27
-7
1
-2
0
6
17
24
27
25
33
52
73
72
50
32
40
55
54
38
23
6
-7
-14
-28
-42
-41
-27
-18
-14
-26
-35
-45
-62
-69
-69
-70
-67
-65
-65
-53
-37
-27
-28
-34
-29
-25
-14
10
43
65
64
52
53
54
43
40
55
73
74
66
66
68
67
75
90
96
85
80
86
91
87
82
88
100
97
80
59
43
33
12
5
6
7
-1
1
8
8
8
7
17
18
7
2
-9
-20
-5
18
24
11
5
16
33
43
50
59
66
56
49
50
67
82
84
84
86
83
73
58
55
73
96
92
71
52
40
39
49
50
39
21
-4
-22
-18
2
13
8
-8
-20
-4
4
-11
-25
-26
-12
3
29
41
34
28
38
56
72
76
57
34
22
29
55
80
90
96
105
118
113
88
84
100
106
109
114
106
100
93
100
103
100
91
80
69
68
64
54
53
59
65
64
51
49
54
59
65
60
53
53
66
80
75
69
74
86
85
84
85
77
68
58
48
35
28
33
32
32
35
39
44
37
23
17
25
50
55
40
32
37
53
60
54
52
58
66
69
84
92
96
102
113
107
96
74
65
68
80
96
91
86
85
72
60
54
48
51
55
55
52
50
50
48
36
26
37
54
64
54
33
17
10
18
19
10
2
3
9
20
37
53
52
33
21
32
51
58
56
52
49
35
12
1
3
16
35
45
54
52
40
32
26
35
41
40
37
33
26
24
33
26
33
44
37
21
34
43
48
51
48
48
50
59
66
52
29
25
38
57
73
64
38
33
36
40
37
28
34
39
44
52
52
51
56
69
68
65
57
57
64
65
59
69
82
87
92
101
99
82
65
55
48
35
10
0
19
