29
33
23
8
2
8
10
3
7
34
53
53
36
23
27
37
42
51
61
65
57
53
67
91
98
81
58
48
38
50
71
73
59
57
72
89
84
49
21
18
27
27
11
5
8
23
35
25
7
3
26
48
43
36
34
36
32
32
38
40
33
19
21
42
65
73
81
80
67
51
38
26
43
75
96
99
88
75
73
74
75
68
60
66
66
68
68
61
48
28
22
22
32
49
54
32
13
11
26
50
45
34
28
36
38
32
25
18
22
33
32
13
11
32
39
44
58
69
75
84
75
71
76
85
97
96
85
73
57
48
53
58
52
38
28
28
34
33
22
11
9
6
2
-6
-11
-7
5
12
11
11
11
12
19
36
52
65
66
56
52
56
60
55
48
40
43
44
49
55
58
65
59
52
51
58
54
42
37
54
84
103
98
75
58
53
57
59
51
39
34
23
3
-6
-7
1
5
-1
-6
-27
-42
-29
-8
16
23
16
4
-5
-8
-3
12
22
20
18
33
53
51
40
56
88
96
80
70
72
73
74
80
73
57
39
35
54
75
81
64
52
52
43
35
39
41
49
68
81
72
61
60
52
38
35
36
37
34
32
27
24
23
29
34
32
32
44
61
72
75
72
64
53
51
59
49
26
29
49
56
52
37
21
19
25
35
38
50
68
82
67
49
34
24
19
23
37
39
37
36
27
25
29
36
37
40
48
61
87
91
81
66
65
69
70
65
64
52
39
45
67
82
85
83
72
61
55
50
54
77
100
99
90
83
77
73
72
81
81
60
44
43
53
55
50
42
41
50
53
39
34
27
19
32
53
58
43
36
39
52
51
42
44
49
45
45
53
65
58
40
20
12
25
43
49
48
53
71
76
72
71
66
57
53
53
68
82
57
32
26
38
44
51
52
57
55
41
34
37
37
22
8
28
69
87
82
81
70
57
57
57
43
33
51
67
70
68
61
60
67
72
75
77
69
54
56
69
71
64
41
29
35
28
23
20
16
20
26
26
33
49
60
64
58
51
48
51
41
37
52
59
54
38
26
32
40
41
39
39
33
22
17
22
35
40
44
44
52
53
50
44
48
52
59
67
64
52
41
24
17
8
-1
4
20
19
12
16
16
21
24
33
32
21
21
27
33
27
23
32
44
41
34
38
57
64
45
32
35
51
59
57
52
55
71
81
73
56
53
69
81
84
85
80
70
68
81
97
96
87
84
81
71
71
83
84
69
51
48
61
76
81
73
71
68
36
11
17
20
-1
-26
-37
-10
16
11
12
24
35
36
22
12
19
39
52
52
50
49
49
52
58
61
53
39
26
33
54
88
108
105
97
93
101
105
109
124
135
134
130
129
129
131
130
125
122
120
131
147
146
115
84
99
118
116
107
99
92
96
99
99
90
81
67
54
48
44
43
49
54
54
55
65
59
41
33
50
65
68
72
60
43
32
26
41
54
57
56
57
72
76
65
42
35
36
33
34
39
43
42
36
20
9
13
16
7
7
16
23
11
-12
-34
-42
-44
-40
-24
0
5
-4
0
8
6
1
-9
-27
-39
-35
-17
-4
-7
-8
3
10
4
-3
1
10
22
34
23
4
5
19
18
2
-5
-9
-9
-10
-12
-8
3
5
4
1
2
18
50
77
87
75
60
58
64
60
57
53
40
28
33
32
32
32
34
57
72
54
28
23
32
37
39
43
29
20
36
64
83
89
86
84
90
92
93
87
81
80
87
96
87
69
69
98
128
131
109
92
92
108
108
99
91
84
87
90
87
86
81
65
48
33
22
21
24
24
21
22
22
19
20
22
21
23
24
25
18
8
11
12
9
8
21
35
35
29
39
49
34
16
18
27
49
61
64
52
44
50
49
43
42
35
23
22
23
26
29
36
43
53
56
64
66
61
66
70
66
64
66
65
53
37
23
11
8
5
6
12
8
4
6
8
12
16
17
21
34
51
60
60
57
55
58
70
86
89
82
81
84
81
72
81
103
114
97
87
87
86
88
87
93
105
97
81
68
57
44
36
23
10
6
5
5
9
17
7
-5
-9
-9
-6
1
7
5
2
3
7
22
36
38
35
33
24
25
48
66
64
54
48
40
42
48
43
38
49
52
18
7
35
55
53
50
53
53
53
69
83
74
64
57
50
33
17
1
-7
-1
5
12
10
-2
-11
-14
-18
-13
-4
-1
-14
-33
-26
-9
5
18
17
7
16
32
38
41
50
57
58
59
64
67
83
85
69
48
39
51
75
88
83
74
64
52
38
32
33
36
32
18
3
-3
-6
-19
-37
-52
-56
-53
-45
-37
-24
-12
2
25
40
33
18
9
16
26
24
21
39
64
59
38
32
55
87
100
91
87
88
91
88
67
50
51
53
43
23
9
2
-6
-28
-60
-74
-61
-51
-43
-39
-37
-37
-29
-17
-5
3
4
-5
-12
-9
5
7
16
28
34
36
48
52
53
60
72
87
104
120
131
128
131
136
139
137
128
106
102
104
98
87
73
58
54
54
43
34
33
38
51
58
54
40
33
24
16
23
26
18
5
-2
2
23
36
42
57
88
117
125
114
112
119
136
154
170
177
153
129
133
147
147
140
133
118
106
104
108
115
103
77
48
28
25
28
28
24
17
-1
3
8
6
7
2
-7
-9
-2
7
9
5
6
9
8
11
21
25
18
10
18
27
28
28
29
37
41
37
36
48
57
65
72
82
82
72
70
87
97
84
80
81
76
77
82
75
67
61
60
59
53
51
52
40
13
-8
-13
-17
-23
-33
-43
-49
-43
-37
-38
-43
-40
-33
-19
-8
-1
4
12
26
36
43
56
60
64
77
93
98
105
115
108
100
91
91
99
97
85
73
64
55
55
60
56
39
35
41
52
53
39
33
27
23
32
37
48
59
53
42
42
50
54
50
44
49
55
65
66
61
59
66
69
74
74
58
51
68
84
91
97
102
103
88
72
80
96
90
69
43
32
34
37
37
24
12
18
33
41
44
42
33
21
9
8
19
40
53
51
48
49
56
60
55
44
32
23
34
43
50
41
42
54
59
54
42
49
64
68
71
80
91
101
92
77
68
67
68
72
66
68
73
67
65
60
55
44
43
59
74
66
42
27
26
37
44
49
55
64
64
59
59
59
66
73
75
73
75
77
64
48
52
59
65
57
34
18
16
9
4
-1
7
11
7
-6
-17
-7
8
21
25
36
42
48
55
67
74
82
87
99
108
102
88
80
74
71
69
82
87
66
39
37
64
83
85
86
99
100
88
73
60
57
56
65
64
65
70
71
67
53
26
18
26
36
39
34
21
12
19
22
26
28
25
26
33
27
24
35
44
45
33
23
34
42
42
38
34
36
38
37
40
45
38
32
28
22
22
25
26
40
43
38
37
55
67
60
57
58
59
58
59
54
42
32
26
34
34
42
57
55
39
17
3
20
25
17
19
34
41
41
40
37
38
48
66
69
71
67
52
44
49
57
57
59
76
83
61
38
41
64
68
58
60
76
83
88
102
105
87
57
43
44
48
57
57
50
45
32
17
8
16
34
56
67
56
59
77
75
57
45
40
42
48
54
60
67
65
51
53
66
69
67
64
59
68
75
81
77
64
59
69
69
52
45
37
27
33
24
19
21
33
32
20
35
56
58
55
68
76
69
58
59
64
55
49
50
51
57
67
70
67
56
50
43
40
48
55
64
71
66
56
64
77
86
84
82
80
74
66
52
44
42
48
54
45
32
24
40
59
65
61
64
64
52
27
8
-5
-3
3
4
12
23
22
18
9
-1
4
26
51
53
41
38
50
65
59
40
25
33
41
44
51
64
77
85
72
42
39
68
97
112
115
101
93
99
93
84
85
88
74
65
68
65
49
38
45
52
44
49
60
74
85
76
55
43
45
59
85
101
105
119
133
135
139
141
132
118
108
108
119
133
133
121
113
107
103
97
97
102
96
84
84
80
65
54
56
57
61
65
53
48
42
40
29
5
-9
-6
4
10
10
4
0
-1
-2
-1
-6
-6
-3
-1
6
17
20
21
26
29
24
12
18
26
28
28
38
44
48
38
26
11
3
0
-1
4
10
13
17
13
16
12
-3
-8
0
23
39
27
19
12
6
13
33
28
-2
-34
-53
-58
-44
-26
-19
-25
-38
-29
-5
17
32
39
49
53
45
34
26
33
44
66
70
58
50
44
51
57
55
48
55
73
84
85
81
72
68
81
83
69
56
66
75
70
53
44
39
33
34
40
38
26
26
32
44
67
82
82
80
85
96
91
91
102
106
101
96
91
99
107
114
119
109
88
80
86
97
115
128
130
136
149
138
121
114
103
100
104
103
96
96
101
104
101
86
68
52
37
41
60
81
74
53
51
50
26
12
10
9
17
28
27
22
23
17
13
37
48
41
43
58
64
60
76
91
71
51
39
40
37
21
5
3
8
17
20
13
5
-3
-7
-7
-5
-4
-9
-21
-37
-45
-37
-24
-18
-17
-20
-24
-28
-29
-27
-25
-22
-23
-20
-7
1
0
8
32
56
59
40
29
34
29
11
0
3
17
35
49
50
49
39
35
40
42
43
64
85
100
102
97
91
90
81
73
71
64
54
56
61
49
16
-8
-7
0
1
-2
2
3
0
1
-4
-18
-19
-7
2
9
23
33
28
26
34
43
49
45
39
40
52
71
83
80
54
43
51
55
59
59
67
68
61
57
43
28
26
21
12
23
34
37
40
43
39
25
21
24
10
-9
-18
-11
-20
-29
-25
-11
0
6
12
25
39
48
37
33
28
26
40
50
40
26
19
21
32
40
43
55
71
75
67
65
69
69
66
66
82
100
109
112
96
72
58
66
68
57
42
28
33
48
52
33
17
10
9
8
11
11
6
-9
-14
2
21
17
4
2
1
2
12
23
34
38
49
68
74
70
70
81
93
98
91
92
99
104
100
84
74
72
72
70
58
44
45
61
73
81
77
65
57
65
58
44
40
43
56
60
59
59
58
55
52
49
49
42
35
36
49
68
69
51
51
66
83
92
82
66
71
86
83
82
87
86
72
68
73
92
109
108
84
55
44
52
49
34
19
9
10
11
6
4
6
19
13
6
16
32
39
37
29
23
22
27
27
26
24
26
33
35
38
41
55
81
103
106
101
103
113
122
121
108
106
106
102
88
74
60
59
59
59
60
52
43
39
36
41
49
41
37
42
56
59
67
72
73
59
44
53
76
93
96
86
90
108
119
119
128
138
137
116
97
103
133
149
137
129
131
130
121
115
106
113
116
99
81
74
66
54
54
55
48
34
35
60
83
82
72
54
51
69
91
90
72
53
49
58
59
54
34
18
20
8
-7
-11
-7
0
9
25
37
54
71
80
84
87
83
65
51
49
56
60
57
49
38
26
26
35
33
24
26
32
41
48
50
29
18
24
28
16
-2
-8
-10
-10
-8
-6
-4
2
2
-5
-17
-13
-6
-2
7
17
21
22
27
40
41
32
22
20
24
36
45
40
32
33
40
39
32
25
35
51
56
56
65
56
48
57
71
74
74
81
81
56
39
43
50
51
40
25
24
19
4
0
16
26
22
7
-5
-19
-17
8
22
24
26
24
25
21
17
21
12
-1
1
17
40
53
55
54
41
38
41
50
54
50
42
44
42
44
55
58
53
38
19
22
54
74
68
54
39
34
38
50
53
45
39
34
33
43
51
42
39
43
38
19
-3
0
36
74
107
116
99
99
120
128
107
76
52
49
55
70
72
68
69
60
49
32
11
18
26
35
53
66
67
59
49
28
18
17
19
6
-9
-6
5
20
24
12
-10
-36
-40
-19
2
7
16
23
36
52
55
56
64
72
72
71
75
77
71
58
50
36
22
24
36
40
27
24
35
41
36
27
27
22
4
-17
-27
-23
-18
-19
-17
-18
-9
10
27
24
25
40
55
60
59
53
44
39
40
49
64
65
52
49
52
53
65
82
93
101
103
97
93
104
105
104
99
102
109
101
97
90
64
36
33
43
49
34
22
23
32
34
28
18
18
28
43
50
40
29
21
21
26
37
36
16
0
9
42
60
48
28
37
58
69
71
72
74
84
91
88
80
88
114
120
105
76
52
50
65
87
102
104
90
59
39
43
56
54
52
45
35
36
51
55
57
51
36
28
40
52
52
60
72
76
83
84
82
73
64
59
69
73
68
68
68
57
50
51
54
48
43
40
41
52
58
56
55
69
87
86
80
87
82
65
52
57
66
65
58
56
54
55
66
80
80
60
55
59
58
57
52
43
34
37
45
42
42
50
56
56
58
68
74
72
66
52
33
18
6
19
27
24
25
39
36
25
23
17
17
32
48
55
59
65
65
64
58
53
42
51
68
56
32
23
33
39
38
34
28
39
53
56
59
61
41
16
3
10
19
23
28
26
12
4
18
54
68
53
34
22
16
5
-1
5
12
19
21
16
16
36
60
64
39
34
56
83
97
99
106
112
106
89
68
57
50
54
71
73
55
33
7
-10
-8
5
24
40
43
42
37
42
54
48
40
44
57
75
77
73
70
60
59
72
71
55
50
64
64
57
64
71
82
89
88
74
53
41
44
52
44
20
1
3
11
10
4
4
4
4
5
4
-3
1
16
27
32
22
22
38
53
49
36
37
51
50
39
33
32
39
50
51
49
44
43
51
65
76
74
67
61
60
58
56
69
83
83
70
59
55
54
51
44
28
18
19
24
21
3
1
8
1
-2
10
17
16
20
24
21
26
36
34
25
32
51
67
72
85
89
74
67
60
67
87
105
107
98
92
99
91
70
58
70
83
82
75
71
61
52
39
26
16
11
32
51
50
41
32
28
37
39
36
24
19
21
23
27
37
44
43
39
38
32
36
48
53
54
66
86
84
73
82
90
90
92
89
84
83
82
80
80
80
82
76
68
67
72
81
86
90
85
72
64
50
36
24
20
16
6
6
21
32
33
25
9
-4
-8
-10
-13
-12
-4
7
11
18
23
32
42
61
66
51
42
43
49
52
56
60
58
53
68
97
105
88
76
90
102
99
92
93
101
87
60
48
50
55
58
54
41
26
26
25
16
7
6
17
27
32
25
17
5
0
0
1
3
7
19
29
37
40
53
70
73
65
67
84
105
121
118
106
97
97
104
114
122
120
105
105
120
125
134
134
120
114
123
139
120
87
71
65
55
50
42
35
22
6
1
9
20
21
8
-1
7
20
27
51
73
66
54
50
58
81
82
75
81
82
74
83
85
76
70
69
60
48
29
21
29
41
43
42
38
35
42
56
68
65
55
42
21
11
22
24
11
4
-6
-19
-12
0
16
19
16
11
12
18
17
18
17
11
4
4
19
34
45
53
55
56
42
22
21
39
54
59
60
48
29
27
27
20
22
38
56
55
41
22
8
3
-3
-13
-24
-20
-3
6
4
-6
-9
-3
4
9
17
18
19
36
53
66
67
59
52
55
59
42
29
41
58
71
73
69
70
81
88
89
77
66
51
50
67
74
65
49
37
37
40
35
24
26
29
33
33
21
5
8
25
42
49
49
44
36
29
33
36
42
53
53
43
41
56
80
92
89
84
86
91
99
104
112
107
90
74
75
97
97
84
81
74
71
65
49
42
54
74
85
72
52
44
40
26
17
-1
-23
-22
0
18
10
3
12
39
60
71
77
89
92
92
107
121
114
96
85
87
84
71
67
59
54
50
42
54
69
75
74
59
41
29
34
45
51
49
39
22
16
19
19
11
2
3
8
9
4
1
6
35
57
55
42
39
39
44
52
44
44
65
81
96
101
89
75
81
93
105
96
73
59
58
61
66
66
55
36
16
9
23
32
22
19
22
38
48
40
35
32
33
36
42
37
21
6
-4
-3
9
16
13
18
25
26
32
41
49
56
64
50
32
41
66
77
75
73
89
104
106
105
98
76
64
65
73
76
61
48
44
50
56
50
43
44
56
72
77
66
44
41
51
57
53
42
29
25
23
4
-11
-9
4
16
17
-1
-10
-2
10
18
19
19
19
28
51
60
51
42
53
54
39
34
48
59
57
58
56
49
56
77
90
90
84
73
69
68
59
59
72
83
72
54
59
83
99
98
99
99
101
102
98
86
71
50
35
25
25
19
7
-6
-27
-35
-33
-37
-38
-19
-1
-1
-18
-29
-23
-2
18
26
26
35
54
82
97
102
103
98
86
83
90
104
118
128
128
115
96
90
105
107
96
88
92
91
85
74
59
58
53
50
40
26
4
-10
-8
6
18
25
32
19
4
9
29
40
28
16
7
9
24
38
45
49
43
44
55
57
52
44
54
58
52
35
18
10
20
35
42
50
55
42
34
42
49
43
40
41
44
49
50
50
42
39
37
34
34
38
49
44
34
26
28
21
0
-1
10
13
10
17
25
40
41
34
42
54
64
67
69
72
81
80
68
56
51
48
51
64
57
58
68
66
60
65
65
59
60
67
57
41
35
37
26
12
11
18
20
5
-2
8
26
37
38
41
39
34
25
20
19
21
28
49
64
70
66
43
40
53
73
91
99
97
98
84
74
81
81
74
75
60
52
64
81
97
88
59
43
53
68
60
44
42
57
68
69
73
75
69
59
53
41
27
20
10
16
27
38
24
5
2
6
17
24
32
38
43
54
56
52
54
60
64
65
69
70
69
71
83
84
72
77
87
96
99
91
86
76
71
76
75
73
75
83
96
102
105
101
87
68
55
52
41
33
18
2
-7
-17
-21
-27
-21
3
18
23
29
21
7
11
39
67
76
69
54
51
60
76
85
86
80
58
54
65
73
86
93
90
76
64
54
56
68
72
57
40
32
20
16
16
7
-6
-4
11
24
23
8
7
21
38
51
54
50
42
38
32
28
45
54
50
50
60
61
49
49
52
51
50
50
70
92
100
87
71
61
59
59
66
66
54
55
66
50
26
22
27
33
40
34
22
32
52
60
48
32
32
40
42
45
50
43
39
35
23
10
8
38
64
60
57
55
60
56
43
41
44
43
42
40
37
43
57
64
55
43
52
71
77
72
66
56
44
40
45
49
51
60
67
60
66
71
65
53
52
58
64
65
59
44
41
55
69
67
70
83
91
87
71
54
34
28
32
37
45
44
45
50
35
12
2
5
37
56
55
42
34
38
58
73
60
36
23
38
75
96
85
66
45
41
37
36
37
36
28
25
23
18
19
36
49
50
49
51
56
58
57
54
48
49
58
57
49
35
26
26
40
53
54
43
22
10
34
58
60
44
48
59
59
60
73
80
80
81
84
96
104
103
87
72
67
66
72
82
72
55
50
43
42
55
60
59
50
37
34
36
50
55
40
24
35
50
41
20
4
-2
-2
10
32
38
24
11
23
49
69
66
56
65
71
70
52
42
57
64
49
41
41
34
20
19
35
37
23
18
25
28
19
9
19
32
38
41
40
33
26
21
9
-4
-10
-5
1
8
21
40
54
52
45
48
52
51
43
40
42
58
73
70
58
58
56
53
48
37
35
37
44
52
33
16
32
56
66
56
40
25
25
38
49
58
61
58
37
3
-20
-28
-10
12
23
21
18
34
57
67
68
57
44
36
38
54
67
65
55
54
52
52
40
36
40
44
37
28
32
43
49
45
41
42
58
73
80
70
60
66
70
76
82
73
58
51
60
83
91
86
71
55
54
60
64
55
44
43
40
35
28
23
32
40
48
52
55
51
37
26
28
32
35
53
68
59
56
51
39
36
40
48
44
37
37
54
71
56
33
23
28
49
65
67
69
76
72
58
44
40
42
50
56
60
66
64
48
32
18
7
6
18
34
42
28
10
2
12
21
20
10
-1
-10
-9
-5
2
11
17
10
23
44
53
54
61
70
67
58
56
58
66
75
75
80
85
86
86
82
68
54
43
41
52
61
54
36
25
11
1
-5
1
5
0
-1
8
18
17
23
28
22
23
29
34
36
28
28
41
60
74
69
71
76
74
69
75
89
86
64
45
37
33
25
17
8
2
-7
-5
5
16
12
7
4
3
7
21
28
21
18
18
10
11
20
27
29
26
29
32
37
51
65
74
96
99
102
118
122
119
114
116
115
107
108
117
115
105
92
74
57
66
71
73
84
81
58
39
26
21
18
20
13
6
5
16
23
21
26
28
26
32
38
38
36
41
49
50
54
44
39
50
64
71
67
54
50
44
45
52
57
67
67
61
69
66
61
60
64
68
76
85
80
60
50
51
54
51
53
56
65
69
58
50
42
43
51
54
51
43
48
51
50
48
38
22
8
1
-2
0
3
12
16
0
-8
-4
7
20
37
58
74
71
51
29
35
77
116
120
106
113
137
161
164
160
144
128
124
132
136
138
136
128
119
114
102
88
72
61
59
53
40
23
17
20
22
8
-10
-24
-36
-46
-46
-39
-38
-42
-40
-24
-6
11
17
10
17
20
27
40
64
80
73
56
59
76
90
90
89
91
105
112
119
124
118
113
112
102
86
73
70
68
54
37
34
36
29
12
10
16
26
36
41
43
35
28
24
21
21
24
27
23
20
23
40
58
75
75
66
53
55
64
65
64
61
54
54
58
65
72
76
67
67
80
86
92
102
96
76
72
84
90
88
68
39
33
38
41
33
21
7
-5
-19
-14
-1
17
22
8
-3
3
23
36
26
5
2
16
26
25
22
33
34
18
11
18
26
27
19
11
20
39
50
48
48
45
48
50
52
52
56
68
81
72
56
64
74
82
82
73
70
65
68
80
81
67
60
61
60
65
66
57
51
50
51
49
40
37
48
57
55
43
27
16
9
10
4
-8
-6
8
32
44
42
36
33
28
25
28
35
33
34
48
50
41
37
44
58
72
70
64
65
69
74
83
96
91
80
57
42
49
64
68
66
65
65
56
53
48
37
29
22
6
-4
2
17
23
19
13
19
25
23
13
16
24
29
33
28
33
38
44
58
72
76
67
59
80
90
88
86
96
116
134
138
124
89
60
58
70
69
64
69
86
96
82
64
52
50
48
48
37
17
2
3
9
0
-13
-1
22
28
29
37
49
52
56
58
52
48
64
80
80
69
57
52
50
37
25
25
32
35
36
39
38
27
23
36
49
49
52
55
39
6
-24
-18
32
75
82
72
72
87
112
128
113
74
44
52
82
90
81
75
67
54
65
60
39
25
26
43
64
75
68
40
21
6
3
18
38
41
33
26
26
34
40
41
34
28
34
40
44
48
43
43
48
50
51
57
75
83
81
84
82
80
82
75
71
72
71
70
65
53
48
52
48
27
20
26
38
44
42
41
38
34
45
55
52
51
52
50
38
25
23
27
27
26
24
21
24
35
36
32
26
17
-6
-24
-4
51
98
108
103
106
121
131
121
98
69
59
74
98
117
139
151
154
144
128
103
89
97
119
146
151
145
137
129
108
104
116
117
102
89
87
105
117
114
106
91
64
58
69
67
65
74
84
83
67
55
55
57
56
40
20
12
11
10
1
-9
-20
-39
-38
-11
11
9
-7
-12
-5
5
13
21
25
25
18
11
6
3
5
5
2
-6
-18
-10
13
39
43
40
42
52
52
34
18
18
24
23
11
-1
-5
3
0
-17
-26
-18
-1
4
3
8
10
9
5
4
7
9
7
2
13
26
22
19
24
33
36
20
-1
5
40
66
69
66
59
65
72
76
72
51
35
35
55
74
73
68
65
53
41
37
38
36
37
37
26
29
39
38
37
44
53
52
41
35
35
27
33
49
43
24
13
18
18
17
23
35
40
41
34
17
12
13
12
25
33
24
9
-2
-9
-10
-4
12
39
70
84
74
72
75
83
92
88
69
54
58
76
98
109
98
74
57
48
51
70
80
71
64
58
56
54
41
35
38
45
52
57
60
49
35
37
41
37
27
26
23
17
10
2
4
13
38
61
71
64
68
103
124
108
75
59
68
96
118
107
81
77
112
152
155
133
114
107
134
171
170
141
117
109
113
128
133
123
115
128
145
130
92
84
92
83
67
75
87
