38
33
25
26
20
12
25
52
65
58
54
49
39
34
43
59
69
53
42
53
74
96
100
103
103
88
72
81
104
132
134
119
115
134
162
172
163
134
112
105
114
129
139
131
121
119
118
125
116
80
57
89
129
130
112
98
92
83
68
56
56
61
57
52
49
55
75
89
89
73
67
70
84
90
87
80
60
50
69
80
71
65
71
82
66
27
3
8
23
27
13
-9
-19
-23
-13
8
21
23
18
4
-19
-20
-2
18
25
-1
-24
-10
19
27
16
0
-11
-26
-42
-42
-34
-25
-24
-29
-37
-37
-25
-18
-27
-34
-17
3
6
-11
-27
-25
-10
-10
-24
-29
-28
-23
-13
-9
-11
-13
-20
-27
-23
-7
1
7
21
35
38
52
77
76
60
59
57
53
51
48
49
45
38
25
16
11
18
9
-5
-4
6
3
4
16
26
21
11
7
8
11
13
13
20
42
67
67
54
55
57
56
57
60
64
58
54
50
42
40
54
61
58
55
57
59
51
28
28
54
72
57
34
36
55
59
52
52
51
51
55
58
41
20
34
49
43
40
49
55
56
53
60
72
85
97
91
75
53
49
61
68
49
16
-1
8
28
43
42
34
33
38
51
58
56
50
51
51
40
36
27
26
35
40
40
42
44
39
28
25
24
25
35
48
67
56
38
40
52
57
50
42
43
40
50
69
67
55
56
73
83
69
54
64
81
85
68
49
48
53
48
35
25
33
50
60
66
60
51
57
69
70
55
28
19
25
32
36
43
42
33
33
40
37
28
32
35
36
38
45
56
67
68
68
67
69
76
68
50
55
68
76
82
81
85
96
96
85
81
76
84
106
134
145
145
164
197
208
179
160
156
150
132
122
117
103
90
76
64
67
82
89
84
74
57
51
70
87
85
60
26
13
20
36
58
65
59
70
74
66
58
66
70
65
42
28
39
41
33
16
-1
-8
-13
-6
4
7
19
20
9
25
50
50
40
48
67
59
34
21
25
34
39
33
25
33
43
41
49
51
39
32
23
16
17
23
36
36
20
13
17
21
26
17
8
11
21
26
34
36
33
29
32
26
10
3
12
18
2
-9
-1
9
8
3
-1
-8
-17
-21
-25
-35
-54
-59
-56
-52
-41
-14
2
10
22
29
36
34
27
33
37
25
11
17
28
35
38
43
51
64
68
55
37
23
12
8
10
11
11
13
9
5
1
-6
-5
2
4
-5
-8
-4
3
10
12
11
17
18
21
27
33
35
52
76
88
84
76
74
80
87
97
98
86
72
72
75
75
77
73
60
55
39
22
34
52
42
27
25
24
28
38
39
34
36
40
33
32
39
43
39
38
43
44
41
36
32
23
19
29
51
53
42
41
54
75
90
87
73
54
49
66
83
91
98
103
112
109
88
65
45
52
68
68
73
84
83
76
73
68
60
53
44
45
60
68
60
56
50
40
32
26
28
36
36
33
36
48
52
37
16
6
7
20
39
57
55
45
49
55
48
37
34
34
38
39
34
33
35
41
35
12
-5
-5
11
45
65
68
72
67
64
73
84
87
91
86
65
41
43
53
55
59
59
51
23
12
35
55
65
60
55
61
66
58
45
35
37
44
57
64
64
68
69
74
68
52
37
23
18
28
57
70
51
38
51
67
72
71
67
45
35
42
60
55
37
36
44
51
43
39
38
22
-4
-24
-28
-2
17
16
16
27
43
51
51
45
36
28
25
28
50
56
38
21
26
35
33
29
27
12
1
9
32
37
41
49
44
37
36
40
39
35
34
28
26
40
49
40
33
12
-10
-13
5
32
29
28
52
73
69
50
33
25
19
12
11
5
8
28
45
38
27
36
44
50
45
42
51
68
82
85
87
80
67
72
72
67
67
70
77
74
72
83
101
108
99
86
96
112
121
115
89
70
73
92
107
107
103
104
113
130
141
140
132
131
132
129
121
117
118
132
146
147
132
116
108
119
135
134
107
86
89
113
129
124
101
73
64
81
104
108
105
88
71
75
85
85
80
70
64
54
48
53
59
48
28
23
25
29
29
33
51
65
69
59
50
40
33
37
42
25
12
33
68
83
74
58
41
42
59
55
20
-10
-20
-14
-4
3
2
1
7
10
6
5
6
2
-4
0
0
-2
-3
-5
-10
-20
-23
-37
-36
-13
4
-6
-20
-20
-10
-8
-14
-27
-39
-38
-35
-43
-44
-29
-5
1
-5
-10
-17
-5
6
-1
-17
-13
7
37
66
83
85
73
55
39
44
48
32
0
-18
-5
19
36
49
48
36
27
36
38
37
56
72
54
43
53
57
35
13
8
9
9
17
19
11
24
54
61
50
40
48
65
70
70
81
90
82
67
57
64
70
74
73
61
42
28
29
38
43
48
45
48
48
36
22
27
28
12
5
-1
5
27
36
27
24
37
51
55
59
61
65
72
71
57
54
59
53
43
51
61
53
28
25
49
66
65
64
61
60
53
48
34
19
17
22
25
36
45
43
33
27
29
33
39
28
8
8
35
55
71
80
75
82
88
88
84
87
97
89
60
41
41
59
69
59
48
48
54
60
59
52
43
44
60
81
87
83
73
58
49
56
75
71
52
36
34
43
43
28
13
22
49
66
69
60
53
59
71
70
49
25
26
54
74
83
87
91
96
90
76
67
67
55
45
65
85
77
65
56
64
71
67
64
58
54
32
5
8
28
29
17
4
3
12
23
22
8
7
21
27
42
69
77
69
68
69
59
51
43
34
23
16
20
33
41
45
51
55
69
75
86
102
103
92
88
83
69
54
42
28
22
28
39
40
33
24
19
21
34
54
58
52
45
55
68
61
38
29
36
27
18
24
32
28
23
20
22
24
19
23
24
29
50
66
55
36
24
33
44
59
64
54
52
39
21
21
35
32
2
-8
4
20
22
20
24
29
32
52
81
99
96
83
82
93
101
89
72
69
80
80
80
90
102
99
85
60
42
41
52
67
80
82
74
49
20
8
28
59
66
53
35
32
43
51
44
29
16
17
33
52
56
48
37
35
37
34
27
21
20
40
57
58
53
48
49
55
48
35
42
59
68
65
52
50
59
67
49
24
19
25
33
34
40
50
45
43
43
45
51
44
39
51
66
54
41
49
55
51
53
58
57
52
43
40
40
41
34
26
32
37
36
36
37
25
5
1
21
54
57
26
7
19
50
60
50
27
25
38
58
64
55
50
42
40
51
66
76
80
82
82
71
55
49
44
37
35
39
36
40
53
66
69
69
64
50
53
65
74
71
74
80
74
67
59
48
42
43
38
22
12
23
32
32
39
53
56
51
35
22
32
49
44
40
49
66
80
88
88
76
74
77
76
67
53
43
44
44
42
52
53
59
69
73
68
57
56
61
65
70
80
89
103
102
82
57
36
20
16
26
48
49
39
40
58
57
35
22
19
20
25
35
28
33
41
39
33
32
38
41
35
37
53
70
65
51
43
38
43
67
83
85
81
83
74
52
53
76
97
118
129
119
119
133
137
136
137
136
124
113
104
118
140
140
124
113
114
121
123
121
113
104
102
97
87
72
65
59
59
54
52
52
43
34
36
53
67
66
42
36
39
49
50
40
50
59
54
51
49
38
25
25
49
67
64
52
54
67
60
53
60
80
81
64
34
17
23
32
26
27
43
70
82
84
68
43
40
54
64
65
69
70
60
43
34
22
7
-18
-33
-23
-7
5
6
-3
-10
-17
-17
-12
-9
-1
6
1
-7
-3
12
16
6
9
28
36
22
6
6
29
51
55
51
39
35
19
11
20
24
36
58
80
91
91
87
85
83
77
70
60
57
57
66
58
59
64
38
-2
-13
5
27
13
-18
-25
-22
-19
-14
-13
-11
-18
-26
-26
-10
5
1
-18
-21
-8
5
24
40
55
58
56
53
55
61
74
89
92
88
80
83
89
85
66
59
74
84
81
72
65
73
92
93
82
76
68
56
49
50
45
21
5
4
6
23
32
34
39
49
53
42
18
3
7
22
32
22
20
23
24
25
19
17
21
20
17
17
34
54
70
82
73
55
44
42
40
39
33
23
35
57
69
56
32
10
1
11
27
20
2
-1
19
32
20
7
2
2
16
34
34
19
2
-2
-8
-28
-38
-34
-26
-22
-11
-4
-4
0
19
25
11
-5
-1
20
42
41
26
25
38
34
13
8
19
23
24
35
42
26
11
24
53
67
59
59
80
86
81
72
75
89
99
101
101
92
75
76
90
99
90
72
66
92
132
133
102
80
69
74
84
102
115
106
91
76
71
76
85
86
73
65
55
57
66
72
71
60
48
37
27
23
26
50
66
68
75
92
90
70
53
57
70
70
61
55
49
40
35
49
70
88
103
102
88
75
70
73
75
76
76
60
37
28
22
24
42
60
54
41
33
34
37
34
32
28
34
36
34
26
22
37
61
53
8
-25
-37
-27
-10
4
0
-9
-9
-4
6
24
27
3
-24
-28
-18
-3
10
12
16
39
52
38
27
36
34
26
35
50
58
53
48
53
73
87
89
72
48
37
43
48
38
37
45
49
42
34
21
21
34
25
8
8
26
52
64
56
37
32
39
40
28
33
51
66
68
60
48
38
39
36
24
9
-1
6
18
29
39
35
32
37
43
60
75
60
43
40
51
57
52
33
19
1
-20
-29
-28
-35
-33
-17
-9
-9
-14
-18
-12
-5
4
5
2
0
7
19
19
16
18
26
48
50
48
49
40
36
43
50
56
69
77
85
91
90
83
85
100
114
117
122
128
116
102
89
82
87
104
116
123
134
154
181
192
182
168
151
136
155
196
214
200
180
166
160
156
155
150
131
115
118
108
84
76
91
112
122
106
85
77
84
97
107
107
90
70
74
88
83
75
77
75
69
56
50
69
90
99
101
102
93
80
70
65
58
55
50
44
42
32
23
20
7
5
5
-6
-11
-4
7
5
6
11
7
4
1
3
-5
-12
-6
-14
-41
-52
-50
-44
-45
-44
-30
-18
-13
-20
-9
20
39
48
49
36
27
36
59
72
70
66
60
57
51
28
9
7
24
37
32
21
18
13
5
9
28
48
54
35
34
51
58
53
48
42
25
9
4
2
7
28
40
33
33
54
51
38
41
50
64
64
40
16
10
28
57
80
84
76
75
88
90
81
70
67
68
61
42
29
32
40
44
45
45
42
48
40
17
18
35
38
34
44
66
75
73
64
55
48
33
22
28
37
20
17
28
33
39
40
32
28
28
26
38
70
92
83
67
66
66
53
28
22
25
25
18
16
36
67
76
71
69
53
33
22
29
39
39
48
66
65
40
22
20
22
26
35
34
19
12
20
18
6
5
3
-6
-17
-21
-12
11
20
4
4
24
48
49
44
42
52
73
70
44
35
32
32
26
17
10
7
6
16
23
21
24
33
35
25
5
-6
4
26
42
39
26
20
32
38
34
21
9
8
17
26
25
21
17
4
-10
-6
4
-2
-12
-11
-4
0
3
11
25
32
35
38
38
33
20
0
-6
-5
1
28
36
27
24
38
57
52
32
27
52
72
81
75
60
55
64
75
69
50
39
44
54
54
54
59
61
58
54
60
71
67
53
48
48
58
60
48
28
18
17
17
10
24
37
34
12
2
7
24
22
17
32
49
40
26
28
40
41
49
71
100
99
84
72
53
36
22
11
12
35
49
44
43
41
38
27
9
0
11
36
54
67
61
45
32
13
6
7
9
20
33
37
38
45
65
65
52
50
68
98
108
80
54
64
90
105
102
96
96
90
82
80
68
60
64
64
55
56
54
37
24
18
11
8
9
8
8
23
44
69
84
84
77
69
68
69
72
80
76
72
76
96
99
88
68
41
26
35
54
57
57
55
59
84
105
114
105
90
86
88
99
105
101
102
108
106
105
112
130
133
112
101
119
138
138
100
56
54
87
112
119
123
121
114
113
118
116
93
68
66
85
106
109
109
116
117
109
88
71
64
65
65
61
57
56
54
59
58
54
60
68
65
52
44
44
42
39
48
53
50
39
33
37
55
65
56
39
41
56
52
38
17
6
26
53
49
24
19
37
65
71
50
24
8
1
-2
1
-2
3
12
4
-17
-27
-34
-34
-25
-11
-8
-4
10
20
16
16
24
28
27
20
13
12
17
23
24
27
20
16
34
51
39
7
-13
-21
-6
5
19
26
25
27
50
59
48
28
26
40
41
23
5
4
11
1
-10
-3
16
22
27
24
3
-11
-17
-10
-7
-9
0
10
22
25
22
22
28
38
42
44
48
54
56
50
44
57
69
70
58
44
41
56
75
80
74
84
104
123
123
108
105
107
109
115
120
104
88
88
83
76
73
70
57
48
36
33
26
17
27
56
70
59
56
59
54
34
11
11
28
39
54
70
73
65
54
48
52
58
56
53
72
93
91
75
72
84
88
81
77
90
97
106
124
147
161
154
136
122
113
99
75
64
83
122
149
139
113
101
123
146
154
148
131
107
102
114
129
137
135
115
85
76
80
81
84
72
58
55
55
64
72
81
85
86
74
59
58
69
68
68
77
83
64
41
41
65
85
80
52
43
64
83
75
51
37
51
71
72
56
41
37
52
59
57
40
21
12
16
18
10
-2
-19
-37
-39
-24
-6
6
19
21
12
4
6
10
7
10
25
40
48
51
44
36
37
39
40
44
49
57
58
32
5
2
10
21
40
54
54
59
69
68
42
11
2
4
12
1
-10
-18
-17
-5
2
-2
-21
-41
-55
-56
-46
-35
-25
-23
-19
-1
18
17
8
0
2
19
25
21
18
18
20
26
24
13
3
-8
-14
-4
16
27
22
17
24
23
7
1
9
13
18
21
20
11
11
16
20
26
38
40
39
39
35
28
32
50
50
38
41
66
81
76
66
65
67
60
54
52
39
21
16
19
26
21
7
17
20
9
11
23
21
18
20
35
35
32
38
50
55
57
52
42
38
38
41
51
59
64
64
69
69
67
58
64
81
86
72
60
49
54
68
69
64
59
59
57
56
55
49
41
49
53
52
42
38
55
58
44
41
57
75
83
76
65
66
58
52
60
74
73
54
41
39
33
20
22
38
49
38
23
22
43
64
54
41
41
42
54
65
49
18
-6
7
49
76
86
87
84
69
51
48
52
49
44
50
52
57
67
73
87
98
87
73
71
74
91
106
104
91
80
72
75
85
97
114
109
96
80
65
56
50
43
44
49
44
51
65
65
54
45
40
35
34
34
36
53
57
52
51
52
52
56
60
64
66
59
51
44
40
36
35
40
53
59
51
28
13
13
27
35
39
44
44
43
33
34
49
49
38
34
41
48
44
45
48
51
58
54
39
27
29
41
42
39
52
65
75
82
69
56
56
69
76
64
42
50
66
84
100
91
74
68
68
68
73
89
98
101
107
115
116
102
92
93
105
119
133
133
124
129
128
115
102
100
124
150
151
137
132
146
165
171
166
160
167
163
144
136
150
166
166
148
130
118
107
106
104
109
116
108
84
75
87
92
76
67
65
57
29
9
19
33
39
41
42
52
53
35
28
36
34
19
4
4
10
12
19
25
26
7
-14
-20
-5
5
1
-1
5
3
2
-1
-2
-18
-28
-28
-26
-13
-1
2
-7
-24
-22
-3
7
10
12
7
10
25
27
16
-3
-8
5
17
10
3
3
8
19
16
5
5
6
-4
-12
2
24
32
25
17
16
26
42
37
23
18
24
32
37
28
18
20
25
17
3
-4
-12
-12
-5
-7
-10
0
32
58
60
57
61
75
73
60
53
51
45
53
59
55
48
36
42
67
73
76
81
66
45
38
50
61
68
66
64
77
92
112
118
104
82
69
73
75
67
59
50
40
43
54
67
70
64
68
89
106
113
92
72
69
70
66
54
50
61
68
59
48
33
26
39
56
49
34
32
39
35
20
26
37
33
26
41
56
60
69
89
103
108
104
100
93
86
83
75
58
49
52
58
42
20
10
16
11
10
21
17
-5
-8
-3
-9
-20
-9
18
33
34
40
66
86
83
66
50
48
42
37
44
54
40
26
41
57
50
26
3
5
16
17
28
45
55
53
32
3
-2
10
11
-1
1
21
37
36
21
18
26
49
57
43
20
12
18
18
18
20
25
36
37
28
22
21
23
25
28
41
51
32
-1
-5
23
50
52
37
23
24
28
32
25
17
20
19
12
6
-9
-10
5
25
48
60
67
69
69
59
50
39
42
52
55
51
58
71
84
90
74
56
49
49
50
50
41
33
35
38
44
56
60
56
49
53
69
74
73
74
72
73
82
81
69
57
45
41
52
60
53
43
56
76
85
86
86
80
72
72
65
40
26
27
52
74
72
64
69
75
82
87
89
86
70
44
40
55
56
41
42
68
91
93
90
107
136
153
160
141
114
99
102
115
129
131
120
115
118
130
136
128
109
105
116
131
129
112
85
58
49
59
58
41
37
40
41
49
60
59
52
49
43
48
43
36
23
4
-3
3
23
35
27
22
26
32
26
16
8
5
1
-8
-18
-14
-2
8
23
18
2
8
32
38
24
3
4
16
16
18
29
28
26
29
35
32
12
2
-3
-11
-20
-12
0
24
40
36
37
58
69
60
38
24
33
42
48
53
66
65
53
48
40
26
10
1
4
18
34
42
32
12
10
26
34
27
20
25
38
39
34
35
45
64
76
81
76
67
64
67
66
59
53
49
44
45
60
52
34
34
42
54
54
40
26
25
33
40
54
57
48
38
40
48
50
51
44
37
26
17
16
19
34
51
50
32
27
39
56
60
51
34
12
9
40
72
76
82
81
75
60
51
50
50
44
25
12
25
44
50
49
44
40
39
26
12
7
12
27
43
49
36
24
35
43
41
39
39
40
40
37
24
22
26
40
56
58
52
51
64
70
70
58
45
41
40
36
36
40
49
56
57
67
80
87
82
76
83
83
82
83
80
75
70
54
43
56
69
73
59
42
37
38
43
53
67
75
60
43
40
53
66
59
51
53
72
87
92
87
77
68
44
32
29
49
69
55
51
71
96
103
96
80
66
65
75
91
97
87
85
98
101
90
82
83
105
115
106
106
115
134
145
137
125
120
120
117
115
119
132
115
91
96
97
89
88
93
97
84
72
83
85
68
44
41
49
45
41
33
33
29
24
23
32
54
74
77
59
34
18
21
27
36
51
56
64
64
53
41
44
51
39
36
52
72
77
65
54
48
36
23
20
32
41
41
34
25
25
36
34
17
1
-9
-10
-19
-34
-26
-20
-30
-61
-72
-57
-52
-67
-84
-82
-55
-34
-33
-39
-35
-20
-8
-17
-35
-40
-29
-20
-21
-22
-12
-2
6
-1
-20
-24
-13
-12
-18
-9
1
10
12
3
-7
-9
-8
-10
-9
2
13
16
12
10
12
10
9
12
27
29
19
4
8
40
59
51
49
53
38
10
6
8
8
6
7
8
2
0
6
20
25
18
18
26
35
45
51
54
57
53
51
52
52
50
44
56
73
84
88
88
92
98
91
88
75
68
77
86
72
44
37
44
59
72
71
66
59
66
74
74
73
74
70
59
56
54
57
65
70
73
64
48
49
61
68
64
60
65
76
88
82
76
81
87
87
81
86
91
83
67
64
80
93
102
93
89
93
98
102
106
115
112
93
89
114
145
172
173
161
156
160
178
199
195
177
163
161
176
188
186
170
153
134
115
99
88
83
88
88
75
68
60
53
55
64
67
65
71
72
56
39
44
65
69
58
52
54
51
48
55
56
49
39
19
2
10
33
48
48
36
28
25
11
-5
-26
-33
-23
-19
-34
-41
-33
-34
-49
-60
-66
-67
-58
-38
-13
-10
-27
-37
-40
-45
-40
-37
-42
-59
-61
-45
-38
-35
-13
1
0
2
-1
-9
-13
-5
7
17
11
7
18
26
28
33
32
22
13
8
9
18
27
35
32
27
34
36
39
29
10
8
20
27
26
21
22
41
54
51
42
39
40
36
35
27
20
25
37
39
37
38
28
10
16
27
41
48
36
28
27
37
40
35
40
56
68
71
76
82
75
67
65
64
64
58
43
26
43
81
104
102
87
98
130
149
144
118
99
90
85
96
122
149
161
164
177
188
194
196
192
180
171
168
162
145
124
118
139
164
180
180
168
149
130
129
147
169
160
124
101
90
98
114
123
120
91
53
27
48
89
117
116
87
52
36
54
85
102
100
88
75
72
75
83
77
61
48
43
40
37
32
24
24
26
22
12
-2
-2
7
13
17
8
2
-1
-3
-5
-8
-14
-21
-20
-11
2
22
32
11
-5
8
28
27
25
21
16
7
-4
-2
5
19
32
33
25
20
22
34
33
9
-19
-23
-11
0
6
20
24
11
1
-2
-4
-13
-36
-50
-51
-58
-54
-23
-9
-25
-41
-50
-41
-23
-12
-11
-9
-7
-9
-17
-28
-43
-57
-66
-60
-41
-17
1
11
20
23
18
4
4
21
23
4
-8
-8
10
44
50
11
-19
-27
-33
-45
-45
-27
-25
-38
-40
-21
-6
-10
-30
-38
-20
3
12
16
22
35
42
28
17
19
27
40
59
72
69
64
73
101
123
131
132
121
118
116
106
97
85
71
65
67
69
69
64
68
68
50
36
38
37
28
35
49
39
18
13
19
23
20
17
16
26
48
53
54
41
36
43
43
39
34
21
23
32
42
66
88
92
74
60
71
83
83
76
80
89
84
74
76
76
89
108
112
107
114
119
115
103
93
105
130
139
132
120
121
133
144
144
150
157
163
166
171
150
115
113
140
149
132
119
117
120
122
113
100
97
93
92
82
73
71
77
96
101
101
91
88
96
105
117
112
90
81
77
77
73
60
54
45
26
18
22
33
39
35
36
52
76
96
82
54
40
43
48
41
36
33
29
35
27
19
16
8
8
4
-6
-2
-6
-7
-2
-3
-2
2
4
5
10
36
44
24
5
3
9
21
28
32
29
28
25
23
27
36
51
52
34
24
35
35
24
22
25
33
42
40
19
4
4
8
10
12
10
0
-12
-18
-4
-1
-7
-4
16
34
50
50
49
50
44
37
38
42
41
37
34
42
48
44
36
34
42
33
18
23
24
22
37
52
44
38
35
27
23
19
19
27
28
18
8
9
6
0
8
19
13
20
19
-4
-20
-2
25
40
33
6
5
20
33
39
39
28
27
34
37
33
26
26
21
7
-3
-2
8
27
37
40
48
48
32
19
25
39
41
26
10
12
24
34
26
26
40
57
54
36
25
21
19
16
2
-2
1
18
56
85
86
74
69
71
82
97
103
96
85
72
56
49
45
35
17
8
36
64
60
50
36
35
52
55
43
26
25
34
34
26
28
53
74
76
74
86
85
74
69
48
22
28
52
65
70
69
69
74
87
101
107
102
86
76
66
48
25
10
3
5
4
1
16
32
33
24
24
33
26
12
11
23
39
48
42
34
32
27
26
35
49
53
59
64
44
44
57
61
51
35
33
43
68
90
105
93
80
77
92
103
80
56
59
76
97
107
115
118
123
124
121
115
105
88
82
85
76
69
69
68
68
72
68
55
49
42
34
27
24
29
33
39
43
38
41
65
75
66
53
56
72
84
86
84
74
81
91
93
96
100
91
80
73
72
71
68
71
80
64
49
60
84
88
84
86
102
123
135
129
120
135
154
162
166
184
213
228
215
205
211
216
209
195
180
161
147
137
129
129
134
130
112
90
86
85
86
90
90
75
70
91
107
101
87
75
74
87
92
82
68
70
68
51
35
41
53
51
42
40
41
38
28
34
24
2
-4
8
22
25
25
28
24
20
21
27
21
7
-7
-25
-33
-24
-24
-38
-56
-77
-86
-75
-71
-77
-87
-75
-50
-34
-56
-76
-67
-55
-54
-59
-66
-69
-68
-67
-70
-60
-52
-45
-43
-52
-53
-35
-9
3
6
9
16
22
17
3
4
11
13
8
4
8
22
21
9
0
-2
1
0
-4
-13
-26
-29
-17
-4
0
-4
3
12
12
3
6
19
22
20
7
0
8
19
16
18
34
32
23
24
39
40
37
44
56
53
43
53
59
57
57
69
71
59
44
28
36
57
68
57
43
39
43
53
50
34
37
61
80
82
76
64
55
61
76
82
75
64
53
50
51
58
60
39
25
32
