74
64
56
55
65
76
82
89
96
99
97
87
86
90
86
74
61
60
61
51
41
34
26
20
21
20
13
10
8
11
12
16
19
19
24
27
24
16
10
13
27
36
37
35
27
26
27
34
41
48
51
57
68
73
70
67
70
69
59
53
52
49
38
27
25
21
19
22
22
19
16
7
3
-2
-3
10
21
22
23
32
38
38
39
38
39
32
12
6
8
25
39
37
29
22
18
22
28
36
35
34
35
37
36
35
40
56
76
90
88
82
82
88
102
113
107
93
86
83
86
91
91
74
53
43
41
39
37
39
43
45
38
33
35
37
42
45
44
44
51
54
54
54
51
36
18
12
16
13
18
22
29
36
44
59
77
88
87
75
71
72
67
56
43
44
53
60
56
43
40
41
40
37
36
39
42
57
77
84
74
60
51
48
41
24
0
-5
25
66
82
75
69
73
85
86
74
57
48
54
73
99
121
136
139
129
108
91
90
97
101
106
113
106
104
115
115
93
76
71
70
67
55
45
51
70
80
70
64
56
48
49
54
53
52
58
71
82
88
82
64
55
54
56
59
68
88
106
101
85
73
65
59
52
40
33
43
58
64
51
45
44
44
45
45
56
70
68
52
37
28
20
12
12
16
19
17
6
-9
-19
-6
4
5
1
0
6
18
23
20
9
8
19
38
64
75
77
84
80
66
55
43
36
26
21
20
8
-6
-17
-19
-13
-12
-19
-22
-21
-22
-18
-7
-3
-3
3
11
22
36
50
59
72
77
66
49
51
60
66
60
60
66
60
43
29
39
43
38
29
28
49
68
65
50
41
41
41
38
34
28
25
21
28
44
54
50
36
26
36
45
52
56
59
65
66
55
42
43
52
58
59
65
66
69
67
58
54
58
73
90
93
87
82
84
85
88
96
101
93
76
65
57
56
54
44
34
17
1
-6
-8
-7
-14
-36
-42
-26
3
26
43
61
80
88
82
72
75
76
76
69
66
77
99
105
98
86
75
67
58
51
53
61
67
71
84
98
102
93
81
68
70
80
83
73
53
33
36
53
58
43
38
44
56
54
48
43
38
32
41
56
59
59
68
75
83
82
88
99
99
89
81
82
90
93
83
68
57
45
33
19
8
-3
-6
-1
2
-2
-5
-3
1
5
17
32
37
39
42
48
44
41
40
41
48
54
59
58
52
48
49
51
53
51
48
49
58
67
65
67
72
83
98
86
64
55
68
81
83
74
67
53
38
34
34
35
36
38
36
33
32
32
26
21
18
7
-7
-18
-13
-14
-21
-17
-8
-8
-9
-7
1
3
3
9
32
51
58
64
72
91
103
102
105
119
125
128
120
119
125
132
133
132
130
124
115
102
97
82
68
64
64
60
58
39
20
25
33
32
27
22
19
12
-3
-17
-17
-18
-25
-37
-36
-27
-25
-25
-20
-17
-18
-23
-25
-9
9
12
11
21
25
40
59
69
72
76
77
68
58
60
65
73
74
66
52
43
50
58
65
57
50
39
34
32
26
10
-4
-11
-13
-14
-14
-21
-28
-36
-38
-45
-41
-25
-10
-7
-17
-13
-4
10
23
33
38
44
50
50
53
51
54
72
88
86
76
73
68
67
69
68
65
65
60
58
59
61
69
69
60
58
64
71
80
72
64
59
57
49
37
26
17
13
19
23
27
34
35
36
51
65
61
56
59
64
60
50
43
40
32
34
48
65
71
59
50
51
59
70
74
72
69
74
82
72
69
77
81
70
57
48
48
50
48
43
49
54
55
48
44
56
66
67
64
60
60
45
28
24
26
28
26
18
13
17
12
20
28
40
54
53
40
34
40
54
61
59
58
64
67
76
82
83
86
89
85
70
55
57
67
72
68
59
54
42
25
21
24
28
41
50
53
60
60
54
44
36
28
20
16
6
-9
-18
-14
-20
-21
-9
-5
-7
-1
4
7
16
26
43
52
50
54
58
65
72
86
99
96
86
88
97
98
90
82
75
68
60
71
75
77
85
97
107
116
120
119
112
102
97
93
83
69
60
49
38
29
24
16
1
-9
-10
1
17
20
20
17
4
-1
-1
0
5
12
17
19
20
20
22
33
50
54
50
50
58
66
76
91
97
101
112
117
117
130
146
157
168
165
150
132
130
136
130
112
92
80
69
66
67
60
50
38
33
25
24
19
9
3
-1
-4
-11
-26
-29
-23
-14
-6
0
3
1
7
24
38
43
36
27
36
54
72
71
65
64
74
83
77
71
69
73
83
86
86
87
82
66
54
49
43
35
26
25
25
20
7
-11
-33
-49
-52
-29
10
35
26
16
27
64
76
59
35
24
38
65
97
121
123
112
106
102
97
96
97
101
108
122
128
117
103
89
90
106
119
121
118
120
113
96
76
66
55
45
44
50
43
27
6
-1
9
19
12
4
5
23
54
65
54
59
72
70
52
37
43
55
65
73
81
89
97
97
98
99
101
104
102
96
90
85
81
82
88
84
70
65
56
55
55
50
54
66
57
42
37
39
49
48
36
19
2
-2
4
11
18
17
13
11
6
8
21
28
33
38
40
39
33
19
22
35
48
54
53
53
51
48
52
55
48
35
25
19
12
10
21
36
42
36
27
36
49
55
54
42
35
23
8
2
5
7
11
20
27
35
32
24
27
28
28
33
35
43
50
48
37
22
9
3
-1
0
-6
-21
-29
-34
-26
-21
-26
-34
-29
-21
-10
-6
1
7
11
19
26
26
35
56
70
69
64
56
51
43
41
52
65
72
81
83
77
84
97
92
84
82
86
85
74
65
57
57
66
60
36
8
-1
0
-3
-11
-18
-14
-8
0
1
-5
-10
-8
-6
-4
0
11
24
26
24
22
25
40
57
66
66
69
76
86
89
82
75
80
87
96
97
90
84
81
80
76
72
69
61
57
42
25
9
-1
-6
-10
-9
-11
-18
-20
-23
-26
-33
-36
-36
-36
-30
-22
-9
3
11
20
23
22
28
40
45
52
66
67
58
69
97
112
113
117
122
130
139
149
140
125
122
131
136
137
137
135
121
106
100
91
86
75
60
57
49
28
18
21
23
10
-6
-10
-13
-23
-35
-27
-12
2
5
-5
-12
-8
0
-2
-2
1
0
3
16
25
33
33
39
52
60
77
93
100
100
116
129
131
121
114
105
101
108
119
122
113
101
97
87
84
73
65
60
58
51
38
26
22
9
1
3
8
-2
-17
-13
2
9
4
1
9
23
33
34
35
33
28
37
53
71
80
71
56
41
33
36
59
87
96
89
87
91
104
104
90
74
67
69
84
102
103
88
81
75
66
50
34
21
18
22
23
18
11
9
10
17
23
28
38
36
33
27
23
23
20
20
34
53
59
57
58
55
53
55
55
59
59
56
64
74
73
80
90
101
100
89
87
87
82
74
64
58
64
67
68
68
70
64
54
49
41
29
27
25
18
13
17
12
6
-2
-5
-3
4
3
-4
0
18
43
64
73
86
96
91
91
101
102
90
80
82
98
112
117
112
102
109
117
107
93
85
80
80
85
100
107
108
106
103
98
90
83
72
71
86
89
74
64
58
55
48
34
23
10
8
10
4
-3
-10
-13
-8
-6
-5
-11
-14
-7
-1
3
12
16
10
9
16
19
16
10
22
44
64
58
53
49
43
54
76
88
84
72
58
49
40
35
36
39
42
49
41
25
13
13
23
32
41
57
67
66
58
51
43
39
42
53
54
55
56
55
50
37
27
26
34
48
55
54
48
41
39
43
44
44
45
51
54
58
57
44
35
34
33
28
26
27
27
21
16
17
25
26
18
16
16
12
18
29
39
40
39
34
38
48
48
37
22
22
17
3
-6
0
22
28
20
16
25
41
52
54
58
60
60
58
56
51
44
49
52
58
65
64
59
59
61
65
65
67
70
74
75
75
69
73
84
86
80
70
57
42
40
49
50
44
53
64
59
54
56
61
60
56
53
54
60
66
60
53
52
56
61
64
68
67
60
59
66
72
74
67
55
49
42
37
35
32
27
28
29
20
3
-3
7
20
20
21
25
24
20
23
17
4
-4
-7
1
19
22
21
28
33
26
25
28
35
42
51
57
56
55
57
67
71
75
75
67
51
38
34
34
32
19
10
16
21
28
29
28
36
48
56
64
68
73
84
91
85
73
76
86
97
99
93
73
55
50
68
93
105
100
85
90
112
124
116
84
53
48
56
64
68
72
81
75
60
51
51
51
51
42
28
20
17
12
11
18
28
35
37
37
43
60
64
45
37
34
26
28
42
44
28
24
20
10
9
10
8
-7
-20
-13
8
35
57
67
65
60
57
61
73
75
68
55
48
44
50
64
71
65
56
54
54
58
54
43
41
38
32
26
34
43
36
27
33
37
39
44
41
42
55
60
52
43
40
48
54
53
49
41
39
39
39
38
33
24
17
5
-5
-10
0
18
36
51
66
73
77
76
68
65
71
76
73
70
66
57
51
48
45
48
45
44
44
48
51
51
52
48
37
25
23
38
54
57
51
41
39
41
36
29
33
32
18
13
22
37
48
52
50
44
42
48
68
84
80
66
67
74
82
82
76
73
71
55
41
51
65
68
60
53
49
44
39
36
43
53
44
39
43
64
75
75
72
60
52
55
56
51
35
13
1
2
25
44
51
41
32
29
34
37
42
52
64
61
54
54
60
58
55
54
55
50
40
36
38
57
67
56
40
34
32
37
48
50
40
38
49
54
54
54
48
36
28
28
32
39
40
35
28
36
41
44
64
75
73
67
67
69
82
91
87
74
55
42
45
48
44
51
60
70
75
70
57
51
44
39
41
50
52
54
55
52
52
45
35
39
53
56
51
37
32
33
36
32
25
33
36
33
34
40
43
39
27
25
48
59
57
51
57
68
69
60
55
56
61
67
69
67
58
53
48
48
55
69
82
86
72
52
40
41
50
54
52
48
51
55
67
71
70
52
34
23
17
11
11
18
22
22
24
23
23
27
27
19
8
11
21
33
36
32
25
20
21
23
20
20
26
28
25
23
23
27
37
42
44
45
51
59
65
56
40
35
34
42
55
58
53
43
37
38
40
45
53
51
45
51
58
57
51
39
35
51
72
81
68
50
36
25
34
52
66
66
58
54
51
48
43
40
39
42
48
54
73
87
86
70
43
23
29
52
64
59
58
50
48
43
37
37
44
50
42
40
44
53
55
60
59
53
41
38
48
54
42
26
20
19
13
8
12
20
25
33
48
57
58
56
51
44
40
50
67
76
75
69
68
68
57
45
39
43
51
58
74
82
80
72
68
64
57
57
66
71
75
82
81
70
50
32
33
40
48
50
45
43
42
37
37
44
52
54
58
67
66
57
54
52
55
53
49
50
59
67
64
55
49
49
52
40
26
27
40
48
50
50
42
37
27
21
24
36
45
56
56
54
57
68
77
80
68
52
50
54
57
57
52
44
39
41
41
44
42
35
34
37
52
64
57
48
42
41
48
53
56
56
58
53
49
50
44
38
36
33
24
11
4
7
22
33
33
38
39
38
35
37
38
36
35
34
32
25
28
35
26
17
18
23
24
25
25
20
17
19
21
19
25
48
54
51
44
48
52
48
43
52
57
59
58
58
56
44
39
49
60
60
65
58
53
59
60
44
36
43
59
66
59
66
73
72
60
56
71
97
106
92
73
68
66
65
59
68
75
77
68
58
64
66
51
39
24
6
-5
-12
-26
-28
-12
-2
-8
-21
-21
-9
2
10
22
36
40
43
52
59
65
60
59
60
60
54
41
36
36
40
49
50
48
43
39
38
38
44
53
50
49
43
36
34
40
43
50
54
53
50
50
48
33
32
41
48
53
56
48
28
18
17
26
37
41
41
41
42
44
39
32
38
51
44
25
12
25
43
56
55
41
37
40
37
28
29
43
49
43
38
35
35
34
36
41
44
40
35
33
22
13
13
23
27
35
52
67
59
50
44
52
59
70
87
99
99
93
92
101
99
92
85
75
68
64
65
66
67
71
69
65
56
48
50
61
76
82
65
44
34
42
57
61
57
51
43
44
50
54
50
38
23
21
28
33
32
27
26
24
36
53
64
67
64
66
69
80
88
82
76
85
86
83
74
69
67
69
72
86
91
85
77
73
77
86
91
91
89
83
82
74
65
54
44
52
49
36
29
33
38
40
37
38
32
19
7
8
8
10
23
29
27
19
7
12
27
28
17
8
9
19
21
10
-1
4
12
17
21
23
23
32
41
43
41
38
37
39
38
42
48
40
32
28
28
22
11
7
7
21
35
35
22
12
17
32
51
69
75
64
45
43
48
53
61
66
64
53
48
52
53
43
40
51
61
74
85
84
70
57
59
69
75
83
87
87
82
68
55
52
51
51
57
58
57
55
55
61
70
68
65
70
77
72
66
60
58
54
50
45
38
34
29
24
21
26
32
36
40
48
61
82
92
87
81
72
71
76
80
73
71
82
81
68
60
55
53
44
32
32
41
52
59
64
52
37
40
41
28
21
22
28
38
43
49
55
53
44
42
52
64
77
90
90
82
76
75
74
70
57
52
52
54
56
64
74
88
87
75
64
64
74
86
85
73
68
72
71
59
54
51
48
45
51
64
65
49
34
25
25
29
34
39
38
27
20
19
22
22
22
19
24
39
45
48
45
44
41
39
41
51
60
64
61
58
53
55
68
75
75
72
65
58
52
48
50
49
40
33
26
26
34
40
41
37
26
20
10
0
-7
-2
4
3
1
6
11
18
23
16
7
8
16
22
21
21
26
32
28
25
25
28
29
29
32
22
19
23
37
54
67
68
59
51
49
42
36
37
39
33
32
36
36
33
32
37
49
61
66
59
55
55
56
52
50
49
54
65
73
80
80
76
80
84
85
82
71
69
70
73
77
69
52
38
38
41
38
25
34
52
64
70
75
80
84
85
76
65
58
60
60
49
38
34
24
18
21
25
27
35
42
45
38
24
17
18
18
20
21
23
24
17
6
6
4
-5
-10
-13
-7
7
20
27
39
50
48
43
48
44
35
36
54
80
91
77
61
60
67
70
76
84
83
76
74
75
76
73
58
42
29
28
34
29
21
9
4
6
11
23
33
24
9
4
11
24
34
36
34
34
32
29
37
42
39
32
32
41
52
55
53
52
56
58
58
65
69
61
57
59
65
58
64
74
74
65
54
44
44
52
52
49
43
38
24
11
10
21
32
34
26
24
32
38
45
54
52
43
38
38
50
52
42
39
50
69
76
71
60
56
56
58
66
67
67
70
83
100
116
122
123
129
138
146
149
147
132
108
93
76
59
52
53
41
21
10
10
8
8
9
9
7
0
-2
1
-2
-3
-3
0
4
17
26
24
22
25
27
37
54
72
74
67
57
59
76
100
120
134
133
120
117
131
139
133
116
96
73
55
49
51
51
42
33
20
9
2
2
7
16
10
-2
-8
-11
-10
-5
-2
6
20
27
35
45
56
65
67
64
67
74
82
85
91
97
89
88
98
109
108
97
89
84
75
60
44
27
13
6
5
12
11
8
10
11
11
19
21
18
16
13
17
21
26
42
53
41
28
24
32
42
44
36
17
16
27
40
61
76
81
89
90
86
86
84
86
97
104
103
93
81
74
80
82
86
96
93
82
60
51
53
57
58
54
48
41
36
35
36
41
50
54
41
24
12
11
19
22
22
19
13
10
5
0
2
23
40
40
37
41
49
55
53
38
35
42
59
75
74
65
68
71
80
85
84
84
88
103
114
113
114
121
132
128
104
85
71
58
52
51
51
44
39
37
39
38
35
34
28
34
33
26
28
32
23
12
2
-3
-8
-17
-9
0
10
22
28
38
52
64
59
55
65
74
77
75
74
82
89
91
91
88
82
66
58
60
68
83
87
82
68
58
53
60
73
84
82
70
61
58
53
40
34
33
34
34
35
34
32
34
32
21
11
9
22
41
42
28
24
29
43
49
42
43
52
57
65
69
67
52
35
32
44
61
60
50
44
69
99
102
86
84
93
96
75
51
29
13
16
26
37
41
41
43
43
34
22
12
5
4
19
34
35
32
26
20
19
24
26
25
28
32
25
21
24
34
40
38
39
54
66
59
50
38
34
33
25
19
16
9
3
-8
-7
0
3
1
-3
-1
0
1
12
28
34
28
35
50
66
69
67
64
58
54
52
55
64
61
60
65
67
65
60
57
48
36
38
56
70
70
55
40
35
37
39
35
25
17
8
7
10
18
20
13
9
11
8
-7
-13
-2
9
11
17
26
36
41
52
59
67
72
80
87
99
100
90
83
84
90
101
108
105
106
109
105
88
74
70
70
72
84
85
81
68
58
56
56
54
43
35
26
21
24
32
27
26
33
37
38
40
43
48
48
49
41
34
36
48
64
73
66
51
41
43
50
52
49
48
58
80
80
68
64
58
54
52
43
40
42
41
40
39
34
34
40
45
50
53
57
59
59
66
67
58
49
36
28
41
50
42
112
115
109
100
91
85
82
80
89
98
98
88
74
60
67
73
56
35
18
8
5
1
-3
2
7
11
25
37
44
50
45
37
36
34
34
37
50
66
75
69
61
59
55
50
43
51
65
70
70
72
68
68
82
97
105
104
93
86
72
70
68
51
34
26
32
34
37
33
13
-3
-13
-12
-7
-3
-1
-6
-20
-24
-5
26
49
52
44
43
54
66
74
76
67
50
34
32
38
50
54
45
32
16
6
12
28
42
51
55
65
80
84
80
74
76
80
80
75
68
59
53
43
23
6
6
19
27
29
27
27
40
55
53
40
32
25
23
17
5
11
13
10
12
24
40
39
28
27
34
43
51
54
53
57
74
97
116
129
135
131
121
108
106
115
115
91
64
57
72
81
74
59
50
50
53
49
44
49
48
36
24
18
8
7
10
21
32
33
25
18
11
13
20
23
22
21
22
25
24
24
28
37
43
51
59
69
67
66
61
64
74
77
72
68
72
68
51
25
9
5
3
7
12
25
43
48
49
56
59
59
59
58
60
67
60
53
55
67
73
68
64
71
84
89
88
80
64
53
50
48
44
49
53
55
57
58
56
52
56
54
52
57
55
52
51
49
52
65
80
86
85
71
59
64
66
60
55
52
42
25
12
12
26
38
41
39
33
20
12
20
28
33
28
26
23
25
25
26
36
51
45
35
28
39
49
54
59
58
51
45
54
69
86
96
86
70
54
44
51
60
65
56
53
57
64
60
57
53
52
52
43
35
37
43
42
42
53
59
55
43
40
48
49
55
60
61
69
81
87
89
81
75
75
69
65
66
61
57
49
42
48
54
57
55
55
60
67
57
36
25
29
34
27
19
16
20
19
3
-14
-23
-36
-34
-22
-21
-26
-28
-23
-18
-19
-11
0
9
24
39
51
57
55
55
68
72
69
64
65
74
82
87
97
106
112
108
102
91
85
85
83
77
66
50
48
52
57
66
64
43
28
18
8
5
2
2
2
3
2
-3
-5
-1
4
-2
-5
2
16
35
41
39
37
40
56
72
72
73
81
83
74
60
57
60
59
45
24
16
21
33
28
22
19
18
16
23
36
32
22
21
27
38
41
42
44
44
38
37
49
60
65
66
67
75
87
91
89
85
86
85
88
103
113
109
114
113
108
108
104
88
73
64
49
40
39
36
24
22
23
17
10
12
17
5
-3
-4
-8
-6
6
20
23
21
23
33
53
82
87
69
56
55
55
54
56
68
73
68
59
58
65
68
72
80
83
75
70
72
75
71
69
65
48
27
20
22
24
27
29
28
25
32
36
28
21
20
23
25
23
26
37
43
41
34
32
28
24
20
12
7
11
24
34
42
55
60
69
75
85
87
85
80
70
72
75
74
65
52
60
83
89
84
73
69
66
54
44
34
26
27
35
48
68
75
66
49
39
41
41
43
50
58
66
64
50
48
49
48
43
37
28
32
40
48
44
48
52
51
56
74
88
88
85
81
73
69
69
73
80
83
88
86
72
64
68
70
60
48
38
40
41
34
25
36
44
33
19
21
20
9
7
10
5
-1
-7
-5
5
17
9
-4
-9
-9
-1
9
11
18
24
35
39
42
44
41
42
48
55
54
54
61
64
60
61
70
82
87
81
66
53
44
39
27
20
22
26
25
20
9
2
4
8
10
4
-1
-6
-6
-4
1
11
19
20
16
12
16
18
26
38
56
69
70
72
75
80
86
87
82
82
87
96
99
100
93
88
85
86
80
69
67
65
67
73
82
76
68
57
52
52
49
36
25
23
33
40
41
40
34
17
9
8
6
4
7
7
3
-1
0
1
2
8
16
16
19
36
44
41
42
55
66
67
64
67
72
71
65
58
55
52
44
39
38
42
44
44
56
72
80
84
87
90
91
87
76
68
64
58
59
58
48
27
25
34
48
57
59
57
56
58
58
56
41
29
33
36
35
33
26
23
34
43
50
58
66
64
64
70
73
73
72
61
49
36
28
26
28
34
27
22
12
16
21
23
24
26
36
45
59
56
37
20
8
18
34
48
55
57
54
48
40
52
71
82
76
71
71
73
76
72
60
43
38
42
44
60
72
65
53
54
56
42
34
36
41
52
60
55
39
38
54
65
65
54
43
40
50
64
69
68
60
60
68
77
85
83
75
77
89
96
88
68
54
58
76
87
82
69
53
44
51
51
39
33
39
43
32
11
10
20
22
17
8
10
17
23
25
26
23
21
32
37
34
35
49
59
54
51
55
69
82
88
86
81
68
57
55
61
73
76
72
67
69
81
85
83
74
65
56
53
59
75
83
85
86
74
52
35
38
42
37
28
25
22
24
36
48
49
49
53
65
70
69
67
66
73
75
69
59
59
76
80
68
53
50
51
48
48
45
41
37
35
38
38
28
24
35
41
37
28
24
22
24
26
16
-3
-4
3
9
8
2
2
10
10
10
22
26
33
48
60
60
53
44
28
20
32
38
37
28
26
36
53
64
59
52
44
36
32
39
56
73
73
57
56
61
58
64
75
77
58
38
27
35
43
50
60
65
56
50
49
43
36
32
25
23
27
28
24
19
10
7
2
-8
-18
-21
-14
-1
11
10
4
3
16
39
57
64
71
84
96
101
105
112
106
93
86
91
102
109
108
104
102
99
103
112
109
93
75
71
70
66
65
61
52
39
34
35
25
7
-4
3
9
5
6
21
32
32
26
28
36
48
55
49
39
43
56
67
75
80
70
58
53
55
68
83
82
71
65
70
81
80
70
58
58
54
51
49
48
52
54
38
19
21
32
43
54
55
40
22
24
42
53
55
55
49
38
27
26
27
28
37
52
65
73
77
75
71
68
72
82
82
71
60
59
59
57
56
58
66
67
59
50
44
44
44
44
48
53
60
56
52
52
48
29
22
19
10
9
10
17
21
10
2
-1
1
7
18
27
28
26
20
20
37
49
48
44
53
68
73
70
72
77
75
74
75
84
90
93
91
90
92
102
107
104
90
77
67
54
50
43
39
32
12
-7
-8
1
1
-7
-9
-6
-5
0
10
24
29
26
16
5
8
24
37
42
40
36
32
35
49
59
72
89
85
73
76
86
91
100
107
112
100
86
81
84
86
77
66
58
57
48
37
21
8
6
7
4
-3
-10
-11
-9
-8
-13
-10
-3
3
7
9
5
-3
1
19
36
41
34
27
37
55
68
72
74
75
71
69
76
84
83
80
82
82
83
90
100
100
86
74
70
65
50
38
32
36
48
39
23
17
10
5
4
9
11
10
10
13
19
24
23
18
18
25
34
40
51
55
40
28
34
41
45
49
45
41
50
67
81
85
85
90
97
93
101
112
109
90
74
76
87
86
81
80
75
68
54
44
43
44
41
35
23
24
22
20
18
9
4
11
16
8
9
19
23
35
42
43
44
54
68
85
88
75
65
53
42
42
54
64
67
66
68
67
56
48
49
52
