73
59
55
56
66
73
75
80
82
89
100
104
105
103
98
99
101
97
85
65
40
24
29
51
64
50
26
29
48
50
37
29
38
52
61
61
58
58
70
76
73
74
81
91
101
104
88
74
73
60
51
53
52
51
49
42
35
32
38
45
49
37
21
25
35
28
26
28
29
23
21
26
36
44
43
42
42
39
32
23
20
19
17
16
21
25
29
29
33
38
48
54
55
58
58
58
60
66
71
74
72
74
90
107
108
92
83
85
92
88
73
56
42
27
21
22
19
12
17
23
28
21
7
6
6
4
9
28
39
36
27
22
25
48
66
66
57
56
55
55
48
28
29
50
64
72
71
49
20
19
50
89
105
98
93
106
112
100
81
65
59
60
56
49
49
57
56
45
42
45
37
36
52
71
70
60
56
57
59
57
54
44
43
57
67
67
61
50
36
26
34
50
64
57
40
24
24
38
51
52
34
19
21
20
13
19
19
17
20
23
22
24
37
49
58
55
42
40
40
49
52
43
42
44
45
28
10
3
9
27
25
12
17
34
42
38
33
34
35
38
34
27
28
24
9
-13
-26
-20
-8
-3
-5
-6
4
19
22
12
9
32
58
69
57
39
39
44
53
60
58
50
52
68
73
69
70
69
66
57
45
36
22
17
32
44
43
40
43
56
65
59
57
55
51
42
43
49
38
18
8
4
-5
-12
-17
-12
-7
-4
0
10
21
34
55
83
90
88
82
74
69
64
65
67
65
59
64
68
68
65
69
69
67
68
65
59
51
40
36
36
42
56
61
60
64
60
49
34
25
33
35
34
32
32
13
-11
-22
-5
34
59
68
65
59
58
65
73
74
58
37
36
60
88
97
87
71
43
18
-2
1
17
40
56
44
36
36
37
35
32
40
61
70
69
70
67
54
58
80
91
82
70
65
59
54
48
50
51
54
60
71
74
60
36
33
43
49
38
27
22
16
11
11
22
35
37
35
38
40
28
10
5
17
34
54
67
55
51
64
70
59
49
45
45
50
57
55
49
48
48
37
36
48
53
51
51
41
23
13
13
17
23
32
34
21
7
2
0
4
9
24
40
53
60
58
50
37
36
53
82
83
67
66
80
92
100
100
106
106
104
112
123
128
122
103
84
75
73
75
71
58
50
34
17
8
4
8
18
18
16
18
23
27
24
11
6
16
36
42
28
13
13
13
5
3
28
72
108
132
145
153
150
133
122
112
103
112
132
149
153
134
116
106
98
85
76
73
66
50
38
20
2
-4
-2
4
6
7
10
10
6
3
1
-7
-17
-22
-6
19
26
26
23
20
24
33
40
53
70
81
73
58
53
59
64
60
69
86
99
97
91
84
65
57
67
65
52
43
44
49
41
32
20
9
1
-8
-17
-17
-17
-23
-29
-21
-1
2
-2
0
8
22
23
19
35
56
58
59
69
74
77
73
64
60
66
68
69
64
55
57
70
76
82
84
75
66
64
59
65
71
76
76
73
68
56
40
39
48
49
48
41
21
-2
-14
-18
-19
-12
-5
10
18
21
25
34
52
66
55
26
3
5
32
49
32
22
44
71
72
56
49
56
65
76
75
74
85
89
89
89
88
87
85
76
69
66
69
75
76
73
72
71
61
48
40
38
24
11
7
9
9
4
0
7
26
36
38
35
19
2
-2
8
22
29
26
17
7
9
17
20
28
39
48
58
64
67
76
81
75
66
61
71
74
70
59
51
52
61
72
71
58
45
40
35
36
45
53
50
42
39
38
38
39
41
33
34
40
40
28
19
17
16
12
5
0
3
6
6
13
33
40
27
3
-3
18
39
43
42
38
36
40
50
57
55
51
53
69
82
84
85
96
97
80
60
66
73
69
58
49
44
45
51
49
43
39
34
28
36
42
42
39
37
33
23
23
32
32
24
21
29
41
35
29
35
39
48
54
60
61
57
55
60
73
83
86
76
64
69
80
76
76
75
70
64
60
58
59
60
58
53
50
48
41
41
34
17
7
16
32
39
49
56
54
51
41
34
35
38
42
50
50
39
42
55
67
68
55
54
60
71
84
96
98
86
64
52
53
41
24
11
4
-7
-20
-27
-23
-8
4
6
12
22
20
10
11
22
33
36
43
41
27
21
37
55
65
68
68
72
80
82
83
80
68
58
53
58
74
84
68
44
34
36
39
41
38
36
33
16
-7
-19
-13
-6
5
12
18
22
25
27
32
26
21
17
16
24
32
39
45
51
43
35
35
36
41
59
82
97
98
89
89
90
90
92
90
76
59
67
86
93
97
92
91
92
92
93
98
88
84
89
99
105
104
101
104
106
107
108
113
117
115
112
115
114
117
138
153
148
124
120
124
128
133
139
130
122
137
141
123
97
80
83
85
84
89
107
107
92
77
77
86
96
90
82
86
90
91
100
99
87
83
82
72
54
39
24
19
23
26
28
32
33
21
10
7
16
19
19
26
27
6
-14
-13
2
4
-2
-2
-9
-20
-26
-34
-22
-8
-25
-55
-49
-20
-13
-25
-35
-37
-42
-42
-28
-14
-17
-21
-23
-24
-24
-22
-11
-13
-28
-29
-22
-17
-13
-11
-10
-7
6
8
1
-2
2
4
5
12
7
-3
-6
-4
2
4
-1
2
16
25
22
16
19
33
39
38
35
33
27
25
27
36
45
42
33
26
27
24
20
20
27
40
39
33
34
41
48
54
68
69
51
40
44
51
49
28
20
28
41
44
33
17
5
3
9
19
33
45
49
48
44
41
41
51
64
70
80
85
85
96
112
117
104
93
98
105
103
96
88
82
84
90
97
103
112
107
99
88
81
67
59
60
71
70
56
39
35
40
43
40
34
28
33
36
42
52
57
61
74
80
72
65
57
59
66
59
61
80
91
88
83
85
80
57
45
38
22
6
-4
0
17
32
29
25
13
5
19
41
52
41
28
32
42
48
45
42
48
53
58
60
49
38
49
56
49
41
38
38
43
50
48
40
37
34
27
28
39
54
57
41
23
12
19
26
24
33
55
67
57
59
59
60
69
55
32
26
41
50
52
54
52
45
43
34
25
33
55
73
71
64
60
75
87
87
84
74
73
74
70
69
67
67
61
51
41
34
32
38
38
40
56
77
89
87
72
58
57
60
59
52
44
51
56
68
74
72
64
54
55
65
71
74
76
74
82
87
88
82
69
55
42
36
38
50
58
52
35
20
18
28
33
24
24
21
7
7
12
12
19
36
56
69
66
58
48
37
37
44
53
50
48
49
44
39
42
49
39
24
11
3
11
37
53
50
33
17
19
28
36
43
52
59
64
57
59
67
74
75
71
64
59
68
83
87
89
86
91
96
84
74
77
81
84
91
88
75
72
74
73
80
98
115
120
112
105
105
112
114
124
137
129
107
92
93
101
92
67
66
85
101
115
123
121
117
107
103
107
122
139
147
149
135
116
107
115
115
105
96
96
103
102
96
84
74
61
55
64
65
54
50
52
42
33
26
22
18
16
20
18
17
21
27
26
28
37
38
34
34
33
32
36
40
39
34
29
33
33
24
16
16
18
19
8
-8
-13
-10
-6
-5
-7
-9
0
13
19
12
-2
-11
-12
-7
-7
-7
-12
-18
-19
-12
-11
-12
-13
-10
-5
-4
2
7
2
-7
-11
-3
2
-2
-10
-17
-13
-18
-21
-12
1
5
-8
-29
-36
-35
-38
-37
-20
-5
0
2
-1
3
9
9
10
16
21
25
35
50
57
43
37
33
25
23
25
33
34
33
28
24
23
32
35
35
36
44
55
68
77
74
66
71
74
58
56
70
77
75
69
49
27
33
38
39
45
52
44
36
40
56
61
54
43
42
42
41
35
39
42
42
38
32
25
22
13
8
11
27
42
44
27
18
25
32
40
56
65
72
76
77
72
67
68
68
65
58
59
73
82
80
68
58
53
48
42
38
40
45
50
50
40
34
39
56
67
57
50
53
61
74
83
76
71
74
76
72
69
67
58
56
68
71
59
44
29
13
9
19
28
33
24
11
10
19
24
35
36
22
12
11
20
32
35
26
23
22
26
37
33
28
35
41
43
43
45
50
49
45
44
41
42
56
65
57
55
68
73
70
70
74
81
87
86
84
80
75
67
57
64
75
72
57
52
51
44
48
53
55
49
37
33
32
27
20
19
24
27
28
34
41
54
59
56
52
56
66
61
59
64
71
73
68
73
84
82
67
51
43
43
57
69
54
36
25
22
26
38
53
58
56
52
50
49
44
51
54
55
51
33
18
12
19
24
34
40
40
38
40
48
56
57
53
48
34
21
26
43
50
54
64
66
65
72
83
85
91
101
105
100
85
58
44
45
53
64
68
70
65
56
43
34
44
61
66
50
40
44
45
40
42
52
56
50
37
28
32
33
32
26
22
27
38
39
34
33
37
48
56
57
54
48
49
60
75
84
90
96
87
75
81
80
68
60
66
67
70
74
80
85
89
76
64
64
67
59
43
28
23
28
27
16
6
6
6
24
56
69
61
51
51
45
45
52
52
45
43
43
52
60
67
58
42
38
52
58
57
55
52
52
56
51
39
44
65
72
64
51
49
55
55
42
36
40
43
36
36
43
55
60
68
58
48
49
52
56
58
57
64
68
71
71
72
74
74
71
68
67
61
51
41
38
37
33
36
50
57
53
40
29
26
37
34
10
1
16
43
69
69
52
48
60
75
72
57
48
51
59
65
65
58
55
54
61
68
60
55
51
54
60
65
57
34
11
16
38
54
52
39
26
22
28
38
34
19
21
49
66
59
51
42
53
69
76
83
82
80
82
80
76
72
70
68
71
70
53
49
57
72
81
75
72
80
74
59
56
58
55
43
35
36
37
33
20
19
29
34
21
10
9
18
27
40
42
33
42
58
70
76
80
82
76
70
74
92
102
97
81
82
88
81
67
66
68
68
61
49
23
6
11
21
16
8
23
43
48
42
39
37
41
49
51
38
24
24
27
38
40
28
19
18
27
35
36
35
27
18
9
17
24
28
42
50
50
42
32
22
11
0
9
49
89
101
76
54
48
59
76
69
43
26
25
43
65
76
80
67
50
37
33
39
52
59
51
33
26
26
21
16
12
16
19
23
20
23
32
26
29
38
40
36
39
49
56
60
57
53
52
43
28
24
32
41
52
53
51
57
58
51
42
38
35
39
41
33
20
17
17
12
-1
-13
-1
18
28
24
19
25
28
23
21
24
34
39
36
33
40
52
59
60
57
64
66
65
65
66
67
71
73
68
57
50
53
54
55
57
60
68
69
65
60
53
39
38
44
53
44
36
40
51
55
44
37
37
34
37
50
60
68
69
71
81
84
84
72
59
53
58
70
74
66
56
53
54
58
64
67
72
72
75
85
82
73
72
67
57
45
40
27
17
22
28
26
25
32
37
37
40
53
66
66
49
36
34
37
33
33
49
69
77
86
103
124
124
92
51
44
85
122
121
97
70
58
60
67
69
66
48
42
59
69
60
41
17
0
-6
-2
1
0
3
10
9
8
8
7
11
19
9
2
3
4
9
21
17
13
21
35
48
55
59
60
64
66
72
76
74
71
73
82
76
72
68
67
71
69
68
71
80
87
97
84
64
57
61
65
61
60
57
45
32
21
23
22
18
27
50
58
56
42
35
38
49
50
39
34
38
43
53
66
58
40
35
42
66
84
90
88
82
74
66
58
50
41
36
39
40
28
23
25
26
21
11
8
6
7
17
25
33
33
26
21
11
8
17
28
44
52
52
48
43
56
59
54
49
58
71
76
75
76
75
64
54
55
55
50
39
41
48
44
48
40
25
18
12
17
18
10
9
17
24
18
2
-5
-2
2
8
11
9
2
3
17
38
54
58
58
60
64
71
84
91
98
105
104
90
86
96
91
81
65
42
29
33
39
41
38
36
35
35
36
35
28
33
42
54
58
54
53
50
38
22
19
19
11
27
50
56
50
34
24
35
48
45
43
43
54
68
70
71
69
72
76
80
80
83
85
87
90
96
96
84
71
69
69
69
75
83
73
68
67
52
39
35
49
70
76
59
44
39
38
42
65
61
32
22
32
36
23
7
6
18
26
26
22
18
21
33
35
36
50
52
52
50
42
37
26
11
4
8
32
52
57
55
54
53
54
65
73
84
84
65
48
48
52
48
45
44
39
41
55
55
36
26
37
53
56
41
26
24
33
37
37
22
4
-2
2
11
26
35
35
34
34
34
35
50
65
57
37
25
29
36
33
37
44
50
53
59
68
80
91
102
96
87
84
88
96
100
98
102
103
97
80
67
68
70
71
59
42
35
35
34
33
42
50
37
19
20
24
3
-13
-12
-2
8
12
8
2
7
28
42
43
49
57
57
53
51
49
40
39
42
51
64
67
66
60
68
72
67
58
53
54
49
39
25
16
13
21
32
38
38
34
27
37
48
52
55
60
64
54
51
59
67
55
44
41
40
55
70
68
64
69
80
72
73
86
90
87
89
90
86
84
88
89
72
55
54
58
56
51
52
51
44
33
25
20
12
19
29
29
11
2
1
0
-10
-22
-26
-11
5
23
35
44
52
49
44
44
39
41
61
74
81
87
89
90
87
81
72
69
67
67
67
65
54
42
34
35
50
55
49
48
48
44
44
40
34
37
42
48
43
43
41
35
25
22
20
21
27
36
43
50
54
56
54
51
51
51
58
70
76
73
69
70
69
57
42
36
35
34
32
34
34
27
26
33
42
49
42
41
44
48
43
40
44
52
52
45
45
54
56
42
25
10
6
27
55
72
76
82
83
72
68
66
71
67
52
44
53
59
73
74
61
45
36
38
54
68
68
55
41
43
51
54
59
67
72
73
71
76
82
81
76
75
76
75
56
34
24
34
42
43
36
24
21
25
20
10
5
8
8
4
7
7
3
3
3
-2
-3
-2
-2
2
17
39
60
65
56
60
73
84
84
73
76
84
89
91
88
87
96
92
87
88
91
84
60
57
65
68
69
72
70
66
56
48
37
36
42
55
56
52
44
37
32
21
4
0
11
28
44
57
55
40
33
32
37
45
59
76
86
77
70
64
67
73
85
96
103
107
105
106
108
102
98
108
121
114
89
72
66
60
53
45
50
59
57
48
40
35
32
27
29
25
27
37
26
13
7
12
17
10
10
21
35
36
37
45
53
48
41
42
52
54
52
49
48
53
64
69
65
54
39
24
13
12
19
21
20
24
40
56
64
58
69
75
69
69
81
87
83
80
72
66
48
19
-3
-9
-5
1
8
16
24
22
18
22
36
42
41
39
37
26
20
26
39
39
27
24
33
35
26
24
32
36
40
44
54
58
54
48
50
54
61
67
64
57
59
71
74
65
52
44
35
36
48
53
48
42
45
45
41
40
41
42
39
32
22
11
16
24
32
20
8
7
9
12
25
43
54
54
55
72
93
105
103
89
68
56
56
52
48
52
50
37
28
28
33
24
29
50
57
57
53
55
67
80
81
65
44
39
42
49
43
34
33
32
22
9
0
-3
4
9
12
18
23
24
17
10
11
6
5
16
24
35
41
41
37
36
48
57
55
53
51
43
48
55
66
69
68
68
67
67
73
84
91
80
67
65
57
51
56
66
65
56
56
64
61
56
41
27
22
23
32
34
38
40
28
24
32
35
33
34
34
32
29
27
25
32
39
38
41
50
52
53
51
50
55
60
60
54
42
33
28
36
45
64
76
83
84
85
92
88
69
57
68
80
72
52
48
54
54
50
55
59
56
51
50
50
45
42
39
35
37
40
35
36
42
51
58
57
44
36
40
52
53
45
42
42
40
34
26
32
48
57
55
52
54
56
56
53
60
74
76
67
69
82
80
66
50
33
12
3
-4
-5
-6
-2
9
22
21
10
3
4
11
17
25
38
48
45
42
41
43
44
52
59
65
59
57
58
67
75
72
66
54
50
54
60
55
43
41
54
55
41
27
25
28
36
44
50
53
44
27
17
16
22
19
8
12
25
26
12
10
12
12
11
12
26
39
40
41
45
58
73
87
88
84
86
100
103
97
93
96
89
86
85
69
53
44
44
44
54
67
67
42
19
11
11
9
6
13
25
21
9
4
-4
-10
1
21
22
16
33
71
86
72
54
52
60
59
57
60
69
75
77
84
92
97
88
80
72
72
81
89
84
82
86
74
60
64
70
68
50
33
36
45
45
42
48
54
50
38
42
50
49
53
64
68
64
57
65
73
71
61
67
81
84
73
70
77
89
102
112
108
105
101
98
93
90
92
92
77
67
66
70
67
64
54
39
38
39
40
38
35
35
38
45
48
37
20
10
10
21
32
34
33
27
19
13
20
28
42
41
35
35
33
26
27
38
52
65
80
81
69
49
42
50
55
56
50
43
42
40
38
35
25
19
11
10
25
49
60
57
53
59
61
59
54
50
48
50
52
54
59
54
42
41
49
56
44
26
22
23
23
28
33
28
18
17
7
-7
-9
6
20
21
6
-4
-2
7
17
20
20
26
37
34
21
19
28
42
57
57
51
35
18
7
3
0
0
10
27
38
33
20
11
11
19
24
34
48
59
52
36
22
20
23
37
57
70
74
81
80
75
73
71
67
58
52
52
60
67
64
53
44
43
42
37
34
36
34
17
5
10
18
22
29
28
25
38
54
65
56
41
37
40
43
54
59
60
61
69
76
74
70
66
65
60
58
60
65
60
54
51
50
48
51
45
36
35
37
38
43
57
56
45
44
59
65
54
41
38
41
44
39
28
26
29
36
39
41
50
56
56
52
53
60
71
82
88
88
87
84
73
57
44
51
66
77
76
68
59
51
52
57
53
44
39
40
40
37
37
33
26
27
24
9
8
21
28
26
23
20
19
28
43
52
51
53
64
67
65
61
65
68
65
64
60
54
41
35
40
44
43
36
35
39
39
38
52
60
54
35
32
51
65
67
56
49
50
43
42
50
49
38
28
27
32
32
22
25
41
54
58
61
54
43
41
48
52
50
45
49
51
41
34
35
39
42
48
48
41
40
51
56
52
55
57
45
34
35
43
42
36
44
65
76
72
59
64
72
76
85
96
99
103
105
112
117
117
107
97
87
83
74
75
83
80
72
74
80
77
75
76
87
97
98
92
96
105
113
106
91
74
68
72
69
55
51
55
64
68
58
52
44
43
52
58
55
42
35
36
39
38
38
35
32
33
35
39
40
39
37
25
11
6
6
13
21
23
23
18
3
-1
6
6
-4
-6
0
4
5
1
-7
-17
-22
-17
-11
-11
1
22
21
8
8
8
5
8
17
20
19
22
29
29
29
37
48
53
59
65
58
58
64
67
73
81
72
57
44
40
26
16
21
45
59
44
23
12
12
22
32
44
61
65
48
33
38
48
48
45
42
35
28
39
52
51
49
49
54
61
53
32
26
49
67
70
69
72
56
27
26
43
50
52
54
54
44
35
36
50
53
57
57
52
43
37
43
52
57
68
71
68
61
69
76
71
60
56
57
52
49
56
71
75
82
85
88
83
70
66
67
67
57
48
43
48
54
60
49
33
41
57
66
68
68
70
60
38
26
27
34
40
42
39
43
52
50
34
25
37
50
50
36
32
36
39
40
44
54
60
53
42
44
51
50
43
40
38
43
42
37
34
28
38
37
23
18
19
20
23
33
37
33
26
34
44
54
65
71
68
67
80
92
97
86
77
77
84
85
85
84
69
60
66
73
76
69
60
67
71
67
50
28
20
26
28
27
29
34
41
52
51
43
40
37
32
29
44
59
66
66
74
91
106
101
97
101
117
119
113
102
85
70
59
61
61
65
68
74
66
50
41
38
38
36
33
35
39
36
35
36
36
38
40
45
57
66
57
45
37
35
33
43
65
73
75
70
58
48
38
35
37
45
49
44
39
28
19
20
37
45
42
41
39
32
22
20
22
28
40
55
67
59
45
48
70
99
108
107
96
91
104
112
101
81
69
65
54
51
56
49
29
26
39
53
56
50
43
39
26
17
19
28
29
22
22
36
54
60
68
71
60
49
41
43
54
65
60
51
49
50
54
58
59
60
54
53
66
86
92
74
56
55
53
41
36
44
53
57
67
70
65
55
50
48
48
39
25
20
21
18
5
-1
-1
2
8
19
35
42
39
40
51
57
58
56
56
67
64
57
50
51
64
70
65
50
41
37
33
35
35
34
24
18
16
8
6
11
18
16
20
33
43
51
53
44
41
48
49
49
61
76
81
69
58
51
40
39
37
29
28
37
43
40
28
28
26
17
17
21
24
34
49
58
61
56
61
72
73
64
44
33
23
22
13
6
17
29
39
50
56
55
54
52
43
26
24
33
32
12
6
18
37
50
49
49
53
64
56
49
51
61
77
86
84
88
98
100
88
82
86
84
60
48
55
76
93
91
72
65
80
102
114
112
98
80
57
54
65
68
59
52
44
38
37
41
50
55
52
49
50
42
38
43
48
52
44
29
21
17
22
35
50
49
28
17
22
33
36
32
28
29
27
22
21
22
22
27
40
49
49
49
54
61
64
50
38
36
40
45
45
38
39
44
42
38
42
60
72
69
60
53
51
50
41
38
37
36
29
23
22
26
29
35
36
33
35
37
53
69
72
66
57
54
49
52
59
69
67
61
59
54
40
41
57
64
64
58
53
40
26
29
48
68
76
71
64
53
40
26
21
32
33
25
23
34
42
43
40
37
39
44
59
66
66
67
65
59
54
50
56
73
76
66
60
68
73
72
59
40
24
26
53
82
92
83
70
60
57
56
59
52
35
27
36
48
55
60
58
45
35
25
23
24
32
39
44
50
52
48
42
36
32
35
42
50
55
64
61
54
50
49
58
75
89
97
85
70
69
73
75
65
48
26
17
24
27
23
20
16
4
0
2
1
-4
-7
-13
-22
-24
-14
-2
11
21
32
37
36
34
40
51
53
54
66
81
86
81
67
65
74
90
93
85
72
75
93
98
76
58
64
77
96
98
89
82
71
57
50
36
26
17
5
7
19
24
28
28
28
32
34
32
32
35
39
45
50
49
48
50
53
55
59
69
75
76
68
54
39
35
34
28
28
32
29
21
17
24
40
55
50
35
34
44
58
67
66
61
52
41
34
39
44
37
27
22
18
25
27
13
4
4
8
22
38
56
70
73
67
58
66
66
56
56
57
51
41
49
69
97
108
104
96
85
87
98
87
68
54
56
69
75
72
61
49
38
37
40
35
29
26
17
8
12
9
6
8
6
5
12
27
40
49
56
69
70
66
72
84
86
84
89
98
102
97
85
87
102
112
109
112
116
118
120
120
103
91
101
116
107
89
73
68
58
44
28
12
0
-11
-13
-5
0
-5
-8
-10
-20
-18
-5
4
10
4
-3
-5
-1
12
27
23
16
18
28
36
34
32
32
39
65
87
91
89
96
106
120
132
137
139
134
130
136
146
144
118
98
91
96
90
71
49
32
16
5
-2
-13
-36
-50
-53
-53
-61
-68
-56
-36
-20
-9
-5
-2
8
22
33
42
49
50
52
65
81
91
93
92
91
97
106
129
153
165
160
141
130
112
96
85
82
72
68
60
42
20
7
-2
-5
-8
-17
-33
-43
-42
-37
-43
-55
-53
-49
-49
-52
-46
-28
-14
-1
17
28
38
55
72
86
98
102
99
96
98
107
124
138
130
113
118
130
118
103
98
96
93
82
64
48
38
33
29
28
28
16
-4
-10
-9
-10
-7
-8
-21
-24
-18
-18
-19
-11
-3
7
12
17
19
23
32
41
52
45
41
43
45
42
38
36
50
66
83
96
105
114
120
124
122
120
119
113
92
82
84
86
81
66
48
36
32
23
12
19
27
23
9
-5
-11
-13
-13
-4
6
9
12
10
11
27
36
28
24
24
22
