67
49
24
23
32
38
39
40
51
57
57
64
67
68
69
64
52
50
56
68
80
73
49
39
43
38
23
19
27
37
39
43
44
42
36
27
26
29
26
25
35
50
34
11
9
25
41
49
43
36
36
44
49
57
68
65
58
71
83
77
71
72
80
81
77
80
82
80
68
48
22
2
10
49
82
93
113
118
84
48
40
49
39
26
35
53
65
73
84
89
85
85
86
80
69
69
81
85
89
92
83
71
81
86
73
57
48
43
49
43
48
56
64
59
48
54
57
32
20
21
24
24
21
27
39
51
68
73
67
56
40
23
23
42
57
52
55
59
57
44
43
58
65
69
74
76
60
40
36
56
68
58
39
22
34
48
49
51
57
66
74
80
74
71
71
74
68
56
59
73
87
85
68
48
55
84
91
74
58
55
55
50
49
67
70
44
26
10
8
19
25
22
17
19
37
44
36
34
35
26
29
37
32
8
-1
8
24
23
5
1
12
40
48
21
22
35
33
29
24
26
40
44
48
57
80
88
76
59
49
49
55
60
65
60
57
55
44
34
29
32
34
43
37
22
20
27
34
27
20
17
20
22
29
36
38
38
42
48
41
43
56
67
67
84
98
58
29
33
41
42
43
44
40
39
52
54
49
38
41
57
71
66
51
43
43
40
33
41
55
51
34
35
67
72
49
35
27
21
37
66
87
86
71
68
70
71
70
67
59
44
36
53
74
85
82
67
64
57
68
58
25
10
26
49
38
12
8
25
39
48
53
59
65
61
57
52
38
41
57
73
80
66
61
69
66
52
55
55
44
40
43
49
67
60
28
19
27
28
22
18
16
9
10
22
29
25
27
38
44
35
20
21
28
41
50
45
45
39
23
17
17
19
23
25
32
36
51
73
60
40
28
35
40
29
12
10
21
27
23
18
5
6
25
40
42
42
49
55
66
67
57
55
64
68
65
51
54
41
8
-5
4
21
32
35
36
27
26
44
57
50
35
29
33
37
44
50
52
48
34
21
52
68
41
28
45
64
64
56
59
60
65
72
83
82
75
81
98
97
74
65
76
89
89
84
72
55
59
81
101
91
75
73
86
87
73
69
66
66
57
33
17
19
22
12
1
-4
0
1
-2
-9
-7
-1
4
11
10
7
20
34
38
41
49
53
45
38
54
76
60
42
51
65
73
72
72
73
73
84
92
93
86
66
51
51
44
41
41
29
11
2
7
20
33
34
25
18
34
44
23
9
9
16
21
24
24
27
36
42
49
55
60
60
67
69
65
61
73
90
92
85
81
81
72
74
83
75
66
59
56
64
61
52
55
54
38
23
20
28
58
57
21
6
22
41
42
34
25
27
41
54
56
52
54
56
49
37
40
44
52
56
57
58
58
49
42
45
49
44
44
55
51
44
49
50
68
70
36
2
-8
2
10
9
11
23
26
26
29
28
26
21
19
13
11
17
20
40
56
54
50
51
57
66
67
68
76
80
80
82
81
83
85
75
55
38
25
25
35
34
37
41
45
45
37
33
44
58
70
69
56
45
67
96
81
61
58
53
42
25
16
24
37
39
45
54
57
55
41
41
48
48
56
65
69
59
49
50
52
41
36
41
52
68
81
75
69
71
73
72
67
70
86
106
102
100
116
130
122
112
107
103
105
116
116
112
114
104
89
89
96
101
96
81
76
76
61
34
3
-8
10
27
22
26
37
21
10
-1
-14
-34
-45
-35
-17
-12
-18
-13
-4
6
12
7
-2
1
21
35
28
24
25
35
53
71
82
83
82
83
82
71
57
45
44
48
44
42
32
17
18
26
41
54
28
9
17
24
26
23
7
0
8
24
32
24
24
34
37
33
34
51
55
40
32
20
18
24
35
52
66
69
58
48
44
55
60
52
40
42
51
55
49
36
25
40
35
21
18
17
22
21
16
34
58
67
57
48
52
59
59
60
64
56
55
67
70
72
85
98
89
75
75
83
86
82
74
84
67
44
40
49
52
38
35
34
26
20
20
23
19
3
-6
-4
0
2
6
11
21
35
36
28
34
37
36
50
66
68
70
72
72
82
68
44
44
56
54
34
24
38
53
59
64
64
57
43
34
37
54
65
60
54
48
33
24
29
40
45
52
55
54
48
43
48
42
37
38
50
53
43
28
24
27
12
19
42
49
40
33
39
52
49
41
40
44
43
41
34
24
38
51
51
53
51
53
66
85
109
118
108
93
86
84
77
72
75
69
50
38
43
51
57
64
81
72
55
57
67
59
40
36
53
67
68
70
80
83
77
70
74
69
55
48
50
54
68
71
65
53
44
44
43
37
37
38
41
43
44
41
38
43
50
52
50
51
60
89
93
59
40
38
40
44
54
59
57
56
59
64
72
91
102
84
56
51
67
80
84
83
84
82
74
60
50
49
45
20
1
8
20
16
8
11
28
38
38
36
36
40
39
42
52
60
59
48
41
39
36
29
29
50
55
50
50
55
61
67
66
66
57
53
57
57
59
66
82
90
69
57
52
49
52
66
70
53
38
39
51
58
58
49
36
22
16
16
11
9
16
16
7
2
8
24
29
26
32
29
24
18
18
23
27
34
37
67
85
54
28
24
27
36
45
49
42
34
27
27
42
50
38
32
41
48
51
59
58
52
37
27
38
50
48
36
19
5
8
12
17
18
20
25
36
34
24
22
39
73
69
48
39
41
41
43
42
32
26
41
52
51
43
28
18
20
41
64
58
45
39
35
24
22
37
39
36
48
59
57
48
41
50
81
89
77
76
84
88
87
86
82
74
75
80
75
58
39
39
54
56
53
57
69
70
58
48
40
48
59
68
72
82
59
42
51
58
55
41
36
36
37
43
50
52
41
32
35
39
39
39
42
44
44
50
54
50
45
49
58
70
57
48
50
55
56
51
49
53
50
44
43
41
42
50
69
100
103
82
71
67
69
69
70
88
108
114
97
80
72
71
69
72
71
75
73
67
66
60
58
59
51
28
19
34
60
73
81
80
43
25
33
36
25
5
10
37
60
75
71
65
48
32
33
35
32
33
41
55
52
44
37
27
25
36
50
52
44
37
27
22
20
18
17
32
51
23
-2
2
12
16
19
34
51
53
54
56
57
58
55
44
41
49
50
53
64
58
44
43
51
56
53
48
41
41
45
50
48
43
45
45
52
56
37
33
39
40
35
25
27
39
60
75
76
60
48
42
37
20
3
17
56
77
68
54
54
69
77
73
64
55
54
58
71
101
132
123
101
77
66
60
52
44
52
64
59
48
35
28
33
38
49
49
37
32
33
28
26
20
12
21
26
29
26
18
16
17
17
24
35
40
27
8
9
18
18
25
38
26
23
27
21
8
8
19
27
37
54
65
60
51
50
65
72
56
44
52
65
69
69
66
56
53
45
49
67
89
98
89
81
67
58
60
64
73
72
56
49
50
57
73
66
64
75
85
87
80
67
65
59
68
74
69
52
51
58
70
76
77
74
65
57
60
57
43
27
23
25
24
27
28
35
49
69
67
34
-1
-22
-10
28
64
67
64
64
54
50
59
73
82
75
42
27
36
52
55
50
43
49
48
37
34
38
50
57
55
59
68
55
39
39
40
39
44
40
32
33
44
37
20
17
33
53
50
39
37
42
37
22
35
48
24
7
5
17
36
48
55
59
54
38
25
23
27
37
38
37
45
64
72
66
65
67
52
28
25
32
28
17
7
8
17
27
28
18
18
33
40
40
39
40
49
49
42
37
37
35
27
29
40
48
56
52
38
40
69
77
61
52
49
56
56
42
32
48
70
85
86
83
82
72
64
52
51
49
49
68
72
65
60
65
67
60
54
56
60
88
107
89
56
45
54
60
64
44
37
37
45
68
92
106
84
71
88
109
116
104
81
64
68
74
80
76
72
69
60
50
39
24
9
6
12
18
17
5
-9
-9
-5
-12
-17
2
19
18
13
22
33
35
28
33
42
55
58
54
43
37
34
40
49
49
50
56
66
65
64
64
68
70
74
77
70
58
58
80
81
35
9
16
21
35
42
43
34
22
18
27
36
32
35
41
41
44
50
41
33
33
38
45
48
44
52
54
55
61
67
60
59
54
44
37
39
57
74
72
72
67
61
70
97
114
92
59
49
60
64
40
9
-6
-7
7
24
26
17
4
5
11
18
19
16
23
38
42
35
28
38
49
48
48
48
43
51
73
106
92
60
43
44
55
54
42
43
56
55
48
40
35
38
50
44
37
37
33
21
17
19
22
26
34
39
51
65
67
65
64
60
50
40
40
49
55
56
52
40
38
39
48
53
40
28
29
27
22
25
34
39
50
55
51
34
21
18
21
28
32
29
28
23
19
24
22
20
28
38
37
38
50
56
54
50
50
55
53
41
42
55
70
87
74
51
45
55
53
50
51
59
56
48
57
76
82
73
69
67
67
68
65
66
66
57
54
55
56
60
66
57
43
42
51
54
54
40
26
29
51
59
51
32
16
20
38
49
41
38
49
57
57
55
45
20
1
9
25
24
28
50
61
52
37
34
36
40
40
37
37
48
58
66
58
44
40
55
55
24
21
48
61
57
53
55
58
64
57
48
41
44
52
56
59
72
76
70
60
60
57
36
6
-6
-9
-18
-22
-25
-21
-7
5
13
20
29
44
50
52
57
57
64
72
75
76
71
74
83
88
85
81
86
88
85
101
123
112
98
92
89
88
86
76
64
57
64
59
59
83
108
113
101
86
76
72
74
80
80
82
84
77
81
75
65
56
57
59
66
64
59
58
60
70
74
73
76
84
93
100
92
91
100
99
90
87
86
88
86
80
70
53
35
19
16
18
25
25
19
16
19
32
42
32
12
8
18
22
24
26
27
17
-2
-8
-6
5
13
12
11
12
12
3
-1
6
20
35
38
24
10
19
29
32
32
36
27
16
8
17
26
40
52
52
40
22
17
23
26
28
48
44
39
45
59
66
48
17
5
20
32
40
51
44
32
23
16
6
17
35
38
33
32
34
33
32
43
56
55
52
53
58
64
58
67
74
71
70
75
75
71
76
82
75
69
65
60
64
61
67
72
41
26
37
45
36
23
26
35
32
24
26
25
23
21
9
1
4
16
34
49
55
54
52
45
40
32
25
37
52
57
58
67
75
82
85
89
89
84
82
82
81
80
74
59
51
50
52
50
37
32
27
26
18
8
9
7
4
6
8
11
20
22
19
20
26
38
53
65
54
27
11
13
20
26
40
69
89
72
69
85
91
84
86
101
113
108
106
114
116
113
92
81
74
76
77
74
59
36
24
21
19
13
5
9
26
36
38
37
32
24
24
32
38
39
41
41
43
59
72
70
74
91
107
100
74
66
89
108
83
54
53
71
89
84
59
48
56
76
82
80
88
81
52
33
25
13
-7
-24
-21
-18
-25
-26
-28
-40
-41
-30
-30
-33
-24
-13
-7
-1
8
24
41
64
80
89
93
100
105
104
105
112
104
92
97
104
102
98
97
91
86
86
96
96
81
58
40
36
38
40
36
25
11
-6
-11
-10
-10
-12
-26
-34
-14
7
23
20
16
19
22
16
9
17
25
32
36
45
58
61
52
41
48
57
68
69
68
66
53
50
60
70
58
41
26
13
21
37
44
41
32
25
24
24
18
9
-5
-9
-4
9
19
17
8
-1
-5
-5
-3
0
7
19
27
33
33
27
28
38
45
53
52
42
37
41
54
57
54
59
73
88
65
36
37
49
49
43
35
23
24
34
37
32
24
28
38
49
55
58
57
65
76
82
80
80
82
81
83
86
82
86
99
100
101
93
83
75
68
60
64
60
56
49
49
52
55
65
72
77
71
59
57
56
48
39
43
53
53
43
35
38
54
59
44
32
25
35
42
38
36
29
26
28
33
39
50
58
58
65
73
96
112
96
84
88
91
85
84
90
92
84
74
69
67
56
50
49
49
50
48
44
43
38
36
33
33
37
44
56
65
58
36
21
29
56
74
71
68
81
105
115
103
86
83
90
90
86
81
77
74
67
66
60
44
37
38
50
68
89
70
27
9
9
12
11
18
35
48
40
34
40
42
29
25
34
50
55
44
44
55
60
51
34
25
28
32
24
17
12
8
7
17
28
37
43
48
42
25
12
20
23
18
22
25
24
16
-1
-4
2
1
4
20
39
50
43
41
58
73
69
53
48
44
37
33
36
43
57
68
76
86
86
72
64
68
73
73
64
50
51
54
49
55
44
22
20
34
44
44
40
33
35
40
39
41
44
52
42
40
57
74
72
68
67
66
77
96
99
93
88
97
103
89
80
86
89
85
68
49
41
51
58
55
54
55
58
80
72
40
34
55
73
65
41
20
3
1
25
52
53
36
11
-1
0
16
37
59
69
74
86
80
77
108
105
76
58
58
64
60
52
49
49
49
43
45
48
42
34
26
38
49
43
34
32
28
22
11
2
-2
-2
-4
2
5
0
2
9
12
23
40
60
85
60
40
48
59
57
53
54
41
32
45
69
76
68
56
56
53
42
33
25
24
27
32
27
22
25
26
26
32
38
44
51
59
60
55
54
60
69
65
49
36
38
50
58
56
53
64
64
48
55
58
39
37
48
56
51
42
49
61
72
72
66
56
49
40
38
43
44
38
33
38
52
40
12
1
7
17
17
12
7
-2
-3
12
32
33
25
24
23
24
44
77
68
51
51
58
69
68
60
57
67
84
87
80
80
83
86
83
75
77
80
69
56
43
38
35
34
39
58
65
52
43
48
48
37
13
5
17
36
38
34
37
44
44
37
42
45
53
68
74
54
51
69
74
81
96
105
107
104
100
97
87
80
67
58
64
56
51
43
41
38
28
28
48
56
42
32
34
35
40
37
22
6
-8
-13
1
25
45
42
27
19
5
-2
-2
7
48
59
45
48
57
59
57
64
65
71
80
86
88
85
80
75
76
72
66
66
71
80
87
90
93
100
117
129
133
134
118
93
73
71
80
85
89
83
65
56
55
54
49
37
25
23
52
66
28
-2
-2
7
19
23
22
21
21
34
50
59
58
52
51
54
53
43
35
27
26
25
16
4
7
24
39
36
21
13
20
26
25
18
11
16
20
21
20
20
24
51
50
24
24
37
48
50
42
34
12
-5
-3
6
10
9
3
-4
-12
-13
-2
3
5
13
34
55
57
32
22
37
58
71
68
61
56
49
56
74
91
96
81
57
52
61
72
81
73
67
84
109
88
64
52
42
35
27
27
25
19
8
9
19
25
24
26
32
29
32
33
33
32
28
37
50
60
73
77
75
74
70
66
70
76
86
88
85
82
73
65
56
58
57
50
59
103
92
53
35
38
37
19
4
6
16
19
19
18
21
19
16
21
36
54
68
68
65
60
68
74
75
72
80
88
100
114
118
112
100
102
131
168
197
197
165
147
160
170
171
156
139
139
154
166
168
163
147
128
114
115
121
112
92
76
71
72
68
42
28
27
20
21
29
28
18
-6
-27
-27
-13
4
19
28
26
19
9
4
4
7
21
36
38
24
11
13
28
40
53
58
51
36
33
43
52
27
11
13
28
38
34
10
-3
3
18
26
19
-8
-28
-26
-12
-17
-33
-38
-23
-12
-19
-27
-34
-33
-25
-24
-21
-13
-12
-10
-2
12
37
27
18
22
35
39
34
36
34
24
24
26
26
29
50
64
65
55
34
25
26
25
32
32
19
10
9
17
22
24
50
48
20
7
17
26
32
35
38
33
22
20
33
55
71
71
58
51
45
41
41
42
42
49
56
57
51
48
41
37
36
34
45
38
20
26
48
60
52
41
40
38
39
52
61
59
60
60
49
38
49
64
66
57
58
69
66
44
28
38
58
75
80
74
68
66
74
87
67
49
45
43
44
56
67
60
55
65
69
67
70
77
84
74
54
48
44
40
40
48
53
52
40
54
60
44
45
68
81
74
66
55
49
42
40
40
43
48
56
57
45
36
33
36
40
42
48
58
72
75
81
100
122
101
68
55
55
58
57
50
39
40
50
61
57
43
43
52
52
41
35
36
36
33
35
44
51
50
64
72
57
45
42
38
26
16
18
23
33
37
34
36
42
56
55
49
41
33
34
37
37
35
28
29
37
43
54
65
67
70
75
88
118
114
86
72
81
91
90
68
42
36
42
52
52
43
38
35
32
23
21
28
37
35
40
48
50
44
43
44
54
60
54
52
66
82
80
69
70
75
98
99
76
70
80
83
76
67
50
29
28
61
106
124
124
121
114
99
91
96
96
99
89
67
49
53
72
86
76
59
49
45
44
51
49
41
37
24
13
13
11
19
24
43
59
41
26
23
33
36
29
28
36
45
41
34
34
38
50
54
43
28
27
42
64
76
84
74
68
66
68
64
51
39
33
40
52
51
27
11
16
42
58
45
33
34
43
60
67
58
60
77
85
86
89
86
77
82
96
113
132
118
99
88
74
58
56
65
66
69
68
59
55
54
52
37
23
28
24
4
1
0
-2
-3
1
-11
-35
-21
2
-5
-33
-54
-54
-38
-4
3
-6
-8
2
8
18
26
43
70
96
103
91
90
113
134
139
122
108
107
105
99
91
84
76
76
74
69
57
45
26
9
9
16
19
17
-3
-11
-11
-6
-1
-8
-23
-25
-18
-9
3
22
19
1
-11
-9
6
25
40
41
52
59
56
56
59
73
89
96
98
108
120
116
102
96
98
107
112
105
92
77
67
66
69
66
58
48
29
9
-21
-20
-1
5
16
22
16
5
5
10
9
-4
-18
-10
-2
18
42
59
59
48
38
43
49
33
20
27
51
71
64
41
36
44
51
49
42
44
59
71
73
64
49
43
49
66
72
43
25
22
25
22
22
21
8
-1
1
8
10
1
-2
7
16
12
10
20
37
34
13
8
16
22
33
44
58
70
65
51
49
52
53
60
70
73
67
41
26
36
52
66
73
81
88
89
75
59
51
54
42
20
8
12
28
50
33
5
-4
-9
-21
-26
-26
-25
-19
-6
0
-2
0
6
18
18
13
12
8
17
40
67
76
82
82
76
80
83
80
82
88
90
87
88
92
97
90
84
82
81
76
75
72
85
84
54
28
24
25
22
26
33
20
2
1
3
-7
-20
-27
-21
-18
-23
-23
-20
-10
-7
1
22
38
43
45
49
55
67
75
76
76
80
83
86
87
84
83
86
86
80
88
96
85
82
92
101
99
91
84
102
106
73
54
51
44
36
32
28
29
23
12
23
48
37
-1
-14
-3
8
24
43
69
89
101
113
128
131
117
106
112
117
114
108
108
103
86
73
71
74
69
54
48
50
55
66
60
36
21
27
39
39
38
50
64
70
72
70
68
67
74
87
86
72
56
56
33
23
54
83
77
64
57
57
60
69
73
71
67
60
56
51
51
55
59
56
38
20
25
37
32
18
19
28
28
32
39
42
33
22
26
34
22
8
6
17
23
27
26
24
26
35
44
51
51
51
52
52
43
33
24
27
28
28
26
22
25
24
22
33
40
42
54
65
56
52
56
69
77
69
44
36
50
64
58
54
60
71
80
86
86
84
68
45
52
59
59
69
73
72
72
73
81
77
59
51
44
22
12
11
18
36
52
65
67
49
40
53
76
92
91
88
85
85
86
76
83
100
120
119
103
103
115
118
114
102
87
75
66
55
58
60
44
22
16
34
25
9
6
10
11
10
8
1
-4
0
6
9
13
13
7
5
7
11
32
52
57
52
50
60
86
101
100
101
113
130
137
132
115
89
68
59
60
51
36
19
-6
-20
-9
9
-3
-18
-6
4
4
7
12
8
3
4
16
21
20
21
27
36
27
21
24
35
50
59
67
70
76
84
87
85
82
91
100
91
85
81
75
71
66
59
59
65
57
49
42
40
35
28
26
28
37
38
39
58
50
19
9
18
22
12
2
5
10
22
38
39
37
37
23
21
32
49
55
40
24
23
32
41
56
67
60
52
54
68
74
64
37
32
37
40
37
40
57
49
39
43
52
57
55
49
38
35
34
29
24
16
17
24
17
3
1
3
10
11
-1
-4
7
17
19
20
19
25
34
43
66
84
86
84
85
97
112
118
90
65
51
49
49
36
18
10
26
48
58
60
57
55
55
59
66
69
68
64
66
72
67
57
59
66
66
55
34
13
10
12
22
53
57
25
12
26
35
32
34
49
53
41
41
48
39
32
32
39
51
55
55
59
61
56
55
68
85
89
77
72
73
73
73
75
71
69
57
35
22
33
50
52
53
52
45
48
60
59
55
56
53
44
29
26
40
68
82
73
60
70
83
86
84
80
80
82
72
55
56
66
65
66
60
44
25
16
12
9
5
12
23
24
24
26
22
4
-3
-8
-5
4
12
7
-1
1
3
9
27
48
58
69
81
96
101
105
102
91
82
75
70
66
67
74
81
73
76
84
81
69
56
37
24
38
65
75
81
83
83
80
73
66
56
56
65
60
38
27
49
74
85
71
57
73
71
45
43
40
37
36
34
37
43
55
65
66
60
65
68
67
68
65
72
75
73
74
80
74
68
65
69
76
77
61
40
24
22
24
21
11
12
26
35
36
36
33
21
10
20
40
51
33
6
-4
-2
1
8
17
12
8
16
34
48
43
36
34
38
41
39
23
7
6
11
16
25
41
49
48
41
44
55
50
37
20
2
3
19
25
26
22
16
5
4
16
32
33
20
11
17
39
61
60
60
67
70
70
73
77
75
73
84
98
121
117
81
54
44
42
39
35
26
24
26
41
64
70
53
27
18
17
24
45
55
52
56
65
71
66
50
45
57
67
72
72
64
55
57
58
44
32
37
57
70
73
83
88
77
66
65
68
70
72
71
65
54
42
42
42
49
42
27
21
23
25
33
43
53
53
48
38
38
33
28
33
32
33
37
53
58
49
50
54
64
69
72
70
68
66
68
75
65
51
49
56
66
67
60
57
54
51
48
48
54
65
59
43
36
27
18
17
16
11
26
55
52
3
-13
-3
9
23
29
33
42
60
76
83
72
59
51
44
54
74
91
98
98
98
87
82
82
73
60
50
44
56
66
65
58
55
66
76
75
59
54
69
80
74
74
82
80
74
76
77
73
65
52
41
28
19
28
57
73
64
50
56
87
112
103
72
49
57
81
91
84
68
58
68
80
81
57
28
19
25
35
37
28
12
0
-4
8
24
34
33
22
10
8
12
22
29
24
17
20
23
16
21
21
16
26
43
43
32
19
16
19
16
13
21
28
36
35
28
22
25
32
27
17
21
34
43
44
39
38
44
48
49
50
54
65
66
58
57
65
68
90
85
54
51
59
65
50
27
25
37
44
51
59
57
37
18
18
32
41
43
38
36
35
36
41
38
35
29
32
41
55
56
44
48
55
56
57
66
75
77
71
57
54
64
68
66
67
69
67
64
55
44
40
43
52
52
49
38
26
26
33
34
26
9
-4
-5
5
6
-3
-20
-18
8
10
3
16
28
39
43
57
76
80
69
70
75
84
92
91
80
67
70
84
98
104
90
71
58
57
57
61
56
40
49
60
59
51
38
34
37
41
37
34
34
37
35
36
55
48
25
22
28
40
49
51
48
54
71
84
91
103
105
89
74
72
81
92
98
97
104
122
134
121
101
90
96
100
98
81
58
65
82
90
84
69
57
52
49
50
55
57
54
40
35
39
49
56
53
41
28
22
23
34
33
17
17
29
35
32
26
21
20
42
51
29
13
3
0
7
25
36
35
34
38
38
26
21
19
22
22
22
26
35
32
28
24
19
12
18
26
32
40
54
60
54
41
48
45
37
33
34
45
59
57
53
53
64
74
56
24
7
11
22
20
36
34
5
-2
4
19
25
33
