69
44
38
41
40
36
36
38
36
40
51
50
45
40
34
32
32
29
36
43
43
40
33
22
12
8
17
19
22
36
56
75
85
88
91
97
90
85
83
74
72
82
85
88
90
85
81
70
60
68
80
80
75
80
85
88
80
67
58
65
68
68
68
57
40
32
32
34
34
32
27
22
11
2
-8
-17
-11
0
9
11
8
7
20
35
38
38
42
44
54
64
71
73
67
58
64
73
76
83
91
91
90
88
90
99
99
88
83
87
91
91
90
86
84
84
90
90
73
51
35
33
37
40
37
27
17
5
-6
-17
-12
-6
-1
7
11
4
-3
4
21
39
54
57
56
58
65
71
73
73
74
71
66
59
65
74
75
75
76
74
73
76
77
75
67
57
53
52
52
49
48
45
43
37
25
23
19
20
24
20
20
35
44
42
37
22
12
21
25
34
43
48
39
39
55
77
90
99
107
119
122
117
121
131
124
116
115
124
135
136
134
133
130
123
103
75
57
54
53
45
33
18
8
3
0
-2
-6
-20
-37
-52
-44
-33
-23
-20
-26
-35
-26
-10
-5
-17
-28
-33
-26
-20
-8
7
22
32
35
36
37
55
76
90
104
116
118
117
115
115
119
123
116
103
98
92
81
73
76
73
57
35
11
-5
-17
-19
-19
-25
-39
-49
-49
-38
-33
-35
-39
-33
-23
-18
-4
18
35
40
49
56
51
54
70
85
96
96
89
91
98
99
104
103
96
91
90
88
90
96
99
90
83
80
69
56
51
51
44
24
3
-7
-17
-25
-35
-43
-46
-40
-30
-23
-21
-21
-19
-9
1
5
10
17
21
35
44
41
36
36
36
40
48
52
53
52
55
68
74
70
61
65
70
75
84
85
81
72
66
66
69
67
56
44
40
48
42
32
29
40
42
36
34
40
41
32
25
26
21
11
6
7
12
12
17
28
33
22
11
20
44
66
72
69
55
51
65
85
100
100
92
90
100
114
112
98
90
88
77
71
69
70
75
82
76
64
50
44
49
58
54
33
17
12
16
16
10
3
-4
-10
-9
-4
-3
-4
-4
-7
-18
-26
-23
-17
-10
-1
9
6
-4
-12
-6
19
51
76
93
98
82
71
68
65
68
82
90
85
66
49
49
53
50
41
38
37
41
39
33
32
33
38
42
35
20
19
26
27
26
23
12
10
23
41
48
34
16
4
2
6
12
16
13
25
37
37
34
37
36
38
50
64
73
82
77
67
53
41
32
28
44
60
67
74
81
81
70
55
53
57
67
66
54
48
40
34
34
38
50
59
58
60
67
72
69
60
58
60
64
59
68
81
85
81
80
76
71
69
71
73
65
53
49
43
38
33
33
35
34
28
27
33
33
25
21
21
23
28
38
42
39
39
51
66
72
75
68
61
60
61
68
75
81
82
82
81
73
59
55
60
57
41
26
18
19
25
34
41
42
33
20
12
10
16
26
36
38
39
38
38
38
42
49
55
58
58
57
56
60
54
32
20
39
58
71
69
55
40
40
54
66
76
82
74
65
65
68
66
72
85
87
84
74
60
59
57
48
48
48
35
20
11
8
18
25
22
18
22
34
32
27
32
29
27
36
44
54
60
66
57
56
53
49
60
82
92
99
96
76
67
82
105
117
108
104
109
112
104
103
106
97
80
74
77
75
76
83
81
61
42
38
37
35
36
28
13
1
4
5
-2
1
10
19
22
24
32
40
52
57
57
58
59
60
67
71
71
68
64
57
54
51
56
61
68
71
66
66
69
69
67
67
67
64
57
50
38
28
24
16
8
5
1
3
5
8
18
22
27
40
51
55
57
58
60
65
65
57
50
48
51
59
61
58
66
81
91
99
98
86
84
87
82
66
53
50
52
56
58
59
57
42
26
21
26
38
49
53
49
41
36
32
33
28
23
29
36
22
8
12
27
43
43
42
44
45
41
45
56
66
68
57
55
64
73
82
77
73
59
50
42
43
44
41
39
35
25
20
16
11
12
4
-6
-2
18
32
37
32
24
24
36
53
65
70
76
84
82
69
60
66
65
53
41
36
35
34
35
45
58
59
52
41
40
41
44
55
53
44
52
66
81
91
99
99
97
96
88
74
58
50
55
67
65
52
39
27
23
17
12
24
27
16
0
1
6
9
9
9
8
10
18
17
8
4
4
9
24
39
43
41
39
40
50
65
69
59
58
58
64
71
75
76
70
65
65
68
73
82
90
96
96
86
70
55
45
39
36
36
35
29
28
29
25
13
6
7
8
3
1
4
8
12
12
13
17
20
25
33
38
44
49
37
28
33
48
58
77
98
107
106
90
73
68
66
68
72
72
76
83
77
58
45
52
67
70
58
51
51
50
38
23
11
9
11
12
11
10
10
9
6
-1
-3
0
4
4
5
17
25
37
51
52
43
37
24
26
41
52
64
67
64
68
76
82
84
86
83
77
76
82
82
70
56
51
52
50
43
41
36
26
25
26
22
10
5
9
21
33
33
28
27
22
12
16
27
32
27
33
37
39
42
44
44
48
52
58
66
67
61
56
56
50
40
36
40
43
54
57
51
55
70
71
65
57
61
71
74
80
81
75
75
81
82
88
92
92
90
86
87
97
100
98
89
80
69
67
67
57
44
35
37
37
28
19
18
26
32
27
28
23
16
17
25
35
37
36
28
24
29
38
36
17
-2
-5
0
6
16
16
17
23
28
34
38
49
52
58
70
76
74
67
69
71
75
74
70
65
53
43
35
34
34
25
7
1
6
11
16
13
21
28
33
35
39
40
41
50
54
43
26
22
27
36
27
11
7
16
29
48
64
73
71
65
64
69
74
80
80
73
69
68
66
69
85
92
88
82
82
75
67
56
53
53
53
50
40
37
35
34
25
22
32
48
49
41
27
22
24
23
26
29
36
44
58
71
67
55
58
69
84
90
89
86
93
101
98
89
80
66
54
48
44
41
40
32
27
32
32
34
40
44
48
43
41
44
52
52
42
39
39
40
45
53
51
41
28
28
36
42
52
55
53
56
68
73
75
72
68
60
54
54
64
71
66
55
43
32
22
18
23
26
16
3
7
21
21
19
20
22
21
18
16
17
21
32
41
43
41
43
41
38
38
42
58
69
67
59
51
48
45
43
53
76
92
97
85
77
82
85
87
81
73
75
72
57
44
43
49
41
27
17
13
18
21
25
23
9
-6
-22
-29
-23
-3
10
17
18
22
32
36
35
27
24
22
27
41
50
38
29
41
54
60
70
67
61
70
85
91
90
96
98
99
97
96
98
98
98
97
87
71
58
56
52
38
27
25
25
25
20
16
11
13
18
24
36
49
54
51
45
48
51
51
40
27
18
13
8
8
19
33
32
18
11
17
33
45
48
39
36
42
52
66
69
66
64
59
66
74
73
65
64
71
80
74
67
65
68
67
64
68
69
61
55
56
58
56
42
33
32
34
45
56
64
68
66
60
49
38
40
51
56
59
66
73
72
69
66
71
81
85
88
90
77
59
51
49
44
41
37
39
50
50
40
37
44
56
64
57
53
50
41
34
33
28
27
29
25
16
11
18
27
27
22
18
20
29
36
38
44
50
52
55
59
67
65
60
56
45
42
53
67
69
69
68
67
55
49
54
57
50
37
25
18
16
10
10
10
13
19
25
32
32
25
22
33
52
68
74
76
76
75
70
66
60
60
69
81
82
74
69
72
76
82
81
69
68
84
99
105
101
92
89
89
88
76
60
52
48
38
26
24
20
18
23
28
39
45
49
39
26
25
43
64
69
58
58
68
70
66
57
51
51
56
68
80
82
76
68
60
60
56
50
53
59
59
48
36
37
43
43
40
33
32
39
37
25
23
27
28
22
18
24
27
23
9
8
13
34
56
68
74
90
102
99
86
77
80
81
81
82
69
55
43
40
53
66
68
64
54
57
68
71
69
60
49
32
16
18
21
10
6
8
18
27
27
26
27
26
18
12
16
20
23
23
25
32
35
40
36
33
39
50
53
49
49
51
52
55
56
56
51
43
39
45
51
44
40
37
44
57
64
60
67
75
73
69
66
49
25
19
19
18
20
26
38
37
27
19
18
33
48
52
40
27
22
20
23
34
37
33
38
48
48
42
43
41
39
37
40
51
59
55
38
27
26
37
48
44
43
40
29
18
13
22
33
36
40
51
51
44
38
28
27
38
51
59
66
68
59
49
43
41
44
55
67
68
65
60
60
54
48
43
51
55
51
50
50
42
33
26
28
37
42
44
41
32
16
9
8
2
-2
1
-2
-4
-2
1
2
6
9
2
1
10
16
9
6
16
33
48
49
50
56
61
57
42
39
42
44
55
65
66
58
45
38
35
40
48
43
38
39
43
50
53
59
64
64
66
69
70
65
64
67
68
68
66
66
72
71
67
69
74
76
80
84
86
80
71
73
84
93
101
98
93
98
91
75
67
65
64
60
60
64
65
67
59
56
59
51
37
32
29
34
37
35
28
32
33
35
50
59
56
51
54
58
59
54
57
66
80
92
88
72
65
70
81
85
86
83
80
76
69
60
67
76
72
64
56
51
45
42
37
25
25
28
28
33
32
25
22
22
23
29
41
41
36
33
32
27
32
39
39
34
25
22
32
40
44
45
53
57
55
48
39
35
36
34
28
29
29
35
38
38
43
49
50
45
40
36
42
58
71
71
66
66
64
52
39
36
40
48
49
43
50
54
55
52
53
58
67
68
60
57
58
64
64
65
68
61
54
52
53
51
44
29
27
42
55
53
50
53
54
53
44
33
21
24
33
39
40
34
32
37
45
55
59
56
53
51
49
54
68
74
74
76
71
67
69
73
71
66
56
51
44
39
43
57
64
56
55
51
39
33
27
33
43
41
28
19
10
7
10
21
23
22
19
21
27
33
33
34
38
40
37
37
42
48
51
58
61
55
50
53
58
54
45
44
45
44
44
44
44
39
35
32
35
38
39
41
35
20
9
9
12
12
16
9
9
13
16
10
10
18
25
26
33
43
48
42
50
68
89
99
91
80
69
65
59
43
37
43
53
55
50
45
52
65
70
70
73
83
82
74
68
59
57
58
50
41
39
43
49
51
43
28
25
28
34
23
19
27
38
35
24
26
35
37
36
36
36
37
42
51
50
42
51
65
72
75
68
68
77
87
101
107
102
91
90
85
75
70
60
60
68
68
58
42
28
28
38
41
36
26
25
24
23
22
32
43
54
56
55
55
53
49
50
54
57
56
58
66
68
66
67
76
81
80
77
75
69
65
64
68
68
57
43
34
34
37
38
41
42
40
36
34
35
38
41
40
40
43
44
43
43
42
44
59
81
84
84
84
88
98
105
106
102
99
105
115
106
96
86
83
80
77
81
76
64
45
40
38
37
23
6
2
2
3
2
-1
-1
6
9
-1
-8
-1
7
4
3
9
24
37
48
48
39
35
42
58
69
70
68
67
61
65
77
83
87
92
80
65
61
69
70
69
80
96
102
97
85
81
80
87
97
90
83
74
59
45
38
40
44
49
36
11
-4
-8
-9
-9
-18
-23
-20
-14
-18
-21
-27
-29
-17
5
24
38
43
43
42
41
40
38
34
38
53
70
82
74
60
60
74
82
84
90
101
98
76
70
73
81
84
82
82
73
59
55
55
51
43
41
51
59
64
59
58
70
81
82
75
67
58
52
49
42
27
12
10
11
11
7
4
7
17
20
17
11
18
22
18
11
17
23
29
36
38
42
49
42
34
34
40
52
61
68
57
44
43
52
55
53
50
48
48
50
50
52
55
56
55
55
51
38
21
10
9
13
12
12
17
22
24
23
21
18
17
18
21
22
19
13
17
18
17
20
18
9
18
33
48
50
40
35
42
51
52
50
45
45
45
43
41
37
37
40
43
42
40
38
39
43
49
49
44
44
37
32
35
48
52
43
48
59
66
58
53
54
64
74
76
68
59
58
59
57
54
52
59
68
69
59
50
44
43
51
59
58
56
53
52
51
42
39
40
44
51
52
54
65
67
61
56
55
55
50
49
49
48
44
50
48
38
32
33
43
50
45
44
51
58
65
59
54
57
68
77
80
66
45
39
37
38
35
33
40
49
49
48
40
35
28
28
41
58
68
60
52
39
26
25
35
39
49
56
59
56
45
45
54
52
33
20
29
49
55
59
65
59
54
45
48
65
82
82
60
51
52
50
48
49
51
49
41
37
34
26
24
26
26
23
24
26
32
23
9
5
21
45
61
57
49
41
43
49
57
66
59
42
24
11
9
7
3
4
6
11
24
26
24
25
32
32
33
36
40
48
65
80
80
71
57
50
42
37
49
66
70
71
72
60
55
67
72
60
55
57
60
59
59
60
60
58
53
51
52
61
74
80
83
85
81
80
82
84
72
57
60
75
84
80
68
57
55
60
71
72
74
80
74
66
65
67
55
35
19
23
37
41
44
51
57
57
43
29
28
32
23
21
34
52
58
59
64
66
69
74
82
84
86
100
112
101
75
57
55
56
45
37
37
41
41
35
23
27
42
55
52
41
38
39
40
28
11
6
6
9
11
18
17
11
7
8
20
22
11
11
25
42
51
51
42
35
27
19
20
28
37
44
49
39
33
33
44
54
66
72
68
57
48
36
34
38
44
41
33
29
39
50
55
54
55
54
58
67
71
69
60
60
65
69
75
80
77
74
73
73
66
53
52
59
67
67
64
56
51
51
55
60
61
51
38
26
18
18
33
48
45
38
40
48
45
39
32
27
27
28
25
22
22
27
34
28
28
38
40
40
48
58
74
84
83
68
39
25
24
21
20
23
26
25
25
27
23
17
16
11
16
20
25
34
35
34
41
45
43
43
45
42
39
32
27
36
50
64
76
75
65
53
51
51
49
48
52
58
58
54
50
55
66
70
71
75
75
69
57
53
53
53
52
50
56
59
53
48
35
26
33
48
48
39
35
24
16
18
28
37
38
38
48
65
73
69
60
68
86
99
102
98
91
85
77
74
76
81
88
97
91
76
69
67
71
77
74
66
54
48
51
53
55
49
27
17
27
42
44
36
24
20
20
26
26
24
27
43
57
68
73
73
72
81
82
68
56
53
44
32
22
27
38
40
39
41
49
55
66
69
66
64
72
86
96
96
85
85
90
83
67
51
42
48
50
44
34
20
11
20
34
40
40
40
33
25
21
7
3
12
22
21
19
22
22
9
-5
-6
-4
-5
3
23
41
51
52
53
57
57
55
52
45
41
48
57
65
66
68
67
59
51
42
38
41
38
36
34
40
56
59
50
43
51
60
64
66
67
68
75
77
73
70
73
76
76
72
65
64
66
60
45
39
44
50
49
45
40
33
32
36
42
43
40
37
27
20
23
35
40
43
48
49
48
51
48
38
39
44
55
58
56
58
68
74
85
96
97
89
84
85
91
83
61
49
45
48
54
68
66
56
59
65
67
60
39
21
4
-4
-1
4
6
8
13
20
11
3
8
17
27
41
56
70
71
67
68
80
88
88
80
67
59
53
48
52
64
65
55
43
39
41
53
65
66
57
39
19
8
8
12
18
24
37
41
33
22
24
35
34
24
18
23
32
39
44
50
56
60
57
50
44
49
69
83
82
75
66
61
72
73
69
60
55
49
40
45
50
42
42
43
44
43
41
32
22
19
16
3
-8
-13
-19
-19
-9
0
0
-4
0
18
34
35
38
53
61
58
56
65
71
84
92
97
100
112
119
116
112
107
105
96
87
89
98
98
90
85
69
48
36
32
32
45
66
73
68
55
48
36
32
25
24
28
27
22
23
26
26
28
36
38
35
32
28
26
26
27
26
35
48
43
28
21
20
22
21
26
38
40
42
45
40
38
40
48
54
58
65
64
59
59
68
67
57
50
50
55
66
77
83
83
74
65
58
58
60
66
69
70
69
66
55
43
51
57
55
51
44
42
49
55
57
48
27
23
26
26
34
48
54
45
38
40
52
64
68
71
70
70
60
51
52
58
67
81
89
90
101
117
119
104
90
89
90
87
86
83
73
68
57
54
59
65
61
54
51
43
40
39
41
40
27
10
-2
-5
3
9
13
11
10
8
2
0
10
33
48
41
40
49
54
55
52
48
41
42
41
38
33
36
37
32
34
44
48
38
32
39
52
53
42
34
41
60
72
65
57
59
58
49
42
55
64
60
66
65
61
61
65
59
53
43
28
20
25
36
43
37
16
-6
-13
-17
-19
-11
4
18
16
11
12
21
34
38
34
28
28
25
11
1
-1
-1
0
-1
-2
4
18
29
50
67
76
82
89
90
89
98
100
101
100
90
80
72
72
75
73
72
68
58
49
43
44
43
41
42
39
33
26
24
19
17
28
43
43
37
28
33
42
39
23
11
22
41
56
54
45
48
50
54
60
65
74
88
89
83
83
77
71
71
80
84
80
72
67
53
32
11
8
8
2
3
4
0
-10
-18
-10
-4
-4
-17
-26
-25
-17
-2
16
34
49
57
68
74
80
86
97
105
108
115
114
103
101
106
119
134
135
139
144
132
114
97
85
71
60
66
74
74
61
45
28
7
-11
-11
-6
-11
-22
-20
-12
-9
-8
-21
-23
-14
-5
3
9
17
28
52
57
54
53
59
76
92
96
83
71
75
83
80
77
75
71
68
66
65
64
67
74
72
60
54
55
50
42
42
48
42
37
26
11
4
4
-1
-12
-9
4
9
12
18
20
22
27
33
37
42
42
38
38
50
65
69
73
83
89
89
88
88
96
112
124
124
120
113
100
85
76
81
81
68
55
53
50
42
33
22
20
22
26
27
25
24
22
12
8
8
11
20
33
42
39
32
18
17
23
35
43
48
51
55
53
44
52
66
74
84
89
87
80
75
82
83
75
70
64
59
58
53
37
20
10
8
3
-6
-10
-7
-7
-14
-13
-5
-4
-5
4
12
20
23
23
28
40
55
65
68
68
66
68
67
68
75
97
123
149
150
145
137
131
118
109
102
90
83
75
65
53
51
51
48
44
44
49
52
52
53
49
43
37
32
20
18
22
32
36
34
28
33
37
33
26
33
40
43
51
59
69
75
84
87
85
84
84
89
102
113
105
97
88
76
64
54
53
50
43
40
38
34
33
37
44
45
37
27
25
40
49
41
38
35
24
23
28
28
23
20
23
32
37
40
41
44
49
51
51
53
58
60
59
53
53
55
60
68
76
81
68
48
38
28
20
19
32
43
43
36
34
39
41
37
39
44
37
23
11
7
8
16
27
35
27
12
10
23
38
39
37
40
49
54
50
45
44
44
48
50
53
57
66
70
84
91
96
103
108
119
125
119
104
99
99
103
96
72
50
40
43
38
28
26
32
37
39
36
27
21
25
38
39
34
33
40
51
64
66
58
59
66
59
58
54
48
49
59
69
70
60
48
34
35
50
58
56
57
64
64
55
57
71
76
74
81
84
72
53
33
22
24
27
38
44
49
42
29
22
22
20
11
0
-6
-1
1
-11
-24
-17
2
19
27
32
39
52
55
45
39
36
36
42
57
66
68
60
51
49
51
60
74
77
80
74
65
50
40
36
27
28
42
49
44
44
44
41
32
18
12
17
33
49
54
49
33
21
22
25
27
27
33
42
56
66
69
64
64
75
88
98
92
76
67
66
68
68
66
53
53
59
60
53
44
41
41
38
32
33
41
48
44
36
36
51
59
55
44
43
54
64
56
51
58
70
73
66
57
51
48
42
35
43
64
73
67
53
52
59
65
58
53
52
53
49
43
44
49
56
60
53
38
27
21
18
16
17
20
19
25
38
35
21
10
7
8
16
22
17
8
7
2
0
-2
1
3
1
-1
0
-1
-5
-3
9
27
41
52
50
51
57
57
60
58
52
52
55
59
65
70
71
73
75
66
51
49
60
70
68
59
57
66
66
55
43
53
72
75
68
61
64
68
74
84
83
72
70
74
80
88
89
76
65
66
72
69
65
57
54
49
41
45
55
49
32
23
35
43
44
45
51
54
52
45
39
35
33
38
50
51
48
44
44
51
53
51
43
43
51
52
41
24
13
19
27
25
10
-2
-3
2
5
19
22
13
11
24
43
53
45
35
26
26
32
32
33
29
34
43
50
41
20
8
9
20
28
28
21
17
22
28
26
26
35
41
48
59
82
97
102
103
106
109
108
106
105
104
96
73
56
49
50
55
72
84
82
71
66
60
54
38
24
27
34
32
28
33
37
28
17
8
16
21
21
21
29
33
25
23
26
32
34
32
26
34
51
68
74
70
64
56
51
52
51
42
37
36
39
44
53
51
37
32
38
51
57
56
56
53
44
36
23
17
10
16
26
37
43
45
49
56
64
65
61
60
67
68
69
68
65
58
64
72
85
91
85
67
64
81
96
96
89
75
66
67
74
80
82
76
71
70
71
72
71
65
54
50
48
49
53
50
42
51
55
44
36
36
29
22
18
20
25
38
44
41
37
35
36
35
40
58
69
59
48
35
35
48
56
66
70
67
61
65
66
70
64
50
48
53
61
61
58
52
44
37
28
24
32
45
54
44
34
27
32
39
39
34
26
25
35
43
53
59
59
55
48
36
23
18
26
43
52
41
23
12
10
16
20
23
13
-2
-9
-3
7
24
36
39
37
41
54
56
45
40
41
49
52
56
60
60
53
48
51
58
64
66
64
58
59
71
81
69
56
53
43
41
56
69
70
73
84
91
87
88
91
90
87
76
72
76
87
88
84
80
75
71
64
50
48
51
52
52
48
37
32
34
25
21
27
39
48
54
65
70
67
49
27
26
26
11
-3
-10
-11
-5
0
1
7
19
32
43
50
54
67
75
71
52
38
40
43
37
29
28
28
33
37
40
36
25
20
12
7
20
43
65
69
54
38
29
25
32
39
45
54
52
42
36
37
39
38
40
45
53
60
59
53
49
51
56
55
52
39
38
50
53
51
55
59
57
52
50
51
50
51
49
42
37
33
27
23
21
20
22
26
38
41
33
32
33
35
42
53
64
69
65
56
54
52
52
55
54
60
72
74
71
65
61
64
68
67
64
64
66
65
56
39
33
42
52
43
38
39
39
40
56
68
64
52
39
28
13
6
17
22
24
25
26
32
32
36
41
44
50
50
44
49
55
57
61
66
60
53
56
58
54
49
51
56
59
58
49
36
35
36
34
29
35
32
21
20
23
26
19
9
12
22
25
17
6
2
4
19
39
53
54
49
45
50
55
66
72
72
70
73
76
75
72
67
67
60
51
44
48
53
55
53
48
44
44
40
35
28
27
32
28
20
10
11
24
33
33
24
20
25
36
44
41
35
34
42
48
54
61
57
55
67
80
84
87
88
77
61
59
76
90
89
76
68
68
76
97
113
99
71
52
45
52
64
71
75
70
55
38
29
35
40
36
28
34
44
53
60
69
75
80
77
73
65
50
33
24
28
38
49
52
44
34
35
43
52
55
54
50
49
55
60
56
52
52
60
67
56
43
42
49
56
58
60
68
73
68
60
58
64
68
70
75
82
76
67
60
59
54
51
52
57
60
55
48
44
45
44
38
35
32
33
42
56
57
51
49
48
38
32
34
42
55
65
64
55
53
61
66
69
73
72
68
69
84
97
83
56
40
39
38
38
44
51
50
49
43
41
38
36
36
40
48
48
50
55
58
49
33
22
22
32
27
17
7
6
10
20
28
38
40
39
35
36
49
55
54
55
54
49
37
29
35
40
37
32
32
37
40
45
50
49
41
35
34
33
34
37
43
44
37
38
43
48
41
41
50
50
42
41
49
57
56
56
72
80
65
49
42
49
49
44
50
60
73
74
69
65
64
