24
9
5
12
21
21
16
8
1
-1
13
32
35
35
27
33
48
52
49
44
55
65
70
64
34
4
-5
6
22
32
50
68
76
81
75
70
58
48
38
36
40
56
66
59
50
37
26
26
34
37
42
49
51
44
33
26
33
39
40
34
22
9
6
12
17
23
34
39
41
40
41
42
52
58
58
56
56
57
49
29
25
39
48
53
57
60
57
52
41
26
16
16
35
53
52
37
35
41
51
56
53
43
35
37
51
59
55
39
26
22
25
35
49
51
42
39
39
27
18
17
33
57
68
65
52
36
28
36
51
66
72
73
73
71
68
69
69
60
51
44
51
59
71
74
60
48
43
53
55
44
42
48
44
34
21
10
3
0
-7
-12
-18
-13
-8
-12
-24
-23
-13
-8
-4
2
8
16
29
44
54
52
49
52
59
81
107
118
112
99
91
92
92
99
102
98
76
44
25
32
54
85
89
64
42
52
76
88
89
85
83
80
65
51
54
59
58
56
58
58
55
55
57
66
67
59
59
68
76
83
88
88
86
82
74
72
70
65
64
68
70
75
76
74
68
55
58
68
70
71
74
74
64
53
48
39
33
26
19
7
6
16
24
27
24
26
28
26
36
48
36
24
25
28
35
38
42
37
28
38
53
67
80
85
84
84
90
90
83
89
98
83
70
70
72
72
73
77
74
66
53
43
36
29
25
26
28
18
19
24
18
7
4
-1
-12
-19
-21
-26
-26
-25
-17
-5
2
6
11
25
43
58
70
77
84
90
100
107
115
117
125
133
114
97
100
104
102
96
60
34
34
38
34
24
22
21
12
-3
-6
0
3
5
-7
-30
-37
-23
5
18
-1
-35
-53
-37
-11
5
16
10
-1
2
19
20
18
33
50
59
68
77
89
91
90
98
112
122
131
120
112
114
120
116
104
102
98
103
113
112
101
89
84
96
113
102
68
42
41
43
28
9
-11
-19
-8
-4
-7
-17
-28
-28
-10
-6
-4
-3
5
9
1
0
3
4
5
8
11
19
26
32
39
51
60
65
70
81
81
59
50
53
68
66
57
61
65
70
86
96
76
41
19
12
27
51
54
44
34
21
5
-3
-8
-6
5
16
12
5
-1
-1
0
5
23
41
24
7
18
32
35
36
36
37
36
33
29
32
37
44
51
42
27
28
44
54
52
44
53
70
80
77
81
70
55
55
68
73
73
72
73
81
80
70
58
54
51
44
36
32
41
53
59
65
55
54
64
68
55
43
44
55
66
73
69
60
52
53
60
67
69
83
82
55
32
35
54
68
56
39
32
28
27
24
19
13
9
7
20
37
44
49
52
51
49
53
59
57
57
59
59
51
49
51
54
59
61
66
56
52
50
48
48
56
65
64
67
76
75
50
18
25
39
32
25
36
41
38
42
45
45
53
64
70
76
76
70
72
87
96
84
59
35
23
35
56
72
71
66
71
82
89
76
60
68
84
93
90
85
85
89
83
70
65
55
45
52
55
44
28
27
39
45
41
27
25
40
66
77
58
37
36
38
35
27
37
50
51
52
57
51
43
37
26
33
43
51
59
59
57
64
70
71
75
80
76
76
77
75
72
59
50
40
37
48
57
66
55
35
19
12
18
28
32
18
-2
-7
4
23
23
9
3
0
-4
-7
-11
-10
-3
6
21
25
19
12
12
19
22
24
32
51
81
87
77
72
71
73
77
85
88
93
102
100
101
107
104
91
83
81
81
74
59
43
29
24
17
4
-10
-17
-11
-14
-20
-18
-17
-17
-10
-9
-13
-12
-10
-2
6
12
25
48
70
84
85
76
76
89
99
92
85
85
89
96
104
119
132
138
150
155
153
138
117
97
81
80
90
96
77
58
45
36
18
0
-4
-5
-17
-36
-41
-35
-21
-4
6
4
-2
-6
2
18
29
28
24
36
52
60
59
55
66
86
100
100
104
114
115
105
99
105
119
122
109
92
75
67
66
67
72
70
56
41
26
20
12
0
-7
-3
-1
0
-2
0
3
7
16
12
10
2
-2
6
16
5
-2
2
6
6
4
4
7
19
34
41
53
57
54
44
41
52
67
76
74
72
76
81
73
69
71
71
73
73
69
59
53
50
41
34
33
34
33
33
29
28
19
9
17
26
32
33
35
36
33
36
34
27
22
32
51
81
93
83
66
59
74
96
100
86
66
51
52
65
69
58
51
42
44
51
51
44
42
50
59
64
54
43
35
28
29
36
40
29
19
19
21
22
32
44
54
52
41
32
22
16
19
35
35
21
16
27
39
39
35
34
34
39
50
56
64
69
68
60
52
49
57
70
70
52
34
27
38
49
44
38
42
48
40
36
38
37
22
4
3
18
33
44
51
51
37
27
32
34
34
39
42
41
40
45
53
57
65
72
71
54
39
45
66
81
82
72
60
58
70
81
74
59
50
40
34
21
11
29
45
41
38
42
42
35
32
37
49
53
53
51
50
48
48
44
44
41
35
32
24
17
21
24
27
35
34
29
29
33
34
33
22
22
34
43
50
55
64
52
35
29
37
51
59
60
54
48
39
36
39
48
60
68
64
57
54
54
44
36
37
39
34
27
33
40
49
51
41
35
41
52
54
57
58
65
73
70
61
65
71
69
69
71
73
73
69
66
66
66
61
58
59
68
72
72
74
77
81
80
76
72
67
57
48
42
36
27
27
38
39
34
32
36
41
44
45
50
54
56
57
51
37
28
27
26
34
49
59
57
39
33
38
40
40
49
53
55
54
50
53
57
54
45
41
43
56
65
57
53
52
44
35
36
34
35
41
44
38
26
24
23
19
16
20
28
36
39
38
37
37
35
32
36
49
58
68
59
41
32
38
49
54
56
49
32
22
33
48
50
49
51
49
49
53
52
48
38
38
44
48
50
50
44
50
53
52
45
50
57
61
64
69
72
69
60
57
58
64
71
81
80
80
80
83
84
74
69
64
55
54
52
51
51
49
49
50
37
25
25
37
44
38
28
27
28
29
33
41
39
34
37
40
41
37
28
32
39
45
50
53
55
58
61
64
64
65
70
70
71
74
69
57
43
36
36
35
33
28
21
21
25
33
33
28
27
21
7
-2
2
13
27
36
37
39
49
52
53
54
61
72
71
54
37
35
39
48
52
56
58
69
81
83
76
66
53
54
60
65
73
85
88
93
98
90
60
35
33
38
42
50
52
50
52
52
50
50
56
59
59
60
64
60
64
65
54
44
52
56
54
51
42
34
33
39
52
66
69
58
42
36
42
51
48
42
42
45
50
42
32
32
34
33
34
41
54
65
71
69
60
49
42
43
40
43
57
72
74
72
70
68
60
53
43
43
51
55
41
23
18
24
27
21
13
13
24
32
25
18
16
21
35
48
50
49
48
48
51
48
35
27
25
33
43
50
54
71
85
82
66
54
64
81
88
76
68
64
57
55
56
65
58
39
26
27
34
33
36
41
52
49
34
25
27
29
32
36
42
40
34
34
40
42
37
37
51
66
59
50
41
38
41
40
37
35
37
44
53
52
43
33
32
37
40
38
40
43
48
57
65
53
45
48
58
69
60
49
41
39
38
43
43
41
44
49
40
23
5
2
3
10
21
25
27
32
29
23
25
40
52
54
51
48
44
43
49
55
64
65
67
72
76
84
88
86
85
89
82
66
58
67
72
72
72
73
72
71
71
60
41
32
35
44
49
38
22
16
16
17
20
18
20
19
28
50
68
73
72
70
60
53
56
75
90
97
88
82
77
74
72
70
69
69
65
66
66
65
61
60
71
87
91
87
72
64
59
54
52
67
76
76
65
41
24
19
23
27
21
6
0
3
6
8
6
3
3
11
32
51
58
51
33
18
19
29
40
38
39
49
56
52
44
49
56
58
57
61
66
65
59
56
51
52
60
70
69
56
52
58
67
67
61
54
51
42
36
32
22
20
23
27
21
20
22
28
38
38
33
32
33
45
56
43
36
42
55
60
53
43
51
56
45
36
34
35
39
44
49
53
55
54
48
40
36
42
57
58
55
57
60
59
64
60
56
44
41
40
36
36
41
49
53
51
49
52
57
45
27
25
40
57
71
73
70
67
59
56
56
60
69
77
82
84
84
84
83
87
103
113
106
99
91
81
64
57
66
72
76
74
72
68
58
50
38
35
39
37
28
26
22
10
6
4
6
11
12
3
-10
-22
-24
-17
-7
-3
0
-5
-4
8
20
26
42
53
53
50
48
48
44
49
57
65
65
70
80
80
81
80
77
75
69
67
81
88
80
73
80
69
43
28
32
39
49
45
29
21
20
12
4
-3
-2
6
12
17
9
4
8
19
21
13
16
11
5
4
12
21
20
20
33
50
58
60
65
58
53
51
51
51
54
54
58
65
67
59
54
53
51
43
49
56
56
53
54
54
49
42
50
54
48
39
32
26
32
26
23
23
25
21
11
8
17
20
18
13
1
-9
-1
12
17
21
25
34
41
50
60
72
85
93
100
96
84
85
96
101
104
101
98
103
121
122
112
100
96
100
107
106
92
80
74
80
80
74
80
80
55
36
40
51
56
55
49
38
26
21
12
3
-1
2
0
-4
1
4
4
12
17
22
29
36
39
52
64
70
80
85
84
72
60
60
69
83
86
86
85
83
76
70
58
44
42
49
44
37
39
51
51
39
27
34
40
38
36
28
20
23
34
39
43
43
33
20
19
29
38
48
53
54
52
52
61
71
72
70
68
66
68
73
73
76
85
85
76
67
67
71
69
72
81
85
82
72
64
66
83
104
117
116
101
92
100
101
88
84
85
77
69
69
75
72
59
53
60
73
81
69
57
57
64
57
45
43
50
58
66
65
67
67
66
72
81
73
60
58
68
73
68
51
41
50
52
51
50
53
56
55
49
37
26
21
25
25
21
9
2
-8
-17
-13
-7
-7
-13
-19
-19
-17
-7
1
6
6
6
10
7
7
10
17
21
29
33
27
26
26
29
45
59
64
58
53
54
65
66
61
58
56
55
60
65
58
40
33
35
41
43
48
52
50
35
12
5
6
6
3
4
9
13
16
7
0
6
12
16
6
-4
-6
1
9
25
42
49
43
43
45
56
74
87
92
87
82
82
86
90
91
96
93
85
81
88
92
88
88
88
82
73
72
71
56
39
32
23
19
7
-4
-8
-9
-6
-8
-18
-27
-25
-11
1
6
1
-2
4
6
8
11
24
43
54
53
57
65
66
55
45
51
65
80
84
80
72
71
71
68
67
67
70
76
74
64
59
68
69
60
54
50
53
67
76
81
69
53
41
41
45
43
39
37
34
24
20
24
36
44
52
56
54
50
51
54
50
36
32
37
41
37
32
28
28
36
38
32
26
21
24
29
26
18
10
16
20
26
29
37
50
53
36
20
22
36
42
44
50
56
65
61
54
43
44
44
36
34
43
60
70
66
53
49
52
67
73
69
65
58
50
53
64
53
37
35
34
29
33
36
34
28
23
17
11
12
20
26
34
26
22
27
27
21
18
19
19
17
18
23
27
28
29
34
35
37
45
57
66
70
70
68
77
89
88
89
89
88
80
68
58
52
45
48
50
50
48
36
24
24
29
38
45
53
55
56
58
67
69
66
64
68
72
73
60
48
42
40
37
28
26
35
43
41
37
34
38
43
37
32
34
48
59
69
64
58
64
65
55
43
41
42
41
49
59
75
83
76
71
76
84
82
75
74
82
88
83
65
43
22
12
16
27
40
42
43
54
67
66
60
53
50
51
57
70
81
90
90
85
74
68
68
65
53
38
32
28
26
24
21
18
22
25
16
1
-4
1
11
27
40
39
36
48
54
52
41
29
28
38
36
19
11
19
17
7
2
5
16
21
16
11
21
37
50
65
74
85
84
70
60
56
58
67
68
53
41
44
55
59
58
57
49
41
37
35
24
10
6
7
6
6
9
7
2
1
3
8
12
17
26
36
36
36
50
68
77
81
81
82
82
83
85
81
81
85
82
76
70
61
55
42
34
35
40
48
44
38
35
36
44
50
54
56
54
41
33
29
35
38
33
24
33
56
70
61
53
57
68
72
75
72
65
58
64
67
68
70
72
70
66
68
76
80
83
86
80
71
68
65
56
45
33
25
32
36
35
35
33
27
22
24
28
40
50
43
29
17
11
23
36
45
59
70
76
73
67
68
80
91
96
89
87
83
69
56
52
50
48
44
51
58
59
59
59
59
56
53
44
36
27
19
17
24
38
43
39
34
37
48
43
33
25
27
28
27
25
28
39
43
40
38
48
58
64
68
61
59
70
80
74
64
57
58
65
67
58
53
71
100
116
108
89
82
91
106
103
82
59
49
40
36
41
48
41
29
18
8
6
6
12
22
38
43
35
22
22
26
33
42
58
58
45
36
27
27
38
50
57
55
54
53
50
41
35
28
36
50
59
66
65
58
52
44
32
28
28
32
39
49
41
32
24
12
8
12
23
34
42
53
58
57
56
54
49
48
52
64
75
82
80
80
80
69
52
43
49
58
71
70
64
59
64
61
52
40
36
34
32
34
36
32
22
20
24
28
29
21
11
9
21
33
39
43
48
37
29
36
36
34
38
49
56
59
61
68
67
54
44
50
64
64
58
54
53
58
67
70
71
80
96
96
70
49
49
61
64
52
42
36
36
29
16
-1
-22
-17
6
19
18
17
20
21
23
24
27
41
51
58
75
84
85
89
93
96
90
92
102
106
101
92
88
83
72
66
64
68
74
80
81
85
83
72
70
77
68
48
35
38
48
43
35
22
22
26
17
7
6
10
17
19
17
24
42
59
75
82
76
61
44
34
25
26
37
53
70
85
92
96
88
75
64
65
80
97
113
124
125
113
98
92
92
91
84
69
48
28
24
27
35
44
49
37
32
33
34
39
48
50
41
37
37
40
37
29
25
28
38
42
42
36
36
38
35
25
29
43
65
73
75
76
71
65
64
73
80
74
67
65
66
64
65
67
59
55
49
32
19
21
26
25
20
23
26
21
11
3
1
6
7
12
21
23
17
9
12
19
23
12
2
-1
8
19
25
32
28
34
48
56
57
58
53
44
50
61
83
90
96
90
80
72
86
99
97
82
58
42
33
37
40
38
40
39
26
17
11
8
1
-4
-4
-7
-14
-21
-20
-11
-6
-3
0
1
2
17
36
36
28
36
50
59
58
51
44
40
27
24
32
42
55
58
54
54
56
53
48
42
50
54
55
59
66
70
72
83
90
88
85
86
83
77
74
70
68
66
44
22
11
10
16
35
52
45
35
26
26
37
51
60
59
59
58
53
50
48
45
52
64
64
66
72
77
82
82
75
84
102
99
76
66
71
85
99
103
84
52
28
28
39
45
34
22
20
21
21
25
36
39
26
11
16
25
34
37
34
42
64
74
67
56
53
50
44
42
40
38
50
69
77
80
85
100
104
98
87
80
84
103
114
108
107
105
96
85
83
81
70
57
39
26
21
10
2
6
18
18
18
19
13
9
16
28
36
32
32
27
25
25
28
21
0
-12
-9
4
12
7
-3
-6
0
3
10
27
50
66
70
61
50
44
55
64
59
52
45
51
54
51
38
28
26
34
50
66
70
70
70
64
59
65
72
75
71
64
55
56
58
57
56
54
54
54
57
65
73
80
73
60
44
37
36
42
52
50
42
48
55
60
58
56
54
42
29
28
41
49
38
34
41
48
42
34
32
37
44
50
52
48
45
41
32
20
20
22
27
28
35
36
34
28
38
44
44
48
48
44
41
42
39
27
21
24
37
50
52
49
51
55
60
66
65
71
74
70
67
76
88
88
83
82
87
90
98
102
98
87
85
84
70
53
51
58
59
44
23
17
26
32
23
18
17
17
12
6
-1
-3
1
2
6
7
9
25
40
43
38
35
32
33
42
50
38
26
32
52
65
57
55
52
41
38
44
58
60
60
60
65
67
67
57
43
33
23
20
27
35
36
36
25
18
9
11
25
34
27
32
35
33
24
20
21
21
26
36
36
32
28
21
11
3
-1
4
16
24
37
35
26
25
29
27
26
23
24
23
11
6
18
25
24
22
28
40
44
41
40
52
70
75
68
55
50
51
44
38
49
68
67
60
65
71
74
83
91
87
73
65
66
71
72
66
65
61
60
60
59
58
59
65
58
53
55
59
51
41
41
50
52
52
44
49
56
59
57
49
43
42
44
51
41
34
38
49
59
66
64
66
57
50
51
52
53
60
60
52
48
38
34
33
37
42
42
38
36
28
25
26
28
34
22
7
2
8
22
36
35
27
32
36
45
58
66
70
75
80
76
85
106
113
89
67
68
90
115
120
104
91
93
99
96
86
66
53
49
39
34
32
32
33
21
2
-3
0
4
7
20
38
56
70
81
88
93
103
107
99
90
96
101
99
85
68
67
76
84
76
73
72
72
75
75
60
40
33
39
51
48
34
28
33
28
32
49
52
36
24
27
40
52
57
60
57
43
35
36
40
48
49
43
42
43
53
61
65
55
55
58
57
56
65
81
83
66
48
42
56
65
51
34
24
22
19
20
24
25
37
51
60
60
55
57
70
82
83
77
72
70
69
86
99
92
82
67
68
84
96
90
75
67
65
58
56
51
54
65
70
66
54
45
44
51
45
33
18
10
16
21
23
23
28
23
5
-7
-7
-6
-5
5
17
17
16
16
19
23
32
43
49
42
48
58
67
70
77
92
104
112
112
103
87
73
66
57
55
57
57
61
68
64
55
50
41
37
32
20
6
8
19
20
18
13
12
13
17
24
33
48
52
40
10
-7
2
21
37
49
64
85
113
120
112
104
102
97
96
96
91
101
112
118
123
123
113
103
103
99
90
93
97
84
55
23
3
3
4
5
8
10
11
18
23
24
19
16
18
23
36
49
53
57
64
65
58
54
42
33
42
69
91
96
82
72
74
85
86
77
72
71
69
68
70
88
108
105
81
52
40
56
69
70
59
48
48
51
43
26
12
10
12
19
24
29
27
22
16
4
-6
-9
-5
-1
1
6
12
18
19
13
12
8
9
17
19
16
1
-14
-22
-18
3
16
12
5
5
11
20
24
33
40
44
51
58
64
67
66
71
80
68
51
42
51
67
74
73
74
76
71
67
59
55
49
37
20
6
3
10
20
16
9
9
4
2
7
8
2
5
17
27
36
48
50
39
32
37
57
69
70
68
67
69
74
84
98
96
80
73
73
82
90
86
73
59
55
55
53
53
49
33
11
2
-2
0
-2
-12
-23
-26
-18
-18
-28
-41
-40
-37
-37
-37
-34
-24
-6
7
13
25
42
52
54
60
72
82
93
108
122
133
131
129
132
134
133
122
118
112
103
97
92
83
68
64
60
55
45
36
23
6
-7
-17
-22
-33
-35
-22
-11
-26
-41
-40
-27
-9
3
11
25
34
27
24
27
37
43
49
53
60
71
85
97
100
114
131
138
140
134
131
128
116
103
98
92
88
84
82
83
77
68
60
56
50
43
38
35
33
33
26
22
19
10
7
4
2
-1
-5
1
10
19
17
8
11
19
21
12
6
21
51
74
72
57
52
67
85
89
88
97
101
97
100
103
98
87
81
85
86
76
68
64
60
60
59
60
68
72
71
69
69
69
67
56
42
37
35
32
29
29
29
25
28
43
58
56
38
26
33
41
65
80
70
59
71
96
101
96
88
88
98
104
102
92
82
80
87
99
91
83
83
87
80
65
64
67
69
77
86
82
71
57
44
39
38
50
64
65
55
50
48
43
36
37
44
53
53
51
43
33
20
12
10
18
26
34
35
28
19
11
10
6
8
21
26
25
24
24
26
37
52
58
58
52
50
53
57
59
57
52
48
42
34
26
23
17
4
-1
1
-3
-9
-4
5
8
23
29
23
12
13
26
32
36
44
50
50
49
48
40
36
35
43
66
72
67
58
64
76
91
88
67
37
22
25
35
38
41
45
48
42
38
29
28
35
39
36
36
40
38
33
26
24
27
39
53
60
65
59
58
54
53
56
66
80
83
71
51
35
21
23
37
42
34
24
25
32
36
41
48
49
45
50
54
61
71
80
83
74
55
44
52
65
69
59
57
67
64
49
38
28
20
17
25
34
32
21
17
11
11
18
26
41
51
54
53
48
37
25
28
39
41
39
40
39
24
17
27
41
51
51
44
39
39
41
42
36
24
19
21
27
37
53
71
82
82
74
76
86
96
96
103
107
100
88
84
74
71
77
76
72
64
51
33
11
2
1
8
24
36
32
26
26
27
36
38
38
51
72
89
90
88
91
90
77
68
59
52
52
57
59
55
54
58
56
53
57
57
59
68
73
71
68
70
80
91
98
93
84
75
82
88
87
70
50
44
56
65
67
54
37
27
33
41
51
45
38
35
36
37
35
32
29
36
48
52
51
42
33
28
28
28
36
52
64
59
52
43
49
57
65
66
68
70
75
75
70
67
64
59
64
67
61
53
50
52
50
40
39
44
41
39
39
34
22
17
20
20
16
26
43
57
60
57
55
64
69
67
65
57
56
59
69
85
92
87
66
48
43
50
52
50
55
58
54
48
37
35
36
35
34
33
25
20
22
20
11
10
11
16
22
24
13
6
18
28
19
1
-1
24
53
59
67
77
85
85
82
81
75
69
64
68
83
99
106
113
114
101
85
82
84
81
80
81
84
84
73
56
40
32
24
23
28
26
21
17
6
5
7
11
19
20
22
28
29
32
38
41
48
59
66
58
52
53
64
67
71
77
73
64
56
58
68
76
70
49
39
41
48
49
45
40
32
22
21
29
40
43
45
37
23
20
32
34
22
23
40
56
68
66
58
64
61
58
60
60
58
58
60
71
71
53
41
44
41
27
19
20
19
10
4
6
24
38
39
32
21
11
1
-2
1
16
33
44
50
54
60
61
60
68
76
82
81
74
65
57
53
58
68
71
65
60
70
80
89
98
99
96
87
83
74
71
75
84
87
85
76
71
60
42
39
55
65
64
56
54
44
34
35
43
45
33
25
29
32
29
37
50
53
44
38
39
45
48
48
52
59
67
72
75
76
73
66
55
48
48
56
60
50
40
37
37
41
45
45
36
17
7
10
16
12
12
10
20
27
24
18
18
20
23
33
43
39
34
43
55
56
50
43
43
34
24
29
34
28
35
48
42
28
26
34
38
44
52
52
44
51
55
54
50
38
24
24
34
36
37
34
34
38
42
48
48
41
37
32
22
22
27
40
44
36
27
29
33
26
22
26
32
25
29
42
53
58
56
44
51
56
54
50
48
53
58
60
59
67
71
68
59
52
51
50
38
33
33
26
22
21
18
11
9
17
25
22
12
6
7
11
7
1
-4
-8
-7
-2
0
4
12
22
28
27
28
42
53
57
70
86
98
89
75
77
87
97
98
96
91
86
82
77
68
52
48
51
49
39
33
27
25
33
43
52
54
51
50
44
35
20
18
26
36
39
39
42
44
40
32
23
27
36
41
41
38
29
29
37
44
53
56
53
48
44
45
49
53
60
68
68
73
80
72
66
60
56
51
49
51
50
54
59
60
53
40
38
52
72
74
69
65
58
55
54
48
35
23
16
13
10
4
-1
-5
-3
0
-4
-10
-23
-24
-19
-6
4
9
24
41
49
42
33
38
54
60
57
54
52
51
55
58
55
54
56
54
49
51
60
69
74
73
68
71
82
83
67
54
50
41
41
50
64
70
71
65
49
37
38
43
44
39
35
43
55
59
56
45
38
36
39
44
45
44
48
50
50
36
27
36
39
41
49
53
53
48
39
38
50
54
57
60
59
52
53
60
67
60
55
55
59
65
67
70
68
45
28
33
56
76
85
86
85
80
83
