48
42
40
43
58
67
64
65
74
88
86
75
69
68
72
76
71
58
41
32
44
69
65
49
38
36
40
44
44
44
40
39
43
50
49
53
50
36
23
23
28
36
43
42
38
37
33
22
18
25
27
28
28
34
38
42
51
56
52
42
36
34
40
42
40
44
54
48
32
32
43
52
52
52
55
54
44
33
24
26
27
27
33
34
28
21
9
6
16
20
6
-1
2
-3
-7
-6
-7
-8
-10
-11
-18
-28
-38
-34
-17
3
12
27
50
74
96
104
105
100
99
99
96
88
81
85
99
106
101
84
69
64
58
54
43
37
40
48
48
44
45
43
37
36
41
44
40
28
32
44
61
73
68
49
44
54
58
58
66
74
81
76
69
64
55
60
66
66
67
59
51
58
81
88
82
83
85
86
83
74
53
36
28
33
38
38
26
12
10
11
7
3
0
-6
-5
-5
-4
-4
-3
1
19
36
36
20
16
23
37
39
32
20
11
13
24
39
50
51
49
52
69
83
83
82
80
82
80
81
89
88
76
59
41
34
35
41
42
36
25
22
19
8
5
2
-2
-3
1
9
17
23
33
37
32
27
39
50
53
43
33
28
36
48
50
53
70
92
103
103
105
103
91
80
71
75
82
83
80
69
71
92
100
81
58
56
68
87
91
85
73
68
58
53
43
36
34
38
43
41
36
35
34
35
35
33
40
50
50
43
38
28
26
35
50
59
60
54
51
52
50
51
54
66
72
70
72
76
83
87
85
77
84
88
88
82
70
70
82
88
70
42
35
51
72
65
41
35
35
43
57
60
54
55
51
34
24
21
13
8
17
29
36
33
27
20
16
12
16
16
16
10
-2
-1
18
35
43
32
21
29
44
57
57
49
52
64
64
53
40
35
37
35
32
33
43
56
59
57
48
38
41
50
50
42
33
27
25
25
27
37
39
38
40
41
44
49
41
34
28
25
22
18
17
19
13
16
26
37
40
41
44
42
33
23
23
25
16
9
8
10
17
28
42
45
48
49
51
55
55
57
67
54
49
53
70
84
84
66
43
49
66
73
72
57
33
25
41
56
65
56
43
29
24
26
36
39
41
38
33
26
24
18
9
11
24
35
42
49
45
43
52
65
69
64
65
69
81
85
83
73
65
71
81
91
102
98
82
70
57
54
69
83
86
86
83
77
76
72
68
68
65
64
70
75
72
66
60
52
44
55
74
76
66
59
64
64
67
70
69
70
58
49
52
60
67
54
36
27
39
53
54
45
40
32
5
-26
-40
-20
10
24
24
38
58
74
86
86
98
115
130
123
102
82
68
60
64
66
57
50
50
54
55
52
43
34
21
7
6
11
24
34
43
44
36
33
33
19
8
16
29
38
45
59
72
73
60
54
55
53
59
70
68
60
54
51
49
49
57
75
81
67
55
53
49
52
65
68
56
40
32
32
41
44
25
-1
-12
-8
-3
-4
-11
-17
-26
-36
-24
-5
3
6
5
5
9
17
28
42
44
37
34
36
43
54
54
43
49
69
83
86
91
96
92
87
89
86
72
64
60
66
69
59
39
24
3
-25
-49
-61
-60
-55
-44
-29
-20
-20
-27
-29
-37
-46
-61
-67
-54
-33
-11
-6
-4
0
2
-1
3
20
29
25
17
22
38
54
69
80
84
91
97
102
106
106
107
116
120
116
109
106
107
108
112
101
84
73
65
64
61
55
41
33
44
65
57
41
38
43
41
33
27
28
27
35
49
48
40
39
40
43
48
55
58
58
54
50
37
34
37
45
45
37
26
27
36
38
40
45
45
39
38
48
53
52
38
27
17
9
26
49
44
32
18
12
22
32
42
48
39
33
38
55
67
66
44
23
17
13
19
28
40
42
35
24
29
51
58
53
45
32
23
32
55
70
70
71
66
60
69
72
53
34
22
20
29
48
60
73
82
83
82
70
51
49
56
59
56
54
56
54
36
22
18
22
36
35
25
19
16
10
4
-2
-4
-3
-4
-2
5
16
13
6
-3
-8
0
12
18
18
17
20
28
53
84
101
103
101
98
91
89
80
64
52
51
49
39
26
16
6
2
17
40
54
53
48
44
42
34
19
3
1
0
-1
-3
-8
-10
0
6
4
-2
1
4
4
9
19
27
48
56
61
72
82
83
88
92
96
91
81
84
97
106
106
96
88
92
101
101
83
54
28
20
24
35
36
22
4
-3
5
11
19
25
27
10
-8
-12
-12
-20
-30
-44
-61
-77
-83
-75
-68
-58
-43
-18
5
25
37
41
49
65
76
80
76
71
67
65
77
93
99
99
90
85
80
71
67
74
102
124
137
145
138
114
75
61
70
73
58
35
23
25
23
22
25
20
9
4
9
19
20
11
0
-12
-18
-13
-3
19
40
53
56
51
42
36
38
48
57
66
75
88
96
88
90
91
77
65
61
69
82
96
98
92
87
81
73
72
73
72
69
68
60
58
57
55
49
38
24
5
-9
-8
-4
-1
1
-2
-8
-17
-19
-22
-33
-42
-49
-38
-18
-8
-4
6
23
38
43
32
21
22
26
27
33
38
40
44
53
68
86
97
93
90
83
81
80
70
60
65
84
87
83
80
82
85
87
88
84
75
72
65
44
39
42
39
37
43
38
25
17
21
35
34
33
44
54
52
48
49
60
67
74
87
96
96
91
93
99
102
105
105
105
105
103
101
101
100
101
104
112
114
105
102
108
119
128
122
107
86
68
64
67
69
61
49
36
23
7
-3
-4
-9
-13
-11
-5
2
10
16
12
10
10
27
48
50
40
33
36
54
67
76
88
90
87
83
83
83
85
93
105
106
99
96
105
119
121
116
108
103
100
98
93
96
86
75
76
81
80
67
44
20
1
-2
1
-1
-6
-2
4
8
7
6
-1
-14
-18
-5
8
17
18
10
1
-3
-1
9
26
49
60
61
55
52
57
74
89
89
84
71
53
44
42
41
44
45
50
57
68
75
70
56
52
59
66
66
68
73
74
68
67
73
68
55
44
42
48
41
26
12
12
23
34
35
23
7
1
1
4
-1
-11
-17
-13
-12
-11
-3
16
27
29
22
10
2
-3
-5
0
16
33
32
22
23
34
41
43
44
56
68
73
76
87
93
104
109
117
128
121
109
104
97
91
96
104
112
100
75
59
45
29
22
24
25
25
17
5
-3
-5
-4
-13
-25
-25
-12
-17
-27
-38
-50
-60
-70
-69
-59
-43
-12
21
54
84
104
105
89
74
73
88
93
88
80
83
101
115
114
107
112
117
124
132
131
120
112
116
121
105
70
40
34
40
49
43
35
29
34
26
18
16
12
10
16
22
25
22
21
26
38
51
44
32
24
23
27
33
35
35
33
28
33
48
60
67
67
68
81
87
83
75
80
82
86
96
100
92
82
69
68
68
66
44
25
22
34
41
41
36
33
27
29
25
17
8
5
1
-9
-12
-1
12
24
23
12
7
11
25
34
27
20
20
20
25
41
49
44
37
34
32
28
28
33
43
53
50
44
55
64
65
69
73
72
75
85
96
97
99
91
69
44
37
34
24
13
11
17
28
52
58
50
33
18
19
33
43
45
43
33
23
24
29
32
41
58
73
86
93
91
84
75
73
71
74
86
101
103
102
101
96
76
57
57
71
81
70
64
64
59
51
49
54
59
57
53
45
42
38
37
27
10
-2
-6
-3
8
17
20
11
1
-3
-1
4
9
18
21
19
21
37
52
61
72
75
84
87
80
73
65
61
68
74
83
84
77
75
84
103
120
122
106
84
74
81
82
73
67
67
70
69
60
50
41
37
17
-2
-7
-1
7
10
8
-1
-12
-18
-11
-4
1
6
18
24
18
8
16
22
19
18
36
54
56
58
67
73
66
56
60
71
70
64
66
68
69
80
84
83
75
83
101
102
99
90
81
72
70
69
71
72
58
41
17
0
4
11
17
23
32
39
48
43
33
22
11
2
3
20
35
37
33
33
51
64
56
48
35
23
20
23
39
67
83
80
70
69
70
76
92
100
100
102
100
97
90
92
106
116
115
104
90
89
89
85
73
67
71
68
48
26
22
22
18
11
18
22
24
28
29
18
-2
-21
-23
-10
1
5
4
7
18
44
70
81
75
69
71
81
86
92
104
121
128
104
71
53
49
57
67
64
56
51
35
21
11
11
27
44
56
76
98
102
97
85
73
59
41
22
16
27
40
42
32
12
0
-2
4
6
2
-7
-11
-14
-13
-5
12
38
51
53
59
76
84
83
82
87
99
101
97
98
100
91
88
90
97
97
87
83
89
96
96
89
83
69
52
39
32
24
12
5
-6
-22
-29
-13
0
-1
-2
-6
-13
-10
-5
0
6
16
21
21
26
33
35
27
17
17
25
36
33
34
34
40
44
43
43
58
75
85
88
85
82
86
89
90
100
116
122
107
89
81
74
69
65
55
45
35
24
21
18
10
0
-12
-27
-37
-34
-28
-33
-40
-49
-53
-50
-49
-42
-37
-30
-29
-25
-22
-22
-19
-10
2
22
44
65
72
76
84
90
97
106
114
116
117
118
118
115
118
123
130
123
113
107
114
118
120
122
120
114
89
67
51
38
32
34
32
21
21
17
8
7
2
-11
-17
-17
-14
-17
-23
-34
-35
-28
-19
-2
13
20
22
36
56
72
72
66
71
74
74
71
59
53
52
56
71
89
90
80
71
75
81
74
66
57
59
64
57
52
42
36
33
33
35
41
42
38
25
23
19
10
8
16
22
24
28
27
25
21
24
35
41
42
54
69
72
71
71
68
58
61
81
87
80
70
64
64
77
89
83
81
87
97
98
89
77
73
69
64
65
68
59
54
54
44
36
25
12
11
18
20
9
0
-4
-6
-13
-13
-3
-2
-9
-10
1
10
17
22
23
27
41
58
65
57
58
61
60
60
64
66
67
60
56
56
58
55
53
58
60
58
59
58
50
44
52
59
61
58
51
44
48
44
43
44
42
36
36
33
19
9
9
13
17
24
34
42
50
48
43
53
67
65
56
48
51
66
75
81
70
54
53
60
58
50
48
54
59
56
52
61
70
64
45
39
42
53
59
58
53
43
39
50
56
45
23
7
9
21
17
-1
-22
-33
-28
-23
-7
21
49
59
65
58
57
73
88
91
86
75
73
68
58
57
44
24
19
26
38
48
56
71
77
73
65
51
37
37
45
59
66
65
58
52
37
18
16
32
43
40
24
22
25
28
32
37
45
43
32
22
33
51
66
71
69
72
85
97
100
98
87
82
84
73
58
60
85
101
100
89
82
72
66
65
73
70
54
50
58
69
70
65
64
55
43
36
28
36
39
32
20
16
10
18
24
19
21
32
49
58
56
44
42
55
74
85
89
88
84
82
85
91
102
112
115
108
101
91
85
82
90
103
102
91
85
73
65
59
57
43
27
27
27
19
7
5
6
0
-2
1
4
8
17
22
25
28
27
19
13
20
28
35
34
35
51
68
76
86
82
68
56
60
72
73
66
60
56
67
67
55
48
45
54
49
26
18
27
44
48
43
43
34
24
24
17
8
10
20
24
23
29
34
26
17
18
29
45
51
36
25
27
40
55
54
49
51
50
52
50
42
36
32
38
56
69
68
60
50
43
39
34
41
52
40
23
21
35
40
36
33
35
35
27
24
17
8
16
19
20
23
26
32
34
41
52
51
52
65
73
68
58
55
49
45
55
58
60
68
73
74
66
58
65
71
82
83
73
70
71
77
90
93
90
86
89
93
89
74
61
59
60
57
45
34
21
9
6
-1
-5
0
3
-1
-5
-2
4
10
12
9
6
9
11
11
10
11
20
41
66
82
87
77
72
75
76
74
70
68
67
64
56
51
57
67
73
74
72
61
50
49
52
52
49
48
39
37
42
40
32
27
29
24
19
24
25
16
3
2
13
35
44
40
24
20
32
53
66
56
48
50
61
72
80
82
70
56
61
77
81
68
56
53
55
52
43
32
22
18
9
-1
-12
-22
-37
-39
-24
0
33
57
60
61
69
80
88
87
84
85
89
98
105
112
106
99
92
86
76
64
54
59
74
85
86
93
105
107
103
98
104
114
108
101
99
84
64
50
41
33
33
43
50
36
12
3
3
2
0
-1
-3
-2
-4
-14
-14
1
12
12
12
21
29
39
40
37
39
50
60
68
71
71
70
72
80
82
83
85
91
103
105
104
105
104
100
90
77
72
84
92
87
75
59
49
32
22
26
32
18
10
20
25
23
17
10
10
13
18
24
33
27
11
2
6
12
11
18
27
40
49
52
60
66
53
37
25
27
43
67
73
68
68
66
59
64
72
74
74
83
92
89
82
74
68
72
81
72
53
42
37
37
39
29
19
13
17
17
18
20
18
19
22
10
1
10
33
42
36
23
8
-3
4
26
52
64
66
71
76
71
67
70
73
77
75
70
68
71
75
74
73
74
77
85
81
65
59
68
74
65
52
55
65
60
49
39
29
23
24
26
26
25
34
39
36
28
25
24
28
42
48
39
36
43
65
75
80
81
77
73
68
65
54
49
55
67
73
84
91
97
104
112
106
97
87
77
76
77
73
53
32
22
23
36
29
21
25
25
17
4
1
12
21
11
3
5
20
27
28
32
37
39
28
6
-9
-4
6
11
8
6
17
41
58
65
65
69
80
86
82
75
76
85
100
113
109
91
76
70
67
57
41
32
25
21
11
8
11
16
11
10
11
18
26
38
41
38
25
18
10
5
12
28
41
44
38
33
34
39
40
36
32
41
53
43
28
23
34
54
66
66
69
65
57
56
55
53
54
66
74
70
59
57
54
53
50
49
52
56
56
52
54
57
53
39
20
6
13
27
35
35
41
52
58
57
53
50
40
37
44
52
55
54
50
41
37
38
43
55
60
58
56
57
54
51
48
43
33
22
29
52
71
81
73
57
48
43
44
53
67
68
59
55
51
43
37
17
-7
-21
-11
-4
-5
-13
-20
-13
-2
6
16
34
55
80
90
89
86
74
57
44
40
43
53
65
71
70
69
67
55
52
45
42
50
66
72
69
59
50
54
64
71
74
80
80
74
55
50
55
59
54
50
51
57
72
85
83
83
86
90
91
90
97
99
93
93
99
93
83
75
74
73
65
48
36
36
33
35
43
52
45
28
20
20
19
17
23
28
26
35
45
53
58
56
44
38
35
39
49
56
54
53
64
67
54
32
18
25
41
49
41
34
26
23
25
32
35
37
40
41
43
48
48
38
35
36
38
41
39
39
51
54
40
20
10
16
25
18
4
4
12
11
7
13
33
51
55
57
66
61
64
69
81
88
87
84
83
81
74
72
66
64
69
75
69
65
66
71
74
71
65
65
72
72
65
58
55
48
42
43
39
26
18
3
1
12
28
42
48
43
37
28
24
23
34
44
55
53
50
49
44
54
60
69
74
73
72
82
86
80
73
80
90
93
88
71
53
41
37
33
28
32
40
51
41
27
25
33
36
41
45
41
40
42
45
48
50
52
53
55
59
65
68
66
65
64
60
67
72
71
64
52
45
56
66
60
45
38
43
51
41
25
21
25
33
33
27
28
38
48
44
29
24
37
51
48
42
54
68
80
86
85
76
69
59
57
57
57
55
41
32
33
36
37
35
36
50
56
40
18
2
-4
-7
-10
-10
-8
-5
2
8
8
5
5
19
29
34
35
28
25
20
20
26
33
40
43
38
32
33
34
38
38
29
28
38
53
71
88
88
92
102
102
98
96
93
90
90
89
88
85
77
69
65
61
53
42
35
20
18
22
20
3
-6
3
17
18
11
13
18
17
18
22
32
39
43
49
48
40
35
36
42
49
52
51
51
48
54
61
66
70
64
55
59
66
58
50
41
43
49
51
54
50
37
29
34
34
39
48
50
41
26
17
20
21
22
25
22
19
13
6
4
9
10
17
27
25
18
17
9
2
7
23
53
74
85
86
91
98
98
97
104
113
106
99
96
91
90
92
97
102
98
87
81
75
73
58
40
35
36
32
27
26
23
24
34
41
44
51
40
32
25
29
37
28
24
23
21
22
33
44
44
33
28
39
56
73
76
66
59
65
73
77
76
67
58
55
58
65
61
55
53
55
55
50
37
34
33
27
24
27
35
39
40
25
9
-4
-18
-23
-20
-8
3
5
2
0
0
5
12
24
37
49
60
66
59
64
74
89
98
98
98
100
96
90
88
81
65
49
40
29
18
17
28
49
55
50
34
25
24
26
39
43
35
24
12
11
23
43
70
81
68
49
28
24
32
38
37
33
26
34
44
58
66
55
55
76
91
90
98
104
104
91
85
82
88
102
104
89
73
76
97
97
80
66
64
58
52
49
50
53
60
66
66
66
69
72
60
40
28
26
33
35
48
56
55
48
39
43
50
43
38
38
42
53
59
42
22
22
32
28
24
37
57
61
50
35
29
42
65
75
81
93
120
122
115
107
108
117
122
119
103
88
92
108
116
121
116
101
88
85
86
82
69
57
53
44
32
21
9
3
0
1
4
0
-5
-1
3
0
-7
-5
8
18
18
6
-1
0
6
19
28
40
56
66
51
32
24
27
39
50
51
57
77
98
105
100
84
72
69
80
92
99
103
102
96
85
69
58
67
75
75
82
97
109
98
77
83
91
86
74
55
35
24
12
-1
-6
-7
-9
-8
4
21
25
18
7
0
-6
-5
9
25
26
12
-2
-7
-3
6
11
11
16
26
39
38
28
38
57
64
50
36
35
53
67
64
60
67
76
90
102
103
98
83
68
56
44
32
23
20
17
2
-13
-11
3
12
11
7
4
-3
-9
-7
3
4
5
22
40
38
32
34
49
58
50
33
26
26
20
24
43
55
43
33
34
42
51
56
53
43
45
64
80
92
107
120
120
128
133
117
98
84
72
67
61
58
51
29
4
-7
0
8
8
5
7
10
18
22
13
6
10
11
6
-1
5
24
39
40
40
42
42
36
33
37
41
44
60
77
96
103
100
96
93
93
91
92
91
93
103
108
102
87
67
56
64
59
43
36
42
54
49
25
4
-3
-3
-9
-22
-26
-30
-41
-49
-43
-41
-46
-42
-33
-17
-6
-4
-2
4
19
28
53
71
76
76
70
69
73
86
96
87
88
101
113
104
86
73
81
96
104
106
104
92
80
65
64
74
77
72
68
70
66
51
28
9
-2
1
6
7
5
-3
-12
-9
-3
-17
-33
-33
-14
-5
-6
-1
17
24
34
41
45
59
75
76
74
72
71
69
74
92
105
112
117
121
120
109
107
109
107
98
74
53
44
58
71
67
43
24
20
33
51
56
38
11
1
2
11
36
55
58
50
45
49
41
27
17
20
39
53
65
68
69
73
73
69
66
64
67
71
82
102
118
116
101
86
77
81
82
84
86
87
85
75
68
52
29
17
21
27
21
6
-3
-11
-23
-28
-22
-14
-25
-37
-36
-13
4
0
-6
2
7
9
19
36
44
53
60
74
84
86
97
107
114
105
98
100
102
98
92
85
88
102
107
104
102
93
84
76
70
67
65
53
40
38
38
36
28
27
32
28
11
-9
-14
-7
-6
-20
-23
-6
19
38
35
19
5
8
33
55
60
73
90
113
128
129
116
114
121
130
129
117
107
107
117
118
116
117
113
98
83
75
81
82
68
52
40
39
44
40
35
32
20
8
10
25
40
40
35
33
33
28
29
29
35
40
42
45
43
34
21
9
3
2
12
29
43
50
50
53
54
55
56
57
51
39
34
39
49
53
52
55
58
49
28
16
8
5
4
3
3
10
25
24
13
11
6
-7
-22
-24
-14
-4
1
-4
1
16
22
35
41
44
40
37
53
80
96
99
92
83
85
106
123
121
107
90
81
77
72
60
53
51
51
51
51
48
41
33
18
4
-9
-29
-41
-57
-69
-69
-55
-24
19
40
23
6
3
3
4
1
1
6
9
7
16
34
48
41
28
29
36
37
44
55
57
50
49
60
74
80
75
75
82
98
108
107
90
80
85
97
106
107
97
77
66
52
48
54
68
80
83
76
66
66
67
55
32
18
26
42
50
33
7
-4
-1
-1
-10
-9
10
29
36
32
23
24
28
27
27
32
33
36
45
56
54
43
33
23
23
26
26
28
39
59
80
82
81
82
75
69
66
59
51
44
45
49
58
68
60
45
34
25
26
32
29
36
44
49
41
32
23
8
-2
0
19
36
34
33
37
44
43
35
24
24
41
59
72
74
70
68
68
72
71
80
99
112
117
128
131
131
138
133
115
112
122
130
108
82
75
98
106
96
71
52
48
40
34
32
23
21
20
18
22
24
18
9
2
9
16
20
23
19
18
24
35
35
27
22
19
26
36
43
53
69
87
91
87
75
72
86
99
99
100
105
112
113
113
117
112
107
108
99
83
76
72
68
68
59
44
28
10
-11
-34
-43
-40
-21
-8
-13
-24
-26
-20
-8
-1
-10
-43
-61
-61
-50
-24
-12
-20
-23
-27
-28
-23
-10
-2
6
16
24
38
52
60
73
92
107
113
121
122
113
103
92
82
77
81
83
82
67
49
48
52
49
50
51
41
28
29
34
35
33
28
28
34
39
40
43
52
40
13
1
8
22
27
17
8
7
11
18
28
49
48
39
38
49
67
86
96
88
82
81
83
83
85
91
91
84
72
72
83
86
82
84
82
75
72
66
59
57
57
58
53
40
26
21
25
36
39
38
24
10
7
12
23
34
35
28
29
28
27
35
50
52
42
38
48
61
76
88
92
100
107
108
104
101
113
118
116
101
73
57
54
44
39
49
45
37
28
17
4
3
16
23
13
1
1
12
28
36
29
26
32
25
18
19
21
20
20
17
20
26
36
41
44
53
60
69
73
70
70
73
74
69
54
40
33
26
34
45
54
43
33
49
71
84
91
92
97
104
113
108
108
108
84
54
43
49
59
70
61
37
10
2
5
5
-3
-14
-25
-30
-35
-37
-38
-28
-17
-10
-10
-9
-4
0
5
9
11
19
28
36
38
42
35
25
23
21
21
27
35
28
28
36
43
61
71
67
59
60
68
72
72
71
74
80
81
85
83
73
72
69
59
54
54
61
60
52
43
40
34
27
32
39
34
18
18
28
35
33
38
48
51
53
54
53
54
57
54
44
40
36
34
36
40
37
37
38
39
44
51
59
71
75
83
84
75
70
72
67
65
67
59
52
48
39
27
19
22
28
27
25
21
20
22
20
9
11
25
38
39
50
69
75
70
70
74
80
70
68
84
106
107
91
80
84
92
92
90
93
103
107
105
98
84
72
61
59
58
53
53
64
69
69
58
50
52
54
49
43
48
52
51
43
39
38
37
38
40
41
40
39
40
42
42
49
56
64
60
57
58
56
60
74
84
86
92
103
116
120
112
100
96
104
107
89
73
74
81
83
82
76
73
68
68
61
49
37
35
39
40
26
10
9
18
19
17
5
-4
2
4
5
16
24
37
43
51
52
39
25
28
36
39
45
56
55
44
29
37
55
58
61
65
64
64
69
74
75
69
66
70
83
88
83
68
69
77
82
80
84
93
101
96
73
64
58
43
28
22
17
10
1
-5
-1
-3
-5
-4
-5
-6
-9
-17
-11
2
19
27
28
23
19
25
48
60
59
53
51
55
64
67
66
67
71
75
75
83
90
89
86
97
105
91
72
59
57
61
71
69
57
42
36
33
24
20
20
10
-2
-12
-18
-9
0
3
-1
-5
-10
-8
-6
-7
-9
-8
0
9
18
22
28
34
32
37
49
53
51
44
48
58
72
77
83
86
87
84
76
81
88
97
98
82
65
59
73
96
106
104
103
107
103
84
65
51
42
37
27
17
-5
-21
-25
-39
-46
-40
-25
-5
17
32
39
52
64
66
60
49
38
39
50
59
67
71
73
76
82
83
83
82
91
115
128
118
100
92
92
90
90
91
91
101
107
97
81
86
92
87
80
74
82
87
84
77
68
59
58
54
44
36
34
35
20
9
17
22
11
1
2
6
12
11
7
5
11
16
10
8
19
35
44
36
27
36
48
49
51
57
58
65
72
74
74
92
