76
72
69
76
83
74
69
70
61
40
18
9
20
36
44
41
33
18
12
21
37
53
56
52
41
35
37
39
34
33
43
56
48
37
34
33
39
52
61
74
82
76
71
67
72
84
86
80
65
54
48
37
37
41
41
44
57
60
59
60
58
60
71
80
74
71
70
72
71
66
55
44
43
38
34
32
26
23
20
12
8
10
9
3
-3
-3
4
4
5
6
10
20
27
32
26
25
33
27
17
13
10
9
17
40
58
60
50
49
52
57
61
69
80
88
88
81
68
64
65
60
54
54
64
66
66
54
41
36
43
48
38
27
23
22
18
12
20
27
33
28
23
23
36
44
38
27
28
37
35
28
35
41
44
45
40
50
61
64
66
71
71
67
68
73
80
76
72
74
87
91
82
70
59
50
44
42
39
37
24
10
4
9
9
2
7
20
22
25
45
57
55
49
41
35
34
28
26
35
37
33
35
55
67
53
33
20
13
9
7
19
36
39
39
50
57
52
40
38
38
41
48
49
49
45
43
45
42
37
35
35
36
37
27
22
26
36
33
12
-5
-9
-7
-2
12
23
21
21
22
25
32
33
37
40
48
54
55
66
75
82
86
77
50
23
24
37
49
57
53
44
52
61
58
51
44
43
57
77
90
91
86
75
69
72
76
68
56
52
52
54
44
36
39
40
34
25
25
28
34
28
24
22
18
10
11
17
9
5
7
18
27
34
29
32
36
44
56
58
53
42
39
42
50
52
53
53
59
72
75
74
72
69
72
82
87
91
90
82
70
67
72
72
67
56
51
34
11
4
8
11
9
1
-9
-17
-13
-11
-18
-20
-17
-8
6
19
21
12
10
18
25
40
52
55
56
61
66
59
59
72
97
112
107
102
101
104
104
101
98
104
108
99
84
86
85
67
50
49
55
53
48
38
38
36
20
9
11
27
41
42
49
49
40
37
36
28
22
27
38
48
50
35
19
1
-7
3
22
39
59
74
81
83
84
82
81
76
72
70
64
68
81
90
91
84
75
65
44
33
26
21
18
16
10
9
16
24
27
24
21
32
42
28
12
20
34
37
35
41
58
74
82
86
83
81
84
84
83
77
73
64
50
43
38
23
8
2
7
9
11
8
8
18
34
45
52
51
49
49
44
45
45
51
60
71
73
66
44
27
25
34
40
37
22
11
12
20
19
24
39
51
44
39
44
58
69
67
61
68
77
82
72
56
49
50
52
50
39
36
52
69
74
72
69
64
44
27
26
33
36
43
53
54
40
25
23
33
41
45
42
33
19
9
9
19
24
17
1
-10
-6
2
5
11
26
42
49
50
45
51
60
72
72
66
60
68
76
82
88
102
106
98
91
90
86
77
72
66
58
55
58
81
98
99
96
90
86
69
52
51
60
71
70
66
59
54
42
39
44
49
43
33
25
26
23
25
27
23
18
7
0
2
8
11
17
35
54
56
44
38
40
53
64
64
59
52
49
50
55
65
57
44
41
45
58
73
69
50
48
52
53
55
53
51
45
35
20
11
10
13
23
40
49
48
44
42
34
25
36
51
53
49
43
43
48
42
36
34
33
34
35
35
33
22
23
39
52
64
73
80
80
67
43
27
25
33
41
51
60
67
72
73
69
69
75
84
85
85
86
88
92
90
73
60
69
89
103
97
77
58
43
35
29
27
25
20
17
17
18
13
8
8
7
5
1
7
20
20
10
8
12
25
40
49
53
55
54
65
71
67
66
66
66
57
50
49
43
38
40
41
50
58
65
64
59
58
54
54
59
64
65
57
45
38
37
38
40
35
37
35
33
32
24
19
21
22
21
22
24
22
21
24
25
24
20
13
18
27
39
52
58
54
43
41
40
39
44
51
51
51
45
42
42
42
51
55
57
66
74
75
74
73
70
60
64
68
70
70
71
59
44
40
45
50
39
28
13
1
-8
-9
-5
0
-9
-21
-27
-36
-49
-58
-52
-36
-22
-1
32
56
71
72
73
85
93
84
60
50
60
75
75
65
58
54
54
59
64
59
59
57
49
43
49
53
52
51
54
56
57
55
53
53
54
50
50
54
55
45
27
21
27
33
35
44
53
59
60
55
55
64
67
71
66
58
56
52
49
54
58
68
69
64
55
50
44
52
59
59
56
55
55
55
48
44
57
61
51
43
53
70
81
80
71
67
57
50
42
39
36
37
39
42
50
53
52
50
53
48
45
56
69
66
49
26
11
8
11
18
26
36
40
40
37
40
52
49
39
41
51
54
55
53
48
52
57
54
39
32
32
25
25
26
20
17
16
9
8
17
32
38
35
23
20
26
36
34
26
35
50
60
68
58
53
57
68
70
58
48
49
44
41
36
28
24
26
33
39
39
35
27
21
21
24
35
41
44
43
40
45
54
57
57
53
45
41
52
55
55
61
73
87
100
104
98
88
92
101
103
98
97
93
85
71
65
66
68
73
72
66
57
54
52
48
34
18
8
11
21
29
39
37
34
35
38
38
38
42
52
59
59
59
57
48
43
50
54
57
67
68
52
25
9
9
21
42
54
50
40
32
28
37
44
54
55
45
38
36
44
59
59
50
49
57
64
68
67
57
42
36
43
58
70
82
82
71
64
67
74
66
57
59
65
66
59
50
41
36
32
28
25
33
42
40
40
52
61
71
75
73
70
73
72
67
57
55
59
71
75
70
58
49
45
44
39
33
35
43
49
50
50
44
41
40
35
36
35
26
20
24
33
36
40
39
37
32
24
25
37
40
39
44
55
53
45
48
51
50
45
52
57
65
57
51
49
51
48
36
26
18
8
10
20
24
26
28
23
22
37
49
58
67
55
38
37
44
43
29
18
25
45
51
35
11
10
20
21
18
16
10
3
1
1
5
16
24
24
32
36
39
39
20
6
13
26
37
45
52
52
57
61
66
69
72
72
61
60
59
54
53
54
53
54
53
67
82
86
74
57
53
54
53
44
37
28
20
19
33
49
55
57
58
51
34
25
25
29
48
72
90
90
80
67
58
57
53
44
39
35
21
4
-6
-1
21
44
59
61
67
68
60
61
68
65
56
55
70
92
98
97
103
92
56
29
23
27
38
35
22
24
39
51
51
41
35
32
28
27
28
35
44
55
57
53
49
40
42
54
51
38
28
38
53
57
53
53
58
57
53
45
52
72
82
70
60
56
60
64
55
48
39
39
45
55
57
56
54
44
41
41
36
37
53
58
48
27
22
39
54
53
39
26
12
5
11
26
42
50
45
38
35
43
40
34
37
34
24
25
33
42
40
24
12
17
22
32
38
35
26
22
23
32
34
23
12
7
11
20
16
8
11
11
7
6
12
21
24
34
52
59
50
36
26
25
41
53
49
45
52
61
74
77
70
67
76
88
90
85
85
86
88
103
115
114
104
90
84
71
58
54
49
49
54
60
60
57
56
53
43
24
12
19
25
28
38
44
51
55
52
56
68
66
54
51
56
64
64
58
52
43
40
40
42
50
51
42
37
36
33
32
35
35
35
40
42
44
50
51
53
54
44
23
16
24
27
28
19
8
18
38
58
58
48
44
58
69
73
68
52
40
42
51
50
36
27
32
34
39
39
38
37
35
35
42
54
57
52
48
42
43
49
43
42
50
49
41
40
49
54
57
59
61
64
68
66
60
54
48
51
53
44
36
34
37
40
42
42
39
39
42
44
51
43
32
26
35
51
54
43
38
42
61
66
54
52
56
54
54
59
70
74
64
51
57
71
81
89
97
99
92
77
65
60
54
50
49
48
40
24
13
21
34
38
29
19
11
13
21
27
36
38
35
36
33
27
28
37
39
36
28
35
49
53
45
28
24
40
67
75
72
70
71
75
82
83
76
70
72
85
82
61
44
35
26
28
33
29
29
32
32
26
23
23
21
16
11
17
16
8
10
20
24
11
-1
0
13
35
44
44
35
28
35
39
44
48
45
45
49
51
53
53
52
60
74
77
69
69
84
97
97
87
73
66
64
65
65
59
51
32
24
33
36
32
29
35
42
44
40
37
35
32
22
22
28
38
42
36
24
21
21
22
24
27
26
27
34
36
32
29
39
51
53
64
65
49
32
24
29
40
34
28
48
69
92
108
121
132
137
122
98
86
87
82
70
57
41
37
49
60
58
33
7
10
32
43
43
35
22
16
18
25
37
48
59
67
56
48
44
50
55
64
60
57
68
82
80
70
67
67
80
92
84
64
58
73
81
73
67
65
59
57
65
69
60
52
39
32
32
35
33
34
35
26
21
28
40
56
57
40
21
18
34
49
48
41
45
56
64
69
71
69
60
42
24
19
24
40
54
58
60
60
66
70
72
69
64
55
57
68
65
52
33
22
27
38
45
50
41
27
12
9
10
6
5
12
9
10
19
19
18
26
42
51
50
49
57
70
73
67
54
38
32
27
21
22
29
35
41
52
55
55
55
58
70
84
87
83
84
87
89
86
81
72
70
71
66
66
82
87
72
64
56
55
69
75
68
41
24
21
23
33
36
28
23
28
49
57
45
33
22
22
33
37
36
34
42
49
37
25
16
20
34
37
36
34
41
50
53
58
64
69
69
64
54
57
71
71
50
28
21
21
24
23
27
42
55
66
66
59
53
45
48
51
41
23
13
16
17
20
21
25
33
34
35
33
34
29
19
18
35
42
28
20
24
41
59
69
72
81
87
83
83
90
97
83
64
50
39
34
32
32
32
34
28
18
6
8
19
28
33
33
27
19
13
6
3
6
11
18
20
17
16
13
17
24
26
27
37
40
42
52
66
76
81
81
76
89
105
113
107
96
74
65
68
76
91
102
97
86
82
82
82
72
56
38
33
35
39
40
36
22
6
2
8
17
21
9
3
9
19
18
11
9
8
12
8
3
1
3
10
22
37
55
70
75
74
80
90
109
108
93
96
103
100
85
74
75
81
82
86
91
90
84
75
66
59
59
53
41
36
41
57
64
58
51
39
38
51
58
49
25
13
21
36
45
40
32
24
28
35
37
37
41
48
55
65
59
51
48
50
44
44
50
56
60
68
90
107
113
122
131
128
108
99
101
106
107
106
96
73
52
24
2
-10
-14
-20
-26
-34
-28
-10
8
23
37
40
38
28
19
23
34
42
48
45
45
56
70
70
57
48
45
58
64
58
58
65
56
43
41
44
51
54
52
40
27
24
27
38
44
48
48
48
49
50
27
1
-5
8
19
18
22
27
28
26
21
21
24
27
34
35
37
42
40
35
33
37
40
35
35
39
36
32
35
37
36
33
38
42
33
27
37
38
32
24
28
45
60
69
74
72
67
58
49
43
50
56
65
60
58
65
60
53
41
34
38
52
64
59
56
66
67
57
48
40
41
52
59
65
69
60
51
56
71
66
44
29
18
13
32
49
52
56
64
64
58
54
54
69
81
67
50
42
44
56
59
54
49
53
58
60
69
69
64
53
64
77
84
82
72
75
92
106
102
91
80
74
80
82
71
54
51
60
70
74
76
80
76
71
64
59
64
56
48
44
38
28
23
18
12
9
4
0
2
7
18
21
16
11
18
22
20
17
18
19
20
23
32
37
36
36
50
57
58
55
53
50
48
44
39
35
36
44
60
73
69
52
39
42
53
52
53
61
64
52
48
52
55
59
65
58
51
48
45
40
29
33
42
50
52
39
34
33
36
38
39
42
59
72
74
73
74
75
76
80
86
90
98
102
100
97
89
75
74
74
59
40
36
42
40
24
12
4
-6
-11
-10
-10
-5
2
4
11
25
37
40
29
19
21
37
44
35
36
56
68
66
59
51
41
38
40
43
49
52
54
57
58
66
82
98
112
115
108
102
89
74
60
56
52
40
34
26
11
1
9
25
33
32
33
28
28
36
48
50
41
22
0
-13
-8
-6
-12
-23
-25
-24
-22
-12
-5
10
20
7
-5
1
23
48
53
48
43
56
73
70
64
68
76
83
84
81
76
76
76
65
57
64
71
75
84
85
70
51
51
71
83
73
68
67
72
82
75
64
55
54
59
58
51
41
34
32
49
54
41
28
25
34
44
52
43
48
49
44
48
57
70
73
74
71
68
70
73
75
90
101
87
70
61
50
42
40
35
24
7
-5
-11
-9
1
19
40
64
84
102
118
123
116
102
99
92
74
53
33
21
22
32
44
54
55
54
43
36
35
41
48
43
27
11
10
23
36
26
12
-2
-9
-8
0
20
41
60
60
49
45
50
54
58
60
66
76
85
83
80
75
75
75
57
39
38
38
40
37
26
17
16
16
11
-2
-11
-13
-14
-12
-9
-4
2
5
9
16
26
34
37
37
32
26
24
28
40
58
67
70
76
80
75
61
53
53
58
74
84
83
85
91
90
85
82
80
70
53
42
48
57
65
60
44
25
17
25
36
32
20
18
23
35
44
39
28
29
36
38
36
34
29
24
22
22
21
16
16
18
28
35
32
29
33
33
33
33
38
55
67
80
96
86
72
77
89
97
86
69
66
82
93
93
87
83
77
76
81
75
73
72
69
71
72
67
58
54
52
53
44
28
23
25
32
27
17
9
10
11
10
12
8
6
10
16
19
22
20
24
34
27
33
43
35
28
37
38
37
39
51
64
69
69
70
82
90
88
83
87
97
98
85
76
81
84
82
80
76
72
67
66
60
48
32
28
36
37
24
10
8
13
22
23
25
28
24
19
8
11
21
24
28
34
34
40
54
54
39
27
27
29
37
52
67
76
75
75
82
83
86
96
97
88
86
89
96
101
103
99
91
88
76
71
69
60
53
44
33
24
27
27
26
23
21
22
20
19
23
17
3
-3
-3
-5
-3
-3
-9
-7
-1
-2
-3
1
6
11
22
29
36
45
56
71
85
85
80
82
89
100
107
118
123
118
106
92
86
91
105
105
91
74
58
57
64
64
64
60
51
42
42
42
45
52
48
33
19
8
-2
-4
-2
-3
-9
-20
-21
-9
6
19
16
5
2
6
27
58
75
71
64
64
71
82
75
72
73
71
69
57
36
26
26
27
25
17
13
19
18
11
11
16
18
22
28
38
38
29
32
33
43
55
49
41
51
64
64
43
19
17
35
54
67
74
77
69
55
42
48
65
82
99
112
107
101
97
101
103
100
100
101
90
73
67
64
59
52
42
44
54
51
42
37
36
39
37
40
39
27
12
1
-11
-12
-13
-22
-20
-13
-23
-26
-30
-52
-66
-66
-69
-75
-73
-70
-68
-54
-24
4
34
52
59
65
68
72
80
86
90
98
91
82
81
86
92
96
97
100
105
116
122
123
130
123
113
97
75
71
83
88
88
82
75
80
76
72
73
72
81
84
67
43
27
22
18
18
20
20
12
2
-12
-21
-22
-20
-5
6
9
18
22
17
9
18
34
52
57
59
74
97
108
113
112
107
116
129
133
124
116
105
97
93
106
117
102
69
48
52
64
57
48
36
25
22
20
17
8
-2
-5
-6
-8
-5
5
5
0
-4
1
8
2
-5
-2
4
13
25
39
59
57
41
37
37
41
49
49
45
44
58
72
80
72
72
88
101
93
80
73
84
89
97
107
113
115
114
101
91
90
90
86
77
71
65
69
82
89
90
90
83
64
51
54
66
75
82
68
51
56
56
50
48
52
45
41
55
69
70
67
60
58
65
58
52
53
52
40
25
18
21
21
17
10
16
21
25
40
53
38
21
17
27
40
35
26
34
52
68
71
69
60
53
42
36
39
41
40
38
26
24
27
34
36
27
22
24
26
26
28
36
43
41
32
27
33
27
27
32
28
25
19
19
26
35
38
48
58
56
50
41
35
28
36
42
50
55
55
50
50
50
51
53
52
51
53
52
44
48
51
51
45
42
36
26
28
34
28
17
13
33
38
32
25
28
28
25
21
23
40
53
52
38
36
50
57
51
42
29
12
5
10
21
24
24
38
49
57
58
48
50
53
57
64
68
68
72
73
71
80
89
87
82
69
56
52
54
53
44
34
25
26
32
34
41
42
44
49
49
43
36
32
34
40
53
70
75
69
58
54
51
50
54
67
74
75
82
88
86
84
85
72
70
74
76
73
56
48
50
56
60
58
56
61
65
64
64
66
70
71
67
64
69
72
69
64
61
60
52
41
41
54
66
72
71
68
60
57
54
52
67
82
84
91
101
103
100
86
82
87
82
72
70
60
52
43
28
18
21
28
35
38
37
32
32
34
35
37
37
41
44
35
23
22
24
33
43
50
56
67
64
53
50
45
39
29
23
21
24
18
4
-3
-2
-1
-1
1
9
35
60
82
81
67
53
45
40
32
23
19
22
27
20
8
11
25
33
25
17
16
26
37
33
27
33
35
33
37
48
52
59
70
73
66
68
84
103
105
99
92
86
75
65
51
38
36
36
40
40
41
43
42
28
18
13
11
7
7
9
8
2
-4
1
18
38
44
40
36
39
52
65
68
61
54
54
61
74
77
81
86
92
105
108
97
84
69
57
61
70
80
87
91
96
89
75
67
66
65
65
60
57
56
50
34
20
26
32
28
33
27
21
10
1
-8
-12
-7
6
21
24
20
16
8
8
21
39
48
41
36
41
43
34
27
38
48
57
69
69
60
56
60
70
72
64
55
50
45
44
54
65
65
60
56
55
66
82
84
83
83
87
85
80
70
72
86
89
82
75
76
83
85
73
57
55
60
65
64
69
69
64
58
64
61
56
56
51
39
32
24
12
8
7
10
18
19
13
9
6
7
10
18
20
22
28
41
53
65
66
59
59
69
77
83
88
91
82
76
96
107
93
58
39
48
59
66
57
39
23
17
23
28
27
16
1
-2
0
5
19
23
20
18
13
5
-3
1
9
9
8
8
10
12
20
21
20
33
42
49
52
50
44
49
56
67
71
67
69
68
73
85
84
81
72
69
75
85
93
101
101
93
90
89
89
89
86
85
86
83
84
87
82
57
42
37
33
21
12
6
0
-1
5
17
12
4
1
-5
-6
-7
0
16
26
41
48
45
36
34
52
67
82
92
98
88
73
74
88
98
102
93
83
76
68
54
43
37
38
50
56
48
26
17
13
21
26
32
34
25
11
10
19
23
23
17
12
9
10
10
9
25
44
40
39
52
58
67
76
93
100
90
86
96
105
113
117
113
105
97
83
75
67
51
43
37
33
39
45
41
37
34
39
52
52
43
41
50
57
54
43
45
54
49
32
23
24
24
12
11
11
1
0
11
22
36
52
68
87
106
121
112
93
85
85
84
72
72
83
85
81
70
59
64
68
65
50
40
41
45
40
18
-3
-6
10
22
21
18
16
22
26
25
32
45
57
50
27
23
29
27
22
19
24
36
49
53
55
56
48
40
44
50
52
49
41
40
35
25
22
29
42
54
51
41
41
41
49
51
49
38
33
37
49
54
39
26
28
37
42
52
55
55
49
38
35
39
49
54
44
34
34
37
41
42
39
41
36
33
43
57
59
50
41
48
69
74
66
66
68
65
57
53
50
40
39
54
60
55
53
49
49
51
54
45
38
41
39
41
52
64
64
53
42
40
42
42
40
32
17
9
17
23
29
34
27
25
35
41
45
43
40
42
50
54
51
44
44
44
51
64
71
71
66
57
55
52
52
67
81
77
57
38
41
58
70
66
50
34
29
36
54
72
73
66
60
57
56
56
58
55
43
44
53
58
58
60
55
48
44
51
48
36
38
50
51
36
22
17
27
42
40
24
12
12
18
20
21
18
16
20
34
35
21
20
33
40
43
42
49
64
71
68
60
66
74
73
67
73
88
89
81
70
66
72
76
64
55
66
67
53
43
43
50
56
64
65
54
56
64
64
57
55
52
45
50
48
35
22
23
33
36
26
25
27
28
21
12
23
39
38
28
35
44
56
58
52
43
41
50
64
67
65
59
53
42
28
19
19
33
43
44
41
43
38
25
19
19
23
37
42
35
27
35
39
36
26
19
17
12
10
9
9
17
28
48
56
52
39
21
6
7
17
23
26
23
13
10
11
20
34
41
36
36
53
68
70
68
68
68
69
69
74
81
72
66
71
71
69
64
66
72
80
83
87
91
87
88
98
103
99
97
92
85
72
72
80
80
66
48
42
50
59
66
49
32
16
9
19
32
34
38
52
66
68
56
44
41
48
54
57
55
56
64
69
60
52
48
45
44
45
50
56
69
86
97
88
70
59
58
69
82
82
72
69
77
82
66
43
32
19
7
6
3
1
9
28
42
51
65
68
68
69
65
53
38
24
25
38
48
49
43
38
38
43
44
43
37
34
40
56
70
71
66
60
69
81
87
88
85
84
83
72
69
73
80
86
90
92
85
71
72
88
92
84
73
68
66
64
65
59
54
49
52
56
44
35
38
44
48
48
36
18
8
3
7
27
52
42
22
12
11
10
16
12
18
21
21
20
12
9
6
5
2
7
16
13
11
19
28
44
60
72
73
65
51
49
55
67
75
71
50
27
16
16
34
53
67
68
60
52
43
28
19
20
26
23
11
-4
-20
-25
-36
-45
-53
-52
-41
-26
-12
-6
-2
-3
-12
-26
-36
-26
-10
-3
0
2
19
38
43
39
44
58
80
91
80
58
54
67
75
69
59
65
74
74
72
73
67
54
60
76
81
81
84
87
91
88
76
70
60
51
41
37
37
44
52
51
41
35
27
24
32
38
36
22
23
34
28
26
40
59
66
60
65
74
80
83
92
102
109
115
113
107
112
102
103
118
118
97
86
72
61
58
56
59
69
68
59
54
56
57
54
48
42
35
34
25
10
4
9
13
11
12
11
9
4
2
6
20
35
42
37
36
35
39
53
69
69
58
56
69
72
60
57
68
72
69
74
82
84
80
77
86
83
73
72
71
70
67
66
71
76
73
61
44
28
10
3
7
4
9
20
22
18
4
-6
-5
2
5
8
8
7
5
1
-5
-10
-7
6
22
32
33
32
42
54
56
59
67
73
76
74
75
81
81
91
105
108
109
106
104
107
112
106
100
89
83
81
68
55
57
61
67
69
64
54
49
43
37
24
11
1
-8
-10
-7
-4
-7
-5
1
4
6
20
35
41
39
36
28
32
36
39
43
53
64
67
68
58
49
50
64
72
75
77
74
59
41
44
64
74
75
72
68
69
84
97
102
103
93
86
75
64
50
42
39
48
58
52
38
26
20
21
29
34
28
24
22
22
22
21
20
23
34
36
25
19
27
40
50
40
28
32
49
60
54
43
42
44
38
27
28
41
59
75
81
84
96
108
118
119
121
104
73
56
49
39
39
39
29
27
25
24
17
5
-3
-14
-25
-20
-8
-7
-11
-21
-21
-14
-2
12
21
20
22
25
22
22
35
55
66
53
43
48
50
52
66
73
71
71
74
72
61
59
72
92
103
105
98
85
82
83
74
70
72
66
53
40
32
28
37
42
40
34
21
3
4
16
12
6
5
1
4
13
18
10
7
16
26
40
51
44
40
43
51
55
64
70
76
80
72
68
65
59
56
58
73
86
85
64
44
36
35
43
59
59
61
71
68
50
35
37
51
59
54
41
34
34
36
36
32
27
26
20
12
18
20
12
19
38
48
44
50
60
61
49
42
55
71
80
71
60
65
83
87
73
57
51
58
73
85
76
64
66
82
92
88
76
64
57
72
92
102
93
87
84
90
103
102
88
77
69
66
69
70
57
39
36
34
25
17
11
13
19
22
27
26
22
18
25
52
73
59
34
21
34
54
64
51
39
33
39
54
67
73
68
51
38
36
49
67
68
55
55
60
65
56
49
55
60
57
54
50
44
42
38
44
58
61
53
41
28
25
24
17
16
33
52
50
44
44
