38
40
36
40
50
49
40
36
36
24
4
-5
6
16
17
20
25
37
51
56
64
73
81
74
72
83
85
82
80
69
57
45
43
43
49
48
36
23
16
24
35
38
29
13
11
25
44
39
12
2
12
29
35
33
27
37
53
60
57
44
40
43
50
64
74
80
80
72
70
61
39
27
33
39
44
56
59
49
37
35
36
39
44
53
65
71
59
32
11
6
5
13
36
51
41
32
34
33
29
36
38
38
36
35
36
43
52
49
66
92
96
76
66
59
60
65
59
57
59
58
49
28
16
17
27
35
36
25
12
10
16
23
32
36
35
32
25
19
4
-1
0
-6
-10
-9
-5
0
9
17
11
6
18
34
43
50
56
65
70
73
86
96
97
103
117
121
120
112
91
81
75
71
68
72
76
70
70
87
99
83
65
54
44
40
39
33
19
8
1
4
17
12
4
5
7
20
20
17
18
18
19
19
23
32
38
43
42
36
35
45
57
67
69
66
71
84
86
75
64
58
68
82
91
84
59
50
48
44
42
41
32
19
6
-8
-17
-20
-21
-18
-10
-5
8
27
50
77
96
87
74
74
86
88
69
39
24
36
49
53
40
20
18
36
54
58
60
58
43
41
52
48
33
28
34
39
42
42
43
50
54
41
23
22
38
51
58
67
75
81
81
74
69
71
84
99
88
74
65
56
57
61
56
43
25
16
11
10
16
19
12
4
7
16
22
32
35
34
25
19
13
12
18
34
54
52
36
25
22
27
35
36
50
66
75
80
83
84
89
90
64
34
32
38
37
32
28
28
32
29
24
20
18
6
-8
-19
-18
-11
-6
-1
-2
-3
6
25
43
50
42
28
18
11
12
20
27
43
64
72
72
67
64
71
76
80
83
88
90
80
74
75
71
61
56
57
56
58
64
69
75
75
70
60
64
69
72
81
81
72
67
52
35
25
27
32
38
49
48
35
18
17
34
41
36
26
20
27
41
39
28
32
40
51
58
59
54
59
65
58
56
65
70
71
75
77
69
57
48
43
41
38
37
41
42
36
26
25
34
35
34
32
25
25
43
56
49
37
35
41
43
40
43
42
32
35
42
45
44
44
51
54
53
44
44
54
48
36
35
44
55
60
56
52
49
42
39
36
38
45
41
27
26
27
20
9
11
17
18
16
10
11
16
8
3
11
24
41
54
50
49
59
69
60
57
66
81
86
82
82
88
92
81
68
71
80
83
75
75
66
48
40
42
49
55
55
43
40
44
50
57
60
53
42
36
27
28
27
25
26
33
36
22
7
5
16
23
26
26
33
44
55
59
56
57
69
85
104
121
123
115
99
85
88
101
99
88
82
74
67
64
57
56
56
50
36
25
28
37
33
23
22
21
19
12
8
3
6
21
22
9
8
19
36
44
49
42
41
45
57
83
89
83
82
81
75
75
86
92
93
101
104
100
89
84
85
84
73
52
25
19
26
37
41
34
19
20
25
35
37
32
32
37
34
32
40
53
52
33
2
-14
-10
8
27
40
43
41
42
56
57
34
18
29
54
58
51
59
71
73
71
65
58
57
58
57
53
49
52
66
71
68
56
41
23
19
18
4
-6
-13
-23
-22
2
40
59
57
53
50
43
37
34
25
17
10
16
22
26
28
36
38
44
53
54
45
38
43
59
71
68
57
66
75
73
69
65
57
51
49
55
72
93
108
112
106
92
80
84
100
91
84
70
55
43
34
28
36
33
20
11
12
11
10
10
9
6
-4
-23
-29
-23
-10
1
4
8
11
22
38
40
40
49
52
45
41
42
54
64
73
73
64
60
64
68
75
82
80
82
89
99
97
83
71
66
57
60
70
56
35
26
29
37
40
32
24
23
24
20
17
11
5
-6
-12
-14
-12
-6
0
7
18
20
13
12
23
37
49
53
60
68
75
86
91
88
86
82
80
80
85
90
92
96
91
83
69
64
73
80
80
93
108
101
77
65
53
49
49
48
37
20
9
12
33
35
18
8
5
10
23
28
18
4
3
11
24
26
22
26
41
58
67
65
56
50
57
73
75
66
53
57
70
73
70
68
70
74
72
67
61
55
43
50
56
60
60
66
76
81
68
48
24
20
34
36
36
41
54
61
54
29
20
32
41
36
34
37
43
39
24
7
10
17
19
24
21
25
39
43
42
41
45
50
50
50
48
49
54
54
49
44
48
55
57
56
60
71
71
64
60
58
52
37
34
39
42
44
40
36
26
18
18
32
48
52
52
52
45
48
40
29
24
33
42
56
67
57
41
24
12
18
35
49
50
50
56
56
44
38
45
52
59
53
40
44
50
38
20
2
2
10
21
20
17
10
12
17
12
7
8
11
16
8
5
10
11
9
6
3
8
21
33
36
25
16
13
22
33
39
44
45
43
49
49
51
53
48
42
48
54
60
64
56
50
43
44
54
61
57
44
36
26
22
24
27
29
33
42
53
44
40
42
49
43
37
35
48
65
65
54
55
60
58
64
58
44
36
42
56
66
68
71
81
84
82
71
68
67
68
61
56
67
80
77
60
44
36
32
36
50
54
42
27
17
5
1
-9
-22
-21
-19
-9
6
20
25
36
48
64
81
80
74
70
57
45
43
48
56
67
75
80
73
66
55
50
56
69
80
81
71
66
64
56
43
50
57
58
54
41
40
44
52
52
48
40
29
25
26
34
48
58
66
64
56
67
70
55
50
58
70
72
58
44
44
49
44
54
71
86
91
86
73
72
81
92
108
117
102
77
65
52
53
72
82
71
58
57
58
55
54
51
56
69
57
34
33
49
64
59
50
50
51
48
44
41
35
32
36
40
44
52
54
56
58
43
27
36
61
80
71
50
34
41
68
76
60
52
52
45
38
32
23
13
7
8
16
17
17
18
20
28
29
33
34
26
20
22
25
21
16
8
9
22
34
36
39
43
49
56
69
72
67
56
64
72
85
90
84
81
85
90
85
69
57
51
52
64
75
76
66
68
75
75
80
73
57
41
25
25
32
33
34
18
6
10
8
4
1
-8
-12
-9
6
18
18
11
5
1
11
23
20
18
21
26
29
38
44
42
48
55
68
81
89
93
91
90
101
103
96
97
104
90
76
84
102
113
108
99
93
90
81
55
35
33
38
43
49
27
0
-6
3
-2
-12
-24
-26
-33
-36
-30
-23
-13
3
6
8
17
33
43
43
37
38
54
70
73
72
69
61
68
85
97
88
66
50
52
53
49
41
49
65
70
69
61
53
39
38
51
51
48
41
38
36
35
29
16
3
-4
-10
-10
-9
-10
-8
-4
1
10
32
42
39
44
57
49
48
67
85
80
64
64
69
74
76
73
67
64
57
53
53
52
56
68
69
65
59
59
61
69
70
59
58
50
39
42
48
41
27
18
9
-3
-14
-22
-12
-3
-3
-6
-4
3
4
8
20
35
38
22
19
33
41
38
37
41
48
50
58
66
65
71
86
97
99
98
97
96
90
87
90
102
115
118
117
99
81
76
81
86
73
53
40
22
16
19
20
8
-1
-4
-6
-11
-19
-18
-8
-1
2
1
1
2
2
3
5
18
33
49
45
25
2
-2
6
6
1
-5
-4
-2
1
12
32
51
74
89
103
119
124
128
120
115
107
106
118
124
120
113
113
112
96
72
64
69
73
69
59
57
52
38
33
25
13
7
10
26
36
40
28
10
0
10
26
28
25
20
20
35
56
56
48
54
66
57
49
52
51
43
39
55
83
87
77
69
71
72
66
57
55
66
85
89
75
66
57
60
64
53
48
41
43
41
37
23
8
2
7
16
22
33
37
41
48
49
48
52
52
52
53
50
48
52
49
39
39
41
40
43
44
37
27
38
52
64
70
69
59
59
68
72
74
67
57
53
54
58
51
40
36
36
27
18
19
24
23
13
3
6
11
10
6
5
8
9
22
33
35
37
41
40
38
41
45
54
69
89
98
86
80
83
90
82
67
60
54
51
50
59
70
68
61
59
60
68
70
72
67
57
55
54
44
43
45
45
39
27
27
26
17
19
24
27
35
33
34
41
38
33
40
55
58
56
50
43
53
65
71
64
53
43
34
26
28
26
24
23
18
19
22
25
36
51
57
51
33
24
24
22
22
24
32
28
26
21
18
27
38
38
35
35
44
52
51
44
42
38
22
7
8
19
23
23
35
55
59
56
58
69
71
67
60
57
57
64
71
86
89
73
65
59
53
52
54
56
58
72
74
67
60
57
57
56
55
57
57
43
43
65
90
107
100
81
57
41
37
43
44
39
39
48
43
52
66
49
25
20
33
51
70
73
60
48
42
51
55
55
53
40
45
59
61
53
44
49
65
85
87
68
54
53
58
65
67
65
59
50
40
42
50
49
50
37
35
38
40
38
37
42
50
43
41
49
49
41
41
43
54
66
58
52
64
64
56
57
54
41
44
60
67
57
41
32
29
36
37
34
35
44
59
69
56
38
35
27
21
17
17
29
33
22
18
18
22
24
19
9
9
19
32
43
54
48
32
19
21
35
48
55
50
34
21
20
22
24
27
33
37
58
89
100
104
104
113
117
115
108
100
99
99
99
102
92
86
71
57
42
32
34
37
36
37
41
41
37
35
40
51
51
43
43
45
39
36
40
53
50
36
32
33
35
36
35
44
45
43
56
67
64
56
53
55
56
65
76
91
96
87
74
72
72
65
58
54
55
61
67
65
50
32
20
13
8
3
1
0
-10
-18
-17
-11
-22
-23
-17
-17
-12
-8
-7
-4
-2
2
19
29
29
28
34
42
56
59
54
43
37
39
41
42
45
48
48
54
65
67
59
64
75
81
76
81
84
74
71
65
57
54
44
29
17
12
9
7
17
32
32
18
12
11
5
2
2
8
12
8
7
6
12
24
29
28
23
23
23
20
20
29
40
53
67
72
65
58
60
60
59
59
60
58
65
70
68
75
90
92
86
81
84
93
93
84
68
55
55
60
67
65
60
57
54
41
32
20
10
20
36
38
33
23
19
18
11
9
23
42
43
44
49
43
34
42
57
59
56
56
61
73
84
100
99
90
87
72
61
70
83
71
49
33
29
34
43
52
60
73
73
40
25
40
52
51
36
27
32
32
38
48
43
28
26
43
61
52
36
44
68
72
68
64
58
53
50
42
39
43
53
56
51
45
40
39
51
57
49
37
28
29
28
24
21
17
10
12
19
24
33
26
22
21
25
32
33
26
20
28
44
39
25
18
11
19
35
44
48
52
57
64
72
70
67
69
76
86
88
86
82
76
80
80
73
64
55
58
72
82
75
67
58
52
43
39
35
29
32
34
33
34
36
38
43
53
56
55
51
49
60
75
74
65
49
48
55
58
51
51
51
44
52
67
76
82
84
73
59
59
55
48
52
67
73
72
70
65
71
87
89
77
70
76
83
72
56
48
41
37
28
23
20
8
3
0
4
20
38
56
71
76
76
70
61
61
59
48
38
44
55
58
60
58
52
38
26
26
35
42
45
39
28
35
49
61
61
60
56
49
52
65
69
70
80
90
107
113
106
103
102
97
92
86
68
54
50
51
53
53
40
28
34
48
42
26
19
25
27
20
17
23
21
1
-12
-7
2
3
-3
-17
-26
-20
-4
4
7
12
19
16
5
-2
-2
11
36
43
35
22
32
44
50
50
48
52
67
68
65
57
48
40
52
58
52
52
54
37
29
32
20
12
7
6
13
13
9
8
8
9
7
8
16
22
24
12
1
3
19
37
40
34
33
37
36
35
37
41
41
40
49
64
77
88
93
99
101
105
114
118
114
105
108
117
115
103
99
103
101
97
85
68
57
64
68
65
58
50
43
40
40
39
40
34
28
26
16
-1
-7
1
12
23
22
18
18
23
24
21
22
28
39
49
51
49
44
42
42
43
43
50
51
42
34
38
51
70
93
108
107
90
65
52
58
65
57
51
45
49
54
52
48
53
66
72
75
71
56
38
26
33
27
12
9
20
27
33
36
32
20
17
19
22
21
24
36
42
39
26
21
26
43
53
54
49
44
52
64
65
58
52
53
65
80
90
90
88
93
96
96
99
88
73
70
73
80
85
80
66
55
36
22
24
33
28
19
8
2
-6
-8
-10
-12
-18
-12
-7
-2
3
16
37
42
20
7
17
20
23
27
39
39
37
49
44
42
51
58
71
77
74
71
71
66
59
67
81
88
80
58
50
43
43
49
41
23
6
5
17
10
-27
-56
-55
-50
-45
-52
-53
-46
-44
-50
-40
-22
-22
-21
-4
17
26
26
21
25
38
48
53
58
67
77
88
100
105
114
114
109
122
129
121
118
128
138
140
119
100
89
85
83
70
58
54
54
60
65
53
37
17
6
6
10
10
7
0
1
5
-7
-20
-30
-40
-34
-21
-2
24
35
35
41
51
49
35
28
29
26
32
39
42
42
50
64
71
71
73
70
59
65
87
103
103
103
103
96
75
65
72
87
99
103
106
115
118
109
105
98
81
67
65
68
66
55
50
49
48
39
26
22
27
35
35
25
26
42
60
68
60
56
58
67
75
80
74
75
87
97
97
89
87
88
99
114
129
131
120
113
108
96
76
69
71
72
69
66
69
74
76
70
59
49
36
20
18
28
34
35
44
48
35
23
16
13
27
40
39
28
24
43
75
97
101
98
89
84
76
81
83
77
85
104
115
118
122
115
91
71
67
70
74
80
70
67
70
73
70
51
41
44
52
48
32
21
22
22
20
20
27
38
36
34
42
49
40
43
55
50
27
24
44
64
74
91
103
105
106
117
131
133
123
107
97
91
92
88
75
72
73
69
66
72
73
65
55
55
58
57
50
48
52
56
45
37
54
75
74
59
44
38
33
25
12
4
16
27
26
17
11
17
18
21
24
34
40
41
33
6
-10
-10
-1
2
9
29
35
28
33
48
57
51
49
52
56
64
66
60
52
43
54
71
80
75
71
66
56
59
76
100
116
113
97
81
70
61
55
51
48
49
50
48
35
27
43
60
56
39
27
28
42
52
53
48
49
45
34
23
10
2
-2
-13
-18
2
27
54
54
41
41
49
48
44
52
69
88
103
108
113
113
114
115
114
113
106
87
74
66
60
60
51
36
19
8
5
-1
3
10
17
12
4
9
13
18
21
23
25
33
25
2
-14
-12
-8
-5
-1
-3
-3
16
37
41
44
51
52
56
64
65
68
84
92
88
70
55
67
83
83
84
99
113
104
87
72
67
74
77
72
66
53
42
41
45
48
41
34
27
16
-3
-8
-7
-7
-11
-19
-18
-8
-1
2
3
10
23
28
25
11
-7
-19
-12
4
22
32
35
40
42
40
40
43
49
57
84
108
115
108
104
102
103
105
97
87
92
89
81
65
40
21
7
0
-3
-11
-20
-19
-3
9
23
33
41
51
56
57
59
55
42
25
18
7
5
20
49
70
71
65
64
65
58
48
38
55
97
129
130
105
89
101
123
131
114
99
99
106
115
113
97
81
69
54
51
57
53
36
20
10
4
-2
-9
-12
-10
-5
2
3
1
-13
-28
-36
-39
-41
-33
-7
5
3
-9
-21
-30
-33
-27
-24
-9
18
37
38
36
48
71
88
91
100
113
121
128
136
152
160
149
135
130
115
85
64
48
35
25
16
8
5
-1
-12
-20
-19
-20
-28
-41
-41
-37
-37
-40
-43
-45
-43
-34
-26
-10
9
26
25
19
11
4
-22
-39
-26
2
26
41
56
60
65
65
59
64
84
102
107
115
128
129
118
116
123
131
128
114
97
85
76
73
66
57
64
70
64
48
40
41
37
22
8
8
20
22
21
22
22
19
22
34
37
33
12
2
5
20
40
48
39
23
24
41
60
69
60
50
42
44
58
82
99
108
125
137
139
134
132
134
128
117
106
96
96
97
98
89
74
59
41
34
28
20
20
33
39
28
25
27
23
23
28
33
26
11
0
-10
-13
2
23
34
32
22
20
26
20
17
37
54
56
55
60
69
73
75
81
82
74
81
82
66
52
40
25
11
6
9
20
20
13
9
9
8
7
5
-1
-12
-27
-33
-26
-13
-4
-6
-11
-10
-7
-6
-8
-6
12
34
41
28
21
19
22
25
26
26
32
44
59
70
75
80
82
74
67
69
72
77
89
87
75
55
41
41
53
60
59
54
54
60
69
70
58
42
36
40
45
48
41
41
50
54
54
51
51
54
57
57
56
51
40
40
48
60
75
80
75
71
67
66
59
51
56
71
85
102
100
84
70
57
57
64
68
76
72
61
57
66
70
69
67
67
64
54
49
52
52
48
52
53
44
28
20
28
40
42
42
49
48
39
24
18
29
40
34
17
4
2
-2
-4
-3
-2
-2
5
11
19
20
17
16
19
34
51
52
45
44
53
66
73
68
69
85
97
83
59
40
19
4
-8
-13
-6
2
10
20
25
42
68
87
93
90
86
83
67
45
43
44
33
17
12
18
22
26
33
34
25
25
28
33
38
48
66
86
98
90
82
75
70
72
89
102
105
92
85
82
86
100
100
101
118
129
121
128
128
118
106
104
106
112
113
107
98
86
88
98
98
81
64
52
42
41
38
25
12
3
-1
-4
-11
-12
-8
7
11
12
20
23
18
7
9
16
7
2
9
25
38
43
49
41
42
52
57
68
71
68
76
86
82
72
68
53
48
42
37
42
45
33
23
28
32
26
28
35
38
43
28
6
8
21
24
11
4
2
-1
-1
6
11
17
17
21
24
18
24
59
82
75
68
71
71
72
77
91
102
105
105
106
106
99
85
73
60
50
44
50
64
70
66
57
50
44
52
60
60
52
41
23
13
22
24
22
22
22
20
3
-11
-18
-17
-26
-29
-22
-3
9
10
6
2
2
5
18
38
49
50
52
51
44
64
85
87
76
70
72
82
89
84
82
86
91
87
70
60
60
64
58
56
52
49
49
43
37
32
27
22
23
33
41
43
43
38
32
25
23
26
27
24
25
29
27
19
11
22
37
36
38
44
43
38
35
44
56
56
49
58
82
97
102
100
97
96
91
89
90
92
88
88
88
83
75
72
71
67
54
42
39
51
51
37
28
21
11
9
13
18
17
10
7
3
4
6
11
19
23
28
40
41
26
10
8
25
53
70
74
85
98
90
77
80
87
86
75
72
86
100
91
88
92
88
76
61
54
49
41
39
41
42
36
28
29
32
27
19
5
-1
-4
-2
5
12
11
7
0
-10
-18
-14
-5
11
25
33
38
41
41
45
56
57
58
60
54
56
70
76
81
88
104
105
102
97
83
68
59
67
75
73
66
57
51
52
59
76
96
74
49
33
22
19
18
20
25
36
38
36
25
18
19
16
9
16
21
19
8
0
-1
6
11
13
25
40
49
52
54
58
59
61
73
86
97
102
105
108
105
100
99
113
128
122
116
109
109
118
124
122
100
68
51
50
55
56
54
53
42
33
22
19
21
33
42
40
42
48
44
41
29
20
6
-4
-11
-13
-23
-34
-38
-27
-4
32
55
59
65
71
77
81
85
86
86
82
82
85
92
105
114
107
87
72
68
73
76
69
55
33
17
19
27
33
18
8
9
18
24
21
11
6
16
34
37
25
18
21
34
39
38
35
23
20
28
43
57
64
58
68
83
88
96
92
82
77
80
82
80
73
73
70
60
60
69
70
68
66
60
55
44
45
42
33
26
25
18
8
6
7
11
6
-3
-6
2
16
21
25
24
21
27
37
43
51
43
35
36
45
67
80
74
66
68
81
87
88
93
102
100
92
85
84
89
88
76
75
81
75
69
64
49
37
36
40
49
54
59
56
44
39
37
42
53
54
42
26
19
19
19
25
35
49
64
67
65
68
73
75
71
65
66
68
66
66
70
82
82
68
54
28
19
29
48
50
37
26
33
43
54
67
74
74
74
77
75
73
71
57
44
45
56
55
36
21
32
51
65
58
36
18
22
35
33
24
21
20
17
11
16
20
32
39
37
28
21
19
18
18
23
38
52
64
81
97
96
84
70
61
49
35
40
52
57
56
53
50
48
49
49
43
40
33
25
37
42
37
32
35
38
28
24
36
51
64
56
35
17
10
27
49
52
42
41
37
26
29
38
36
35
39
43
54
64
60
65
59
66
72
77
86
98
97
90
84
71
60
55
55
60
54
40
43
59
71
67
58
53
42
36
32
25
26
28
25
18
8
5
9
18
21
13
4
2
11
19
24
23
17
22
42
48
41
43
53
57
56
52
42
43
53
60
64
58
61
58
53
55
64
65
73
87
96
89
76
65
48
39
51
58
54
49
44
40
34
34
37
34
32
37
36
34
27
16
10
18
28
33
24
21
24
37
43
48
50
49
50
55
58
56
51
39
44
59
64
58
53
40
34
32
27
18
5
-2
9
27
39
38
37
41
43
53
55
51
51
44
36
40
54
65
70
73
68
64
60
68
72
70
68
67
66
69
68
68
69
66
58
60
60
55
49
48
48
42
35
34
35
35
38
41
35
16
-1
-9
-9
-1
2
0
1
13
34
44
49
41
36
35
39
44
49
49
54
55
51
52
52
51
42
41
50
61
59
49
43
52
53
45
38
38
49
57
57
49
50
59
68
72
66
54
44
51
71
82
70
59
51
35
19
7
-5
-11
-8
-5
-8
-11
-7
9
37
54
55
50
44
48
51
41
37
39
41
44
52
57
65
70
82
86
87
81
73
77
96
105
102
92
80
80
88
93
93
92
89
90
97
103
115
117
107
102
107
107
106
97
90
93
92
87
75
54
29
20
18
8
3
4
7
4
-2
-7
-3
5
11
9
0
-2
4
18
22
19
20
24
24
22
33
52
60
53
48
59
75
76
71
70
73
96
115
112
96
84
87
100
102
89
73
68
71
76
80
80
70
53
39
38
40
37
38
36
27
21
10
3
3
5
1
-6
-10
-13
-10
-4
1
4
10
16
18
9
2
9
26
35
40
44
51
54
57
59
59
66
82
98
98
91
99
103
108
113
105
98
92
88
91
100
104
106
108
107
105
103
97
88
84
76
68
57
54
64
65
52
37
21
7
-2
-3
1
11
25
37
40
41
38
29
21
16
20
34
44
50
42
37
37
41
50
54
58
69
75
76
75
70
59
54
51
49
53
58
67
73
84
86
71
64
65
67
60
54
54
58
56
37
20
11
12
10
1
-13
-25
-24
-13
-9
-12
-23
-26
-19
-20
-24
-18
-6
-5
-10
-18
-9
5
17
16
17
26
39
45
55
59
53
48
53
65
67
61
61
68
71
72
70
70
71
75
90
108
116
113
103
91
92
90
83
67
51
41
40
54
57
50
48
48
51
55
58
66
66
69
76
69
42
23
21
20
16
11
17
21
22
19
16
16
22
32
35
37
33
33
48
53
55
66
68
68
75
80
81
81
75
71
65
52
43
37
33
37
41
36
22
8
4
9
21
33
40
38
26
18
5
5
19
32
39
41
44
53
43
32
35
51
65
60
49
38
41
55
67
69
68
66
72
76
73
67
66
64
48
54
80
90
87
76
67
72
83
88
85
81
75
74
80
75
72
64
51
42
41
42
43
41
34
26
25
26
26
20
19
25
38
33
26
38
49
48
41
39
37
41
57
66
68
69
69
69
69
56
39
34
35
42
50
49
39
36
27
22
26
37
42
51
58
59
57
57
56
56
59
76
89
91
97
99
100
97
90
87
82
76
72
64
52
43
45
51
53
52
44
51
56
42
16
-2
-1
2
5
2
0
10
37
53
49
49
61
69
64
50
36
26
39
57
59
64
60
64
60
53
39
33
38
49
53
54
57
54
48
41
42
36
37
50
58
52
41
35
38
34
25
26
36
39
36
34
36
50
64
65
61
56
48
40
36
35
38
40
41
36
25
21
25
34
44
41
36
35
43
55
68
81
87
91
90
87
87
84
73
68
64
55
56
65
72
74
75
67
