21
23
3
-8
-8
-6
-8
-11
-1
13
21
24
27
28
28
28
40
51
57
64
64
61
64
51
45
65
89
103
102
96
97
97
87
71
53
48
51
56
61
61
64
55
42
34
18
6
0
6
19
12
1
0
17
32
39
36
25
18
23
23
9
-1
1
6
17
22
21
18
17
20
32
51
57
51
45
45
41
36
37
38
26
10
-2
-20
-35
-22
-1
6
9
25
55
85
99
102
115
120
117
108
98
88
87
90
96
91
86
75
60
54
50
40
23
18
23
37
51
52
39
25
26
36
39
42
49
48
44
50
53
51
50
42
35
38
42
42
43
41
38
33
32
40
49
56
66
72
74
82
87
82
73
74
84
88
89
87
80
83
92
96
86
77
77
80
70
56
45
40
41
40
34
21
16
19
22
9
-3
-13
-24
-25
-14
-5
-10
-21
-21
-13
-10
-11
-19
-20
-24
-23
-10
2
19
32
34
38
48
64
75
87
99
100
89
77
85
92
91
90
96
96
96
93
92
84
75
68
69
77
84
85
87
84
76
72
65
51
43
52
68
60
34
18
11
11
10
9
11
9
6
3
-3
1
11
11
5
10
19
24
35
36
36
40
52
67
69
66
54
49
65
90
112
116
121
119
112
113
116
108
91
87
101
106
97
81
70
64
60
55
41
21
10
6
0
-3
-1
-3
-9
-3
8
9
-1
-6
-11
-14
-4
0
-2
-2
2
3
-3
-14
-21
-14
-1
19
40
54
56
53
65
66
54
45
41
43
53
56
44
40
45
50
52
53
58
65
70
80
80
68
59
60
57
50
51
65
66
50
36
37
38
34
32
29
28
22
17
17
22
21
10
0
0
7
12
16
22
32
42
52
57
65
68
66
60
59
54
48
54
68
75
84
96
96
89
92
103
112
108
103
102
99
93
88
76
73
67
56
59
67
69
66
66
71
66
51
32
23
29
41
38
24
12
10
12
22
22
22
21
16
11
17
23
28
28
27
28
35
42
57
71
82
85
87
92
88
87
90
91
101
103
87
75
73
76
67
49
42
44
49
40
21
6
3
5
6
-7
-20
-12
-1
8
12
16
21
28
32
27
27
26
27
33
41
53
58
57
49
38
41
51
59
58
52
52
54
61
66
65
71
68
64
69
87
101
103
97
86
73
64
56
50
45
44
43
33
11
-3
-14
-33
-50
-56
-58
-51
-28
-7
4
2
2
13
36
49
43
35
25
26
37
51
58
61
66
67
64
53
42
44
60
75
83
84
80
81
91
98
99
100
97
93
103
112
104
85
77
85
98
99
83
66
54
54
52
41
32
34
37
36
27
18
11
13
17
11
0
-5
-1
3
7
17
24
29
34
34
38
53
59
51
40
32
34
40
44
42
44
51
53
49
44
44
40
37
37
42
43
44
44
41
40
41
39
29
25
32
34
37
39
40
38
39
39
41
39
40
41
37
37
37
32
22
17
11
25
44
54
43
33
38
50
53
50
42
40
42
41
51
59
54
42
40
53
67
68
59
54
56
55
54
50
44
52
64
72
74
72
67
60
56
53
44
33
32
48
60
58
45
38
34
38
53
60
54
53
64
82
98
106
114
128
130
124
122
124
124
113
99
88
82
74
75
67
48
35
27
32
34
26
10
4
9
16
12
8
10
19
22
11
6
5
13
19
10
2
6
25
36
37
38
42
50
53
52
44
43
54
65
60
54
50
44
54
66
65
58
58
60
66
80
96
96
81
76
83
73
54
44
50
67
75
70
50
24
20
29
32
27
22
11
11
16
8
2
-4
-11
-12
-12
-11
-5
8
23
27
24
21
18
18
27
44
44
39
34
32
42
64
87
98
92
84
76
74
75
77
75
64
48
39
37
33
27
20
0
-10
2
10
4
-5
-11
-8
1
6
6
8
18
28
38
52
67
76
86
84
71
55
49
54
64
73
81
72
60
65
73
71
68
73
83
85
82
76
74
70
68
59
56
67
90
96
81
73
80
83
72
54
52
66
74
73
64
56
66
81
76
64
51
55
67
69
61
52
49
42
41
45
42
36
21
10
12
12
13
16
12
16
18
13
11
12
20
28
40
43
43
35
22
16
20
29
34
20
6
0
-13
-29
-42
-50
-49
-35
-10
18
44
57
65
74
86
86
77
67
50
36
40
53
53
43
27
20
23
34
41
43
48
52
52
50
51
58
70
82
96
103
107
106
97
85
71
58
56
67
81
76
69
76
87
83
69
55
51
57
73
75
59
40
28
28
32
26
18
21
34
33
20
11
12
19
12
0
-2
1
7
8
5
3
-2
-8
-9
-6
-3
-6
-11
-18
-18
-10
1
6
21
49
60
56
61
74
86
90
90
90
84
66
52
55
57
55
60
73
80
75
65
44
33
38
49
50
43
27
16
12
12
12
12
5
-2
-1
-1
2
7
6
1
6
25
37
28
18
19
32
40
44
41
34
26
33
45
44
40
39
44
51
57
59
52
50
60
73
80
84
82
77
82
93
106
108
107
109
107
97
81
76
85
89
80
56
28
10
10
16
17
19
12
-2
-2
2
7
12
7
-4
-1
16
22
21
20
23
39
55
59
58
57
60
67
74
76
76
81
91
99
97
87
82
97
116
122
116
101
88
90
99
89
69
52
40
29
22
21
26
25
6
-14
-22
-21
-12
-5
-4
-4
-5
0
13
34
54
60
59
52
41
44
70
97
103
103
105
105
97
87
75
60
58
75
86
73
60
60
68
71
64
49
42
45
43
37
38
45
52
43
25
4
-1
8
18
18
21
32
32
26
25
34
40
38
33
33
37
29
25
32
43
54
41
16
4
10
19
22
29
33
21
27
51
57
53
65
83
96
102
105
109
116
123
131
121
105
103
107
108
101
86
74
73
67
58
60
57
45
42
50
54
45
26
21
20
8
1
1
-1
-2
-1
0
-1
2
8
16
19
17
18
25
20
7
0
-2
7
18
27
35
40
43
49
58
65
58
57
59
60
60
53
49
50
60
73
76
72
69
68
73
84
89
96
92
93
97
91
83
69
57
49
39
27
12
-2
-13
-25
-37
-57
-66
-49
-20
1
17
29
38
42
44
42
36
36
42
45
37
39
49
53
59
73
72
57
44
49
60
77
88
85
75
75
80
75
68
73
92
102
97
86
76
70
73
80
74
68
66
74
82
66
39
33
41
52
54
44
33
26
26
29
39
42
40
43
42
38
36
40
40
40
49
53
57
60
58
60
66
67
64
57
55
59
69
77
84
87
76
69
73
75
70
64
66
74
69
59
54
53
57
53
42
41
51
65
72
61
41
25
20
19
8
-3
-8
-10
-14
-19
-14
-9
-6
-6
-9
-10
-8
-10
-11
-7
-3
3
5
11
24
34
39
42
51
60
68
70
72
70
71
81
91
92
84
76
83
83
76
77
90
91
74
58
53
52
48
35
25
32
40
43
36
26
21
8
-1
1
10
18
16
12
21
27
37
49
54
56
57
60
67
65
50
49
58
80
91
89
81
74
74
76
73
68
61
58
54
54
64
71
70
66
54
52
54
37
18
10
11
23
42
49
32
10
4
12
19
9
0
-1
3
4
1
9
25
40
35
24
27
35
34
33
38
44
50
44
41
48
58
69
76
86
84
82
87
87
75
72
75
72
70
69
76
84
73
65
58
52
48
45
45
44
40
33
36
43
44
40
36
33
32
29
25
24
24
29
35
34
40
52
54
56
56
51
52
50
45
50
57
69
59
40
52
80
99
102
91
74
68
72
74
76
83
91
104
99
69
49
53
64
64
54
44
39
22
6
0
2
3
2
-5
-20
-37
-44
-37
-14
9
24
28
37
39
40
43
48
52
54
51
52
58
59
60
65
67
73
85
93
97
89
87
89
91
88
89
98
103
105
103
92
85
80
82
89
98
89
74
64
51
36
33
32
32
32
21
17
9
0
-5
-3
2
7
7
18
33
32
25
26
32
22
13
16
21
35
38
36
38
41
54
65
74
83
72
51
41
53
74
96
108
112
104
103
100
88
84
88
96
96
92
87
70
56
48
36
22
12
1
-17
-36
-49
-57
-73
-86
-77
-56
-29
-8
4
12
23
26
19
12
10
18
35
52
67
61
55
59
66
66
66
69
71
73
76
82
85
83
82
80
72
65
55
51
54
60
65
57
41
24
9
2
2
16
34
40
43
48
56
68
65
58
56
52
39
34
41
58
70
68
60
66
68
61
57
57
56
49
52
60
65
66
65
65
69
73
72
68
65
58
49
40
38
43
51
51
44
39
34
36
42
53
57
51
37
32
36
43
51
58
69
66
55
48
42
39
41
42
53
70
73
66
58
54
50
48
50
49
48
43
48
52
56
50
41
48
55
58
52
42
43
51
59
67
69
66
53
45
41
39
39
37
34
29
34
44
52
53
40
26
25
42
64
64
43
28
26
25
24
37
51
52
48
40
36
35
35
38
37
40
52
60
51
32
12
-2
-5
1
6
10
18
18
17
20
26
27
23
24
33
43
59
71
67
55
54
58
60
54
49
51
56
68
84
99
104
103
100
103
107
102
89
86
86
82
76
75
72
56
44
51
59
60
50
38
35
28
28
37
39
36
25
19
26
45
66
68
55
41
37
37
38
45
59
58
43
37
48
54
49
37
40
58
60
56
53
49
45
54
69
76
83
88
99
100
93
92
97
107
114
104
89
82
76
75
67
57
53
45
39
38
32
19
18
22
24
17
-5
-19
-8
1
5
6
1
4
5
8
17
23
23
24
27
42
55
55
51
49
56
69
73
72
72
75
76
71
69
73
72
69
67
59
50
50
58
64
53
41
32
18
5
2
2
-1
-1
4
7
2
-2
-2
5
19
25
25
21
26
38
44
37
24
22
22
29
43
53
41
26
23
32
39
40
48
57
67
66
57
56
66
75
81
76
67
59
56
56
64
70
68
65
54
45
49
48
40
32
23
27
43
49
36
25
28
37
37
33
29
35
35
28
33
48
51
38
17
0
-7
-5
-1
3
1
-13
-28
-29
-24
-18
-12
-8
8
36
64
81
85
87
87
97
113
120
119
119
112
101
93
96
90
81
68
70
83
97
96
87
82
83
86
92
85
66
55
50
52
50
41
23
8
4
7
6
11
17
17
8
-5
-4
7
16
18
25
34
22
11
13
23
23
12
5
17
29
40
51
53
50
55
75
89
86
82
85
96
91
82
68
55
48
43
36
26
24
33
38
44
54
59
61
64
64
60
57
48
37
36
37
38
43
42
34
21
11
4
-3
-7
-10
-8
-5
-1
1
4
17
34
51
57
54
56
67
88
106
102
92
108
125
129
122
120
118
117
113
108
117
125
124
116
105
100
91
83
71
68
66
57
45
33
26
25
18
9
6
3
-1
-3
-12
-26
-26
-17
-9
-4
0
4
12
21
32
37
42
52
64
70
71
73
75
73
77
88
89
97
114
121
123
121
121
118
107
99
90
83
71
60
60
59
54
42
35
26
26
33
37
40
37
33
25
16
1
-11
-21
-12
-6
-2
10
28
43
41
33
28
33
35
28
28
43
65
73
71
65
60
70
87
96
96
98
101
100
97
93
92
92
89
75
65
58
51
51
56
53
48
40
33
19
19
23
24
12
10
18
16
16
23
26
19
3
-8
-6
2
8
17
21
18
9
7
7
13
34
48
55
58
60
67
70
70
71
84
88
84
76
73
80
81
83
84
76
68
56
55
53
48
38
32
33
40
41
28
9
-4
-6
-10
-9
-4
4
8
9
9
16
20
23
29
52
60
49
44
65
84
90
81
69
65
59
64
71
88
114
121
106
88
81
88
109
116
112
106
104
98
87
81
73
68
66
70
73
68
44
28
23
24
28
32
27
20
4
-10
-21
-19
-10
-6
-3
-3
0
4
10
21
23
22
33
51
69
73
68
71
80
80
76
82
86
80
81
81
82
84
87
81
69
50
33
25
28
26
17
3
-6
-12
-11
-9
2
34
59
59
41
37
50
64
60
59
48
33
35
53
65
57
48
43
44
56
68
66
65
68
70
80
83
81
75
72
73
82
87
84
72
60
51
43
52
60
68
67
65
65
70
65
48
38
42
49
49
44
48
49
42
39
35
48
64
74
74
65
52
48
50
54
50
39
28
11
4
7
18
23
26
24
20
17
17
19
20
19
21
27
44
54
43
24
19
26
24
12
16
25
29
32
40
52
60
68
65
57
58
59
57
55
55
59
56
43
38
41
49
59
69
66
65
77
84
72
60
53
52
57
67
59
55
56
58
66
69
66
54
45
49
51
52
53
54
51
56
59
48
39
43
48
36
28
34
38
38
37
44
51
48
56
82
86
80
70
64
56
52
52
54
57
65
72
73
67
60
71
84
91
90
85
82
83
86
97
92
85
81
73
65
50
38
28
26
40
56
56
45
39
32
19
2
-9
1
8
12
16
23
38
34
17
18
33
34
22
7
0
4
8
9
12
22
29
32
33
42
60
75
74
72
72
76
88
93
87
72
59
56
64
59
45
38
36
38
36
24
22
26
19
20
20
12
11
8
4
11
22
27
28
28
36
41
43
38
23
10
10
33
52
53
42
33
35
49
65
76
86
97
100
103
106
105
104
104
105
100
92
96
91
76
50
32
26
25
12
7
8
5
3
8
9
4
0
1
-1
-7
-14
-18
-18
-22
-20
-17
-9
-3
2
9
22
33
49
68
70
69
70
67
67
74
81
72
69
77
96
103
91
77
76
88
86
81
71
68
64
55
50
48
43
38
25
18
19
20
5
-9
-13
-7
2
10
7
-5
-9
-6
-13
-24
-26
-21
-8
0
3
9
22
38
51
52
57
72
84
87
86
85
97
106
112
105
101
96
88
81
72
70
74
75
75
75
73
68
67
60
64
69
80
81
65
55
59
58
49
36
26
25
32
33
23
16
4
-3
-7
-7
-5
-9
-17
-27
-38
-37
-41
-44
-39
-25
-3
27
41
50
56
68
85
87
76
70
70
71
71
67
72
74
72
74
74
69
69
73
73
75
81
88
91
99
105
104
100
87
75
70
74
76
70
61
55
53
57
73
81
84
88
88
85
76
72
80
82
81
81
71
52
49
55
74
98
99
87
73
65
55
48
50
58
66
71
73
61
53
48
38
38
41
36
32
37
43
41
33
23
26
35
35
29
24
25
32
26
18
22
33
36
35
28
29
37
44
56
60
55
50
43
38
40
39
33
26
21
28
41
52
53
45
32
28
33
28
29
35
39
33
12
2
4
18
23
36
51
60
58
50
44
44
52
58
68
65
59
58
53
44
36
33
33
33
35
37
40
42
49
51
49
53
52
44
35
26
25
41
65
65
52
38
36
40
39
36
38
40
43
45
40
35
39
59
76
88
102
106
97
81
65
51
44
51
57
59
66
66
54
50
50
48
50
44
34
19
3
-1
6
17
28
38
43
37
29
34
35
38
44
44
42
34
33
41
52
52
41
33
39
60
80
80
67
60
69
80
80
73
69
61
64
65
67
71
70
70
73
67
54
48
41
34
16
6
8
9
16
27
39
40
37
35
32
27
24
27
32
41
56
66
58
45
29
19
23
39
52
57
65
72
71
58
54
56
69
83
93
102
96
82
71
67
70
82
91
91
82
68
51
38
33
29
25
23
24
33
29
25
17
12
19
28
35
26
12
8
16
33
54
57
49
52
56
50
39
28
22
20
23
34
41
51
55
54
58
70
83
96
102
101
99
97
99
104
103
101
89
82
73
67
59
54
45
40
48
52
53
57
58
50
40
37
32
23
12
8
4
2
5
10
6
-1
-3
-1
7
22
28
22
27
40
39
26
20
23
35
45
51
52
48
39
43
61
66
50
38
29
23
16
17
23
28
23
12
4
-5
-7
-6
5
36
83
108
105
98
96
97
92
82
69
68
71
66
54
55
57
42
29
26
11
4
5
2
8
13
18
21
27
36
49
64
75
75
68
53
55
75
81
71
71
87
103
99
86
85
89
93
97
97
90
84
75
65
53
50
51
57
56
53
55
53
42
36
37
49
43
33
24
9
-1
-2
2
3
2
2
7
21
27
28
22
22
26
26
36
49
51
55
70
82
86
89
80
75
83
82
81
87
89
85
80
72
57
50
54
64
56
42
32
22
12
4
1
4
12
19
16
10
8
6
5
5
12
24
34
37
41
42
41
38
38
48
59
59
49
48
59
75
83
73
64
55
60
72
86
88
89
91
91
85
80
80
90
102
105
96
85
82
76
75
88
91
72
54
50
48
50
54
50
49
55
52
39
34
35
39
52
57
56
52
50
45
38
35
43
56
59
58
52
42
49
52
50
50
51
53
51
43
39
43
49
57
64
68
71
68
60
55
45
36
29
39
54
54
41
33
33
26
12
-2
1
18
33
37
37
27
9
6
12
10
2
-2
-3
0
-5
-7
-2
8
24
38
41
34
20
11
22
41
56
60
50
33
28
43
55
52
40
32
23
23
26
25
34
49
56
58
64
68
76
89
98
92
88
92
91
86
74
72
77
76
80
74
66
53
42
34
35
43
54
61
69
74
72
67
60
60
60
56
49
48
43
41
41
41
50
64
73
80
76
75
72
65
65
57
58
64
54
42
40
41
50
50
37
24
23
25
25
23
32
38
33
35
49
53
51
54
53
44
40
40
54
66
59
56
43
36
37
41
45
59
68
69
67
54
42
41
44
48
52
59
69
71
61
52
51
57
66
72
76
84
85
81
75
64
56
58
56
55
51
45
44
37
24
10
0
0
11
22
21
17
17
12
10
17
25
28
32
33
33
28
18
3
7
19
20
9
-5
-17
-20
-4
20
38
44
65
96
114
115
108
114
114
114
115
113
103
89
76
65
68
83
84
68
51
40
41
39
36
39
43
51
56
52
42
32
20
18
16
8
-1
-2
7
17
24
26
24
27
38
42
44
52
50
39
41
59
75
71
52
39
53
77
91
84
64
44
40
48
58
66
68
73
72
66
57
52
55
41
21
19
27
35
36
32
27
34
36
28
23
8
1
-3
0
13
26
17
1
-4
3
8
3
1
12
33
38
32
24
22
32
36
34
32
25
23
21
18
16
11
18
21
27
36
40
41
42
44
54
57
52
45
49
51
49
45
49
54
56
48
27
25
32
34
43
49
44
41
37
32
36
43
44
40
41
49
64
75
81
81
88
90
76
60
59
70
72
64
55
54
57
72
89
89
89
96
97
89
75
75
86
85
65
49
45
60
70
67
55
51
56
65
64
54
38
28
29
37
40
38
28
25
35
38
25
8
4
17
34
41
43
52
58
64
60
59
60
57
56
55
54
60
67
71
69
58
49
42
44
57
67
66
61
60
68
67
60
53
48
50
50
51
51
50
54
67
68
51
38
29
27
33
42
41
26
16
11
10
13
18
22
24
32
41
50
55
64
66
64
59
49
41
48
59
69
75
75
66
60
56
48
39
41
52
60
57
48
42
43
39
29
19
21
34
36
34
39
51
55
52
43
44
54
57
52
37
23
18
6
5
11
18
22
18
13
18
18
12
8
11
23
23
24
39
52
56
58
60
64
65
69
70
65
64
68
77
83
74
68
64
60
61
60
66
67
59
57
57
56
54
52
53
56
59
50
32
17
7
4
5
7
21
34
28
22
21
25
33
24
8
6
21
34
35
35
39
51
56
41
27
34
42
54
67
60
54
54
60
67
65
65
70
67
58
66
81
99
112
104
83
74
83
83
80
74
64
45
37
27
20
17
9
4
0
-7
-6
3
7
11
23
40
51
57
70
80
83
87
84
81
80
84
92
93
89
82
72
59
48
43
50
57
65
64
50
39
42
50
56
60
57
54
57
66
75
76
73
71
70
67
69
69
58
39
27
40
53
56
71
76
64
52
49
44
52
57
53
42
33
25
12
-3
-14
-13
0
16
19
13
12
16
21
19
10
17
26
25
24
33
40
45
48
43
45
56
56
42
28
27
38
53
50
43
48
49
54
56
72
87
90
92
97
88
80
81
84
84
82
76
80
81
70
54
43
51
56
53
45
44
35
20
5
-7
-17
-22
-23
-21
-26
-30
-24
-21
-21
-11
3
23
38
41
41
44
51
56
66
60
49
42
49
60
68
64
55
54
58
60
68
77
83
86
89
96
93
99
107
115
119
120
115
103
99
106
112
102
91
97
103
96
72
58
52
51
48
36
27
32
36
34
35
34
25
22
18
17
24
37
39
28
29
35
38
37
34
36
41
44
52
53
48
40
48
64
75
82
77
70
59
55
56
59
55
52
56
60
58
50
51
57
64
66
61
54
49
54
64
57
56
54
50
42
41
41
43
51
49
33
8
1
18
40
52
53
45
35
32
42
56
55
51
49
43
38
36
38
43
52
57
64
74
86
81
60
44
48
55
56
53
39
34
43
52
56
55
50
48
50
58
64
57
45
35
28
27
24
17
16
24
39
41
33
28
34
37
32
19
13
28
44
50
43
33
32
36
42
48
40
26
27
48
58
53
42
40
52
71
85
91
86
76
80
90
97
102
105
113
118
108
97
85
75
75
85
83
70
55
43
34
18
8
11
13
11
12
10
9
16
25
34
38
44
53
53
52
45
44
57
69
73
73
74
73
68
56
54
58
64
64
58
43
32
22
13
10
5
-11
-36
-50
-45
-26
-5
7
18
27
38
39
35
27
18
18
29
43
39
18
1
0
9
19
26
34
43
55
65
65
76
85
83
81
87
99
108
118
132
136
132
125
115
102
92
86
75
74
75
74
66
57
43
33
24
25
22
16
11
8
7
3
1
6
13
18
17
20
25
25
21
23
28
39
56
68
70
67
60
57
66
68
67
66
72
84
102
106
97
89
98
113
117
106
97
90
87
91
103
101
91
82
73
65
60
58
57
52
34
16
6
3
-5
-6
-6
-12
-28
-42
-44
-37
-29
-26
-23
-21
-21
-26
-27
-23
-22
-17
0
11
20
27
43
52
43
42
56
72
84
91
100
108
118
116
108
114
124
121
107
100
108
118
117
104
90
90
90
82
68
55
41
28
22
21
25
29
24
17
2
-8
-13
-11
-18
-25
-29
-20
3
18
8
-2
0
7
23
32
24
19
26
40
51
65
71
72
81
86
85
84
90
89
72
69
75
85
90
98
104
107
102
92
83
74
70
70
76
80
80
83
85
69
44
41
43
40
38
32
19
11
10
7
4
-3
-8
-1
18
21
19
28
33
27
28
35
36
43
59
72
72
64
61
68
68
74
83
75
64
57
64
70
72
68
65
58
48
36
34
42
54
70
84
89
83
83
84
77
69
67
67
65
60
51
40
38
35
28
28
28
21
22
25
20
16
19
26
36
40
44
44
44
53
60
72
84
91
100
99
90
74
57
41
37
40
48
56
56
43
32
29
41
59
73
75
67
49
36
36
48
59
64
53
39
34
38
40
41
44
34
7
3
10
21
24
6
-12
-5
23
51
56
56
59
55
50
44
45
38
18
9
16
18
16
18
22
24
29
35
37
37
32
25
33
48
58
71
74
60
41
33
26
25
23
17
7
10
18
17
20
34
44
43
48
51
39
26
23
24
21
17
19
24
33
44
60
75
81
73
73
91
106
96
73
53
38
35
34
27
8
-18
-38
-41
-30
-7
20
34
34
36
48
57
65
58
42
33
36
38
38
37
41
50
53
64
67
59
53
48
49
50
48
54
60
67
76
85
88
90
87
86
96
117
133
133
118
98
85
80
70
57
53
55
58
59
57
44
35
35
42
42
33
21
18
19
9
-2
1
17
29
40
39
26
22
29
45
56
60
65
67
81
97
108
108
106
105
105
112
116
112
105
101
90
82
81
82
67
51
45
49
53
50
37
32
35
27
17
17
11
4
0
-2
-3
-3
-5
-9
-8
-4
5
11
13
12
12
21
29
34
37
37
39
40
52
70
82
83
76
84
96
101
103
105
103
98
91
99
105
