58
54
53
59
58
44
42
49
51
34
9
0
-5
-12
-24
-33
-40
-58
-74
-71
-46
-21
-24
-40
-50
-44
-23
-4
0
12
35
53
60
67
71
74
80
86
88
86
86
82
73
74
73
81
87
83
74
69
66
66
66
58
58
69
73
68
66
58
52
53
55
57
58
64
70
75
61
37
13
6
3
1
8
21
19
10
6
9
23
28
10
-3
-2
2
8
19
28
34
34
35
36
43
50
43
38
37
39
50
57
53
48
56
72
82
83
81
75
73
76
88
99
89
71
58
53
50
36
20
12
10
20
26
22
5
-19
-21
7
37
43
33
17
9
8
9
17
21
20
20
24
32
38
35
35
43
56
66
72
83
98
109
112
106
103
103
101
93
99
104
93
81
68
49
19
2
-6
-12
-25
-26
-27
-35
-44
-39
-21
-14
-7
8
28
48
48
43
49
48
33
21
28
37
29
18
9
10
11
9
5
8
33
65
74
55
44
52
56
68
80
82
81
76
73
74
85
76
69
60
44
36
27
28
36
37
28
25
27
18
2
2
9
10
10
12
28
45
53
51
34
16
10
18
28
50
59
56
43
33
32
39
49
53
53
52
55
64
66
64
43
19
12
27
40
48
48
38
28
19
8
18
34
41
38
37
43
54
52
43
27
10
5
3
-6
-22
-26
-23
-9
4
1
-13
-18
-5
3
6
8
11
21
33
44
55
59
61
60
57
53
50
49
56
67
71
71
75
74
69
57
44
38
27
17
19
36
52
58
59
55
53
56
55
48
40
39
34
32
29
32
28
25
27
25
12
4
6
10
10
9
12
18
22
22
26
52
73
69
58
54
57
65
61
70
83
96
88
76
80
82
77
68
56
56
56
65
74
81
87
96
89
74
64
61
57
41
22
17
26
38
34
24
23
20
26
32
21
6
5
11
11
6
9
25
38
49
55
59
67
69
70
76
77
70
60
58
66
85
100
96
91
96
103
113
116
116
109
97
76
73
73
72
73
72
68
59
50
34
17
12
12
16
5
-6
-7
-2
-2
-5
-4
-2
-3
-18
-20
2
36
54
64
66
60
56
55
56
55
51
38
23
24
29
34
40
57
75
91
97
88
81
80
85
101
118
117
106
98
97
99
87
72
48
24
18
12
10
18
37
42
36
23
10
5
12
17
8
2
-5
-5
7
19
19
16
19
23
24
22
26
41
52
54
60
76
96
99
99
97
89
88
93
98
103
109
103
101
91
73
60
66
75
72
54
40
42
53
52
42
36
33
23
17
9
11
6
-6
-20
-28
-40
-43
-41
-37
-29
-14
5
22
28
32
40
54
52
35
24
40
60
58
43
38
49
65
69
64
58
69
88
108
112
93
81
72
72
73
73
75
87
96
97
100
96
74
52
35
24
24
34
26
7
-8
-19
-10
5
17
26
40
39
36
19
-1
-11
-20
-17
-4
9
16
10
4
6
20
33
44
57
68
86
97
81
61
53
52
66
83
85
87
99
113
112
98
88
86
75
71
75
83
76
70
69
64
58
64
64
56
49
48
43
32
21
19
19
19
19
24
25
26
28
26
12
0
-5
1
5
8
20
41
58
60
55
52
51
54
52
44
42
41
42
52
56
57
64
71
84
91
85
87
100
99
88
74
69
73
81
71
61
71
84
86
73
58
52
49
33
20
16
23
28
27
28
26
17
21
34
36
27
28
39
52
57
54
52
50
53
57
54
42
36
39
44
50
43
34
33
36
38
40
42
38
29
27
29
34
29
20
11
20
34
39
35
25
24
28
36
36
28
19
3
-7
3
23
33
27
28
39
41
41
43
49
53
60
60
56
49
45
57
71
84
91
101
107
108
101
91
87
85
83
81
77
82
87
84
81
72
60
50
36
18
8
19
32
32
24
18
22
27
23
20
24
24
20
20
20
9
2
8
21
34
33
21
17
35
58
68
55
35
27
37
50
58
65
66
64
66
74
82
86
80
66
64
81
100
104
97
84
69
64
55
40
35
43
49
36
21
7
5
8
9
-4
-23
-19
2
19
22
17
7
3
-9
-23
-20
-5
3
1
-3
1
21
41
49
53
56
57
67
76
76
71
59
54
60
76
85
82
81
86
89
92
97
90
84
86
92
100
115
131
122
96
77
77
71
49
21
13
21
19
0
-24
-44
-61
-74
-75
-81
-93
-105
-103
-88
-75
-65
-42
-8
24
48
56
58
57
53
52
55
65
90
119
122
100
72
69
83
89
89
97
106
123
152
176
178
166
147
121
103
100
100
99
104
106
101
91
80
60
48
40
35
25
24
26
19
10
2
-2
-18
-41
-58
-62
-62
-59
-53
-40
-20
-4
9
25
37
45
45
51
60
72
84
98
115
129
125
124
135
135
135
146
152
141
131
133
140
138
129
112
99
91
87
83
68
56
56
60
60
51
36
21
11
1
-5
-10
-20
-29
-38
-36
-27
-12
6
1
-21
-22
-1
19
25
21
25
36
43
44
48
58
69
76
84
85
80
58
40
39
49
58
66
57
42
43
54
59
66
71
75
87
96
91
87
86
84
83
86
89
73
56
56
59
56
56
55
55
50
40
37
32
20
10
12
12
6
-11
-28
-35
-23
-4
3
2
7
18
28
38
40
51
64
74
71
57
56
64
69
66
58
65
72
72
65
48
33
25
25
28
38
44
44
44
38
23
10
3
4
12
22
13
2
4
11
9
-2
-5
-2
3
11
25
36
40
38
32
37
51
66
72
60
49
44
48
52
58
50
28
22
28
42
52
50
50
57
61
58
48
43
40
26
4
-4
-5
0
-1
-6
-9
-9
-5
-4
7
25
37
43
51
59
73
89
101
100
96
98
107
108
100
91
92
97
99
98
92
80
64
67
90
117
119
104
92
98
99
85
70
61
64
71
75
66
53
54
52
48
51
48
43
44
43
40
37
34
27
32
36
23
4
-7
2
22
23
13
19
36
37
36
44
50
42
36
32
33
41
42
39
40
55
73
81
75
71
70
76
89
103
102
81
70
73
80
91
101
108
113
114
109
92
70
56
53
51
50
42
34
33
33
24
18
12
3
-9
-22
-26
-19
-11
-7
-3
0
2
7
18
28
34
23
6
3
27
50
44
28
27
39
43
41
38
41
56
68
81
88
81
70
65
58
57
55
53
56
67
75
84
96
106
112
105
99
75
50
23
1
-8
-9
-3
2
1
0
6
9
9
23
38
35
25
32
42
43
39
32
21
19
26
37
41
39
34
39
57
67
65
51
36
37
51
58
55
48
56
71
75
75
76
68
59
66
70
74
76
73
72
71
57
43
28
21
23
25
21
4
-2
12
27
27
8
-6
3
22
26
27
24
26
38
40
34
32
26
26
33
35
27
33
41
52
68
83
83
74
69
65
59
74
106
125
122
113
97
87
89
86
76
75
81
74
71
76
81
66
38
24
26
42
50
54
54
42
26
12
6
8
11
19
24
26
28
27
21
16
18
32
41
45
55
55
37
17
20
38
51
56
55
58
82
103
113
92
64
51
71
105
121
116
112
108
100
85
75
74
74
68
59
55
40
21
9
8
3
0
-3
-1
7
12
19
9
-2
-10
-23
-30
-24
1
13
11
0
-10
-22
-22
-14
-3
11
23
28
36
45
59
66
73
84
90
92
93
96
96
98
103
103
89
82
74
80
88
91
85
74
69
60
51
48
41
37
43
60
65
64
64
57
45
33
16
5
9
13
12
11
16
11
1
-9
-18
-23
-22
-22
-27
-27
-19
-10
-7
-10
-7
4
20
36
48
49
39
34
44
60
72
68
55
60
77
90
105
114
106
91
72
61
71
80
81
70
56
49
41
36
32
36
51
55
43
36
34
33
28
24
23
24
24
16
0
-8
-3
4
1
-3
1
4
8
13
26
39
42
42
51
72
87
81
71
71
73
80
84
75
69
73
76
59
50
69
97
106
100
91
90
97
91
84
73
58
52
53
48
37
35
36
35
39
38
22
4
-2
2
12
24
20
8
11
27
42
43
42
43
49
55
52
52
58
64
67
73
75
72
65
58
60
59
59
60
67
74
85
77
52
27
21
19
12
7
8
11
16
18
26
51
84
101
87
73
58
41
20
6
7
12
21
33
40
53
55
52
49
40
29
19
4
-11
-19
-6
21
41
42
49
57
61
61
58
60
71
76
76
80
84
88
89
82
67
56
64
75
84
81
70
52
34
19
18
23
32
36
34
33
35
38
43
49
51
52
49
38
37
40
42
54
56
35
11
10
20
24
22
19
21
33
45
60
73
81
84
92
102
99
88
86
84
84
90
90
87
90
107
122
122
114
102
96
97
98
85
74
72
70
69
65
48
27
13
6
3
0
-13
-25
-35
-37
-33
-33
-39
-43
-45
-49
-42
-26
-11
-4
0
-2
0
8
19
27
27
23
36
50
59
73
84
87
85
76
72
69
77
96
98
90
93
97
87
74
60
57
58
64
64
57
51
64
74
71
59
56
51
41
33
26
22
25
36
34
17
5
6
4
4
11
27
37
48
57
53
37
23
33
49
50
39
35
37
48
64
73
75
73
71
69
72
84
87
80
66
58
67
68
67
72
84
98
101
98
96
88
70
64
74
86
82
64
44
40
40
34
19
16
22
24
20
16
16
20
19
6
0
6
17
21
24
37
39
37
49
65
65
64
74
85
88
85
71
60
59
67
80
88
98
98
83
73
74
72
67
60
57
57
58
59
54
44
40
51
59
58
57
56
45
27
22
26
40
56
58
50
36
26
24
28
39
44
35
12
3
8
23
39
43
44
42
44
54
57
57
58
56
59
65
73
88
91
80
66
66
67
60
60
59
52
45
38
35
36
24
12
11
10
7
6
6
3
9
25
41
51
39
22
10
5
6
23
39
41
28
22
34
45
48
44
40
36
39
56
66
60
70
90
97
92
90
84
80
81
86
100
118
120
108
102
105
105
89
69
57
52
36
13
-9
-28
-45
-61
-74
-90
-101
-92
-60
-23
3
17
20
24
11
0
8
23
24
10
12
35
58
69
64
57
57
64
72
83
86
76
71
80
97
106
108
114
118
118
103
97
92
85
69
69
77
83
88
92
84
66
50
45
54
52
43
40
39
45
52
41
28
21
21
19
26
38
42
40
23
4
-2
2
9
23
38
54
72
86
83
74
73
72
68
70
80
90
100
99
87
68
41
16
9
22
37
36
27
22
22
25
20
23
27
28
25
18
17
27
44
48
29
20
22
28
38
52
56
52
53
57
60
64
57
44
40
48
56
71
86
92
88
70
57
50
51
68
85
90
82
71
64
50
42
48
53
56
56
52
53
55
59
60
56
39
21
8
10
20
26
32
26
16
8
18
33
41
49
54
57
64
69
67
55
52
58
68
73
68
58
57
54
40
38
36
20
9
16
24
28
36
44
54
56
53
48
48
50
49
42
40
52
68
82
85
76
69
81
87
72
54
55
70
80
69
45
33
27
35
45
51
43
36
21
4
1
11
33
42
40
40
39
35
28
29
28
20
12
9
12
13
12
10
10
11
17
19
16
17
23
34
43
45
45
49
51
61
69
76
80
74
84
103
112
100
82
77
84
89
86
71
59
57
54
48
43
49
49
41
33
19
13
9
2
-4
-7
-4
-5
-1
2
7
25
45
53
55
64
67
73
66
43
27
35
49
53
48
38
33
39
50
58
69
84
90
105
116
104
92
91
90
86
85
86
77
66
59
60
57
52
48
57
66
64
66
70
71
70
65
64
67
66
58
48
38
44
64
71
67
50
25
21
19
10
17
33
35
28
36
60
85
83
73
76
88
102
113
115
112
113
105
88
75
74
85
89
87
74
54
43
39
29
26
34
48
44
28
12
12
25
25
17
8
11
17
12
19
28
37
43
48
39
24
21
32
38
39
37
29
26
33
37
38
36
38
53
80
100
118
135
136
123
109
99
81
66
60
61
61
65
54
37
27
20
16
16
20
17
8
8
11
18
22
22
19
26
38
37
28
19
16
22
28
32
36
38
32
28
37
38
45
60
67
58
55
58
58
58
67
87
100
91
73
49
41
54
70
74
75
74
76
84
82
70
57
48
44
54
56
40
34
53
69
58
35
23
25
36
49
53
42
25
18
20
23
21
19
13
8
10
19
22
26
34
26
19
11
11
12
11
10
16
21
24
22
25
36
49
60
65
48
29
34
57
74
72
68
71
66
48
38
40
45
51
43
38
34
29
35
29
21
21
32
36
32
26
20
19
26
24
7
-4
4
20
27
26
18
12
19
32
37
41
59
80
93
103
102
105
114
113
113
118
130
135
122
103
98
103
112
115
119
119
113
101
87
75
61
43
34
27
32
35
36
36
25
4
-12
-18
-10
-1
-2
-2
1
6
9
0
-11
-17
-6
8
9
9
20
35
37
24
27
51
68
66
57
52
40
32
39
48
51
53
55
59
57
49
40
33
26
28
36
38
41
42
41
35
26
21
22
26
29
33
35
37
34
17
6
9
29
51
53
28
17
27
38
41
45
61
82
92
87
72
60
64
75
87
89
85
73
69
61
49
38
35
42
57
66
57
41
34
37
38
36
27
24
22
16
6
4
6
16
18
9
2
0
8
18
18
7
5
9
19
23
23
22
21
20
20
27
32
32
35
41
51
52
49
50
65
73
70
56
48
53
71
96
108
106
103
101
92
88
82
74
82
98
105
101
96
98
99
86
72
68
72
77
82
80
81
77
80
74
61
53
42
28
21
25
37
49
45
33
22
26
35
35
26
19
11
16
20
19
9
5
2
-1
7
22
35
55
74
101
123
128
129
133
128
120
114
105
99
85
74
75
77
66
51
42
40
45
45
43
49
37
20
17
17
8
1
-9
-20
-24
-17
-8
-5
-11
-13
-17
-24
-19
3
26
39
44
53
50
38
38
50
56
57
56
66
86
102
109
116
113
104
104
117
121
116
113
108
108
116
118
102
82
75
82
85
82
74
71
68
67
70
68
64
52
32
-3
-26
-25
-9
0
0
-7
-21
-18
-2
0
-4
-4
-7
-17
-24
-12
4
16
17
13
10
13
32
43
53
53
50
57
70
86
97
93
88
82
77
71
60
54
51
48
42
34
25
22
21
17
5
-9
-13
-8
-7
-10
-5
2
9
10
4
5
18
27
32
32
25
24
33
36
51
68
85
90
76
58
50
53
60
69
70
73
85
96
99
90
86
90
92
97
99
97
88
83
77
72
82
103
108
86
71
76
82
81
73
68
58
48
38
27
20
21
24
34
35
21
5
-5
-4
4
4
-4
-3
-2
-5
-9
-10
-12
-14
-5
19
43
59
68
71
71
74
76
77
76
69
64
70
82
81
61
50
50
57
66
68
69
70
70
73
65
51
40
25
12
8
8
2
-2
4
7
10
21
26
24
21
10
17
32
37
36
38
40
40
38
38
40
50
54
54
49
41
39
48
52
58
69
68
53
42
52
59
58
57
70
86
91
99
112
113
106
99
84
60
45
40
43
61
80
82
71
60
57
53
41
27
21
22
24
23
20
12
11
19
20
28
39
27
9
9
16
18
18
17
24
40
50
49
52
59
66
69
73
80
81
83
86
86
81
73
71
70
82
97
101
83
66
67
67
55
51
58
67
69
57
43
36
36
36
29
23
22
21
16
-2
-11
-10
-7
-9
-11
2
13
23
23
20
35
57
67
65
51
28
9
5
26
53
66
86
115
149
171
182
187
186
180
172
169
163
148
139
136
130
118
104
92
83
71
60
53
36
20
10
8
10
17
24
19
8
1
1
5
10
20
27
26
20
10
8
16
24
38
45
43
52
68
73
81
83
74
65
64
68
71
72
74
74
75
75
69
61
58
56
51
42
39
35
37
42
39
40
49
57
54
36
27
33
23
9
3
3
8
9
6
11
21
26
27
28
23
20
26
32
29
29
37
37
39
45
53
59
66
67
66
68
72
80
84
74
70
66
65
55
44
38
32
27
28
35
38
39
40
38
29
28
33
26
17
8
7
7
8
4
2
3
9
16
6
3
6
-2
-7
-3
5
5
-3
-1
12
34
33
23
24
26
21
23
38
52
56
59
64
69
71
81
98
105
100
99
99
89
71
64
64
68
69
64
56
54
44
41
49
50
52
64
69
66
64
61
58
52
43
48
56
53
36
22
22
22
23
26
22
20
27
39
51
52
53
55
65
68
67
59
51
49
50
54
68
77
77
68
56
51
49
39
25
18
18
19
18
16
17
18
21
26
32
34
33
25
13
11
16
21
19
10
12
22
19
9
8
19
20
16
25
40
53
60
72
71
73
83
86
89
91
99
104
102
99
97
88
86
90
99
106
100
91
87
75
69
60
41
25
17
6
4
7
7
6
18
18
8
9
20
33
44
43
37
36
38
41
45
52
56
65
73
84
85
83
84
92
104
101
91
88
90
102
107
103
103
101
97
96
103
112
108
93
89
88
82
72
66
53
38
39
48
52
50
37
28
35
48
49
38
23
16
17
22
26
34
41
37
32
33
37
41
36
28
32
41
48
37
36
39
34
38
42
52
55
56
65
71
74
73
72
76
81
84
87
85
74
70
65
55
52
49
36
21
5
-12
-36
-61
-73
-55
-33
-20
-5
-1
-6
-14
-17
-6
6
17
17
25
40
54
70
74
66
57
59
64
60
69
87
105
109
104
91
89
92
92
89
87
83
77
81
84
85
73
50
26
13
18
17
8
9
20
33
42
51
49
44
41
49
58
50
33
27
24
18
8
7
5
-1
-3
-3
-8
-23
-27
-22
-8
-3
-3
-3
-3
0
4
10
25
44
58
71
85
87
71
59
60
69
77
86
82
72
70
81
99
104
100
88
75
72
66
55
67
75
60
38
24
19
24
36
38
35
34
37
37
27
32
39
40
37
36
42
40
42
50
43
44
56
65
56
43
50
66
83
91
101
93
80
71
70
80
86
90
91
90
89
89
88
80
77
85
96
104
105
108
105
92
83
82
83
77
71
80
82
68
56
49
48
44
35
33
39
40
34
23
22
37
53
50
28
9
10
35
53
49
28
19
21
28
42
57
64
55
56
65
75
85
85
72
67
76
87
91
86
76
73
69
64
51
41
38
43
42
39
34
25
21
18
8
5
7
4
-6
-20
-21
-13
-8
-9
-10
-7
2
9
9
16
35
48
48
52
59
70
75
74
71
67
60
59
72
89
93
90
88
81
76
85
90
97
105
104
90
80
66
58
59
55
48
39
33
24
18
10
10
5
4
16
33
48
49
41
44
57
66
64
55
56
59
53
52
61
69
74
81
72
67
75
97
109
109
96
80
81
96
98
89
83
87
96
90
86
74
67
68
71
59
49
53
68
80
68
53
53
52
39
22
16
19
19
21
27
36
39
37
24
16
13
10
13
20
21
24
20
6
-6
-3
3
6
18
27
36
49
56
70
88
97
87
82
80
69
64
72
85
91
91
86
82
81
72
66
55
55
61
68
69
59
39
19
16
20
20
18
11
5
-3
-9
-14
-19
-18
-20
-35
-43
-43
-45
-51
-52
-41
-17
8
23
36
52
71
83
81
80
85
96
99
87
73
69
83
86
74
66
71
82
76
64
61
74
84
82
72
66
75
86
82
71
66
66
69
69
66
66
65
64
59
57
56
50
48
55
66
64
53
48
40
32
25
24
26
28
35
38
41
41
25
19
21
21
23
23
21
18
21
33
26
8
7
17
25
32
25
25
36
41
43
48
43
39
39
43
48
52
57
68
72
71
69
73
83
86
68
42
39
50
58
54
49
37
28
26
27
26
24
26
35
36
24
11
8
16
22
18
17
20
16
8
8
7
10
18
29
39
27
25
44
66
70
60
49
44
52
55
56
54
43
44
57
64
54
43
42
42
39
39
41
50
52
42
39
40
48
53
49
48
55
65
61
53
51
50
55
58
58
52
50
52
52
52
42
36
34
36
52
70
81
73
64
60
60
64
61
57
66
81
88
89
82
69
66
66
61
54
56
59
57
45
35
22
22
28
33
38
48
43
28
25
29
28
27
33
35
28
25
27
23
21
32
50
59
53
52
60
68
68
67
66
64
54
42
43
45
51
51
41
36
41
54
64
66
71
73
60
48
40
27
23
32
24
13
13
18
24
38
48
51
44
38
33
33
34
35
43
55
61
59
50
43
52
60
60
51
42
52
60
72
76
75
73
73
75
73
72
72
68
58
48
42
42
40
41
44
44
41
40
37
24
17
22
29
27
22
23
24
35
38
25
11
8
17
33
41
42
37
23
20
33
48
54
53
38
26
38
48
42
44
55
65
66
66
76
87
87
91
91
85
73
60
59
74
84
81
69
70
80
77
73
70
68
64
60
54
35
26
32
35
26
17
7
6
12
24
33
23
1
-6
4
20
32
38
37
28
24
27
38
38
28
28
34
27
26
19
8
6
7
12
23
37
64
86
99
106
112
119
130
134
121
92
76
75
74
72
70
77
83
80
53
33
26
36
42
44
41
38
44
56
50
27
24
26
27
39
52
41
25
18
26
40
42
41
38
38
52
71
76
72
58
44
41
34
27
37
52
58
56
54
71
86
84
80
74
67
67
58
36
22
17
17
17
10
-2
-9
-8
-3
0
0
-1
9
25
28
26
32
37
53
59
58
52
43
33
22
20
20
19
17
10
7
8
2
-19
-27
-9
19
50
70
75
81
90
100
108
113
100
89
85
88
87
80
68
59
50
39
37
43
51
51
40
33
32
22
4
-1
4
9
11
21
25
22
21
23
33
43
52
44
39
44
65
77
74
71
74
80
87
104
118
118
100
89
104
124
129
123
122
123
133
131
119
115
112
104
98
91
88
86
85
86
83
73
59
53
55
53
42
27
20
16
12
16
21
20
13
19
28
35
39
45
56
59
54
50
45
58
81
91
96
91
91
87
80
70
68
71
74
71
64
59
71
77
81
76
70
66
68
71
82
98
103
92
87
83
69
70
80
74
68
58
51
44
42
49
44
27
22
25
23
13
16
13
-2
-5
6
22
23
8
-8
-7
5
16
23
40
44
42
45
45
41
37
35
35
39
53
64
66
56
42
27
19
18
17
11
18
23
25
22
19
23
24
32
52
67
67
52
42
42
43
34
27
33
34
32
25
19
17
17
17
24
29
25
22
33
55
75
77
70
53
44
54
66
75
84
87
85
86
85
80
75
75
76
76
71
67
69
68
69
68
59
51
44
41
37
37
35
26
18
21
28
25
20
16
3
-3
-5
-4
6
26
40
41
36
33
44
55
51
43
48
64
69
59
57
66
68
58
49
43
50
66
69
66
59
50
48
52
56
60
60
66
76
81
72
67
60
58
56
55
57
64
64
54
57
68
65
55
41
27
20
18
7
-6
-22
-29
-33
-33
-26
-22
-22
-12
2
12
25
41
56
65
57
54
54
57
56
57
68
70
58
64
75
91
97
89
85
92
104
113
115
112
106
96
84
73
74
87
92
87
80
75
80
74
64
58
57
55
59
67
66
54
41
38
37
27
16
8
0
-7
-12
-20
-25
-26
-27
-40
-54
-54
-42
-27
-10
1
7
24
39
44
52
58
68
72
71
69
74
84
93
90
67
59
73
83
87
93
103
98
82
67
61
66
64
52
41
44
45
42
45
49
42
23
4
9
28
32
24
18
7
-1
-2
-5
-10
-12
-7
5
12
9
5
21
39
42
38
44
60
66
57
54
57
69
86
99
93
81
72
86
102
98
96
105
108
102
90
76
57
38
32
37
48
45
36
28
28
38
38
37
36
32
37
54
70
77
75
80
83
80
66
52
48
53
71
82
82
68
55
59
59
40
26
32
35
38
42
45
48
51
53
56
60
58
49
33
12
8
17
27
36
24
11
5
-2
-5
4
6
-1
-1
6
9
4
7
20
36
43
44
44
34
17
6
1
8
19
19
18
23
28
33
33
36
35
36
41
51
65
65
53
49
53
67
81
80
74
74
76
65
38
19
