44
39
40
45
50
49
53
56
54
50
48
49
56
53
35
28
24
18
22
28
22
11
6
16
21
26
36
42
42
36
33
40
53
54
43
27
16
11
24
40
50
58
67
65
55
44
41
43
55
67
64
52
50
48
49
44
40
32
17
3
4
17
32
49
53
36
18
9
17
28
36
37
39
40
42
50
57
59
59
66
71
69
66
71
73
60
56
60
64
64
67
68
58
54
68
92
100
73
56
58
73
83
75
69
71
66
57
54
55
54
35
12
10
23
36
26
7
-8
-10
-11
-21
-35
-51
-67
-72
-76
-81
-70
-40
-2
12
20
22
21
27
53
67
59
52
54
60
71
86
97
100
92
87
85
88
102
115
103
82
75
81
84
85
84
74
69
66
61
51
40
34
27
27
26
24
32
48
64
64
44
37
37
23
7
2
13
28
32
22
12
12
9
10
17
23
28
26
23
36
42
41
49
44
41
43
53
65
81
86
73
60
66
82
85
82
70
53
49
61
71
75
75
68
57
56
58
53
41
37
26
9
3
1
-1
3
-4
-17
-23
-21
-9
-9
-12
-4
9
12
20
32
38
35
40
57
77
89
84
66
52
48
52
65
81
82
71
69
76
88
84
72
74
87
83
67
65
72
75
75
64
41
35
49
71
82
73
61
39
17
8
10
11
2
-9
-4
6
12
11
16
17
10
19
27
32
40
45
40
40
51
66
74
71
64
67
87
102
107
98
89
77
73
80
80
73
80
90
98
96
90
96
96
90
76
68
71
83
92
88
68
44
42
36
16
4
-4
-14
-22
-25
-37
-41
-25
-5
3
-2
-3
3
7
10
7
6
9
10
18
28
38
48
56
58
53
52
65
59
53
54
51
51
60
72
77
82
69
53
52
65
69
65
52
44
37
32
33
28
21
20
26
42
55
53
42
38
33
36
43
39
26
19
21
26
25
26
28
33
39
51
57
54
55
60
59
36
22
23
28
37
51
59
58
53
57
71
77
83
84
84
85
96
96
76
60
64
66
60
52
43
48
45
43
55
53
21
-2
-12
-24
-24
-7
5
2
-6
-10
-1
8
16
20
23
45
61
55
42
39
53
70
69
50
38
54
72
71
57
43
39
38
52
72
74
73
73
54
42
55
70
72
56
38
29
37
40
38
33
27
27
27
25
25
24
22
28
18
0
-2
3
7
3
-11
-23
-12
3
21
36
44
41
28
37
54
52
40
38
48
64
69
60
50
43
50
64
82
87
72
48
26
23
32
17
-5
-20
-25
-20
-4
12
16
7
19
27
25
26
33
26
8
4
6
10
28
44
44
39
33
27
32
35
45
60
59
56
67
67
58
58
69
88
97
89
89
92
85
74
81
97
97
84
67
68
71
61
51
45
58
75
87
86
82
80
74
64
49
39
43
60
81
91
83
66
58
58
54
44
32
19
25
37
34
33
37
28
19
12
21
33
35
20
10
16
28
41
54
66
69
64
55
55
56
53
39
32
38
56
64
58
67
72
69
60
60
68
60
52
43
42
48
51
48
40
32
25
24
16
9
13
18
7
-2
0
11
18
18
21
20
16
20
25
27
28
36
36
27
29
43
52
61
82
84
73
76
83
88
97
98
99
98
99
107
116
112
88
66
60
68
70
71
69
60
60
56
42
40
44
42
36
34
37
34
34
34
34
41
52
48
25
4
2
7
5
-1
-11
-13
-5
6
10
26
41
53
53
45
51
65
74
69
54
49
60
75
80
80
81
76
58
41
39
43
41
33
19
9
8
1
-11
-6
0
-11
-21
-27
-24
-13
-6
2
16
24
19
10
10
6
8
20
34
44
52
65
61
53
55
58
53
48
50
69
80
75
70
65
65
69
61
42
28
32
48
72
80
80
77
80
72
70
51
42
57
66
68
65
54
49
50
53
54
60
72
64
50
41
44
45
33
20
26
44
43
27
21
25
37
50
45
38
35
26
22
24
22
19
12
17
25
23
5
3
18
28
29
27
28
28
38
52
56
57
58
56
55
64
68
65
60
59
53
42
50
60
59
50
32
20
22
32
38
40
37
35
34
33
33
35
42
39
25
21
24
27
35
40
39
32
38
56
69
70
72
72
67
54
50
56
67
67
59
60
61
56
52
52
50
48
42
34
28
32
33
41
53
60
67
68
61
53
43
32
32
51
66
69
56
39
37
44
44
49
57
70
74
70
61
55
57
54
45
45
40
28
21
8
-5
-1
4
9
16
24
41
60
72
77
72
70
69
59
56
65
55
38
39
53
50
25
10
12
19
22
29
44
49
33
21
22
27
52
67
66
65
64
57
50
49
51
48
38
34
45
65
71
53
35
32
40
57
73
64
40
33
43
56
52
42
42
60
61
61
67
59
50
53
55
40
32
38
48
56
66
76
71
50
36
32
35
41
35
27
37
41
37
37
42
55
64
65
54
43
38
44
67
84
73
53
50
65
61
53
54
67
70
64
57
50
48
59
70
59
44
41
44
42
37
42
40
37
34
32
33
21
6
3
6
11
18
37
50
53
57
53
39
35
50
67
70
65
57
56
61
67
68
67
74
89
98
91
90
89
87
91
99
102
100
87
68
58
53
45
58
76
72
70
83
76
58
39
24
11
9
16
24
32
28
27
28
26
20
10
5
11
26
40
41
36
33
37
39
36
36
35
36
39
44
55
60
52
41
36
42
53
69
67
53
41
37
40
50
57
50
38
34
38
44
42
35
35
38
38
36
33
24
20
23
25
24
18
4
1
9
17
12
23
44
40
24
23
36
43
43
39
38
44
44
49
49
48
64
76
86
84
81
77
86
97
91
81
68
71
83
84
86
86
84
80
64
59
69
70
64
52
44
42
45
54
66
66
57
54
49
43
34
21
18
13
3
11
37
51
51
49
35
19
8
11
18
7
1
9
43
66
60
55
55
55
57
56
51
52
67
74
70
66
57
60
68
60
53
59
70
75
69
54
36
22
18
20
21
18
20
23
32
32
29
27
21
16
25
34
27
36
41
43
59
83
88
73
60
68
73
68
68
69
61
56
64
58
54
67
81
87
93
96
86
81
72
60
56
59
66
66
64
66
57
44
37
35
28
28
35
39
48
48
43
43
51
40
22
16
22
33
34
28
28
34
48
51
52
53
44
39
39
34
22
16
24
33
25
13
1
-13
-25
-22
2
36
72
98
113
115
104
106
116
107
91
86
96
102
96
77
65
59
49
38
39
42
39
33
33
34
35
34
42
58
67
64
58
66
59
48
40
48
61
61
57
61
60
60
65
64
59
57
54
43
36
44
66
71
51
34
38
54
71
71
66
59
60
71
81
80
68
55
50
40
22
10
5
5
4
-6
-8
7
28
26
17
18
19
12
10
18
19
9
9
5
-2
4
12
13
16
24
32
34
40
48
48
40
34
33
36
50
53
49
54
65
66
55
44
40
50
57
42
20
1
-9
-17
-14
-4
5
-3
-19
-21
-22
-20
-12
-17
-26
-30
-17
-3
8
23
22
8
10
23
34
44
55
64
61
65
70
67
56
72
96
103
103
105
113
114
114
109
107
113
115
114
113
115
116
105
84
74
75
74
70
64
48
29
27
32
23
11
20
37
44
42
41
43
40
28
17
11
10
18
23
27
34
28
19
16
20
24
26
27
35
44
52
50
48
48
58
75
91
87
70
66
76
85
92
90
85
89
88
72
60
56
54
44
42
51
58
53
40
34
32
25
28
44
54
49
32
10
8
12
11
17
11
18
24
24
23
12
-1
-9
-6
-1
3
3
2
4
11
27
37
37
29
33
49
65
81
84
84
80
82
86
87
83
77
87
92
83
74
81
91
86
71
68
75
80
81
82
83
73
64
59
50
34
35
52
68
67
49
22
4
3
17
21
16
22
28
19
12
25
42
57
65
52
42
45
49
51
61
76
80
80
96
104
106
99
93
92
80
59
58
73
76
70
65
69
69
59
43
32
24
28
33
33
28
24
25
32
25
16
20
28
17
6
11
12
11
23
36
39
42
50
56
65
72
68
67
65
67
73
83
76
66
65
83
103
116
108
92
86
97
104
104
72
41
26
32
43
42
34
21
22
29
45
49
40
40
39
27
21
25
24
13
5
1
-3
-10
-10
2
17
17
10
18
23
24
25
20
16
16
39
80
91
72
58
68
82
82
81
86
101
106
106
107
112
112
107
117
116
101
83
67
56
53
45
42
41
44
50
51
41
33
36
39
17
-4
-7
-5
-5
3
16
10
-4
-20
-36
-50
-52
-42
-18
3
18
29
40
56
72
97
107
104
102
96
85
89
102
96
85
77
74
76
76
76
76
73
64
54
51
44
54
60
60
52
48
44
42
37
32
28
37
42
42
40
34
25
24
19
17
16
10
10
10
11
25
40
49
57
56
40
36
44
39
28
26
28
38
43
39
36
40
42
49
40
33
32
21
12
19
24
29
38
43
54
54
32
12
19
26
25
16
6
4
11
19
24
28
26
20
19
25
22
12
11
8
5
9
10
9
4
2
5
2
8
26
38
42
51
52
49
55
67
72
71
64
56
60
66
61
51
38
36
42
48
39
35
44
59
61
58
64
66
64
60
73
82
81
81
87
88
87
90
88
88
88
81
72
74
73
60
56
53
35
18
10
18
27
40
44
32
12
8
32
53
60
59
60
61
57
49
41
40
48
67
84
86
80
74
71
67
56
49
56
60
56
51
42
25
12
19
37
49
50
41
38
49
56
43
40
40
33
27
25
29
39
38
28
25
37
38
33
34
34
35
50
70
85
85
69
58
56
59
66
68
70
71
73
76
69
52
40
41
57
72
60
38
32
32
26
21
9
16
39
66
69
65
69
75
66
44
41
54
60
60
55
43
25
19
24
39
52
55
57
59
66
65
59
57
55
68
82
86
86
80
70
67
67
55
40
37
38
38
42
42
34
35
41
43
38
35
49
58
57
57
54
45
48
45
40
35
19
12
22
26
18
4
-9
-8
-4
3
19
34
44
50
57
65
66
58
54
56
60
54
35
25
35
51
57
55
43
55
74
71
69
58
50
52
42
25
21
20
24
35
29
28
40
42
35
32
20
10
11
7
0
-3
3
20
38
37
20
8
8
20
23
24
35
41
44
35
17
11
25
40
51
58
68
70
73
76
75
72
68
66
69
71
71
60
32
6
2
4
1
-3
-3
2
6
13
16
8
12
32
42
39
20
2
3
23
32
24
20
21
18
9
13
35
36
22
34
58
73
72
51
37
40
44
48
55
66
55
48
55
65
65
56
42
44
54
52
54
57
51
48
53
55
43
40
56
74
71
57
41
28
37
44
34
16
1
-6
-8
-5
-2
4
10
21
52
96
119
123
121
117
103
90
82
70
57
64
84
91
92
90
87
96
101
100
101
99
83
64
61
70
75
70
64
65
67
64
53
44
44
58
60
48
38
44
64
81
90
90
80
68
67
65
55
52
55
51
41
36
26
25
27
27
32
37
37
34
39
65
86
93
93
83
73
73
69
66
61
61
60
57
58
58
57
51
44
45
42
41
33
24
16
-3
-7
-2
4
11
13
9
11
23
34
39
33
25
26
27
32
38
50
42
39
51
66
72
71
70
68
72
73
77
74
60
50
44
53
61
60
53
58
71
67
54
42
42
52
51
49
49
53
53
40
35
49
53
52
51
48
36
24
22
34
40
39
43
51
54
60
68
77
80
72
58
52
60
82
92
91
88
92
97
89
90
96
97
96
93
88
83
75
75
81
70
45
26
11
8
19
32
27
20
16
22
34
34
34
27
20
16
20
29
40
44
41
37
34
42
56
53
45
41
39
37
35
37
40
50
55
51
44
51
50
44
41
48
53
64
71
70
57
40
41
44
38
23
24
24
16
5
12
34
53
67
82
76
61
54
52
44
32
12
17
34
43
38
36
38
36
43
50
54
54
57
57
53
51
54
61
71
76
73
69
65
69
87
96
96
93
88
85
77
75
85
88
82
70
66
69
61
51
43
43
57
65
42
32
33
44
44
26
24
43
56
59
54
50
44
28
21
27
32
29
28
23
39
69
81
80
68
58
58
59
60
70
75
71
68
59
55
65
73
77
66
44
36
42
53
54
36
20
27
40
42
48
50
43
40
41
50
52
45
37
42
51
58
56
38
34
42
45
42
35
35
40
43
50
57
55
52
49
36
28
33
38
50
55
55
49
39
34
37
40
36
34
33
41
50
37
27
29
44
64
73
64
44
40
53
58
60
58
53
32
11
10
20
37
48
37
20
12
23
43
45
48
44
35
32
42
49
42
39
49
58
57
51
43
42
53
60
51
34
26
28
20
2
-9
-17
-21
-25
-29
-26
-6
18
34
39
39
48
56
51
42
41
51
51
41
41
56
70
69
55
54
59
60
53
43
54
86
104
91
72
59
54
54
54
52
48
52
64
84
101
100
97
87
74
60
68
80
83
69
59
59
60
68
76
87
82
75
67
50
36
36
39
41
43
49
43
35
34
36
34
33
27
25
35
50
57
57
53
44
48
55
60
57
48
53
68
67
59
57
57
53
42
35
33
35
42
51
55
65
74
65
50
49
60
66
52
34
25
32
32
28
25
21
18
21
35
36
34
38
37
20
12
27
44
53
51
37
19
18
33
38
26
25
39
50
57
50
48
67
76
65
37
37
65
74
55
38
49
59
58
64
75
76
71
73
84
93
96
77
52
44
56
60
56
42
28
27
28
21
8
6
13
11
1
6
20
28
29
37
49
56
54
41
42
51
53
51
49
58
70
55
39
40
37
34
25
25
34
40
43
53
59
56
64
75
80
71
60
61
70
86
92
97
97
81
69
70
81
92
80
55
55
64
54
42
39
43
58
56
43
40
36
33
27
32
34
37
38
27
12
5
4
3
16
39
53
44
34
28
36
43
48
50
58
66
74
82
76
70
73
81
77
80
84
80
64
53
55
61
73
87
91
76
66
71
74
82
88
72
52
51
56
55
51
52
59
55
35
21
9
3
1
0
-4
-9
-12
-22
-18
5
10
12
20
21
19
22
33
40
42
45
48
50
56
60
66
74
84
89
100
100
84
76
77
72
66
76
98
92
67
49
45
55
57
51
55
64
56
43
28
23
20
21
25
29
27
17
5
-1
-2
-1
-2
1
5
6
3
-4
-6
-8
-7
-3
-6
-11
-7
17
29
35
40
45
43
45
50
52
57
76
99
104
101
101
103
108
114
106
99
96
96
85
73
68
67
60
48
41
51
56
53
42
27
18
13
13
16
23
24
22
22
34
39
36
32
23
18
22
24
19
11
7
10
18
12
10
10
17
23
24
21
20
25
33
42
41
28
17
2
-4
-3
-4
-9
-20
-14
7
34
53
65
69
77
85
85
84
85
83
80
72
72
73
72
70
71
87
80
65
52
40
32
28
32
25
25
38
54
66
71
80
80
66
51
42
52
60
57
50
39
29
28
39
51
58
57
56
56
66
80
76
69
73
89
92
75
65
71
81
80
64
44
40
43
51
56
65
59
52
55
54
44
37
39
44
43
33
22
19
17
17
18
21
26
50
72
71
58
48
42
50
57
64
66
52
37
37
42
44
50
33
10
2
10
28
45
55
57
53
43
36
42
52
58
68
83
83
69
65
66
69
71
80
73
64
49
40
33
34
37
28
18
17
29
51
66
56
42
51
70
76
65
48
51
68
69
52
48
57
73
73
57
45
38
42
64
75
64
42
40
50
50
36
22
27
26
26
39
48
45
37
32
26
27
37
49
50
42
37
34
41
43
44
45
38
37
53
65
55
43
49
51
51
57
64
59
60
70
80
81
72
64
56
51
42
39
41
54
56
50
53
53
44
50
60
66
64
53
44
56
69
64
43
33
32
27
39
61
72
70
59
43
40
41
42
41
50
68
74
70
67
68
68
51
33
34
33
24
25
36
38
28
13
8
19
41
54
60
60
58
51
45
45
44
39
38
48
55
50
43
49
49
44
43
37
35
40
50
60
58
55
43
28
25
28
32
27
23
24
34
39
45
50
51
48
45
45
39
33
32
39
44
50
49
43
41
40
53
60
49
37
34
37
42
38
27
29
37
42
43
37
24
17
23
28
35
40
50
58
57
52
43
39
40
48
64
80
81
70
65
66
64
68
71
59
43
44
52
52
48
48
49
55
67
71
82
89
85
71
64
65
65
60
56
51
48
44
38
33
32
33
32
32
20
3
-2
-3
1
7
10
12
16
13
18
20
19
13
12
29
57
69
60
49
29
26
36
41
40
41
58
66
52
42
44
54
57
60
70
80
80
64
45
50
58
68
70
74
86
93
102
102
97
89
77
60
51
49
45
43
53
53
40
23
8
8
10
5
-6
-13
-10
1
12
18
24
27
43
68
85
97
90
76
61
68
76
77
72
69
72
71
68
69
67
60
66
76
80
69
61
67
68
72
80
82
76
72
70
71
75
65
56
66
71
67
66
72
81
61
33
19
33
44
49
32
11
9
25
41
37
16
12
26
36
33
16
4
16
37
42
40
40
36
29
10
4
20
33
25
20
26
39
52
53
53
57
59
52
49
53
55
53
48
39
38
38
36
26
28
36
33
25
16
4
7
26
42
52
58
60
57
59
58
45
35
33
35
33
28
27
27
45
74
84
75
67
61
52
50
54
53
51
58
66
54
48
50
40
34
40
52
51
49
49
50
54
50
34
28
50
64
66
64
55
41
33
32
40
51
57
53
35
18
5
7
19
32
39
38
33
34
37
37
36
37
39
40
43
49
53
54
51
43
44
52
57
65
70
71
69
59
58
61
58
58
59
49
40
35
25
23
40
59
54
37
36
49
56
57
42
26
28
40
44
36
27
26
25
25
34
42
50
51
52
57
69
81
72
50
40
51
54
52
59
74
82
74
69
69
76
86
80
71
80
96
97
75
66
70
83
77
61
57
61
65
66
60
60
53
49
41
32
28
41
57
58
48
43
56
72
75
81
83
73
67
65
68
68
61
60
71
82
81
67
53
49
49
52
61
66
58
59
71
67
59
55
59
74
76
72
70
67
59
60
69
76
90
101
86
51
35
48
66
64
42
35
40
45
48
42
28
17
20
23
19
7
-4
-7
-5
-2
2
6
3
-1
-2
6
11
11
5
-1
5
8
9
22
37
40
35
35
52
75
92
96
83
81
85
91
91
88
83
81
81
70
74
76
60
49
42
44
50
60
68
65
54
53
59
69
57
37
34
41
43
36
33
29
24
19
17
16
22
38
49
57
66
73
77
73
57
44
40
39
41
53
58
54
49
45
43
35
29
34
28
19
7
-5
-11
-12
-11
-6
1
21
48
65
68
57
53
55
48
37
33
33
41
45
43
40
38
41
40
33
32
34
32
22
4
-5
1
9
6
2
0
2
6
13
19
38
55
56
56
56
60
73
82
85
84
75
57
52
56
54
49
50
67
83
89
89
86
77
64
45
35
24
19
24
35
35
20
0
-1
12
25
23
19
20
9
-2
0
-4
3
16
11
6
17
28
40
36
28
41
61
68
70
74
82
85
75
71
70
68
72
86
96
88
81
80
81
85
88
89
81
69
72
69
52
41
50
65
68
56
41
36
32
39
37
18
22
34
28
17
-1
-19
-26
-9
9
20
35
49
54
59
57
52
48
49
48
51
55
51
54
69
85
88
75
71
76
81
85
82
74
73
73
71
75
86
91
82
64
56
60
75
89
97
90
82
72
70
65
51
42
50
48
38
28
27
33
36
27
21
20
19
21
34
37
41
52
52
52
52
48
44
49
54
51
48
66
87
98
88
73
69
71
76
74
72
68
65
68
74
81
74
71
72
70
48
36
49
61
59
37
12
7
11
11
9
21
38
36
33
32
27
25
33
43
45
37
35
41
37
19
16
12
18
38
49
49
43
43
55
64
67
76
83
75
67
66
73
75
68
71
76
72
58
54
50
41
41
54
70
69
59
55
57
60
64
66
69
65
57
53
50
44
44
49
49
42
33
33
40
49
42
38
35
37
33
26
27
23
8
3
12
23
26
34
40
44
51
58
58
44
36
41
52
56
55
43
39
49
69
96
100
80
58
50
58
72
69
67
66
64
64
56
53
60
74
71
55
51
56
50
43
52
65
71
71
64
42
26
25
34
40
42
40
35
37
54
59
52
49
37
26
34
36
28
29
33
34
41
56
71
76
70
55
51
54
55
52
36
29
38
36
20
10
7
16
34
41
44
50
40
32
25
20
32
37
28
22
23
24
24
37
53
60
55
48
51
59
49
32
25
35
33
21
21
19
7
-7
-29
-40
-39
-27
-13
-2
19
49
65
72
76
84
91
90
80
60
43
44
55
61
64
57
60
72
83
76
66
56
48
38
38
41
50
59
60
58
67
70
67
55
45
40
29
25
34
42
38
36
36
35
38
49
54
51
41
34
35
37
35
33
39
44
48
49
43
36
36
39
41
40
33
21
22
43
57
45
35
41
56
64
53
33
23
26
24
25
26
25
23
23
25
27
25
29
40
41
41
42
53
66
72
76
87
88
76
75
76
80
81
76
74
81
76
74
75
73
65
54
33
10
21
33
21
7
9
16
18
19
19
24
34
24
4
-4
4
19
32
24
20
29
44
58
65
67
69
75
87
99
99
96
97
98
107
120
128
133
119
102
92
96
106
106
91
80
61
60
67
51
37
24
20
23
24
18
0
-11
-5
9
18
10
-1
0
8
17
21
23
25
36
51
51
51
64
86
97
87
73
65
65
68
72
83
93
98
96
91
91
84
67
69
76
80
70
60
65
64
43
28
29
43
48
43
32
20
12
10
12
17
19
17
2
-5
-6
-9
-14
-12
-11
-6
-4
0
13
26
32
34
44
49
39
49
58
58
58
49
25
36
64
68
56
57
65
66
66
69
84
96
90
84
74
81
105
114
100
76
71
80
88
92
90
76
69
67
55
37
28
34
33
12
-3
-5
5
10
11
6
2
11
22
17
9
8
12
20
26
33
33
33
33
42
66
64
45
40
48
49
45
50
70
90
88
72
73
86
99
101
103
106
103
97
99
104
101
91
76
83
103
107
91
75
73
71
73
58
32
20
26
36
34
22
13
12
13
19
18
17
10
2
12
28
32
25
25
33
41
48
44
41
54
70
76
77
76
77
84
89
90
91
89
92
105
109
90
76
85
96
101
105
117
108
91
80
75
68
67
68
58
42
36
37
39
43
40
20
2
-4
-6
-7
-11
-13
-10
-9
-4
6
21
35
49
49
28
27
50
64
59
54
45
41
41
40
49
49
36
33
39
35
10
-2
-10
-18
-12
3
21
39
64
74
82
83
76
80
92
104
97
77
71
75
73
57
37
26
24
22
20
21
26
37
45
51
43
28
20
20
20
16
6
4
8
9
8
8
16
16
19
27
34
39
42
44
55
70
70
64
49
38
43
45
42
53
80
86
82
76
81
87
89
82
61
45
40
41
42
38
41
42
37
37
41
27
9
2
10
23
27
24
12
8
13
21
17
6
9
16
17
3
-1
10
26
43
49
44
50
64
82
91
92
90
86
75
71
66
55
58
74
90
96
80
64
65
69
58
48
38
23
23
29
43
50
44
41
40
35
27
17
16
23
35
38
42
56
70
64
68
83
96
103
101
91
86
84
76
72
76
88
104
114
116
114
112
107
106
99
84
84
103
108
97
85
80
76
73
53
35
28
34
27
22
20
21
20
20
13
2
-6
-5
1
9
17
13
9
9
12
24
35
33
26
34
36
36
38
39
36
28
21
19
32
38
38
44
58
70
75
76
74
69
70
75
75
75
74
69
58
37
22
6
-2
11
48
67
68
59
48
