21
17
25
50
68
67
50
37
34
28
32
43
53
53
49
41
39
41
26
13
13
19
28
39
49
42
24
12
16
27
35
34
28
20
10
11
19
19
20
11
0
-5
3
7
11
13
11
12
3
-6
7
23
23
17
10
1
-6
-4
2
1
3
20
35
40
34
34
43
54
58
53
39
28
23
17
5
-5
-7
-11
-19
-14
-3
11
26
28
22
20
33
49
42
35
35
40
52
60
68
72
64
51
48
52
50
49
58
77
81
57
36
25
25
37
55
55
49
37
29
26
25
29
33
34
41
40
20
1
3
17
23
20
18
26
35
27
29
29
18
3
5
18
23
13
1
3
8
20
26
25
22
27
41
45
40
38
50
55
57
55
49
60
85
96
84
64
55
72
93
104
98
83
56
28
22
32
50
58
45
39
40
36
25
19
16
18
16
16
24
25
16
6
5
13
21
12
12
21
33
34
28
34
41
33
28
41
52
56
65
72
76
80
88
93
80
64
59
71
88
90
84
74
72
73
72
67
54
48
43
42
34
3
-26
-38
-44
-45
-25
-2
11
22
28
28
18
12
32
59
75
65
40
36
65
89
81
54
39
42
55
58
44
49
70
88
84
56
32
24
43
65
56
34
26
40
38
18
9
22
40
41
32
22
20
20
18
20
27
36
35
33
40
50
59
70
71
64
51
29
25
50
66
51
36
42
59
66
60
57
43
33
28
34
41
38
26
26
42
49
37
8
-2
8
25
24
6
-6
-2
17
34
44
51
58
74
86
87
73
50
35
28
34
35
39
52
73
85
76
68
54
44
41
33
23
37
56
48
22
13
33
43
27
6
4
20
35
32
23
25
26
23
21
23
38
52
49
36
22
10
12
27
41
56
70
69
59
61
64
58
55
56
58
59
73
98
100
72
53
57
74
68
29
-1
-3
18
35
28
10
3
-1
-3
8
18
12
1
-11
-11
3
27
49
42
24
27
48
57
50
33
28
39
52
58
60
59
52
51
56
57
53
54
54
54
51
35
21
25
20
8
18
39
49
38
33
35
41
43
42
45
48
41
23
16
29
43
40
38
37
41
55
59
52
40
29
25
27
25
22
19
20
24
23
16
10
11
13
24
37
36
36
41
51
56
48
37
53
76
82
85
91
85
75
73
76
82
75
53
25
17
22
28
38
41
43
54
73
80
72
54
23
0
-6
3
26
45
45
49
57
66
69
66
56
59
69
67
60
54
51
52
53
56
65
73
75
70
58
50
54
58
72
96
99
91
86
76
65
50
37
36
39
48
49
34
16
18
28
35
23
18
26
36
36
35
34
38
43
43
39
32
28
41
57
58
54
48
44
53
54
49
48
53
54
49
54
66
71
65
57
56
51
43
50
58
68
73
68
40
17
10
23
38
38
25
24
35
36
42
56
70
64
44
40
52
58
53
42
38
25
20
24
23
13
7
13
16
12
19
34
50
51
40
33
36
36
32
25
17
4
2
4
4
-11
-36
-36
-7
22
38
38
44
68
97
102
106
107
102
96
73
56
54
66
82
86
82
73
71
64
54
45
33
23
28
28
13
8
12
25
28
35
42
58
82
93
98
98
88
80
81
84
74
73
81
76
76
86
91
77
51
44
51
64
88
108
108
88
68
53
49
48
49
50
50
45
49
61
64
58
55
45
42
51
57
51
45
57
67
72
67
52
44
48
57
71
71
56
49
54
55
42
27
23
24
24
28
36
35
44
55
53
43
34
38
55
59
58
59
58
54
50
50
49
57
71
81
75
68
57
59
69
72
64
35
9
3
8
9
8
4
2
5
5
3
5
16
26
32
29
27
21
27
52
64
52
25
11
35
56
60
59
57
53
50
65
82
81
66
54
53
58
61
55
54
64
75
73
58
51
37
32
42
59
68
73
65
38
5
-5
3
11
-4
-23
-19
-2
8
4
-2
16
28
29
24
19
23
38
49
41
33
33
52
67
69
67
57
44
33
33
42
60
61
45
44
55
68
71
71
68
60
53
38
38
51
51
52
57
59
51
37
36
40
45
40
37
38
44
49
50
55
59
52
32
22
23
37
67
89
80
56
45
39
36
35
28
27
26
24
17
13
25
38
38
37
41
52
68
86
93
85
70
67
75
74
67
80
99
104
92
71
54
48
43
43
41
45
49
37
33
42
49
43
35
28
17
-4
-13
-10
5
8
1
-2
0
4
4
3
5
6
4
3
9
17
27
39
37
23
17
29
54
74
81
67
54
52
56
66
60
59
60
55
55
52
50
54
72
98
108
98
83
83
91
88
76
67
52
48
57
67
69
59
42
36
34
18
3
0
-3
5
18
20
16
6
3
17
36
48
44
38
32
24
33
54
69
73
72
71
69
67
65
69
75
77
74
69
69
71
76
86
99
104
102
91
80
70
70
58
41
27
18
3
-18
-44
-76
-102
-114
-105
-81
-55
-36
-22
-1
19
34
50
57
58
55
54
57
50
40
38
38
51
56
51
49
54
57
58
58
68
77
80
80
89
97
85
65
50
44
54
64
59
55
54
55
58
57
49
38
18
8
9
21
18
6
1
-1
-13
-33
-24
-10
-7
-2
6
20
26
32
39
50
50
43
49
55
55
53
52
50
51
52
60
70
70
68
76
89
93
84
67
52
40
40
54
72
71
59
55
54
54
54
53
49
42
39
28
24
16
-5
-13
-9
-2
6
10
7
2
4
10
11
5
5
19
29
32
19
9
21
23
12
8
19
38
52
55
56
55
38
24
36
56
65
55
43
50
56
65
74
73
66
64
66
59
56
54
44
34
25
32
34
38
45
52
57
56
53
51
43
37
28
28
38
41
37
36
38
21
10
21
36
44
44
41
57
88
103
100
90
77
71
68
55
54
61
64
69
82
75
69
73
83
87
87
70
50
48
57
66
54
37
35
39
37
39
52
56
52
38
23
16
18
29
38
35
35
36
37
42
38
27
13
5
9
21
20
16
20
37
49
42
34
37
49
57
54
42
39
44
58
72
71
54
41
36
37
43
48
45
60
70
67
66
81
96
114
118
105
92
87
76
60
49
51
50
41
43
50
48
50
59
58
51
44
42
41
28
11
8
19
32
39
44
53
49
40
37
48
64
66
56
41
37
44
48
44
54
69
85
103
104
89
87
91
101
89
68
57
51
50
51
54
64
70
71
66
50
37
26
8
-1
1
6
19
34
49
55
57
64
60
56
57
54
43
34
37
55
61
51
42
41
43
43
49
64
68
64
60
65
58
48
49
68
87
92
85
75
61
51
44
41
32
20
16
20
38
48
34
9
-9
-21
-11
0
6
4
11
25
32
26
19
23
25
6
-13
-17
18
44
54
55
55
55
50
40
43
59
68
50
23
4
-6
-6
-2
5
8
-3
-29
-58
-58
-27
18
54
71
80
83
85
85
67
54
51
34
6
-4
10
43
65
66
53
44
48
50
59
73
80
66
45
34
33
25
24
35
48
60
59
41
24
19
18
27
44
53
51
45
48
44
42
44
50
55
65
55
44
54
64
59
51
41
36
35
43
60
74
73
58
40
25
23
32
43
55
66
57
48
50
57
65
60
53
44
45
45
43
38
20
9
11
9
6
13
22
19
23
28
40
48
44
44
52
61
70
85
91
84
65
51
54
73
73
55
38
28
32
37
34
21
11
10
22
28
40
44
37
35
34
40
50
49
38
28
37
49
52
50
43
43
57
74
66
52
51
66
81
84
77
61
56
71
87
88
75
56
49
50
48
50
52
51
53
57
56
55
52
56
64
67
75
87
91
85
76
80
91
96
82
73
81
82
85
77
67
65
69
75
85
81
58
42
43
61
72
59
44
39
34
25
24
32
39
39
41
50
49
43
41
37
35
37
43
56
68
80
83
81
85
91
88
81
76
73
71
71
73
66
60
65
70
70
68
68
69
75
76
65
53
51
51
56
59
57
52
52
50
41
34
35
39
33
21
19
27
38
33
21
12
21
32
20
10
13
24
28
23
17
17
28
49
49
40
34
34
42
54
59
56
54
57
69
71
52
32
17
19
35
51
59
57
51
51
48
44
42
42
48
48
41
33
27
40
51
38
23
9
10
28
43
37
18
8
18
26
32
33
34
34
32
26
19
16
33
61
72
58
52
61
71
69
58
57
51
43
54
66
70
65
60
66
67
65
64
65
67
70
54
18
-2
6
33
44
40
25
19
27
48
52
42
34
36
39
38
37
42
49
48
44
38
33
32
33
32
29
37
59
82
89
77
65
56
55
50
43
40
40
43
44
42
52
56
54
48
43
48
41
38
41
37
19
8
25
56
71
57
36
36
56
72
64
42
39
54
66
53
27
16
10
11
-1
-25
-29
-11
16
41
57
74
100
117
104
93
89
90
103
112
103
86
84
85
90
97
85
70
64
69
66
59
59
57
54
54
43
36
41
51
50
42
41
38
23
21
36
48
55
60
65
65
66
67
69
67
54
40
39
50
53
53
59
52
42
38
29
22
26
38
43
51
56
55
57
60
57
39
21
9
5
11
16
8
12
19
26
41
56
57
38
21
16
10
12
19
25
36
41
38
32
22
18
17
20
25
32
37
42
39
37
40
42
43
26
13
25
50
61
51
39
41
51
54
52
45
36
35
36
29
28
42
72
85
73
55
43
44
57
58
42
41
59
81
76
81
90
89
84
80
85
105
117
98
84
82
73
65
65
81
100
100
99
104
117
128
123
118
102
87
76
71
60
56
64
75
74
64
53
51
64
71
70
71
68
60
53
41
35
33
35
32
24
21
24
33
36
27
22
32
40
39
34
24
23
28
22
11
13
21
22
9
8
25
39
41
38
32
33
39
37
34
21
8
12
33
40
40
49
66
70
66
68
70
65
54
43
33
23
21
25
24
23
37
53
60
58
49
35
18
17
38
43
28
18
18
21
22
24
21
26
42
51
56
65
67
56
43
34
32
32
24
16
16
24
29
36
37
35
39
49
53
59
64
58
60
67
75
80
68
55
55
65
69
66
57
50
51
56
55
39
26
26
20
17
23
27
38
51
50
48
42
40
40
33
36
48
56
53
52
57
58
51
39
27
21
21
28
40
50
50
49
51
42
37
38
33
26
27
32
40
59
61
39
16
5
2
-3
-3
8
17
10
5
6
6
2
4
12
25
25
19
19
28
50
60
60
56
51
35
20
25
35
29
33
41
49
44
40
50
59
64
57
54
58
66
75
71
44
28
36
68
83
72
59
61
72
74
68
65
65
65
70
83
88
75
59
52
41
37
40
40
40
48
52
39
28
32
26
25
26
39
51
44
38
37
34
32
38
49
50
49
44
38
29
32
53
68
57
54
57
55
48
48
53
64
70
73
76
72
61
60
70
65
50
43
49
49
37
26
32
42
51
40
28
40
59
71
69
60
64
59
59
53
49
55
53
23
-1
-3
-1
-11
-40
-67
-75
-75
-81
-70
-42
-9
25
59
81
91
104
116
120
117
116
119
115
105
99
99
102
100
88
83
85
84
85
89
88
68
51
53
58
52
34
18
10
18
23
21
23
26
39
48
42
36
26
35
55
66
50
36
34
34
41
54
56
56
61
56
48
50
52
56
56
51
54
65
70
70
69
67
56
51
56
64
75
82
74
56
49
50
48
56
65
69
73
72
71
65
53
54
60
66
60
41
17
6
8
5
1
9
25
38
42
40
26
21
32
44
51
54
72
84
75
59
54
64
76
82
75
66
72
85
72
58
59
55
40
36
43
42
40
42
53
64
60
48
35
26
26
41
52
51
41
28
20
20
39
69
85
81
55
37
33
33
36
39
38
34
28
28
33
39
43
39
33
41
57
66
54
37
24
19
11
16
27
38
38
34
43
52
53
53
49
45
43
37
32
37
43
39
32
21
18
20
34
57
67
65
64
57
56
57
58
54
58
64
54
42
32
21
19
33
42
51
56
53
41
36
37
28
22
18
20
28
25
22
29
34
20
7
10
33
48
48
41
43
54
57
42
23
20
44
73
83
66
45
40
41
43
48
52
56
69
70
65
67
67
57
56
67
68
68
81
85
76
74
70
60
55
55
58
70
83
75
60
61
70
77
84
87
85
81
83
89
92
86
74
74
88
96
81
68
64
66
58
51
45
45
53
52
55
72
84
96
106
106
93
80
72
65
59
60
73
90
102
116
124
116
106
120
135
135
123
122
130
128
124
132
132
119
100
89
92
96
91
84
71
68
77
84
76
74
69
54
43
45
52
50
48
35
24
29
43
59
74
77
58
42
48
58
66
67
60
48
40
49
68
86
87
81
73
61
50
40
40
51
70
87
84
56
34
34
49
64
67
56
50
55
68
81
70
39
13
13
42
58
53
45
39
36
32
23
19
10
5
8
12
24
39
42
32
9
1
6
19
26
33
38
42
42
43
54
64
60
58
55
44
41
42
41
38
35
26
19
10
8
4
-6
-9
0
7
13
22
37
48
36
24
32
37
23
6
9
24
26
6
-8
-5
0
2
2
-5
-21
-34
-34
-22
-22
-37
-50
-42
-23
-4
20
49
71
80
71
73
80
65
39
26
34
48
58
55
32
12
5
-4
1
16
17
7
1
-18
-28
-23
-10
6
17
20
38
56
51
38
40
51
50
42
36
19
5
20
51
59
49
39
54
70
67
56
43
41
56
68
60
54
53
50
34
23
40
55
44
28
21
25
27
17
-2
-20
-20
-4
4
-2
-14
-20
-18
-17
-11
10
42
67
66
50
40
53
68
66
52
49
65
84
89
76
60
53
52
50
33
19
23
53
72
74
80
76
76
77
75
60
44
42
54
60
45
28
36
58
85
85
54
20
0
-4
6
18
23
22
26
34
33
32
42
50
38
28
34
48
57
67
72
69
49
32
36
52
64
64
65
72
91
117
119
101
92
89
91
102
109
112
100
97
108
120
107
81
58
42
29
24
23
23
25
39
41
20
0
-4
1
-3
-18
-21
-14
-3
7
6
9
23
40
54
70
74
64
38
22
41
73
85
75
65
64
66
75
91
103
92
84
83
88
84
74
67
58
52
41
32
25
18
18
32
52
45
24
22
39
44
37
29
25
10
-12
-33
-34
-22
-7
-7
-27
-45
-41
-27
-8
7
-5
-35
-40
-28
-8
24
52
68
69
68
72
81
74
53
48
59
75
88
87
83
86
88
83
72
60
55
56
52
59
75
74
57
33
10
7
12
22
21
10
0
-8
-14
-14
-13
-13
-18
-6
2
0
0
19
35
40
38
29
27
35
38
32
19
20
23
34
55
72
66
39
24
38
59
74
74
72
74
80
85
77
64
53
56
72
89
92
80
64
57
61
59
42
20
-1
-4
3
6
6
2
-5
-33
-56
-51
-39
-35
-28
-20
-13
-10
-8
4
25
42
53
61
84
108
116
106
90
74
69
87
112
121
108
80
49
42
69
87
84
61
38
16
19
42
55
50
24
7
3
1
1
4
3
-4
-7
-3
-2
-5
0
3
-1
0
4
10
17
12
6
2
6
9
9
16
24
35
36
21
8
18
36
56
75
87
89
97
98
99
100
102
103
101
93
88
87
102
108
102
85
81
90
88
80
73
75
84
88
93
97
88
81
75
59
29
-3
-20
-14
-9
-2
4
3
12
27
43
51
55
64
54
49
40
26
12
-5
-11
-18
-27
-35
-22
5
37
55
68
86
105
123
132
134
125
116
109
105
96
100
107
100
86
74
68
55
50
54
61
66
70
65
53
52
60
64
55
51
53
60
60
48
25
7
7
20
34
42
44
48
55
66
68
53
42
50
65
71
65
54
55
66
81
101
109
92
70
60
54
58
67
69
65
48
42
41
40
42
49
53
49
44
40
39
48
43
27
17
8
5
8
11
9
11
23
32
34
36
43
60
69
61
59
61
65
72
74
71
73
89
100
98
90
89
90
89
99
105
98
87
87
89
90
85
73
65
69
73
60
37
25
38
53
51
43
53
71
68
57
52
44
45
50
58
64
50
33
32
48
52
48
49
54
59
55
50
44
42
41
44
52
57
68
67
53
44
52
56
49
35
35
50
56
53
38
25
33
48
61
84
96
91
85
89
103
98
75
67
66
67
74
64
39
28
19
8
6
17
18
6
2
2
7
19
33
40
36
21
11
16
32
50
56
42
19
5
4
7
20
28
27
27
42
57
54
44
48
59
66
74
75
72
73
70
58
45
41
43
56
71
81
82
80
80
67
54
50
44
44
52
51
45
49
41
25
17
21
34
37
28
23
27
36
43
49
48
38
25
17
17
17
19
26
35
50
68
76
80
74
68
56
50
54
72
85
90
86
70
60
66
80
81
61
49
41
37
38
44
53
67
76
82
76
65
56
54
52
45
36
37
52
64
54
42
45
52
53
45
38
36
41
45
41
38
39
32
26
32
40
43
40
35
40
53
60
67
72
84
93
83
70
70
81
86
83
72
68
64
48
29
28
49
55
39
20
2
1
7
11
10
12
18
18
25
37
37
40
52
59
57
53
48
39
35
42
56
59
53
49
59
72
64
56
60
66
44
20
16
28
37
27
20
18
25
44
59
57
49
51
54
55
59
67
70
70
64
57
58
64
70
73
71
65
57
50
40
50
83
101
89
75
70
74
82
73
49
28
36
50
50
44
41
36
25
22
34
37
37
35
33
33
35
41
60
74
72
68
64
50
43
49
58
65
53
41
50
65
74
85
89
85
72
58
41
25
19
10
-8
-24
-27
-22
-7
11
27
37
41
45
55
67
69
59
50
39
40
58
67
54
40
39
53
56
48
34
26
32
40
40
39
40
52
61
60
49
29
28
36
28
22
29
41
50
52
66
81
83
74
58
43
44
44
50
72
83
67
49
54
71
83
92
103
89
70
60
51
41
36
34
35
32
22
16
12
25
40
43
39
23
8
1
3
7
11
16
19
18
20
18
20
19
9
5
8
16
20
18
2
-11
-8
7
28
44
50
49
52
58
70
80
77
69
54
48
44
33
28
39
54
64
56
43
28
28
38
50
54
56
54
42
35
40
54
57
53
54
50
42
42
48
45
48
55
71
81
69
54
55
65
68
66
65
70
76
71
53
45
53
67
75
77
72
57
53
55
59
51
40
49
65
70
55
33
32
42
50
42
37
40
42
34
22
17
16
10
6
11
19
17
18
22
32
37
35
36
40
45
59
64
50
42
44
44
49
53
64
70
72
74
67
68
73
72
74
82
76
65
53
45
38
26
23
34
41
41
49
56
66
68
55
36
32
36
45
55
60
71
80
82
68
42
36
50
67
75
74
66
65
70
60
37
25
34
45
48
42
43
48
49
52
44
27
19
19
29
40
36
22
8
5
21
34
38
52
76
93
104
109
108
101
93
91
81
60
51
49
52
57
58
50
42
41
42
52
59
52
34
32
43
50
38
22
25
45
57
49
28
16
16
22
34
41
45
52
55
56
60
60
53
53
58
60
58
53
41
36
33
25
20
17
25
35
42
54
58
50
28
18
11
18
33
41
49
54
58
60
53
38
37
48
54
54
50
48
50
55
52
39
23
19
19
16
27
53
58
53
43
33
29
43
44
26
12
21
37
51
65
69
57
52
64
70
71
83
91
92
88
90
101
106
100
93
98
102
103
101
96
84
80
83
87
87
86
93
100
106
102
85
61
43
43
59
68
66
57
49
38
41
48
40
35
49
56
55
57
52
40
24
7
-7
-22
-24
-27
-25
-18
-8
0
16
48
70
73
72
74
77
87
102
101
75
58
58
69
70
61
55
45
39
43
43
38
39
50
56
45
32
38
60
67
52
39
34
33
38
33
23
29
48
68
74
69
66
69
75
87
85
66
48
49
57
68
73
68
53
48
54
53
48
39
26
22
42
66
70
67
67
74
75
72
72
70
67
61
68
69
67
67
68
68
60
44
32
36
39
24
1
-5
2
12
26
43
57
60
53
29
18
27
27
28
29
23
22
37
43
37
36
48
59
59
52
48
59
76
65
43
51
69
73
68
67
56
39
39
55
64
57
44
40
39
55
77
82
76
77
67
50
44
51
54
52
48
50
50
38
29
28
29
32
39
50
50
41
32
20
12
20
27
23
13
1
-10
-10
-7
4
11
13
12
13
26
37
35
33
44
57
64
64
55
51
55
64
68
73
69
67
71
68
56
44
37
32
32
39
38
39
37
36
36
37
41
48
57
71
72
73
81
75
53
38
51
66
57
55
54
49
48
55
60
53
41
34
35
38
45
52
49
49
56
68
74
77
74
80
91
93
83
75
75
75
73
70
72
68
56
38
24
23
34
43
52
51
50
56
67
65
50
38
40
52
67
66
42
39
49
50
48
42
50
60
64
58
51
38
20
18
33
58
72
59
54
68
74
68
65
75
83
70
44
29
41
64
71
74
85
98
77
45
27
34
40
45
41
32
39
55
64
51
41
44
43
34
18
18
29
43
52
53
53
56
55
51
52
68
80
76
69
66
68
65
38
17
18
24
21
26
34
35
26
18
16
32
60
83
84
66
60
72
81
77
66
49
39
45
73
92
83
60
57
66
67
67
67
67
59
64
73
67
44
27
16
8
11
18
33
38
42
43
48
52
40
36
38
40
49
67
91
101
92
87
85
82
75
72
67
56
52
51
56
59
51
40
44
54
51
43
39
32
26
24
20
37
61
61
54
53
37
11
2
-3
-5
-11
-22
-26
-33
-38
-38
-28
-18
-23
-33
-33
-24
-12
17
41
42
50
81
106
108
89
75
65
65
71
59
34
24
40
48
39
49
73
98
92
74
64
56
58
55
45
49
57
60
67
73
74
68
57
51
42
36
32
25
27
41
56
67
60
51
33
22
13
16
28
27
4
-10
0
4
2
10
10
8
4
9
25
41
35
23
26
41
51
37
25
24
39
64
80
69
43
35
34
37
48
48
51
64
71
60
42
34
35
41
36
32
39
49
60
57
42
29
34
42
43
37
25
26
27
28
36
21
3
1
11
27
39
34
29
35
35
34
41
52
56
54
49
37
33
41
51
50
39
34
28
44
72
92
91
88
88
88
83
77
74
74
66
57
51
41
44
58
61
40
26
44
59
61
59
60
55
48
50
59
65
51
35
23
24
33
38
33
34
41
41
40
34
35
42
50
59
60
54
55
61
71
82
86
83
82
87
87
81
75
72
80
92
98
86
75
67
67
77
88
86
77
71
69
66
65
66
64
50
39
41
52
54
51
52
54
64
66
50
33
25
28
43
55
49
34
23
22
18
16
19
22
21
23
27
26
27
35
50
67
82
96
92
84
87
92
96
86
69
54
53
56
52
54
71
83
83
83
76
71
59
36
24
32
53
80
85
57
32
34
57
81
60
26
13
32
59
66
49
20
-9
-12
3
3
-3
-2
19
43
57
49
26
17
26
36
32
28
28
28
38
60
86
93
87
71
49
27
21
16
5
-6
-6
0
6
16
23
25
11
-5
-3
12
27
29
8
-20
-36
-19
11
21
17
18
37
52
45
28
17
16
12
3
0
6
17
39
64
74
72
50
25
36
66
80
68
51
51
65
73
73
64
41
19
17
48
75
87
82
72
59
40
25
24
24
25
33
50
67
80
69
39
20
11
21
34
37
44
54
52
49
43
25
5
0
10
28
28
18
23
50
73
72
45
19
12
36
53
56
57
66
80
84
71
52
28
9
9
7
7
25
60
98
114
109
100
92
89
97
85
51
32
42
60
74
72
49
21
-1
-13
-4
23
38
45
51
50
56
68
71
72
71
69
70
72
69
65
67
67
59
61
69
80
88
86
85
89
87
81
80
70
64
66
89
132
151
144
129
112
89
53
36
51
55
43
42
52
55
50
23
-3
-17
-17
-3
0
1
1
