38
36
25
25
34
37
40
49
49
38
29
41
54
54
51
60
73
75
59
48
44
43
37
28
32
44
67
73
68
58
61
74
80
72
64
56
45
35
33
37
40
40
45
49
39
33
42
54
50
40
32
29
26
29
39
54
61
69
68
70
73
68
65
60
67
58
45
50
58
70
76
74
65
54
42
36
43
53
49
38
35
37
44
45
41
38
36
39
37
25
24
26
17
-1
-8
-7
8
33
43
49
49
52
54
60
60
57
55
49
42
41
48
64
74
66
55
50
39
37
53
67
69
66
64
53
43
51
73
86
69
49
36
35
37
43
43
35
34
35
27
22
24
25
27
21
12
16
18
10
5
5
13
32
48
58
59
57
53
41
27
21
33
48
49
40
37
51
60
59
50
41
45
53
57
51
51
55
52
52
60
70
70
66
54
52
59
65
60
51
42
41
50
49
36
24
16
36
61
58
41
44
60
69
57
36
24
27
36
50
59
57
35
19
13
13
18
24
32
28
28
32
36
50
65
66
54
58
70
70
71
82
86
71
55
55
68
75
75
67
64
58
48
37
38
42
55
53
24
-3
-9
7
33
42
38
34
54
80
71
55
50
52
41
32
29
33
33
34
36
26
21
26
45
58
53
48
44
44
51
59
67
60
52
48
52
56
56
53
53
51
44
50
60
65
49
28
36
43
28
2
2
19
24
13
11
26
24
7
0
3
16
29
40
51
58
57
65
87
90
68
44
28
17
10
17
19
18
5
-9
-18
-2
16
26
45
64
73
76
73
72
71
58
45
44
42
44
43
32
34
41
42
44
55
65
66
65
59
56
57
66
66
59
45
35
50
70
81
80
73
68
66
71
76
53
35
38
49
48
41
39
41
39
33
26
17
7
7
8
0
-4
8
24
28
13
-4
-11
-11
-9
-3
6
22
37
27
2
-20
-17
7
19
10
10
28
40
37
37
43
49
50
55
72
83
81
75
74
82
97
93
81
70
72
82
92
91
90
92
98
92
83
71
58
53
52
52
49
32
19
21
27
26
23
12
8
4
4
-3
-10
-5
-2
-4
-8
-1
7
4
7
23
43
54
51
50
51
54
52
52
65
66
54
39
40
49
65
84
86
83
75
73
81
90
88
72
61
58
65
82
96
91
76
66
65
72
72
70
64
52
43
34
20
21
32
34
24
18
23
32
26
12
19
35
35
24
21
23
28
33
28
33
53
68
70
69
83
100
93
73
67
76
80
82
86
85
70
60
57
60
65
68
72
87
102
98
80
68
64
56
49
40
38
52
59
55
44
32
29
34
22
8
1
6
13
21
32
36
39
43
53
50
45
49
50
42
42
50
53
54
51
43
52
70
81
71
54
42
41
40
37
36
34
22
12
12
9
-2
-11
-9
-6
-6
-11
-13
-9
-2
-3
3
10
9
8
10
10
19
28
33
27
26
27
36
42
44
40
37
50
68
73
67
60
67
74
74
74
92
108
113
97
81
67
44
33
25
20
28
50
56
36
22
33
38
33
32
34
34
34
36
50
53
40
36
39
38
36
45
52
49
49
50
66
82
88
87
80
74
72
70
71
72
68
60
67
65
53
51
51
54
66
74
74
65
49
39
37
40
40
34
24
10
9
19
20
16
11
17
22
25
19
8
5
10
23
34
37
28
17
19
27
32
37
43
41
38
42
51
59
66
71
83
96
101
96
82
80
89
100
97
84
74
67
57
49
39
24
12
18
23
25
27
42
64
73
82
80
76
76
70
55
33
20
34
57
70
69
54
35
21
22
28
34
28
34
45
50
41
28
33
36
22
20
38
53
48
26
21
36
48
52
56
59
60
53
41
33
33
44
58
56
42
51
60
66
67
58
48
53
71
67
49
33
12
5
2
6
5
2
1
8
21
36
49
58
54
35
20
26
40
49
55
54
43
44
54
65
71
80
91
98
90
73
51
33
29
42
51
50
44
43
39
41
44
48
52
41
28
27
28
35
32
23
24
25
26
33
26
20
22
18
4
4
22
37
40
38
25
17
19
26
28
20
19
37
65
81
76
59
55
57
51
49
53
52
54
71
82
80
71
66
59
60
59
43
28
19
22
38
54
59
57
49
41
43
51
65
66
65
65
65
57
56
69
86
96
82
55
49
52
59
60
48
32
28
41
54
59
59
45
29
21
9
5
21
40
50
38
26
26
36
38
33
35
34
33
48
60
56
51
52
49
37
33
32
38
44
44
43
50
59
67
56
41
40
54
65
58
57
53
44
44
50
65
74
72
72
82
90
83
73
72
76
87
89
85
82
76
66
59
61
59
59
57
59
58
41
22
12
16
23
32
32
35
38
38
44
56
60
56
44
38
33
28
34
33
23
10
9
18
38
56
58
49
53
67
76
85
83
76
72
67
58
55
58
75
84
69
53
40
34
32
39
36
32
35
44
48
34
34
41
43
41
42
34
18
9
7
6
4
8
21
36
35
26
22
12
0
3
22
40
48
43
32
24
24
34
45
49
38
27
18
19
37
44
48
49
44
39
40
44
53
59
60
58
51
34
36
58
68
64
56
56
43
33
17
10
8
6
8
12
18
29
38
49
50
50
50
49
54
66
76
70
61
71
84
82
64
43
39
39
34
35
33
24
24
16
5
6
7
1
-9
2
41
77
108
131
131
132
144
145
139
137
124
106
114
123
114
90
86
106
119
113
102
92
93
92
88
85
83
73
72
80
81
64
49
51
55
43
29
22
27
26
8
10
26
34
25
13
7
1
-5
-3
12
41
70
81
80
80
71
73
80
86
91
91
88
82
81
93
101
88
81
97
117
104
82
67
58
66
73
72
59
54
75
98
105
83
70
71
28
-18
-2
37
89
122
104
50
37
80
80
48
37
39
23
1
22
48
51
55
41
7
16
59
91
66
18
-5
5
48
66
48
34
42
59
80
84
71
66
57
40
41
35
32
39
39
36
40
45
33
19
32
56
67
58
66
64
52
54
54
42
38
36
29
17
9
23
33
36
27
9
19
64
90
83
55
27
13
24
34
26
20
18
32
50
43
26
27
53
69
56
49
74
109
102
75
42
11
8
22
36
24
5
2
-1
3
7
4
-1
-6
-12
-19
-6
19
43
60
59
28
0
8
25
18
-6
-21
-10
6
22
42
51
49
59
54
25
-10
-19
0
8
8
22
35
32
36
44
43
35
25
16
18
49
66
53
33
5
-12
-9
5
10
12
28
34
24
28
38
28
16
2
5
17
3
-18
-18
3
44
72
56
23
1
4
26
40
24
8
20
35
50
54
60
76
83
70
61
66
58
50
56
53
44
48
49
39
44
49
32
20
35
57
64
57
41
28
32
24
10
20
48
71
81
64
36
25
35
36
25
19
21
25
38
59
60
52
49
51
67
85
92
84
76
54
52
69
73
70
81
100
91
66
55
69
82
66
34
11
21
53
80
70
57
37
9
6
21
33
35
37
44
38
21
24
25
6
-24
-26
-3
7
10
16
9
12
27
23
6
0
17
49
67
67
54
42
23
19
32
44
40
34
27
23
49
89
100
66
39
36
38
40
39
33
23
23
35
45
44
45
59
66
53
42
67
100
91
49
21
17
24
38
42
23
2
-1
13
27
22
18
25
40
45
48
55
64
69
85
103
107
97
88
96
103
115
121
116
93
82
90
99
81
66
70
66
64
72
84
74
66
67
72
73
69
69
74
75
70
52
38
41
50
51
41
32
24
21
22
26
20
6
8
18
33
53
56
53
52
42
35
37
59
74
67
68
75
74
59
43
38
52
73
85
77
68
68
74
76
75
72
58
40
38
51
65
68
50
33
32
27
25
17
9
16
11
0
-6
-5
-20
-41
-40
-26
-3
16
18
4
-10
-13
-2
12
22
35
41
48
55
68
80
90
97
90
80
87
108
129
138
139
135
135
135
134
121
114
122
140
144
129
112
104
99
89
73
50
35
32
35
32
19
6
9
9
5
5
8
9
1
-4
-3
-1
7
20
26
24
12
11
6
-2
0
11
28
41
49
72
102
117
117
102
97
102
105
103
107
124
148
146
124
112
105
98
85
75
74
73
69
58
41
16
0
-2
-8
-19
-21
-9
10
11
-3
-18
-23
-35
-41
-40
-40
-38
-24
-10
4
16
18
21
25
23
21
27
38
52
64
60
49
43
53
54
50
59
80
89
88
85
82
83
86
91
100
89
66
49
40
45
60
64
64
67
65
49
33
22
17
10
17
24
19
5
-5
-19
-23
-18
-5
-4
-18
-23
-1
19
24
21
21
23
23
12
16
26
43
56
57
66
76
80
74
74
89
103
116
123
115
97
88
99
100
87
71
69
67
67
72
71
41
8
4
16
21
18
13
16
9
-6
-20
-26
-34
-36
-33
-35
-22
-2
10
19
23
24
27
27
32
29
25
18
12
18
36
56
67
58
48
25
-1
-18
-14
-6
2
4
6
13
36
65
87
88
67
41
35
38
39
23
9
22
48
58
57
42
23
22
23
19
16
11
8
1
-3
11
34
50
59
66
67
84
100
103
105
101
87
70
66
72
74
69
68
74
74
56
26
16
24
43
53
41
23
21
32
28
26
34
41
48
41
27
27
41
45
38
32
41
53
54
57
74
101
114
103
84
57
34
18
12
20
32
36
27
26
34
38
36
26
20
3
-12
-6
11
17
7
-2
-5
-9
-14
-10
6
34
51
56
58
56
45
37
36
45
59
65
67
64
51
39
40
43
38
25
24
35
39
36
28
36
40
49
55
59
60
69
76
71
60
60
72
83
87
83
74
72
82
83
72
65
69
75
67
61
82
108
112
91
81
92
101
85
68
56
53
58
61
64
49
39
53
66
65
57
59
76
86
71
53
44
48
27
6
18
48
70
85
90
87
82
69
64
64
59
45
35
41
57
64
52
40
23
3
-3
4
22
38
40
28
29
29
24
32
49
45
36
26
20
33
49
53
54
56
49
36
32
38
41
34
16
8
8
7
11
21
27
33
36
41
52
53
40
27
26
38
58
72
71
72
71
69
65
57
55
50
37
36
43
43
28
16
25
42
44
34
21
33
55
67
55
38
39
42
34
28
44
52
36
25
29
38
41
38
40
40
34
32
40
53
54
59
59
65
69
69
74
82
86
85
88
82
73
73
72
72
72
65
59
64
66
69
64
59
65
57
53
51
53
45
24
9
21
29
25
12
6
6
20
25
12
3
11
28
36
37
32
19
6
-2
2
22
48
59
59
60
68
71
67
64
57
54
54
53
48
35
24
18
19
7
-6
-8
3
29
49
50
54
67
77
75
67
65
59
49
37
39
50
55
48
24
12
22
40
37
26
24
37
50
57
67
80
82
66
56
69
92
104
103
98
100
108
118
108
98
98
106
104
99
92
85
80
83
91
96
93
101
112
104
96
81
66
56
54
53
50
43
33
23
25
33
26
6
-10
-18
-8
-2
-7
-10
-9
-5
0
-3
1
9
8
5
9
17
28
35
51
68
80
90
106
108
89
75
73
77
74
65
67
75
73
69
73
68
55
48
38
41
54
70
73
64
55
52
37
36
52
45
32
23
24
24
24
23
22
20
22
32
37
40
48
48
37
37
38
40
53
68
72
71
76
87
85
76
67
65
76
88
89
84
80
83
92
106
97
81
76
84
88
77
59
49
43
44
41
37
39
41
48
51
41
16
2
8
11
1
-14
-20
-6
6
12
26
41
36
18
20
37
38
29
25
34
44
60
72
76
84
89
92
92
88
82
75
81
90
90
87
75
65
58
60
67
67
75
88
87
76
74
75
73
75
71
53
34
34
43
51
44
27
9
-1
-2
5
12
27
38
40
34
27
38
54
60
56
48
37
40
59
68
54
40
43
53
59
61
66
65
66
74
69
56
50
48
56
80
89
73
57
58
55
49
59
60
50
41
39
38
37
27
25
32
37
41
44
45
44
48
42
43
43
41
50
42
28
19
12
17
22
22
32
43
53
50
44
50
50
41
43
52
48
39
45
60
68
57
52
52
60
69
66
59
64
71
73
70
71
70
58
43
36
34
35
37
44
55
59
44
34
38
42
44
43
34
39
53
53
32
13
18
24
22
10
4
-2
2
19
37
42
43
42
33
25
24
26
32
37
50
61
66
59
55
50
40
40
48
51
40
26
25
44
68
81
57
28
20
21
26
28
17
-7
-18
-12
-10
-9
3
22
41
68
97
104
102
84
69
59
52
55
66
71
64
49
50
55
58
65
72
82
84
81
75
75
80
74
66
51
41
38
48
64
72
70
56
45
48
50
52
49
40
38
49
64
69
70
66
67
70
75
73
75
75
66
53
51
58
64
69
74
73
65
53
40
39
39
34
33
34
43
54
48
34
26
35
42
45
42
41
40
48
54
49
49
57
67
59
45
40
32
24
24
36
42
43
45
42
36
40
59
65
48
26
18
24
28
33
49
49
38
38
37
28
32
42
64
73
57
41
39
41
33
18
10
20
34
37
36
36
33
27
11
5
5
5
16
32
39
44
44
42
45
49
50
58
72
82
85
76
73
80
85
83
55
33
34
52
56
53
54
57
53
44
44
51
54
51
49
55
60
54
41
40
52
56
57
73
85
71
56
53
56
55
57
57
50
44
48
44
54
56
48
44
50
48
49
57
66
67
58
54
61
73
71
57
44
37
29
26
36
41
43
49
53
53
51
49
37
21
18
27
41
39
36
43
49
40
25
21
28
34
34
29
32
34
36
43
44
43
51
61
70
65
52
48
41
35
34
35
40
60
72
58
51
71
92
100
97
91
81
67
64
69
67
65
57
53
56
58
57
54
41
33
36
38
40
41
41
48
59
65
52
41
44
52
52
51
54
54
50
37
26
29
40
48
49
40
37
37
39
38
27
21
24
35
38
28
24
34
50
58
58
55
51
54
60
71
64
49
44
38
35
40
49
59
60
59
57
54
42
27
25
22
24
36
39
40
44
48
50
54
52
52
53
51
40
24
13
16
18
16
19
23
29
27
27
36
50
53
50
51
52
57
58
52
44
49
54
57
57
53
40
34
33
36
37
34
24
17
11
11
16
27
36
32
20
16
17
29
42
43
49
50
43
35
36
41
41
36
28
32
32
10
-3
-1
-5
-10
5
33
52
67
80
88
102
113
103
87
72
68
69
71
71
69
67
68
75
75
67
54
51
57
57
54
50
39
50
64
65
65
57
42
32
32
40
52
59
58
53
59
67
55
50
60
77
89
89
73
60
59
65
57
57
53
52
61
66
57
50
41
38
40
42
48
48
52
58
58
52
49
52
43
43
56
58
65
72
69
60
60
58
56
53
52
60
66
65
60
45
34
28
28
26
21
35
52
58
51
43
42
45
60
70
65
58
73
75
70
69
70
60
57
55
48
44
44
36
18
5
2
12
25
26
25
29
33
32
24
23
38
54
59
55
54
60
70
59
42
39
56
72
70
64
57
53
56
65
70
70
66
69
69
52
42
60
86
100
98
102
104
92
80
75
86
88
73
56
51
52
43
32
23
21
26
33
38
39
27
22
21
27
35
36
33
36
40
38
37
45
64
71
61
44
35
28
32
24
22
38
51
50
41
27
26
37
51
53
43
38
35
35
35
32
33
40
44
32
23
25
27
23
9
-1
-1
2
5
9
16
28
43
36
17
1
-9
-13
-3
7
11
11
1
-3
0
8
24
40
44
41
43
64
75
76
83
96
86
67
65
64
53
43
44
58
67
65
65
65
55
38
44
51
39
29
38
52
57
50
36
22
26
37
40
49
53
54
56
56
59
71
80
71
56
48
38
34
40
52
56
51
50
57
58
48
35
33
38
49
42
25
11
16
24
39
53
57
54
45
48
54
65
68
58
56
65
67
55
36
35
50
59
65
60
56
60
74
84
80
73
68
65
70
83
80
65
53
55
59
54
51
59
68
66
60
65
64
55
38
18
19
42
49
24
4
11
35
49
53
44
48
52
45
35
33
37
42
44
34
23
22
20
25
27
26
36
40
36
37
52
64
59
52
42
40
40
52
65
65
58
56
52
41
40
58
70
66
48
35
36
49
58
60
64
72
77
70
52
40
40
41
40
43
49
52
54
67
80
84
80
69
67
71
60
42
33
26
22
20
17
4
-2
-6
-2
2
12
27
42
67
87
114
129
119
114
113
97
76
69
70
73
75
75
81
80
74
71
69
71
74
77
76
76
69
67
67
59
58
59
60
59
53
44
42
40
25
12
10
6
-17
-30
-26
-22
-14
-6
5
10
8
4
4
12
26
26
22
26
37
48
50
54
64
69
66
66
81
91
88
70
57
68
89
101
87
68
57
69
83
85
75
65
69
73
76
68
57
66
85
92
86
85
83
83
82
71
54
50
53
43
39
42
44
36
27
29
27
23
23
27
29
21
19
26
35
36
35
37
45
56
58
55
50
44
48
48
44
49
55
64
72
75
75
80
80
72
56
42
37
25
5
-13
-19
1
35
53
37
13
9
11
18
20
32
41
28
22
27
39
53
71
81
64
23
-2
10
41
57
45
20
2
8
33
52
59
67
71
68
64
60
61
68
74
74
71
74
74
64
55
44
43
50
42
34
29
27
20
17
24
35
33
24
18
17
23
23
17
20
26
33
29
36
51
64
70
68
52
42
44
44
38
35
43
44
39
40
48
52
51
52
66
71
70
66
64
58
69
80
70
61
53
54
73
101
104
88
76
81
75
56
44
43
36
22
5
-1
4
10
16
24
37
43
40
34
26
28
25
16
11
12
23
42
38
26
34
51
64
68
70
80
88
91
98
99
96
98
101
104
100
97
91
92
99
98
82
68
71
81
72
65
57
48
34
25
20
8
4
11
32
37
28
24
27
25
22
25
19
5
4
8
18
33
43
48
50
55
49
36
28
35
39
42
40
41
54
68
73
75
86
98
101
106
114
107
101
99
90
89
88
89
90
80
66
66
67
64
53
38
33
26
9
-3
-3
4
-3
-12
-20
-19
-4
9
9
0
-6
-6
-7
-11
-5
4
5
23
40
41
48
57
54
49
39
40
59
71
75
75
70
73
86
86
83
84
85
82
75
72
73
58
50
61
70
68
60
59
72
72
67
71
71
66
56
50
40
35
42
51
45
37
34
33
34
39
52
61
44
21
13
17
21
33
42
49
50
44
42
56
70
71
68
65
70
81
85
69
44
36
44
48
26
1
-9
-11
-13
-5
12
24
37
58
71
71
73
73
70
54
37
28
32
37
43
41
34
26
26
25
24
20
12
32
54
61
57
52
51
50
42
41
56
73
69
59
60
65
65
61
43
23
24
44
66
81
82
67
53
49
44
35
37
53
57
51
40
43
51
58
61
64
60
58
57
60
50
37
43
50
43
40
45
60
65
56
43
39
41
51
52
39
35
41
48
41
34
24
25
45
69
60
40
21
16
28
42
41
49
64
59
43
32
24
26
24
21
20
11
10
20
25
21
18
16
13
21
23
19
17
22
28
34
33
32
28
34
42
39
35
41
50
41
39
42
44
50
45
40
35
43
56
66
80
105
129
133
128
121
112
103
108
112
97
84
96
105
107
106
99
96
99
91
82
81
72
71
73
67
64
66
72
74
74
70
55
48
54
66
68
59
56
65
74
82
80
77
75
61
48
49
57
58
55
53
42
34
28
24
11
10
12
18
20
21
9
-8
-17
-19
-24
-21
-5
10
18
8
3
2
3
7
9
7
6
9
11
21
25
17
16
36
55
59
54
40
28
25
36
40
41
48
54
57
55
51
40
33
38
48
44
35
33
41
51
53
54
44
24
13
25
42
49
39
34
40
56
59
50
41
40
48
45
41
48
40
27
34
40
50
59
65
66
59
48
36
22
23
35
48
52
53
54
55
57
65
66
56
42
41
51
59
65
65
59
60
76
85
81
71
60
57
56
55
51
48
43
33
23
20
18
22
38
56
55
41
38
48
44
34
32
32
35
49
51
43
38
41
54
60
64
68
72
55
28
20
23
25
27
26
37
53
70
80
71
64
54
56
55
54
45
34
28
26
24
22
24
36
38
25
25
39
44
39
17
-3
2
16
17
16
17
26
25
19
13
13
21
26
32
41
51
54
58
64
67
75
83
68
57
65
75
85
87
89
101
112
105
98
91
83
69
65
58
43
34
43
55
55
39
34
28
24
19
12
16
18
21
25
22
17
13
20
32
42
44
39
36
41
49
50
40
23
12
-1
-8
-12
-25
-34
-19
10
54
80
75
70
84
107
113
91
74
75
92
104
96
75
77
76
70
67
67
70
74
86
96
81
69
66
61
66
65
71
72
61
43
34
41
52
45
37
41
39
33
38
42
40
39
34
26
28
35
40
44
50
53
57
60
56
43
42
44
39
35
37
44
60
68
66
59
52
56
55
52
56
55
53
48
41
39
43
43
37
29
25
22
13
16
18
21
25
32
21
5
5
24
38
38
37
32
21
20
23
27
33
40
51
43
24
12
26
48
54
48
37
33
40
52
57
65
68
65
51
44
56
64
66
71
72
66
59
66
80
71
43
17
11
16
16
12
17
18
21
33
43
36
20
24
44
65
70
65
54
60
70
68
65
59
48
40
43
57
70
73
73
73
69
64
65
69
84
100
101
103
99
90
86
86
80
70
76
85
86
90
97
89
75
69
69
69
64
64
66
67
68
66
56
50
52
57
69
69
44
40
58
74
68
60
68
74
65
50
55
57
49
38
26
19
17
21
29
35
38
48
55
64
69
61
56
60
64
67
71
70
74
84
74
60
55
54
64
71
69
65
60
53
49
48
52
54
48
42
49
50
48
43
35
21
26
37
48
50
50
50
42
28
24
22
19
5
-9
-7
5
13
10
8
12
22
36
51
58
57
44
40
52
67
82
81
65
60
65
64
59
57
49
43
50
55
54
49
37
23
16
3
1
8
19
24
24
18
12
11
9
4
3
9
8
13
27
39
34
16
5
7
21
25
23
23
33
39
41
48
57
58
55
61
72
80
82
87
87
74
68
60
57
65
75
72
53
39
36
28
12
4
17
38
42
34
24
29
29
32
43
58
57
48
33
24
34
41
37
24
17
23
32
28
21
19
28
37
37
26
26
40
49
54
60
67
77
88
87
89
96
93
81
77
84
82
73
74
83
82
76
69
67
66
66
74
88
98
101
98
84
59
39
26
28
29
17
3
-6
-12
-19
-20
-1
24
43
70
89
91
83
75
72
68
59
57
56
56
67
72
80
90
96
92
100
105
112
96
76
74
72
66
67
71
71
72
80
88
96
89
82
72
58
56
77
92
91
85
74
64
53
44
39
37
36
26
17
7
5
11
27
43
55
51
40
38
49
56
49
37
39
50
55
57
64
64
56
57
64
73
85
81
60
42
35
43
52
53
54
52
50
48
42
34
33
28
23
26
35
40
49
54
43
27
24
35
40
33
27
26
19
20
26
20
3
-9
-14
-7
3
-3
-18
-18
-2
9
10
12
18
25
41
48
44
39
36
37
42
44
41
40
38
42
51
59
66
57
49
45
49
54
58
55
53
58
59
57
55
53
69
96
102
86
75
87
99
89
68
54
59
76
73
55
51
60
69
60
56
53
44
49
53
41
29
24
33
41
38
24
22
32
37
42
39
32
28
27
33
36
28
37
49
41
37
41
33
17
6
18
22
7
1
11
27
34
24
21
33
41
41
36
35
45
55
59
53
39
34
44
45
33
23
23
36
50
58
66
61
53
49
53
61
58
48
48
57
49
29
36
53
64
57
50
55
56
53
44
42
40
38
34
32
37
49
61
68
60
49
37
36
41
49
49
52
61
66
54
50
55
61
70
73
66
54
