50
37
32
42
44
39
53
77
75
59
58
69
70
64
59
53
43
48
50
44
33
20
6
11
28
33
33
39
39
34
24
33
59
86
86
74
56
45
48
41
42
73
101
76
55
49
48
50
53
71
71
36
45
81
74
56
57
65
55
49
57
71
74
87
98
100
81
59
53
71
75
71
69
53
49
52
56
42
28
35
49
45
28
11
8
9
8
11
34
38
16
9
20
26
29
16
0
16
37
51
65
68
52
42
49
57
61
64
73
86
70
71
77
68
55
52
61
74
74
75
84
93
98
90
77
68
65
54
38
44
59
57
54
55
55
44
35
41
52
37
24
28
48
60
52
26
22
23
26
23
-5
-21
-13
-9
-7
-1
8
13
3
-14
-28
-37
-34
-33
-38
-34
-22
-26
-24
-13
-6
-6
-14
-18
-20
-19
-7
-2
-1
3
9
16
17
18
21
9
-6
-7
0
12
11
-3
-13
1
24
48
71
74
39
12
18
36
44
51
48
37
37
51
74
77
55
43
58
61
60
66
81
87
72
68
81
86
56
21
13
27
64
75
57
39
40
58
68
59
52
53
66
88
101
83
64
58
54
44
40
43
59
65
64
66
60
73
68
49
57
73
83
75
58
41
20
19
43
59
51
25
0
-12
6
34
20
-9
0
23
33
22
1
-24
-22
-10
-18
-21
-2
19
27
44
72
84
83
81
73
66
51
40
48
57
75
96
99
99
90
81
69
64
53
54
65
72
57
33
25
33
40
44
43
43
34
22
23
34
43
53
51
43
42
51
43
36
38
50
55
56
77
102
101
83
87
108
107
89
84
85
88
69
56
48
41
37
26
24
34
44
53
55
53
51
53
51
37
25
24
34
56
41
21
28
52
64
36
6
7
6
8
10
0
-3
13
34
37
24
23
34
36
34
40
39
32
40
50
53
51
58
65
50
43
50
44
35
32
49
70
68
55
48
43
58
56
51
39
27
42
41
23
25
28
10
11
26
36
45
54
59
77
76
56
44
43
44
37
34
35
68
97
76
50
49
56
52
48
58
72
81
83
89
100
101
88
87
93
84
68
66
69
65
51
37
41
57
56
40
24
34
50
38
32
35
37
42
44
42
52
56
48
41
36
38
22
9
27
56
52
35
52
73
69
56
44
38
38
51
67
74
66
66
76
74
58
41
48
59
65
53
50
64
69
67
51
44
54
66
82
81
56
44
57
77
77
60
51
52
43
37
38
42
59
74
72
61
44
28
28
48
57
35
6
11
39
55
66
71
66
50
34
33
18
1
-4
9
34
59
71
65
56
55
55
54
50
33
18
21
39
53
51
34
25
35
49
60
64
68
81
86
87
71
59
54
60
67
61
42
38
57
67
59
55
68
74
60
54
55
70
68
41
37
55
67
56
44
43
41
50
59
54
52
66
76
81
67
48
52
72
84
72
52
38
32
39
38
19
10
22
55
96
114
103
75
76
101
96
61
43
53
71
83
90
103
115
104
73
55
68
88
98
85
73
71
70
59
35
0
-9
-8
-3
6
5
-17
-37
-27
9
37
34
28
43
86
108
100
83
68
44
35
40
48
44
50
52
55
65
53
42
44
45
49
55
67
60
48
51
56
56
55
51
50
56
59
57
48
32
22
24
42
49
8
-18
-12
-4
-2
0
0
13
20
3
-8
-2
6
0
-6
0
8
28
42
35
16
11
-4
-12
6
18
19
0
-9
8
38
38
21
4
2
21
34
20
21
35
48
55
60
58
44
32
40
68
71
44
21
19
25
19
9
16
27
37
41
43
44
35
9
6
43
66
44
23
33
39
32
28
48
59
58
54
52
53
39
17
16
20
24
18
23
32
40
35
26
27
25
20
16
24
40
54
64
52
33
34
43
57
64
48
44
50
44
48
49
53
54
58
69
64
48
41
29
17
20
41
67
66
64
59
55
52
53
52
55
70
53
19
22
51
43
27
34
51
57
42
21
20
40
54
52
41
35
33
38
40
43
40
49
52
48
32
6
-5
2
18
20
17
8
-1
16
39
58
64
39
20
17
17
21
40
64
67
64
67
71
71
64
48
42
56
68
75
66
49
45
50
45
40
37
42
51
50
26
12
23
43
64
60
42
34
54
59
51
60
66
41
23
23
37
49
39
24
25
36
40
35
26
17
22
39
48
44
33
17
9
18
36
57
57
42
43
54
48
33
28
37
42
53
67
84
77
59
59
61
52
43
29
9
6
28
36
25
25
34
39
44
51
56
57
56
59
67
66
53
23
4
6
13
24
35
43
50
44
40
57
71
61
53
41
40
50
67
69
68
72
81
82
70
57
65
69
48
32
28
29
36
41
37
13
7
25
28
16
17
36
32
18
26
55
69
60
50
51
64
70
70
60
48
36
40
55
56
38
18
10
3
-6
-8
-12
-13
-7
12
38
58
75
98
118
123
116
99
82
60
50
64
88
100
99
85
68
54
53
41
20
20
34
48
53
52
55
66
72
71
60
33
25
44
59
69
77
52
28
40
52
58
60
51
40
68
85
60
52
72
70
37
38
64
82
80
64
52
71
88
64
35
33
49
61
59
52
58
83
83
68
67
76
72
57
51
67
87
88
80
65
59
52
35
21
18
8
11
35
53
50
36
36
52
50
25
19
4
3
25
36
33
26
16
12
23
26
28
39
24
9
11
23
37
50
50
39
28
26
42
50
51
40
23
12
20
23
17
18
27
41
70
89
83
73
85
76
56
44
55
73
91
98
87
89
92
77
68
67
70
81
86
71
59
70
81
82
86
82
70
64
66
65
58
61
65
70
77
80
73
74
71
54
42
44
59
60
43
27
24
27
50
69
50
21
18
36
55
49
29
23
35
39
40
49
50
49
51
56
56
50
41
36
38
49
52
35
19
33
58
52
28
24
35
39
41
35
32
32
36
38
33
21
22
45
67
54
26
18
18
25
33
32
33
8
-8
7
24
34
38
24
17
22
43
54
41
26
24
33
36
48
57
43
34
42
41
39
57
65
40
20
19
29
29
19
5
9
28
39
41
54
52
34
26
33
35
41
51
51
60
81
61
28
10
16
36
48
34
18
25
48
59
57
64
65
45
38
43
48
54
55
44
36
25
38
57
65
66
58
64
70
69
67
59
59
68
70
74
85
89
88
84
83
75
72
73
82
97
86
68
59
70
76
73
73
81
82
74
59
61
66
57
52
54
60
53
37
42
49
42
36
21
9
4
4
20
45
49
33
21
27
56
71
69
65
65
64
59
57
43
39
51
61
65
60
67
81
97
109
104
75
52
45
55
64
56
57
68
65
50
37
32
19
0
-19
-20
-4
9
2
-10
-11
4
26
54
82
82
75
80
106
153
166
136
101
88
87
97
105
105
107
109
103
102
105
103
105
107
116
118
101
85
92
98
85
84
96
84
57
53
57
48
39
33
23
26
34
50
70
56
27
28
39
55
69
57
21
-10
-23
-5
18
16
5
5
8
12
20
33
49
40
13
-2
-5
5
6
2
-2
-1
17
50
73
74
75
74
65
52
44
50
54
40
34
49
76
82
58
39
42
24
-7
-7
21
32
22
26
29
20
11
21
27
12
-4
-18
-14
-6
-18
-35
-27
-4
9
2
-4
4
12
13
19
27
50
60
64
54
32
20
33
52
69
83
77
52
28
24
39
52
38
19
17
34
40
27
10
7
23
42
38
21
26
40
54
49
26
28
48
49
45
53
50
32
19
32
54
66
56
49
64
82
85
82
86
89
80
69
64
68
91
92
58
36
45
66
68
67
59
53
51
64
74
76
56
44
54
66
41
9
-3
12
26
23
25
35
32
20
17
22
25
20
24
37
42
25
17
27
29
8
2
28
52
39
27
37
53
68
69
59
48
36
20
22
36
44
67
82
87
66
38
44
50
28
-4
-20
-17
-17
-6
-2
-18
-29
-17
17
41
38
22
19
26
37
43
40
16
-11
-23
-12
5
36
66
83
82
76
82
72
72
68
49
40
41
51
50
48
74
112
104
75
60
59
65
68
67
51
44
39
29
33
36
28
12
5
6
11
16
18
33
36
2
-26
-20
-9
-18
-26
-23
-7
2
13
28
32
22
32
38
37
45
51
48
54
57
50
40
42
48
40
43
49
49
50
48
43
53
55
51
41
39
45
52
58
66
67
59
49
42
39
35
22
16
12
3
-13
-20
-8
0
-11
-29
-21
-12
-28
-24
-10
-3
-8
-6
-4
9
36
48
33
20
26
49
61
70
57
51
49
48
50
50
52
50
50
49
49
35
20
17
17
19
19
16
11
6
0
3
6
8
7
4
4
19
18
1
4
26
33
18
10
13
25
34
22
6
9
24
33
33
35
43
35
29
44
57
48
33
29
33
38
64
93
113
99
97
123
163
181
160
120
85
88
119
118
85
67
80
93
68
41
40
45
54
55
50
60
82
67
38
28
42
51
52
56
65
71
71
64
60
68
77
84
83
74
75
87
83
81
93
102
104
96
98
107
104
98
102
102
89
76
71
67
69
73
73
54
26
11
22
33
11
-11
-18
-10
-4
-6
-2
5
3
-6
-7
2
13
6
-2
0
3
9
20
40
52
57
66
83
87
76
67
61
42
42
59
59
44
52
80
86
74
71
71
65
38
28
35
40
44
50
49
38
34
48
48
33
24
32
33
24
32
36
17
8
12
10
7
18
29
27
18
10
18
23
32
40
42
55
68
75
76
66
69
84
89
85
75
66
65
76
99
104
99
90
87
84
85
83
71
61
61
67
52
39
42
54
67
66
55
40
33
40
48
45
56
59
56
49
35
32
29
48
68
82
85
60
53
58
52
27
17
26
48
70
70
41
21
25
32
36
40
29
28
34
43
50
51
49
45
59
59
36
28
42
53
49
41
35
24
18
10
1
13
32
32
24
20
18
35
27
5
0
20
50
67
60
42
38
55
65
56
66
80
84
89
84
74
73
84
82
74
65
59
64
68
70
57
55
68
66
54
43
36
36
34
40
35
26
40
55
56
48
52
74
69
48
49
60
65
55
42
32
20
10
18
50
75
59
33
16
36
66
68
53
43
52
67
72
81
89
101
106
104
102
100
92
90
92
85
60
37
26
52
82
81
51
38
43
49
48
32
20
23
29
35
39
20
5
21
54
45
32
48
68
67
59
71
76
58
44
61
75
67
44
56
92
115
116
104
96
91
104
122
130
119
92
75
88
119
135
108
60
49
76
106
103
65
34
26
11
-6
-2
11
21
22
23
43
55
37
26
41
52
43
33
12
-10
-33
-37
-30
-11
4
19
34
60
105
144
152
137
118
117
124
117
81
56
72
114
146
149
115
84
90
109
113
102
85
61
56
57
61
70
75
72
71
74
85
98
89
73
53
35
25
22
9
5
12
23
45
66
76
75
53
37
49
45
22
10
10
16
42
71
84
74
51
35
40
50
42
26
24
33
28
25
37
45
57
56
56
59
58
56
51
49
54
60
50
25
3
-10
-28
-43
-41
-23
-10
-7
-3
11
32
38
51
53
33
10
10
40
55
20
-3
12
21
17
19
8
-4
-9
-12
-7
2
-1
-9
-10
-12
-10
9
19
20
22
32
43
49
48
53
43
37
39
37
29
28
35
38
40
41
37
26
28
28
37
37
24
20
36
52
52
45
54
58
59
67
64
56
56
61
71
67
57
51
48
48
66
85
61
42
48
54
55
48
34
22
28
49
53
48
57
50
39
39
28
19
13
19
33
39
28
26
35
40
40
34
35
42
40
37
42
42
53
65
58
58
64
68
96
102
81
70
87
113
117
100
69
51
53
60
76
82
72
69
53
24
24
28
22
8
10
26
35
36
34
29
42
52
42
33
28
24
26
23
10
-4
-5
2
5
6
16
37
41
33
25
34
49
53
54
57
55
44
50
67
80
72
67
54
49
59
82
83
67
55
53
45
36
36
42
50
52
57
49
23
23
53
57
41
25
20
40
60
65
69
68
48
17
33
56
57
29
-1
4
21
25
11
10
22
38
54
65
60
56
52
48
56
80
84
81
85
75
66
75
73
65
56
48
41
40
50
53
41
36
39
51
64
75
75
73
61
52
49
49
44
40
33
26
41
60
76
73
56
56
69
77
75
74
71
67
67
61
58
57
56
54
45
57
73
70
53
43
42
50
71
86
84
73
59
56
67
72
80
64
44
58
97
112
101
87
80
73
71
67
72
73
54
48
55
57
64
64
56
44
40
41
37
21
18
36
38
21
7
6
21
39
34
20
17
23
22
19
12
4
-5
-18
-28
-42
-52
-43
-25
-9
2
16
26
44
67
85
98
115
128
119
115
120
116
104
99
86
76
88
86
71
68
68
72
81
82
67
53
48
40
37
35
29
20
21
33
52
74
86
57
28
27
50
69
68
57
57
67
74
67
44
39
48
54
55
58
60
73
83
69
43
42
58
53
33
16
20
33
60
82
65
50
56
55
54
53
50
35
23
34
52
45
26
12
11
34
44
24
2
-7
1
11
21
32
40
19
1
12
40
54
51
34
24
34
50
43
40
50
44
41
51
52
51
65
73
71
50
29
40
54
57
64
58
57
55
48
38
39
32
22
17
13
12
16
13
12
22
36
52
54
54
54
44
41
41
42
55
86
93
72
51
41
41
48
50
53
49
45
49
55
55
60
80
89
87
58
32
38
56
59
48
33
35
50
51
41
38
50
58
69
73
66
51
40
48
52
44
38
49
65
64
57
58
59
57
52
44
40
35
39
44
39
28
37
52
51
40
37
28
35
55
70
68
59
66
75
70
66
71
81
82
50
6
8
34
53
56
51
49
45
49
52
55
54
50
53
55
58
69
67
54
59
61
42
21
10
20
38
52
52
40
37
55
69
51
24
8
10
18
26
33
28
36
49
43
26
10
21
32
35
25
16
16
19
26
27
26
37
57
74
75
73
71
71
82
99
100
73
55
55
57
54
59
74
74
65
61
69
71
76
82
71
58
56
71
82
60
40
41
42
39
32
33
34
37
34
28
28
35
35
50
58
57
65
74
77
74
71
71
64
49
42
50
56
60
55
41
41
52
59
53
40
33
36
41
54
56
65
55
53
59
70
66
56
55
53
39
18
16
35
43
36
34
54
73
84
66
25
10
33
50
28
17
23
24
20
23
36
44
48
55
69
70
68
67
68
68
64
69
85
88
90
99
102
97
91
91
85
66
54
71
91
88
65
53
66
84
75
49
39
60
70
33
4
-7
8
33
39
28
6
8
17
22
37
39
28
22
16
4
3
18
40
50
49
50
49
41
45
38
21
9
7
12
25
21
-4
-36
-43
-41
-37
-27
-8
20
18
4
6
19
28
25
9
-2
-10
-9
11
35
48
53
38
16
12
29
42
40
45
61
66
60
56
67
71
72
65
60
72
72
74
72
65
57
50
52
71
72
42
17
22
36
41
49
53
27
3
2
8
10
-8
-33
-22
5
40
58
49
43
55
68
71
72
74
81
92
103
99
83
75
88
97
102
108
101
90
81
74
68
68
74
61
43
24
36
70
87
86
57
33
28
39
44
36
26
25
25
18
16
26
23
10
13
16
8
10
19
33
39
33
35
51
52
32
19
28
50
65
73
66
75
86
76
55
48
54
54
48
34
22
20
34
60
64
29
16
33
50
45
41
43
53
66
89
120
128
98
66
58
64
69
85
100
92
67
55
65
81
90
76
54
53
59
68
73
68
67
64
52
57
72
68
54
48
53
59
65
59
42
33
41
59
75
85
87
85
71
65
56
57
64
66
57
57
64
37
9
8
10
17
16
10
7
25
36
41
54
61
54
48
43
34
35
52
60
55
38
32
33
33
34
36
34
37
52
64
66
70
86
97
87
75
80
75
85
89
64
40
41
53
57
52
48
40
21
3
4
18
9
0
-1
2
5
3
4
10
16
20
22
25
38
37
34
37
40
49
48
35
24
25
27
27
28
25
22
26
39
55
53
39
38
43
54
71
69
53
43
50
53
57
54
54
61
71
68
38
21
39
52
42
43
50
42
37
42
54
70
71
43
26
37
53
53
41
26
32
50
59
57
44
35
37
27
21
33
43
40
36
24
16
19
23
19
22
49
65
59
40
34
43
57
54
50
44
44
53
48
25
24
45
53
41
33
13
1
9
22
27
32
24
21
25
22
12
19
32
28
22
20
25
44
51
66
73
80
84
90
104
107
101
96
87
87
97
104
103
90
75
56
42
41
51
51
27
11
16
20
17
4
4
7
-3
1
28
59
76
68
49
54
70
71
56
40
28
21
18
21
11
2
3
6
8
7
9
17
24
28
34
38
38
37
49
67
80
72
55
49
57
68
88
100
81
64
59
59
70
82
100
123
137
120
99
89
80
80
67
51
35
28
44
60
71
81
100
116
98
60
50
55
67
69
59
48
41
50
66
84
80
66
52
33
24
25
37
41
44
41
45
68
81
72
65
66
80
89
96
97
74
70
82
74
57
44
58
81
91
87
67
42
35
53
69
68
50
34
32
36
35
28
33
34
8
0
4
13
36
60
68
52
39
56
71
68
61
41
22
38
53
41
49
68
72
72
84
81
67
57
60
68
70
69
69
64
55
42
35
37
53
57
42
34
40
54
57
49
33
22
24
24
25
25
28
26
20
19
24
26
25
33
38
51
65
72
71
60
44
39
53
67
57
44
44
59
84
89
82
89
92
74
49
32
32
25
23
24
24
34
37
38
53
75
81
66
53
44
50
54
56
57
51
39
33
26
23
17
19
24
34
22
9
26
39
29
20
17
18
37
55
68
73
52
36
38
38
24
17
18
20
21
25
38
57
57
48
53
72
70
61
54
53
51
41
28
18
27
43
42
27
16
16
18
18
5
-7
-2
17
16
-9
-17
-9
2
19
18
21
22
18
27
44
48
19
25
42
37
23
16
20
26
28
42
65
81
82
72
75
86
99
113
104
86
83
88
100
108
113
98
76
58
52
49
27
20
19
12
9
17
34
37
42
29
17
8
10
25
40
43
43
41
53
60
54
43
41
48
59
56
50
60
80
83
81
85
91
90
90
90
82
75
71
68
84
96
96
91
86
87
88
89
96
89
74
76
75
66
53
43
36
38
49
51
67
60
32
27
45
59
44
17
18
42
71
70
50
41
38
37
35
37
51
53
48
57
67
50
39
49
50
37
26
21
26
18
5
9
23
38
56
75
86
97
112
107
71
40
38
67
83
51
12
18
43
60
73
64
53
66
72
70
67
60
65
66
51
34
34
42
68
98
106
98
73
51
45
40
40
34
29
54
56
36
32
52
75
66
20
-20
-21
4
20
17
4
-10
-20
-25
-35
-50
-61
-62
-53
-43
-42
-65
-81
-61
-33
-19
-39
-58
-43
-17
2
9
7
8
8
19
37
34
21
22
36
40
38
40
56
61
52
49
52
42
29
20
19
36
39
38
68
86
71
57
61
71
50
23
16
19
21
11
13
36
59
64
32
23
36
39
34
25
21
22
24
24
26
37
43
38
42
48
43
44
50
50
48
58
64
53
53
58
50
37
34
50
74
80
80
82
72
69
66
66
60
52
44
53
67
64
64
70
76
83
77
66
56
69
86
93
98
102
92
87
89
100
115
112
104
91
81
74
70
75
87
71
52
50
64
84
101
97
74
68
69
61
55
66
69
73
68
53
50
45
48
50
49
43
52
50
45
41
44
36
25
27
26
26
37
48
57
64
49
43
55
64
54
50
41
37
49
65
77
88
98
101
89
69
57
76
93
100
104
99
80
66
64
61
55
55
53
54
52
34
23
28
38
35
26
16
9
18
23
36
38
21
19
34
36
22
3
-5
6
27
33
21
16
20
10
7
17
34
50
58
70
75
64
55
54
37
37
54
65
71
74
73
66
57
64
64
49
44
42
41
40
36
33
33
27
21
19
18
21
22
16
16
36
54
44
27
39
65
76
65
29
17
17
35
55
52
55
70
86
102
102
75
49
34
38
54
58
60
64
44
39
55
71
75
70
71
77
84
84
75
65
69
77
81
75
58
52
67
70
67
60
58
60
55
41
25
19
25
32
16
5
16
38
60
52
12
-3
3
12
19
24
36
55
53
42
52
76
86
75
69
64
51
48
40
18
-13
-35
-29
2
26
32
33
39
59
90
98
70
48
51
69
86
88
65
58
76
98
104
104
100
88
76
73
80
82
83
70
49
32
25
35
42
48
66
55
26
25
41
53
55
42
34
39
51
59
55
48
48
54
50
44
41
37
27
33
37
34
33
32
28
22
24
39
70
90
87
60
36
20
16
22
21
9
-3
-10
-3
22
38
38
39
28
24
37
57
53
44
42
43
64
68
49
35
41
74
99
92
69
48
51
59
45
49
68
65
68
80
83
75
59
44
42
37
27
37
57
54
37
41
44
39
39
53
65
65
55
44
50
57
49
45
55
64
65
57
52
49
50
50
50
49
55
69
68
68
75
73
72
82
69
44
36
36
36
34
32
37
51
45
27
20
26
29
27
26
28
41
36
40
66
67
71
81
80
70
57
69
88
88
75
64
60
61
64
68
72
72
69
71
74
67
51
52
49
39
34
35
48
58
65
55
41
32
22
10
9
11
21
33
38
51
59
67
70
56
38
32
38
37
42
48
37
29
40
54
64
60
61
56
53
61
72
50
36
38
38
39
53
65
75
86
102
109
100
83
72
65
59
67
80
102
106
72
55
59
59
59
58
43
28
34
50
54
58
45
22
17
25
38
51
52
54
59
53
35
35
33
27
35
44
54
43
39
45
55
54
44
48
54
70
81
89
87
80
71
57
55
56
56
53
64
65
51
41
50
65
43
28
32
17
6
2
4
-1
-5
3
10
9
4
-1
5
7
0
4
16
23
25
23
20
22
20
8
25
67
81
64
36
28
43
56
55
54
67
73
71
72
71
59
56
60
59
69
77
70
56
51
45
42
36
34
34
37
27
16
13
19
17
12
11
8
11
20
19
11
9
-7
-42
-57
-58
-43
-24
-20
-21
-11
2
16
40
69
70
66
77
90
91
90
92
98
96
86
73
60
67
76
86
87
76
65
67
75
71
54
40
41
40
34
37
53
71
72
56
55
64
56
41
37
37
35
35
53
68
39
18
19
21
9
0
3
20
33
40
51
64
69
50
18
18
49
60
57
51
57
51
37
36
34
35
48
36
22
26
35
37
50
55
53
54
69
71
50
35
24
20
21
13
6
4
11
22
26
39
52
49
35
35
50
61
52
21
-2
1
19
22
17
33
56
59
55
52
43
37
44
53
54
57
65
60
50
37
37
50
69
76
80
76
67
54
39
32
36
41
42
57
81
88
74
55
55
81
82
60
57
67
73
71
67
55
51
50
57
71
88
88
71
60
72
84
90
103
112
109
101
96
104
122
112
87
101
87
57
45
48
54
53
42
43
57
59
50
40
44
56
71
70
57
40
36
37
39
41
44
40
34
36
36
29
39
49
40
40
40
34
32
40
40
38
48
52
49
43
35
25
37
49
33
5
-5
0
18
35
50
51
18
4
17
26
22
19
22
32
36
42
57
53
36
18
11
17
16
16
24
35
36
26
27
38
29
18
19
11
3
7
18
20
18
12
8
24
39
27
18
27
54
76
82
54
34
39
65
80
68
58
80
100
101
88
73
69
65
87
90
76
77
91
87
72
59
50
39
43
54
57
59
58
57
49
33
18
11
38
49
19
5
12
19
16
9
8
26
55
57
56
60
80
101
92
73
68
82
89
91
86
88
92
93
100
106
123
130
113
99
96
87
87
92
88
74
69
72
65
57
49
27
18
24
35
32
32
40
52
54
49
39
26
27
32
4
-21
-10
-8
-19
-22
