75
72
60
67
54
38
60
84
86
83
59
36
52
65
61
82
97
81
43
35
38
33
44
38
-3
-34
-26
20
38
17
4
2
1
19
18
0
8
32
28
13
21
33
40
50
56
41
33
58
82
80
54
34
33
34
41
60
91
115
112
100
73
69
106
137
129
101
98
115
121
91
73
73
66
59
41
7
8
34
43
35
10
-4
-21
-38
-34
-3
-1
-33
-43
-21
23
57
53
29
13
24
39
39
33
32
45
70
88
103
117
131
128
100
84
90
91
91
82
42
19
25
50
83
109
119
102
76
56
50
37
18
5
1
0
1
10
12
-5
-20
-21
-20
-6
37
51
18
-9
9
27
32
24
23
34
48
60
57
56
70
69
57
48
53
67
69
69
82
92
106
120
114
90
99
104
81
51
52
67
59
36
22
20
-3
-35
-33
5
27
13
-36
-84
-75
-25
-3
7
20
20
22
43
76
108
99
48
18
20
35
71
118
132
98
60
57
69
73
52
17
26
74
91
73
40
32
67
134
168
168
160
148
125
106
97
69
23
10
12
6
-1
-6
-5
-6
12
42
40
5
-11
8
45
32
-5
-21
4
40
51
45
40
37
33
42
67
89
87
57
26
12
32
50
42
23
24
53
74
76
58
59
49
7
-11
7
34
28
22
13
-4
-29
-41
-40
-37
-19
8
32
40
21
-11
-36
-43
-46
-46
-39
-28
-29
-29
-5
35
56
61
60
54
60
65
49
29
29
40
55
76
86
72
53
43
33
11
-2
12
44
66
70
73
87
101
97
66
36
25
36
57
72
53
28
27
36
38
25
9
2
-7
-14
-23
-25
-11
17
35
48
43
22
23
45
51
50
66
83
81
71
85
118
130
116
97
89
104
116
113
101
85
69
59
71
96
106
105
91
60
23
-8
-25
-18
10
35
38
32
19
11
16
13
9
26
49
54
48
44
42
23
0
-23
-43
-45
-23
20
48
59
56
40
23
7
-8
-9
13
32
25
17
10
32
60
82
81
71
65
56
50
39
38
45
60
67
54
49
52
41
32
27
29
22
1
-11
-10
6
26
40
39
17
-1
1
16
22
25
26
19
5
-8
-1
16
25
19
11
19
33
36
37
49
57
60
51
42
48
54
70
93
103
101
102
106
100
58
20
5
7
22
40
49
38
25
28
27
4
-11
-4
8
11
19
19
21
21
11
8
10
17
16
17
18
11
19
26
26
23
25
36
48
56
70
89
97
86
71
57
51
59
67
50
25
3
-8
1
22
48
65
75
80
72
81
98
90
82
86
99
101
92
82
74
66
43
23
19
23
18
9
2
-2
5
22
22
25
35
41
48
42
45
52
53
50
51
52
52
59
72
89
106
104
84
60
49
36
33
39
49
59
82
86
65
49
55
64
38
13
12
25
48
49
25
10
1
-8
-6
3
4
-8
-13
-6
11
21
16
-2
-30
-57
-65
-33
18
53
70
70
65
58
40
23
27
35
53
72
72
84
102
108
91
67
52
49
43
53
68
85
102
107
102
74
40
23
17
22
26
19
0
-1
16
17
-1
-12
-19
-17
-24
-39
-54
-49
-28
-14
-4
2
10
25
42
39
33
40
57
71
77
81
75
72
83
92
91
88
91
104
115
120
124
116
97
91
89
83
77
84
86
84
80
56
38
26
11
7
-5
-35
-60
-66
-55
-50
-52
-52
-45
-24
3
21
23
17
6
11
32
48
64
73
84
84
83
87
87
81
74
70
74
91
92
72
69
77
82
82
68
55
50
57
69
72
67
48
39
44
48
49
43
42
52
53
50
44
34
10
-12
-19
-1
20
21
1
-18
-5
16
16
-3
-21
-33
-25
-2
27
54
42
13
-7
-7
-3
-6
-8
1
21
32
36
41
45
41
42
51
44
49
69
86
86
73
52
42
35
25
19
8
-1
0
9
24
37
54
53
24
8
10
24
41
51
55
71
81
73
76
90
91
86
80
67
72
90
101
107
104
88
82
81
76
84
88
91
97
104
103
87
76
74
76
72
64
55
52
43
38
39
40
33
34
53
55
40
19
7
-1
-13
-20
-29
-40
-38
-28
-10
13
28
39
59
81
104
122
128
122
117
116
112
114
113
99
89
101
114
106
87
75
75
84
76
76
77
69
76
92
101
102
89
74
69
68
61
45
43
55
56
58
55
43
34
26
22
29
27
17
8
8
28
54
64
52
28
12
9
17
37
61
59
45
35
25
29
50
56
54
51
51
57
61
66
84
89
72
69
83
84
89
96
100
91
84
80
65
55
57
54
37
27
17
22
51
76
87
91
85
70
57
51
41
22
5
-4
-8
-11
-12
2
23
37
29
16
18
41
57
64
69
76
66
50
57
76
87
82
64
49
51
71
89
88
76
73
69
44
37
38
22
9
16
34
43
48
56
67
76
76
54
33
23
27
38
39
28
22
10
-3
-20
-37
-39
-26
-13
1
9
8
17
40
74
85
70
50
45
72
82
67
68
86
91
88
88
90
92
88
87
85
77
71
70
74
68
41
19
7
-1
-3
-7
-18
-21
-14
2
17
27
39
25
-7
-13
5
33
39
36
40
51
44
34
26
28
22
-3
-19
-1
26
37
38
37
43
45
42
48
53
53
68
83
86
88
75
54
53
67
80
76
56
40
49
58
51
32
28
27
25
25
24
17
2
-12
-10
-9
-13
-20
-24
-26
-18
-2
5
10
20
18
11
25
24
19
34
57
58
45
52
68
83
83
72
58
45
55
88
118
118
86
52
49
67
82
80
72
73
90
96
85
77
73
71
68
69
61
49
29
17
19
38
57
61
59
59
59
72
75
77
90
90
87
88
93
107
121
105
76
64
64
69
75
83
89
89
88
102
103
103
97
92
102
104
92
76
67
69
65
66
72
59
44
38
25
12
-3
-24
-20
-13
-24
-26
-23
-11
3
26
43
51
52
42
37
44
73
87
77
68
75
99
109
104
91
70
56
70
99
115
108
97
90
88
81
69
65
68
89
103
101
104
115
107
73
35
21
37
65
74
76
74
70
61
52
52
55
44
36
26
11
2
-5
-14
-24
-22
-22
-33
-37
-27
-21
-25
-34
-41
-45
-42
-35
-10
18
26
23
35
39
38
54
74
75
71
58
48
53
60
59
66
80
81
70
59
59
54
42
42
45
42
35
28
34
41
37
20
13
27
32
16
2
1
-2
-6
7
23
21
13
16
22
11
-7
-29
-42
-42
-19
21
51
57
44
36
33
40
41
35
35
51
65
72
73
61
58
51
42
59
90
98
81
77
103
117
105
76
43
42
67
89
103
112
105
86
81
80
61
50
40
18
6
19
33
41
44
44
33
21
24
49
53
41
28
18
4
0
19
42
43
34
33
39
58
67
53
24
17
28
56
71
64
53
49
45
42
44
40
29
23
20
33
39
40
38
29
18
0
1
19
34
33
24
21
32
36
35
32
17
8
13
26
12
-3
-4
4
18
12
-5
-8
-5
-3
-1
-1
-1
-1
1
9
4
-8
-11
-9
-4
7
12
13
22
28
32
27
22
27
40
45
32
21
35
53
52
41
23
18
33
49
42
21
12
20
11
7
11
10
12
32
48
54
68
68
51
43
56
55
41
21
16
23
33
42
37
22
19
22
27
34
38
41
48
49
48
51
54
44
53
66
51
37
35
27
20
13
19
33
48
52
56
70
80
80
65
50
41
42
54
70
90
92
84
77
81
88
86
76
72
68
50
32
27
40
50
55
57
41
20
12
23
39
51
41
28
32
49
68
74
61
42
36
44
51
50
48
43
40
44
52
42
28
34
42
53
56
53
54
76
82
66
53
57
77
97
108
104
92
96
102
93
80
70
64
60
60
42
21
11
20
39
54
69
81
85
91
97
99
96
81
73
77
75
53
32
34
44
53
51
32
7
19
42
50
41
38
40
36
21
12
17
19
32
40
41
35
32
40
55
68
68
83
101
112
113
108
112
112
108
108
108
114
108
101
99
89
74
58
53
58
49
32
24
23
29
36
32
34
37
22
-1
-4
5
20
32
27
33
35
50
55
48
49
59
67
58
57
54
39
28
27
32
38
49
54
52
52
53
59
67
71
61
53
61
73
81
86
100
105
89
82
71
61
52
50
59
64
49
27
23
20
1
-19
-20
-17
-22
-11
-10
-22
-27
-11
19
32
21
7
4
10
18
21
26
32
48
68
75
71
75
84
102
118
106
88
97
118
122
115
117
129
129
112
97
91
87
82
81
76
58
53
64
66
56
41
27
17
9
22
38
41
38
26
24
38
41
26
13
16
20
20
10
2
4
16
17
23
35
38
48
70
80
60
36
35
50
64
67
58
48
49
72
83
76
75
81
88
100
92
84
83
86
90
86
71
49
37
50
60
60
56
43
32
26
28
38
35
22
27
40
44
41
38
39
37
22
11
16
19
22
29
35
36
35
32
23
20
21
32
40
43
44
49
55
69
89
96
86
80
69
72
87
97
88
68
59
59
56
50
50
44
42
45
53
52
40
25
21
9
1
-5
-14
-18
-21
-24
-18
-7
-2
4
10
7
5
2
-6
-6
1
3
-1
9
20
12
8
16
36
59
80
89
85
76
76
89
99
90
66
48
50
55
55
55
49
48
44
40
36
24
19
21
27
27
26
33
42
37
22
22
42
66
67
50
39
50
54
52
48
50
54
59
67
72
67
61
66
72
80
80
83
97
102
98
105
113
116
107
89
82
87
89
85
71
71
72
65
49
33
38
51
57
59
53
37
37
44
50
51
50
51
53
54
60
56
42
38
41
29
24
28
22
22
41
51
45
41
40
53
60
72
86
98
103
93
81
83
92
88
67
49
45
55
66
68
66
56
48
41
38
38
41
40
20
-5
-20
-25
-27
-22
-21
-25
-18
10
40
54
57
57
56
58
58
64
67
75
77
76
71
51
50
45
36
41
55
58
49
42
37
40
57
68
56
38
41
54
69
72
69
65
54
37
20
13
18
29
55
74
75
58
36
18
16
28
41
42
37
39
50
44
28
22
38
60
73
81
82
70
54
52
69
86
91
82
64
67
74
57
37
33
38
40
48
65
82
81
68
44
40
55
67
61
56
60
52
35
32
36
33
16
-2
-9
-13
-11
2
10
17
18
16
10
17
43
40
19
19
36
48
43
42
48
53
53
41
37
35
35
26
20
21
33
44
49
40
37
43
57
64
64
69
70
57
49
49
51
40
26
19
17
34
48
42
28
19
26
40
40
32
26
19
11
20
39
50
42
37
37
39
42
48
50
52
58
70
88
99
98
97
115
122
121
117
104
93
82
74
81
90
98
100
108
117
118
112
103
102
91
80
74
65
37
24
35
40
34
27
32
21
16
16
5
-2
6
17
24
27
22
20
17
7
9
16
13
17
23
22
23
40
61
67
55
57
69
82
90
86
76
72
72
77
74
58
59
81
92
93
90
84
72
67
73
82
81
64
43
40
52
68
87
88
59
40
35
36
33
35
40
19
8
18
19
18
25
37
42
37
41
53
56
59
54
51
52
52
42
36
36
29
25
33
50
68
67
51
41
56
76
70
53
50
55
60
54
44
50
60
61
68
74
71
66
80
84
67
42
24
25
39
36
22
11
7
18
35
49
60
66
65
74
75
70
67
66
70
72
64
44
49
65
64
58
68
76
74
67
64
59
60
67
71
57
44
38
40
44
42
37
29
24
17
13
17
4
-6
1
6
4
-6
-10
-4
2
8
19
22
34
50
58
60
56
43
42
50
49
43
43
51
69
81
76
65
66
84
107
105
92
97
113
119
114
99
81
69
71
76
87
88
80
70
74
88
85
64
48
41
41
44
43
44
43
43
53
53
37
20
13
21
21
20
27
25
19
23
41
54
54
44
39
49
51
45
35
32
42
52
52
42
38
41
54
66
65
68
74
69
57
55
65
66
65
57
49
40
35
22
11
0
-11
-21
-38
-57
-68
-60
-34
-1
27
45
58
74
84
83
74
74
70
59
52
50
65
74
75
75
77
80
76
73
80
88
90
91
74
56
57
68
70
64
59
64
59
57
54
50
49
38
27
32
37
38
26
16
8
27
52
51
32
12
17
23
22
25
28
25
26
24
16
1
-5
8
21
20
1
-14
-5
13
28
35
42
51
41
42
41
37
33
25
29
38
41
48
81
105
92
71
75
98
106
112
112
102
87
72
67
59
53
41
37
37
37
34
32
44
57
48
24
16
17
16
10
13
24
27
26
32
40
54
69
77
81
73
65
74
86
91
98
101
108
114
117
103
83
69
64
59
57
48
39
42
48
52
61
64
59
65
64
55
54
44
32
25
25
22
33
55
65
55
44
40
40
50
68
80
81
75
72
64
54
64
76
85
99
109
113
112
104
87
73
85
99
89
73
58
51
48
39
41
50
24
-18
-26
2
33
24
-7
-22
-9
9
12
-4
-24
-36
-43
-46
-40
-33
-34
-34
-23
-6
7
8
7
12
22
18
20
42
68
86
81
66
58
55
64
71
74
74
64
64
82
89
71
56
51
41
25
6
-10
-28
-34
-9
18
25
27
22
-3
-5
4
5
5
-1
-19
-28
-28
-20
-5
-7
-17
-14
-20
-36
-36
-26
-33
-52
-67
-60
-38
-19
0
6
1
6
26
38
34
24
21
22
34
51
57
51
45
50
44
42
38
27
21
21
22
33
36
23
3
-6
2
19
48
56
58
73
80
67
50
32
20
35
48
41
34
34
37
43
53
52
43
49
72
92
83
56
41
39
42
51
56
66
72
77
75
69
76
83
73
76
87
91
93
82
72
67
71
68
40
21
26
44
64
68
41
26
42
54
57
56
57
56
44
40
41
43
50
58
68
81
98
98
82
73
68
66
70
81
90
88
86
88
87
74
50
37
52
67
76
86
93
92
76
57
56
67
72
69
55
43
45
59
69
70
64
54
55
53
39
25
25
26
34
40
28
17
13
12
24
35
36
38
49
57
70
76
70
73
77
72
71
72
67
70
86
99
103
101
98
101
100
83
67
68
82
88
84
75
67
51
35
40
40
20
-3
-13
-18
-28
-45
-57
-57
-42
-18
12
42
57
58
57
57
56
58
69
86
89
81
72
70
77
83
73
67
57
42
40
55
64
64
67
68
66
59
65
73
72
66
54
44
37
38
52
48
36
33
42
61
73
69
64
61
52
43
53
68
73
64
50
41
40
43
36
25
21
35
45
48
59
81
85
85
83
76
84
98
106
102
83
56
42
50
60
53
39
39
48
52
43
23
10
10
26
44
57
51
35
27
22
21
32
44
55
67
61
52
35
33
56
75
71
51
37
36
42
50
54
67
76
74
70
72
66
48
38
35
39
38
40
42
50
57
48
34
34
45
49
39
37
38
35
41
50
56
55
54
57
54
51
55
66
64
50
42
49
53
45
41
52
59
56
41
35
39
44
48
39
21
17
32
41
34
33
41
64
81
74
67
64
65
70
77
82
74
58
56
60
65
64
54
55
52
49
45
52
56
51
44
48
59
71
69
57
42
43
44
39
44
64
81
81
66
56
67
77
75
72
57
40
37
35
28
22
21
25
34
37
39
37
40
42
40
44
45
38
39
33
24
24
24
18
19
17
17
17
9
6
11
12
7
7
12
12
17
32
39
44
45
40
42
54
56
51
49
56
57
51
53
67
80
90
97
91
88
86
86
88
87
80
72
66
59
55
59
71
72
65
60
70
83
81
74
68
54
36
28
42
50
38
24
16
10
21
34
36
35
25
17
19
23
36
44
49
36
20
17
18
20
26
40
51
43
40
39
40
40
36
41
51
57
60
57
49
37
27
23
17
19
32
36
38
36
28
33
28
34
27
19
21
28
35
33
36
44
56
60
56
51
48
48
51
55
40
24
25
37
52
52
49
49
50
54
53
41
35
39
39
38
28
21
20
28
40
39
32
28
35
36
33
28
32
36
50
56
55
48
39
38
43
38
21
12
2
6
24
48
60
66
65
69
80
86
87
88
83
68
56
68
86
87
71
58
65
69
68
76
86
75
69
74
77
71
61
56
59
51
33
32
49
58
43
25
18
24
13
-4
-6
-5
0
-3
-13
-20
-17
-17
-12
11
40
64
86
105
115
108
89
73
73
81
82
82
84
77
66
59
67
70
68
61
53
51
53
59
61
51
52
70
71
67
65
64
60
58
64
74
71
51
37
41
58
68
67
60
67
77
80
72
54
40
32
29
26
24
27
40
67
75
71
71
74
68
56
59
57
43
44
55
53
39
36
38
38
37
34
43
48
38
38
50
68
71
64
53
45
44
49
51
44
25
17
22
27
25
28
37
38
32
26
27
27
21
18
33
38
25
19
25
27
22
23
33
39
38
42
51
32
19
32
48
50
40
40
45
50
44
35
36
43
48
41
39
40
42
43
45
50
49
57
67
55
43
55
67
54
34
36
49
54
53
54
55
57
72
91
97
81
61
54
65
73
65
57
60
70
69
45
27
32
36
36
37
43
36
35
35
25
32
36
38
43
42
32
22
17
16
17
11
11
16
21
21
18
20
19
24
32
28
35
35
24
23
38
53
56
52
43
28
19
22
38
48
50
58
67
65
70
74
73
69
67
73
83
82
72
64
56
56
59
56
54
56
58
45
27
21
32
39
33
17
3
1
3
11
27
50
56
48
36
41
51
50
44
43
45
48
50
58
66
66
67
69
67
67
66
66
75
89
96
88
74
61
49
40
52
64
59
57
50
37
25
35
54
73
75
70
72
80
69
54
49
51
50
40
28
17
19
27
32
26
24
27
32
35
42
43
38
39
44
52
54
52
54
55
56
58
58
57
56
59
59
66
70
71
83
97
97
99
103
102
104
114
112
100
97
97
82
77
81
73
66
73
88
96
85
61
41
36
33
26
34
35
12
-10
-14
-1
0
-8
-13
-10
-2
2
0
2
8
13
22
27
20
8
3
-2
-1
32
65
75
64
40
19
11
23
26
10
0
2
-6
-26
-23
-11
2
-1
-34
-65
-74
-57
-26
-6
-13
-45
-60
-67
-69
-57
-40
-26
-24
-25
-29
-21
-6
-4
-3
-5
-9
-9
-3
5
8
12
23
32
43
60
72
72
73
74
71
73
90
114
120
112
96
89
97
107
101
87
92
113
123
118
107
104
98
86
82
84
91
89
90
91
85
68
64
68
61
44
36
35
37
40
29
18
7
9
38
68
88
100
108
108
104
103
103
90
76
70
73
84
92
89
76
70
67
67
80
92
103
105
109
117
117
108
100
99
93
91
81
66
64
64
59
56
65
64
48
40
41
40
44
65
73
56
36
33
32
27
32
28
20
16
11
10
11
16
18
21
12
20
42
57
53
37
28
36
44
56
76
82
72
64
68
74
76
86
89
91
104
128
128
106
77
55
51
49
37
24
21
29
37
36
36
36
19
3
5
6
3
18
28
23
24
36
38
35
40
43
41
39
38
45
53
45
50
69
85
91
89
87
87
81
72
59
53
66
87
96
87
74
72
75
74
81
82
88
93
86
69
65
73
81
74
69
65
54
45
55
53
37
22
16
26
40
40
37
25
27
43
52
55
45
33
33
41
42
37
42
53
51
42
40
52
68
74
65
56
60
74
87
86
88
85
75
69
69
81
91
84
66
50
52
68
73
61
42
38
43
50
55
55
43
32
22
17
13
19
23
29
41
40
20
1
6
25
26
18
11
20
33
23
21
23
25
24
34
54
70
69
64
68
74
71
61
66
82
87
76
71
70
71
82
90
86
72
66
67
73
76
73
65
68
64
43
35
32
24
20
18
12
18
34
48
43
24
12
13
20
18
11
17
33
44
43
35
28
37
43
54
59
64
81
88
80
73
82
87
91
86
77
75
75
81
83
73
59
56
50
40
40
37
24
18
18
11
2
-5
-7
-6
0
9
12
12
21
22
23
32
28
28
37
41
38
25
11
18
37
51
52
45
44
58
64
51
42
45
49
52
56
52
65
88
90
74
73
73
67
60
56
55
55
53
58
75
75
69
74
77
80
84
88
83
82
84
75
67
57
53
45
37
27
22
7
-8
-11
1
16
23
32
36
39
50
52
45
48
51
51
54
57
67
72
72
69
70
75
81
86
97
104
104
103
105
105
87
64
42
36
38
43
40
43
54
52
36
34
40
28
16
12
12
11
18
7
-7
-4
10
7
-3
5
32
49
55
52
48
36
39
65
80
75
69
57
43
50
56
43
24
27
37
35
35
51
77
101
104
91
77
69
53
45
49
50
39
26
23
33
41
33
22
21
22
16
0
-1
3
0
0
6
5
8
25
44
48
41
38
44
76
86
73
65
64
71
84
90
87
84
88
91
92
92
96
91
85
90
100
101
92
71
53
44
34
34
50
70
68
51
40
38
42
56
57
43
42
50
56
58
49
39
38
43
43
37
22
21
33
45
42
32
37
39
42
52
65
59
40
17
7
10
18
25
36
48
56
53
49
48
50
50
42
40
44
49
39
36
40
40
41
41
32
24
24
22
22
24
27
29
32
29
33
34
25
18
21
38
49
39
27
20
18
29
49
53
43
40
48
60
68
66
64
64
72
85
86
87
99
107
107
99
89
83
80
82
80
59
40
27
23
36
59
73
85
90
87
76
73
71
66
60
60
64
61
57
52
56
66
60
41
25
24
33
37
37
26
16
8
7
-1
0
12
22
25
28
38
52
53
55
61
70
67
48
43
73
99
101
97
93
91
87
85
84
87
88
85
73
72
74
70
68
69
60
50
40
34
32
35
36
37
39
34
7
-8
-6
7
23
37
38
38
35
19
9
11
22
35
33
21
13
26
34
35
40
42
44
50
40
27
29
53
66
68
71
80
91
99
80
54
48
51
58
55
36
22
13
8
13
18
20
16
3
-17
-26
-12
8
33
41
41
37
33
25
16
20
34
53
64
52
40
25
23
20
20
32
41
49
52
53
58
67
65
70
90
93
86
77
72
76
76
68
67
72
76
88
106
114
113
114
108
104
100
96
87
85
81
64
51
51
40
27
11
6
5
4
1
2
9
24
35
36
32
24
17
11
18
32
40
51
54
59
67
56
42
50
65
65
74
93
103
97
88
89
85
69
56
54
61
56
55
64
76
72
50
40
52
57
56
51
38
49
60
51
37
28
26
22
13
10
16
27
34
25
19
23
32
29
11
5
16
24
33
33
26
26
35
48
57
36
10
16
34
34
11
-6
-9
2
19
22
29
50
77
100
100
88
73
68
66
72
77
56
37
50
60
49
24
11
-7
-22
-11
4
10
9
2
2
11
25
34
32
38
49
51
43
35
34
42
51
58
80
84
60
42
48
71
86
92
92
90
90
96
101
105
104
99
92
86
85
91
98
103
101
85
60
42
36
38
49
60
65
58
51
36
29
21
3
-3
0
5
8
5
-1
-8
-17
-3
10
22
22
21
16
2
3
22
40
44
50
67
76
67
59
71
87
86
74
67
80
87
76
72
77
92
106
100
92
83
58
41
41
48
38
21
12
8
2
-2
-4
-6
-3
-7
-12
-8
-14
-21
-33
-37
-30
-30
-34
-26
-17
2
22
32
38
39
34
36
43
55
71
85
87
81
74
74
73
67
56
58
76
91
86
69
58
66
76
85
91
98
96
99
109
115
107
91
81
87
102
107
101
83
65
49
42
48
48
38
36
48
57
53
43
44
41
27
16
17
23
20
18
32
41
43
55
58
48
34
28
29
36
53
65
68
58
60
74
86
92
98
89
80
76
81
84
97
115
128
124
117
113
124
130
117
97
89
90
86
72
55
42
38
43
49
33
10
-2
0
6
16
18
8
1
4
11
19
17
7
1
1
6
7
17
23
25
32
49
68
82
87
99
106
102
96
101
107
114
108
107
103
100
109
121
117
104
93
86
87
87
83
68
49
32
20
9
-11
-42
-52
-29
5
11
-5
-12
-18
-4
25
33
3
-17
-6
19
38
60
81
74
58
58
65
60
52
52
68
87
93
98
105
114
105
101
113
128
132
120
