-17
2
4
12
21
24
23
16
6
-4
-8
-2
18
44
42
28
34
45
51
43
43
51
38
20
17
36
69
96
121
148
136
106
99
101
98
86
73
55
52
74
90
91
86
72
53
34
24
22
24
19
2
-10
0
-1
-21
-23
4
43
70
69
58
41
21
2
2
25
36
23
27
52
48
24
19
23
24
19
8
17
50
80
96
96
81
65
70
81
82
86
100
103
98
90
81
68
68
80
98
112
102
85
66
51
37
22
17
25
34
42
53
54
25
-8
-7
7
1
-23
-34
-24
-14
-4
4
5
0
3
18
38
55
66
66
70
75
83
96
99
99
113
118
103
89
88
107
123
116
104
104
107
102
82
68
64
70
85
73
54
52
57
55
22
-9
-21
-14
-12
-21
-21
-14
-25
-33
-26
-33
-42
-41
-35
-27
-25
-23
-17
-5
3
9
10
20
38
64
82
99
107
116
135
138
109
96
96
96
86
83
87
91
90
99
104
99
85
66
52
54
58
51
38
35
32
24
6
-10
-33
-37
-24
-26
-33
-28
-25
-18
-7
-7
-13
-4
7
8
-6
-19
6
52
65
40
24
32
38
37
32
34
43
69
90
102
102
99
97
99
107
116
128
123
112
101
104
105
103
96
81
71
72
70
60
43
23
7
4
4
1
2
10
35
45
42
34
23
5
-11
-22
4
36
43
45
26
25
48
64
55
36
18
12
24
40
44
34
27
34
37
40
56
76
96
92
82
73
67
75
98
106
90
65
49
42
41
40
34
37
48
38
17
5
2
-6
-20
-23
-23
-20
-6
4
5
8
4
0
3
3
12
22
12
4
12
38
57
72
73
64
60
81
89
60
32
21
19
24
24
8
-4
-2
-12
-20
-7
18
49
70
80
82
77
58
38
37
49
53
42
29
33
40
32
7
-4
0
5
6
6
13
11
3
-4
-3
10
32
38
29
25
41
60
64
59
66
41
9
11
42
68
69
50
28
27
34
27
8
-5
-6
1
12
21
17
7
3
-6
-11
-5
0
-2
-10
-11
-12
-18
-17
-4
11
27
33
32
37
42
49
42
40
51
67
76
80
88
112
130
118
91
81
85
92
98
97
88
84
92
84
59
54
59
57
54
54
58
59
58
45
27
19
27
22
3
-5
1
23
24
-19
-44
-38
-19
-8
-7
-11
-3
10
24
36
50
58
64
71
81
83
88
101
117
129
128
128
134
150
156
149
145
145
139
133
122
121
125
131
124
122
136
129
90
69
80
96
92
68
44
52
68
67
53
43
37
27
26
33
49
59
56
49
44
49
64
67
68
83
96
89
69
57
64
70
70
70
84
85
64
53
65
65
57
70
59
39
38
50
59
58
69
59
43
36
25
18
16
13
20
25
28
37
38
28
18
16
5
-1
7
10
11
28
34
29
37
32
33
52
65
57
55
67
89
116
120
114
107
118
120
92
77
75
87
96
84
73
77
73
60
48
45
48
42
41
52
59
58
55
39
27
25
24
25
25
20
10
6
5
6
5
8
21
34
33
40
59
80
71
42
38
48
52
57
65
66
55
50
60
71
71
69
81
88
74
65
60
65
69
59
49
48
53
64
74
81
72
57
53
65
71
58
35
22
23
36
59
51
-5
-40
-29
-6
3
-17
-38
-38
-21
3
19
26
28
28
24
26
35
48
59
55
42
45
57
55
52
54
73
87
88
89
90
97
99
104
107
101
109
117
103
83
77
89
101
76
50
41
39
27
17
11
4
-9
-18
-23
-22
-7
3
11
18
16
24
34
32
40
58
72
72
68
73
83
80
69
55
39
40
51
49
22
6
17
39
70
91
101
107
109
108
121
148
135
84
61
73
81
81
81
67
53
66
73
69
69
55
24
6
8
17
28
33
24
7
10
25
32
10
1
12
18
23
36
57
74
80
98
119
97
51
37
58
83
81
82
98
106
106
99
80
59
57
54
44
33
21
28
34
33
35
24
8
3
4
17
19
3
0
6
7
0
-6
-3
1
8
11
8
6
10
23
37
57
86
70
48
53
61
54
48
54
67
72
73
73
73
80
76
69
60
66
58
43
39
43
43
40
33
40
40
40
40
26
10
-6
-21
-23
-24
-29
-22
-18
-18
-21
-22
-9
-5
-10
-6
12
38
51
52
68
89
91
97
107
102
80
72
80
90
107
119
133
139
145
141
131
114
105
96
75
60
53
54
55
40
20
8
16
25
26
10
-2
-10
-13
-22
-19
-4
16
32
28
19
13
23
44
44
21
6
12
32
36
43
48
43
44
58
82
90
80
68
74
90
90
82
76
74
71
56
55
70
71
54
39
27
21
22
34
51
54
39
34
39
37
36
35
35
34
32
36
33
34
40
27
19
20
21
25
27
16
18
38
57
69
72
72
69
68
68
69
76
81
88
96
89
85
90
102
115
122
120
117
115
119
119
106
91
77
67
64
51
38
22
4
1
2
12
3
-28
-30
-20
-25
-43
-58
-51
-28
-4
11
19
16
5
-5
-4
17
41
57
56
37
22
20
29
48
57
57
57
61
65
58
64
87
99
84
73
81
91
98
105
105
102
116
129
125
113
100
106
135
140
99
71
81
84
67
38
16
3
-4
2
-2
-12
-13
-11
-11
-11
-11
-23
-21
2
22
24
25
35
44
51
60
52
38
35
25
25
41
67
73
86
120
137
125
105
97
91
92
100
99
97
112
128
132
131
133
128
108
84
66
67
70
59
50
38
25
9
-11
-27
-25
-17
-13
-12
-12
-12
-10
3
8
-11
-20
-4
-3
-11
-3
20
32
10
-8
-1
2
-6
-7
5
25
24
40
72
93
102
102
98
88
88
100
101
116
133
135
122
104
88
73
80
84
80
66
53
44
39
41
52
70
82
65
22
1
8
5
-17
-22
-13
-3
17
35
40
41
33
22
23
32
37
37
40
55
64
52
40
43
56
71
90
92
89
91
80
64
59
60
64
71
73
68
65
65
69
70
66
70
74
66
50
56
88
91
39
9
29
52
53
28
-4
-10
1
9
7
11
8
0
8
16
16
17
21
22
10
10
23
32
22
5
-1
0
1
12
27
24
17
25
43
50
40
24
26
38
44
52
66
65
36
16
16
32
43
50
52
48
43
43
53
57
55
49
54
69
74
76
70
66
64
56
57
53
37
25
20
35
58
73
60
43
28
36
59
71
65
69
90
90
65
44
50
67
70
58
56
64
68
69
74
83
72
59
59
77
97
98
91
87
71
49
36
35
32
21
12
12
21
24
19
16
25
29
21
21
32
34
23
19
22
35
40
23
5
6
17
20
11
7
12
19
36
54
66
68
59
56
59
60
75
83
71
65
58
53
54
54
54
60
58
45
33
25
22
25
38
52
52
43
40
43
42
40
53
40
10
12
36
40
21
-7
-23
-14
-3
-3
-5
-4
-1
3
7
20
29
33
35
42
50
56
70
81
73
68
70
84
99
103
97
87
80
67
64
59
55
42
33
35
48
55
56
58
58
55
55
58
58
58
56
51
44
42
52
64
66
57
52
53
57
58
64
66
69
68
64
66
83
86
50
29
40
44
51
52
51
54
54
57
60
56
49
39
34
41
49
45
44
35
24
22
25
26
33
37
36
39
51
54
50
50
56
67
73
75
81
84
81
74
86
88
67
64
69
70
59
49
57
68
61
61
70
72
70
69
60
48
41
42
35
33
29
28
26
34
48
53
48
36
33
25
20
28
39
38
33
40
55
65
64
59
51
35
12
-1
-17
-24
-27
-40
-55
-69
-77
-73
-40
6
33
32
38
65
88
86
72
54
51
58
68
67
77
97
98
88
80
75
86
98
100
97
99
101
102
102
90
81
74
60
60
65
55
45
39
36
34
49
74
61
25
21
33
35
34
39
45
44
52
60
59
52
42
36
36
43
54
56
60
71
71
59
45
38
40
51
64
68
60
51
48
49
45
40
37
39
40
37
39
68
82
56
56
69
71
60
43
32
34
53
83
99
102
87
65
54
66
73
68
70
71
68
58
50
49
53
52
51
52
55
60
67
59
57
59
61
60
64
66
67
67
60
60
56
43
33
34
40
49
55
57
44
38
52
55
52
51
60
73
84
98
101
97
92
103
117
131
140
137
115
83
73
84
97
93
82
75
76
77
87
105
116
91
50
26
26
35
50
52
32
23
27
26
12
21
42
40
12
4
23
40
39
34
33
40
49
53
65
70
60
44
44
44
49
56
58
71
72
60
71
88
101
101
84
80
68
49
28
17
16
34
66
89
70
9
-18
-7
0
-17
-45
-66
-59
-33
0
19
16
0
-22
-33
-26
-17
-1
9
8
-11
-17
-1
11
24
36
35
26
24
24
24
27
36
55
64
49
43
65
87
72
51
58
70
61
48
33
22
24
24
20
23
26
21
9
6
6
-6
-27
-38
-23
-5
-4
-8
-5
-9
-11
-17
-23
-29
-17
2
11
16
9
1
1
13
38
49
54
64
65
67
80
100
89
56
42
50
67
80
76
74
81
85
85
84
88
86
75
66
55
52
57
58
48
24
3
-5
-11
-9
-2
8
10
5
-8
-18
-17
-11
-9
-9
-10
-5
8
20
19
24
50
80
106
85
50
50
56
57
48
37
41
58
84
103
102
90
83
74
70
70
81
92
106
113
103
85
70
60
60
65
61
59
57
50
38
33
38
35
20
9
5
4
-7
-22
-33
-26
-12
-2
5
11
24
17
-2
-4
10
33
48
55
60
69
88
103
103
105
116
128
128
122
131
156
180
184
170
162
151
137
119
96
84
81
73
56
37
24
20
24
42
69
85
84
70
56
65
64
38
11
1
4
11
9
8
9
12
11
17
27
36
35
41
49
45
49
66
88
88
81
80
80
75
81
81
84
84
74
70
70
67
71
74
75
84
85
86
99
104
97
60
36
48
55
25
-2
-4
-4
-20
-34
-26
-17
-20
-34
-36
-28
-24
-17
-5
5
6
-8
-14
-2
13
25
32
34
28
38
50
45
37
44
51
50
52
56
60
66
70
80
86
85
71
69
74
57
51
57
55
35
16
24
44
51
48
45
53
53
48
34
19
24
33
25
34
32
21
10
2
-3
0
13
27
26
33
33
19
22
55
65
35
38
70
92
90
84
81
81
90
112
122
116
106
102
103
104
107
105
104
116
119
105
88
82
83
91
93
80
67
67
67
54
38
35
32
25
27
33
27
22
27
48
29
10
16
25
22
11
6
12
27
38
41
27
21
19
11
28
57
58
41
32
29
39
44
40
38
51
60
57
49
39
40
54
60
55
43
43
41
36
37
44
34
-2
-20
-13
-1
6
8
7
4
-1
5
19
16
16
29
36
25
21
21
25
36
50
55
45
40
43
52
57
53
49
64
84
97
90
71
58
55
57
60
67
61
53
68
69
57
52
52
51
53
60
55
20
0
11
32
27
24
37
40
38
32
20
10
21
38
37
23
26
37
44
41
33
27
33
49
53
52
56
66
72
82
84
84
85
82
81
74
66
66
70
75
80
73
66
66
73
69
65
69
65
60
67
83
105
104
69
57
67
74
77
49
34
48
56
56
54
55
54
48
41
33
22
25
35
28
12
1
-8
-7
-8
-10
-11
-12
-7
0
16
35
45
42
51
54
50
42
43
51
53
57
58
65
73
82
86
87
83
80
77
75
75
71
67
59
51
48
53
58
57
54
48
49
69
83
52
25
29
37
32
26
20
16
10
11
8
-4
-9
0
10
17
28
35
23
16
25
43
51
48
38
36
39
37
28
21
8
-1
9
29
51
75
100
119
133
134
131
130
133
144
138
113
96
102
121
125
108
88
75
65
58
64
59
48
41
42
49
51
51
56
67
52
18
2
5
11
16
19
24
24
18
12
21
23
22
20
22
53
66
32
8
20
38
50
51
57
58
54
52
59
68
59
56
61
61
65
67
64
52
41
35
37
35
24
6
-17
-35
-37
-21
-9
-7
-3
2
5
12
12
2
0
8
23
32
35
28
8
3
12
18
17
25
8
-7
13
40
48
39
25
21
28
48
72
89
88
76
73
70
70
71
69
66
73
82
80
69
55
55
64
64
54
51
48
49
44
35
36
45
42
36
42
58
71
61
52
53
58
56
40
35
51
75
84
57
33
33
42
40
26
32
44
60
75
84
87
90
101
114
114
102
88
90
105
116
117
113
102
90
81
68
66
68
68
69
71
67
69
74
75
84
85
58
43
33
24
6
-18
-34
-39
-34
-25
-19
-12
-14
-11
-6
1
16
19
21
39
51
60
71
67
52
44
68
85
82
90
104
108
101
88
84
81
75
77
86
81
77
80
75
67
58
48
39
35
32
25
19
10
24
49
29
-4
-12
-9
-4
-2
-1
0
2
11
18
10
5
7
6
-6
-6
12
23
24
26
42
59
57
55
67
80
89
101
108
101
102
108
113
116
117
117
116
115
118
116
112
119
129
134
122
84
64
72
91
89
58
33
43
76
103
117
104
74
39
24
50
86
82
53
33
11
16
29
37
33
23
16
17
19
35
52
65
58
33
21
32
44
56
60
65
64
65
67
64
59
60
59
69
77
80
75
71
58
57
71
86
83
64
66
89
87
71
56
38
29
27
37
48
43
37
25
16
9
3
0
-4
3
9
4
-3
-1
16
12
12
18
21
23
12
8
7
8
23
39
49
48
41
41
40
34
23
22
28
43
50
45
38
21
20
18
9
9
5
7
5
0
3
9
8
4
-1
6
27
36
26
22
36
56
64
48
32
25
28
43
66
67
56
55
59
60
60
48
26
22
26
33
33
32
50
69
70
67
64
54
61
84
68
27
12
11
2
-8
-8
-7
1
16
21
17
8
4
17
29
28
20
17
21
34
37
48
69
83
76
74
83
77
59
40
39
57
81
97
98
83
80
89
98
91
81
87
87
70
59
57
53
52
58
55
51
41
38
42
52
71
71
40
34
50
55
44
35
23
6
4
19
33
32
23
20
8
0
6
35
55
56
43
41
56
64
55
54
60
70
65
58
67
73
82
89
96
89
80
68
55
56
50
38
44
61
74
75
65
51
60
68
36
8
22
48
51
35
23
22
34
40
36
35
37
33
17
1
5
12
24
24
18
10
8
8
5
1
-2
4
11
23
37
41
40
36
34
35
40
49
57
73
88
88
82
85
83
72
69
71
80
72
65
74
83
86
88
54
4
4
34
51
51
49
48
43
41
43
51
50
40
33
23
21
28
28
33
51
68
59
29
12
17
24
25
28
33
24
18
17
9
17
32
34
16
2
10
36
50
50
45
57
75
100
116
97
64
61
84
98
85
73
73
83
90
89
74
64
74
85
76
54
38
43
52
40
26
22
23
21
11
0
-5
-6
-9
-1
7
16
19
7
-3
5
16
18
13
16
11
17
26
29
23
20
21
28
44
84
101
80
72
86
92
101
116
123
123
120
118
124
140
162
170
162
140
122
119
121
116
106
98
88
90
88
82
73
67
56
48
38
25
17
4
-11
-24
-13
-2
-7
-28
-46
-43
-29
-23
-9
3
3
9
22
39
41
9
1
12
19
18
20
38
57
76
96
100
104
113
122
118
103
98
106
105
100
98
97
96
97
91
88
83
72
65
65
65
53
50
55
48
37
40
50
38
27
25
22
18
20
20
16
23
28
25
13
12
16
9
9
8
3
7
34
40
21
33
66
75
71
71
75
84
97
112
120
119
106
96
91
83
72
75
91
98
89
71
55
54
58
58
67
73
70
56
43
41
48
42
34
33
36
25
23
23
11
7
8
11
29
43
42
40
42
42
34
27
39
48
43
36
29
25
23
26
38
35
7
7
42
75
83
77
76
88
99
97
81
73
70
61
51
38
28
25
38
54
59
44
32
24
18
8
17
36
39
33
25
20
11
11
17
6
0
5
8
13
22
23
25
29
34
32
35
44
53
57
56
69
81
80
69
58
60
73
80
76
83
106
131
131
91
54
51
68
83
75
64
65
67
61
60
61
70
72
60
41
27
32
43
37
39
42
38
33
26
10
-4
2
19
7
-5
-4
-2
0
4
9
17
20
25
25
21
24
32
37
38
38
60
85
55
27
41
71
88
87
81
82
93
105
101
97
87
87
88
86
75
68
69
76
82
71
54
43
42
38
32
26
33
42
49
45
50
56
52
38
33
38
53
71
85
72
52
53
61
74
88
87
73
64
76
96
98
96
89
89
82
81
97
119
132
130
121
122
119
120
132
136
125
113
100
91
82
66
60
77
98
106
100
86
69
73
96
81
50
48
57
53
34
21
25
19
-1
-3
7
9
-4
-19
-20
-13
-6
-6
-10
-10
-5
-1
-2
-4
-7
-1
12
21
37
45
44
41
36
34
34
52
74
66
36
22
29
58
81
60
42
37
33
25
18
8
1
-2
-6
-11
-13
-12
-12
-21
-39
-46
-36
-22
-18
-24
-37
-46
-38
-21
-19
-29
-42
-43
-33
-13
-12
-33
-36
-7
21
27
16
2
-3
9
34
58
77
71
56
54
74
90
73
54
52
59
71
74
80
73
69
77
76
64
58
56
53
54
50
43
29
18
18
19
12
9
8
11
7
6
10
12
21
37
32
0
-4
17
36
26
19
29
49
67
86
92
92
90
84
77
81
86
90
99
99
92
87
88
93
86
86
100
107
97
70
54
58
72
81
71
52
54
54
38
33
32
33
39
32
21
19
23
25
26
23
16
10
11
19
34
41
45
60
70
72
72
66
50
37
39
54
48
36
34
36
38
41
44
41
41
45
55
74
82
85
96
72
38
44
60
57
36
20
10
10
21
37
53
51
38
20
9
6
7
18
20
25
40
50
42
36
40
55
65
66
68
69
68
70
73
76
74
70
64
56
60
84
101
101
91
80
75
81
82
73
53
57
61
34
11
12
7
-17
-29
-20
-1
5
7
19
43
60
73
90
76
59
65
67
50
36
38
53
52
51
58
60
58
57
58
68
74
70
68
77
96
108
112
99
84
75
75
81
85
82
77
86
91
66
53
66
68
58
52
51
56
59
71
77
70
64
57
48
36
34
32
20
7
7
21
34
41
50
55
52
40
39
44
50
40
26
22
35
48
49
43
43
42
48
56
56
54
59
70
81
92
98
82
66
72
72
49
40
50
60
66
58
50
42
54
74
77
69
56
36
21
25
37
37
36
29
25
26
23
24
33
26
16
11
19
32
40
48
57
59
60
58
50
44
41
36
39
49
56
71
59
34
35
57
67
59
67
81
74
69
70
67
65
61
50
25
21
35
51
55
56
67
64
40
34
42
50
52
55
58
66
65
57
48
50
52
50
55
57
53
59
74
98
93
64
50
59
80
81
67
57
53
48
39
35
38
41
33
19
12
25
49
48
18
-1
6
32
51
45
48
60
66
70
73
68
55
51
59
86
113
98
71
69
83
83
73
71
68
54
43
51
53
37
23
17
12
18
21
21
22
18
5
-1
5
16
12
7
-1
-5
-5
-5
-1
11
19
20
20
19
24
33
41
50
52
52
54
57
58
71
76
74
80
90
108
87
43
51
80
85
64
36
28
42
53
59
59
52
51
53
38
34
51
64
59
51
42
34
32
35
38
41
42
39
34
35
40
33
24
34
37
32
28
33
36
27
26
32
27
23
28
44
65
82
87
80
70
74
91
117
115
80
61
73
96
104
96
81
74
77
82
76
69
56
50
51
55
51
41
37
42
42
33
19
13
21
24
23
28
36
39
33
16
4
3
20
38
29
9
4
10
17
12
17
34
44
41
40
48
55
52
55
69
83
89
92
96
106
132
144
120
90
89
98
92
76
56
36
35
50
60
54
39
25
10
3
8
19
26
23
16
12
18
24
18
4
1
2
0
2
7
9
12
27
50
55
59
66
75
88
98
105
108
104
99
92
92
92
86
76
74
73
82
71
50
42
51
40
28
38
67
90
91
83
75
69
67
65
64
68
53
22
20
19
13
2
-5
-7
-8
-14
-18
-9
-1
10
20
20
18
25
29
41
66
83
87
91
99
85
80
96
109
120
121
113
109
123
137
128
107
92
91
109
134
137
133
129
118
116
132
124
86
71
86
90
68
24
13
37
61
64
42
28
32
43
56
50
26
12
17
12
11
27
42
34
11
17
50
71
64
55
49
42
50
44
27
19
32
57
70
58
51
55
60
58
57
65
66
59
45
36
56
84
53
2
-24
-29
-34
-35
-36
-35
-28
-33
-40
-59
-76
-82
-71
-53
-39
-39
-49
-56
-60
-55
-49
-46
-45
-43
-28
-9
9
24
34
39
39
44
60
64
66
83
91
60
28
26
38
39
24
22
41
57
52
40
35
34
44
56
58
58
55
51
44
42
34
23
22
18
8
18
20
8
9
21
25
25
25
22
12
23
58
102
90
45
33
53
72
65
42
39
57
77
85
81
85
91
83
72
65
56
54
57
64
83
99
99
82
57
49
53
68
67
52
44
57
73
82
86
87
75
66
58
58
67
70
64
55
65
84
98
112
112
85
74
83
86
80
73
72
76
84
93
103
103
96
92
100
92
73
73
83
82
77
65
44
28
20
24
33
35
33
23
13
12
28
48
55
50
37
39
42
33
23
32
55
80
83
84
89
89
87
69
59
67
73
71
64
73
92
93
76
66
71
74
75
81
82
72
67
66
60
70
76
67
55
57
56
54
48
37
24
16
16
18
23
26
37
36
6
-4
11
28
22
9
1
-2
10
22
24
23
22
25
25
6
-3
16
42
53
51
48
48
40
33
39
56
69
83
87
80
71
60
58
73
90
96
86
76
69
59
56
67
75
70
58
53
51
49
44
66
65
22
-4
-10
-1
7
3
-3
-6
-6
1
13
34
40
26
4
-2
9
16
6
1
8
18
16
1
-11
-10
-4
-1
-4
-1
9
25
48
64
73
73
74
83
89
89
84
83
75
68
69
75
85
90
88
85
71
51
41
54
80
88
65
49
55
68
58
37
16
5
12
29
37
36
34
27
24
32
40
48
51
49
51
55
59
80
104
119
116
99
84
88
99
98
89
88
92
103
103
84
60
42
33
29
27
38
72
82
52
32
33
33
26
9
-5
2
28
57
68
66
52
34
3
-26
-28
-7
10
19
20
28
42
51
58
58
52
43
44
42
37
40
64
83
82
80
81
69
64
77
92
90
84
90
96
89
81
71
72
80
69
43
39
67
80
55
34
23
20
19
12
11
24
48
59
56
33
18
12
-2
-21
-34
-29
-11
0
-5
-3
1
-6
-10
-5
12
27
34
36
37
43
48
52
66
82
81
65
69
88
71
37
34
44
60
64
45
28
23
26
38
48
43
37
44
64
66
52
37
37
49
53
41
36
36
12
-5
4
25
35
26
19
19
28
35
34
38
50
65
52
25
33
56
70
57
53
65
71
70
69
76
77
72
70
69
73
87
99
92
91
101
106
103
96
86
73
72
86
93
82
56
42
39
32
17
5
5
3
-4
-7
-6
8
32
44
50
43
38
33
34
34
41
65
69
55
52
42
27
18
26
38
32
22
25
34
42
43
41
32
24
38
65
81
75
70
67
58
53
56
70
83
87
82
64
54
54
59
58
50
45
42
32
21
18
24
43
51
24
2
1
9
20
23
26
32
28
25
32
36
49
50
34
28
42
64
73
64
60
77
102
106
83
54
52
55
59
55
51
54
51
42
38
44
56
60
56
48
41
34
17
20
43
54
58
64
54
51
55
44
40
43
55
66
55
43
39
36
42
57
72
72
55
38
24
20
25
48
57
66
80
82
75
72
69
77
97
106
105
91
74
56
45
41
40
37
25
11
5
3
1
-2
16
41
59
70
85
116
130
102
76
83
104
103
74
55
59
70
68
58
54
37
20
18
22
24
27
35
35
36
41
37
24
28
28
24
28
36
29
25
19
18
27
39
45
42
40
49
64
83
98
101
105
116
119
114
114
113
107
97
98
101
76
52
43
51
49
36
19
20
44
57
40
25
12
-3
-12
-20
-26
-29
-30
-25
-8
2
-3
-10
-17
-18
-14
-11
-10
-9
-7
-10
-20
-9
17
29
29
28
27
25
36
56
