69
82
86
88
96
101
105
114
112
101
97
105
106
71
34
19
11
-1
-17
-23
-29
-49
-57
-59
-60
-70
-74
-70
-56
-49
-41
-35
-13
13
28
27
26
33
51
74
96
100
86
68
56
61
68
83
93
64
48
68
84
86
85
88
96
96
105
121
129
130
114
107
106
104
104
102
88
67
53
52
52
49
37
16
-5
-10
-2
7
-4
-26
-37
-36
-18
-1
0
-3
-3
-7
-2
16
35
39
42
43
54
69
83
82
77
88
99
98
107
120
119
114
115
117
117
130
144
107
69
67
74
77
86
77
36
10
21
35
38
22
-8
-19
-5
4
7
10
10
6
1
-2
0
0
8
18
18
17
20
21
20
12
10
28
54
48
51
59
58
54
52
56
65
66
69
76
80
80
82
82
84
76
74
76
74
71
68
54
42
39
41
49
44
32
19
8
-3
-18
-29
-37
-36
-26
-24
-55
-85
-82
-56
-23
4
19
13
10
23
45
58
55
59
53
29
33
54
75
86
87
96
106
119
134
141
146
139
132
122
122
130
138
156
167
141
88
73
88
88
69
40
20
11
8
2
-6
-7
1
9
5
-6
-13
-5
4
12
7
-11
-18
-2
1
-4
4
18
18
24
34
48
41
25
38
67
82
88
89
91
100
105
122
124
120
130
136
128
114
103
98
93
100
103
97
84
70
57
58
60
42
18
10
16
7
-12
-19
-17
-52
-76
-58
-43
-50
-67
-73
-68
-53
-30
-9
4
8
1
9
35
50
48
54
73
80
68
58
69
96
114
118
114
115
128
132
124
120
113
106
128
139
120
100
106
119
118
104
67
40
42
43
27
18
8
2
-3
-11
-21
-35
-40
-44
-56
-49
-28
-8
4
3
-9
-17
-9
12
50
42
10
7
25
37
35
34
38
43
42
43
56
59
50
45
54
58
65
80
86
85
90
89
76
73
82
88
89
71
50
55
84
98
50
-6
-22
-3
12
19
24
21
8
1
-1
-1
1
1
7
18
19
19
21
11
16
29
40
34
18
9
10
20
27
41
41
38
61
71
44
25
39
45
39
33
39
51
59
67
59
57
54
48
42
52
53
43
45
56
56
45
32
29
29
20
18
33
52
53
42
39
53
72
88
69
42
32
28
29
26
18
18
27
41
54
58
48
36
36
40
42
45
54
51
38
36
43
59
71
64
41
29
32
41
50
70
99
87
60
55
59
69
75
82
80
59
59
74
82
80
74
70
58
41
33
38
53
65
56
50
53
48
36
40
44
32
23
35
51
51
40
44
66
56
38
32
38
51
54
59
71
70
65
60
66
64
60
55
56
70
80
77
71
82
86
59
50
66
76
83
72
58
57
65
70
74
91
85
48
26
22
35
50
53
43
43
39
35
40
35
20
10
4
-6
-12
-9
0
11
25
28
28
33
35
45
53
50
50
52
55
59
66
74
88
75
51
48
57
61
56
41
33
35
44
55
67
76
74
65
57
50
43
48
51
48
45
37
16
5
17
21
18
6
12
10
-20
-38
-28
-5
6
-4
-12
4
28
49
54
48
37
34
45
50
43
57
76
83
74
74
86
96
86
72
58
56
54
51
57
58
55
68
69
37
23
26
33
36
34
23
18
24
39
53
52
42
35
40
57
52
37
37
53
65
54
29
25
39
42
36
38
40
39
40
58
75
58
43
52
60
56
44
40
43
49
54
58
66
81
89
83
65
36
26
43
53
49
33
22
16
6
0
3
13
19
10
10
11
10
22
34
44
24
3
6
29
49
48
43
43
43
49
49
44
39
48
52
44
41
56
77
72
51
50
68
84
88
83
73
65
60
70
75
72
60
60
84
80
58
52
52
52
52
49
40
33
34
38
41
49
37
13
4
17
25
35
38
33
36
65
96
87
69
50
42
51
68
80
85
83
70
66
89
133
123
93
88
89
90
96
99
97
90
88
92
107
119
103
76
57
56
60
59
50
55
51
32
28
37
43
49
44
41
33
32
29
20
22
41
38
2
-19
-9
7
17
5
7
20
39
45
32
22
34
38
34
22
24
42
64
82
96
88
82
86
87
84
82
71
59
54
65
82
67
39
38
43
48
41
32
32
34
32
28
33
40
41
32
25
34
32
17
17
23
34
28
16
6
8
20
33
45
59
73
67
58
75
108
101
50
27
42
56
57
51
39
32
17
5
25
61
83
80
65
59
82
106
97
68
35
26
44
58
49
33
27
44
45
32
28
16
-12
-11
0
-2
-4
-5
-1
9
18
20
22
36
39
24
12
19
43
75
83
64
44
52
83
88
72
68
70
76
89
99
98
91
90
89
86
88
80
53
33
29
41
43
22
-7
-25
-26
-12
-4
-5
3
8
7
6
4
3
-2
-8
-3
6
10
10
13
20
37
53
54
57
44
44
68
68
38
48
76
84
82
97
112
115
113
105
101
101
101
102
97
84
70
59
56
59
65
55
41
28
20
17
27
38
34
23
29
51
33
-3
1
20
33
51
35
6
5
25
42
48
38
42
52
60
60
53
52
67
74
55
43
40
45
58
60
60
69
70
64
64
64
59
53
37
20
32
33
9
-1
-4
-18
-39
-57
-71
-73
-75
-62
-37
-7
7
9
24
56
82
84
76
70
70
72
70
60
60
71
86
102
104
91
80
81
105
140
134
86
73
97
107
93
75
67
69
74
71
69
74
69
45
35
36
36
27
23
26
40
27
0
-12
0
18
16
12
23
32
33
26
26
34
38
64
67
48
50
71
85
72
54
61
84
80
60
52
56
69
85
83
72
69
67
67
75
84
82
81
81
86
86
85
87
88
92
89
84
74
67
64
61
64
28
-3
-3
5
8
12
20
20
13
19
19
4
-6
-12
-5
12
35
64
69
56
51
60
69
66
55
51
51
48
39
36
43
48
53
76
83
55
43
51
57
53
48
48
57
55
40
40
42
40
38
40
41
39
27
17
17
29
39
35
27
28
32
19
18
28
35
40
44
64
65
23
3
17
41
51
44
35
32
40
57
73
81
80
71
67
72
77
71
68
67
70
74
80
75
65
50
39
27
29
41
23
0
13
42
52
40
27
28
29
29
28
27
42
66
74
53
27
16
19
32
28
18
16
23
28
48
50
33
26
38
52
52
45
36
38
42
42
43
43
38
37
49
57
73
86
88
99
85
64
67
83
72
58
65
80
68
42
28
21
19
25
34
36
25
18
20
26
24
26
36
40
28
23
34
38
38
38
35
33
34
34
40
49
56
86
114
84
51
50
57
66
71
82
87
91
96
100
113
134
133
98
57
49
59
71
70
64
66
48
28
32
43
55
61
74
70
24
-4
4
25
28
11
1
5
11
0
-17
-22
-21
-13
-14
-29
-22
8
36
43
44
64
81
87
84
70
60
70
87
96
97
89
75
86
97
70
55
69
80
71
57
50
54
57
53
49
45
52
51
21
-2
6
10
12
11
9
11
21
36
38
34
35
40
37
35
35
24
37
77
76
45
34
42
44
27
23
40
53
52
51
67
81
71
53
38
27
21
35
60
58
48
44
42
33
24
27
34
28
18
4
1
23
41
28
28
43
51
34
6
5
26
43
45
45
50
48
39
34
34
27
32
42
45
33
27
39
54
54
54
66
97
114
80
61
66
55
52
52
54
57
65
70
77
83
75
59
56
66
70
70
61
58
54
40
40
56
57
22
0
-5
-5
-10
-27
-45
-49
-27
-6
5
22
44
65
82
87
87
89
96
115
116
98
96
112
115
103
100
128
149
128
96
82
86
88
88
85
76
87
96
83
67
60
57
49
43
43
52
55
51
48
43
21
2
5
32
50
18
-13
-22
-14
-12
-22
-21
-8
-2
1
10
21
23
28
26
23
38
64
74
74
74
77
74
64
59
66
76
85
68
53
64
82
68
54
65
65
55
50
42
35
34
49
55
52
41
36
41
41
38
34
26
26
32
28
23
20
20
17
11
5
13
35
58
68
28
3
16
39
56
51
43
53
61
57
45
40
58
57
49
55
64
59
58
60
52
40
45
60
58
57
81
99
74
58
68
75
88
97
83
69
70
81
85
80
73
73
68
43
23
21
34
54
57
42
33
38
43
40
43
52
71
84
59
34
37
42
45
56
59
45
38
51
64
64
53
50
49
45
51
56
50
37
35
41
51
42
25
23
40
69
83
74
38
9
18
41
65
66
50
34
39
53
55
54
55
60
60
56
55
52
55
61
66
60
52
43
43
48
51
53
49
42
43
53
68
91
92
52
34
48
60
65
51
38
33
35
36
41
40
50
44
12
-1
18
48
65
64
51
37
21
23
37
44
50
48
38
33
33
40
60
64
17
-20
-18
-2
12
12
3
-2
3
17
36
53
56
49
40
34
42
53
52
37
29
40
50
64
70
76
83
67
40
28
34
45
53
48
35
40
66
64
42
53
71
80
74
54
28
16
11
21
37
35
27
34
42
36
33
40
49
44
36
37
38
38
35
37
45
56
80
69
27
18
28
36
33
23
25
43
64
60
52
48
54
58
60
69
84
87
81
74
70
70
73
75
76
73
66
52
41
40
37
39
40
42
68
91
65
24
12
22
34
43
39
28
35
44
65
75
64
57
68
67
61
70
83
91
87
68
54
44
55
73
85
85
87
83
65
48
44
66
83
55
26
24
35
32
26
26
21
26
37
37
36
40
38
27
28
38
28
16
16
27
28
27
36
50
66
73
61
59
60
76
112
130
123
113
113
119
119
113
100
90
81
77
82
93
99
88
80
75
81
75
54
40
37
26
19
19
23
22
25
38
42
39
41
57
64
32
28
51
53
29
11
10
26
44
56
55
50
38
33
27
22
26
58
105
145
170
176
165
161
166
163
153
145
147
147
148
148
134
115
100
90
85
97
87
42
17
22
29
28
11
-7
-18
-14
5
28
35
21
1
-4
7
20
9
-3
0
16
42
45
22
7
10
25
49
66
67
71
97
97
68
60
77
90
77
54
48
65
76
68
59
61
55
32
11
7
16
26
28
21
12
9
0
-13
-21
-11
-6
-9
-18
-25
-20
7
50
56
18
-2
-4
0
1
-2
-7
-14
-20
-14
4
19
33
49
66
71
68
67
61
65
76
85
80
72
69
67
70
82
99
99
96
89
60
33
22
16
18
26
23
16
17
21
18
16
-1
-24
-33
-20
-5
-3
-8
-8
-2
3
1
-4
-2
3
2
10
18
35
58
42
6
4
20
20
23
40
55
61
58
57
66
73
86
103
102
97
100
101
96
91
86
71
69
73
84
87
61
32
23
38
56
65
55
45
45
60
59
20
2
13
10
-3
-12
-18
-7
4
8
19
36
51
54
44
22
6
4
12
28
37
35
40
44
50
54
68
85
90
96
86
52
34
59
113
130
101
67
44
43
56
74
73
58
42
22
23
44
60
49
0
-38
-38
-7
16
22
22
11
13
24
33
32
22
22
45
71
54
40
54
64
55
40
17
1
2
22
49
68
71
72
73
74
81
75
64
59
57
55
60
81
102
119
138
148
137
121
109
97
96
105
116
133
153
134
91
65
58
57
38
9
-1
4
11
17
20
22
9
-20
-39
-42
-43
-42
-35
-20
-17
-17
-10
-11
-17
-12
-6
4
18
26
39
48
23
1
11
40
50
48
59
68
72
87
114
138
149
124
93
88
101
114
122
122
117
113
105
92
67
44
40
48
60
54
51
66
54
23
9
4
-6
-13
-9
-4
-7
-10
-23
-30
-21
2
10
5
-3
0
20
33
26
9
-14
-39
-41
-20
13
41
68
81
76
76
87
90
76
100
134
145
138
131
128
128
117
99
81
59
50
48
60
76
65
27
2
-6
-13
-25
-49
-42
-29
-26
-13
-11
-13
-8
11
6
-28
-55
-58
-53
-55
-53
-37
-12
16
38
51
49
37
32
49
65
74
81
65
57
76
97
100
82
56
44
54
74
107
105
55
24
43
74
92
96
80
70
66
70
76
81
72
38
3
-4
5
10
0
-11
-19
-22
-18
-2
18
12
-21
-33
-4
23
22
0
-17
-8
-1
3
8
26
35
27
32
45
69
80
77
84
83
67
45
37
35
49
76
98
99
88
84
86
88
76
57
55
61
60
73
64
19
7
34
39
8
-20
-22
-13
-21
-42
-57
-45
-12
20
19
-7
-18
-19
-18
-21
-26
-41
-42
-21
11
51
69
60
53
55
41
27
38
35
12
17
39
48
40
37
52
68
76
80
69
67
67
65
65
52
24
9
22
38
38
28
24
19
12
16
24
27
23
28
45
36
22
27
40
49
51
41
35
42
59
73
76
74
74
80
82
81
80
80
86
98
101
89
80
67
54
44
35
39
48
43
44
26
-5
-6
9
12
4
-4
4
23
34
49
69
89
97
89
77
70
71
83
108
116
105
113
131
130
97
83
97
106
112
101
92
106
124
105
82
81
83
71
53
33
20
21
11
5
12
27
37
26
11
10
26
49
41
19
16
28
50
69
72
56
45
53
65
58
34
33
51
50
54
58
57
55
48
41
45
53
59
72
90
107
118
114
96
87
99
104
103
101
98
97
83
53
44
60
59
51
39
41
36
12
0
4
27
24
12
20
18
6
2
7
17
26
38
54
59
55
49
50
65
73
77
92
109
105
88
81
85
98
90
85
103
123
99
80
87
86
72
65
70
83
96
92
86
80
72
56
37
23
12
4
4
23
42
44
35
23
18
7
-18
-28
-20
-10
-13
-8
9
28
32
24
27
49
65
67
58
55
68
83
97
98
102
112
101
87
83
98
116
106
106
114
112
91
76
75
82
91
105
108
101
75
64
84
72
44
39
34
21
9
-2
-11
-17
-7
3
9
-3
-18
-12
0
1
-1
0
4
18
34
42
45
43
57
69
55
61
97
99
74
71
80
92
100
98
108
147
154
136
124
109
80
57
51
42
26
17
7
-4
-25
-55
-68
-60
-46
-24
-6
6
32
54
54
50
49
42
52
40
5
9
34
37
27
26
26
25
39
65
83
90
92
99
100
100
112
116
115
105
98
101
109
108
98
90
89
85
80
81
83
93
98
58
20
17
26
35
24
11
4
6
17
27
39
33
22
25
36
18
4
20
28
27
27
26
26
29
33
28
41
56
48
32
24
22
26
42
68
74
50
41
58
73
75
72
81
101
108
107
108
112
108
116
124
117
116
129
124
105
75
52
40
32
22
22
11
-2
-4
1
9
20
27
10
-26
-36
-20
-5
-3
-7
-6
0
7
9
5
11
18
21
26
44
44
40
52
69
75
74
58
43
39
35
26
42
82
105
96
81
113
140
114
85
73
73
85
91
90
80
72
68
67
51
9
-10
0
17
28
35
34
35
37
29
17
9
13
23
37
50
45
51
57
54
43
51
64
59
65
59
25
17
38
50
42
37
37
53
69
69
52
44
54
67
70
74
81
86
91
89
86
84
83
67
44
36
36
43
58
59
17
-11
-9
1
0
-6
-13
-11
-9
-22
-25
-8
-4
-11
-7
22
44
45
53
58
64
83
108
114
112
115
115
118
116
98
80
73
83
66
29
20
32
52
54
32
12
13
25
27
26
34
34
20
10
20
40
50
34
21
26
44
59
57
48
40
37
39
42
44
65
69
39
29
35
29
25
35
40
27
34
42
51
59
68
73
81
92
99
97
101
118
124
113
99
89
72
59
61
71
74
70
68
64
68
76
54
39
49
50
33
12
11
8
-3
-2
-1
-2
-3
11
18
6
5
26
55
66
60
52
51
52
67
85
80
60
67
72
71
67
59
64
85
86
67
64
66
65
55
42
34
37
60
68
52
44
54
52
28
10
8
13
9
4
-1
-3
10
28
27
9
2
11
10
12
16
11
16
28
64
77
48
20
12
23
39
51
54
72
99
108
99
100
104
102
88
75
83
98
102
99
98
91
83
73
68
68
73
81
81
64
49
61
96
83
50
49
67
65
40
24
12
18
33
27
18
-4
-20
-20
-22
-38
-52
-54
-42
-20
7
33
54
71
74
74
89
107
114
106
109
123
102
75
85
107
105
87
75
75
80
75
70
70
72
60
42
50
58
58
59
59
43
22
9
-11
-27
-29
-34
-33
-25
-13
-9
0
25
16
-11
-5
8
7
3
4
12
36
43
41
37
18
-6
-10
10
55
100
106
113
124
123
124
123
117
107
101
88
68
54
53
65
77
74
21
-17
-4
18
26
20
17
20
20
12
16
27
44
42
21
7
9
23
26
25
24
18
21
35
35
24
27
33
37
68
89
60
38
51
71
75
65
57
67
82
87
89
98
101
100
88
72
57
57
59
56
51
55
58
50
29
16
19
33
35
34
19
0
1
19
59
72
24
-7
0
22
36
22
11
18
27
29
43
56
57
55
56
66
77
84
84
72
69
80
90
101
104
104
101
104
114
115
109
112
116
87
56
64
72
66
58
56
49
44
44
43
53
70
69
52
35
22
18
17
8
2
-4
-2
11
23
27
24
27
44
53
32
28
43
59
72
76
74
73
70
69
84
83
71
69
73
71
57
41
33
33
32
22
9
-1
2
3
0
1
8
9
10
18
27
52
75
55
24
11
18
34
33
21
9
9
25
38
48
53
54
56
74
90
100
105
113
109
104
92
82
68
66
76
82
82
83
71
68
72
88
76
33
8
2
19
27
20
18
26
20
5
1
8
21
27
32
25
23
23
16
9
17
23
38
52
44
34
41
57
57
43
41
53
85
112
86
60
81
100
92
81
75
74
77
92
98
87
81
57
35
38
60
76
80
70
51
38
34
23
23
28
25
19
10
10
25
40
51
52
43
23
-10
-10
17
40
32
8
8
27
40
49
54
57
59
67
67
58
56
59
64
72
84
86
86
89
96
101
107
107
91
70
53
51
50
52
58
80
67
23
4
20
29
23
21
20
12
21
27
26
19
8
-7
-17
-25
-28
-24
-4
8
9
16
21
24
32
39
45
52
53
60
66
56
49
74
92
69
49
34
18
2
6
3
-20
-27
-10
9
34
57
66
50
38
56
84
90
71
55
56
66
73
72
69
73
72
58
42
37
40
52
66
68
69
86
88
57
27
35
52
68
70
65
60
72
80
87
86
60
50
56
56
36
21
26
40
43
49
55
58
70
76
75
76
75
82
81
76
81
64
40
40
41
50
45
38
34
37
53
59
48
35
25
20
21
32
40
48
44
37
35
40
45
49
41
39
53
73
96
102
80
56
51
52
73
96
57
13
12
34
44
33
4
-1
4
11
23
25
21
6
-7
-8
-14
-14
6
23
19
12
16
25
37
37
28
26
36
50
54
49
44
49
57
88
119
101
67
50
51
66
75
66
43
33
44
68
81
83
84
84
85
87
92
101
89
75
80
74
71
64
55
56
53
33
22
20
10
20
18
9
17
28
36
40
37
12
1
13
36
43
35
27
23
16
11
26
49
67
70
57
53
55
59
65
74
86
83
81
74
74
86
93
96
105
102
67
44
50
56
54
48
38
28
24
27
42
56
55
40
28
17
5
10
21
18
7
10
21
33
35
39
41
27
12
6
19
60
72
33
9
26
54
73
72
68
75
83
76
73
60
50
54
69
49
11
7
23
26
26
38
55
69
73
54
40
50
73
84
53
22
27
49
41
27
24
23
28
36
26
27
42
44
40
38
45
61
74
61
54
45
33
27
34
37
48
66
76
73
56
41
34
35
48
61
74
52
25
23
21
17
28
32
7
6
24
45
57
60
51
36
21
20
34
39
38
35
36
41
53
64
74
85
70
50
43
37
48
58
64
53
56
86
92
72
53
50
57
58
52
45
38
24
27
42
57
51
33
24
37
48
40
34
43
65
68
55
43
44
52
57
50
55
73
86
85
71
53
50
72
104
102
70
55
67
73
60
50
49
51
55
60
60
55
42
37
32
33
26
20
32
43
43
28
19
26
35
28
27
37
49
36
21
28
39
55
64
66
60
35
21
34
60
65
43
42
66
71
68
68
73
84
91
87
75
68
71
83
91
97
86
61
34
26
36
42
36
10
-17
-26
-27
-28
-30
-28
-13
18
42
27
21
48
87
104
84
55
50
58
60
57
56
57
59
64
58
54
65
76
76
72
75
83
75
65
75
87
77
73
75
87
97
92
75
55
57
72
59
51
38
28
27
21
6
-1
4
11
8
16
24
11
2
10
22
34
43
53
44
33
34
42
45
39
20
21
41
45
33
25
34
51
59
73
60
29
32
50
67
72
76
87
90
93
96
91
99
98
89
100
103
108
114
115
112
105
107
100
87
83
85
85
73
57
37
26
35
49
53
60
66
36
4
6
20
17
2
-4
-6
-5
0
-5
-22
-26
-23
-11
-3
12
22
23
32
26
4
-9
8
40
67
92
101
90
90
93
92
99
106
106
103
120
105
43
16
36
61
66
55
40
28
42
59
36
4
5
23
24
12
8
12
17
18
16
16
20
27
23
12
5
7
21
27
48
65
66
58
44
37
48
65
72
73
69
56
66
87
96
81
53
23
5
-1
7
16
16
23
32
20
6
5
21
28
10
9
21
7
-9
-11
-1
11
20
28
45
65
71
73
70
65
76
99
100
82
61
56
70
96
107
100
86
76
76
93
105
102
86
75
88
104
73
48
55
65
65
55
38
24
17
7
11
16
21
29
21
2
1
19
35
21
3
-2
-4
-9
-3
6
10
17
26
32
41
73
86
59
41
52
54
41
37
42
54
65
64
59
64
80
87
71
72
85
108
131
125
108
101
106
107
100
100
104
90
70
65
57
36
29
50
53
21
6
19
21
3
-17
-25
-20
-4
5
4
8
21
23
13
12
25
53
67
70
65
55
51
45
39
44
45
39
43
58
75
76
64
65
97
108
89
73
67
55
37
17
3
-7
-7
-5
8
35
52
41
18
-4
-5
20
39
34
20
8
8
16
23
28
25
19
21
37
54
60
38
34
60
93
109
92
67
50
54
75
85
71
59
65
69
71
80
89
83
55
34
21
10
17
24
26
28
35
34
25
32
11
-20
-12
18
27
20
16
18
24
35
44
55
71
106
108
66
44
54
71
73
64
57
67
90
100
97
86
71
69
81
91
81
77
107
115
85
69
68
70
64
51
36
27
24
3
-18
-27
-42
-53
-53
-39
-30
-19
8
23
19
13
17
20
24
43
58
60
68
86
81
43
25
32
44
50
51
60
82
103
120
120
104
82
72
80
91
98
99
100
113
124
113
92
86
83
76
71
70
75
82
74
61
72
70
33
10
21
37
49
36
18
13
19
25
37
33
26
26
17
13
20
33
48
44
28
28
37
36
32
35
54
71
70
52
52
73
102
124
101
69
76
96
102
101
82
69
75
89
89
82
75
68
51
37
24
21
22
27
40
36
13
-14
-26
-17
-6
4
24
38
40
54
51
27
11
18
25
24
19
24
33
40
43
40
35
38
45
42
36
36
52
68
70
75
83
86
82
70
66
68
61
58
59
65
82
96
71
44
28
21
21
24
32
32
27
28
36
40
43
49
35
13
23
44
42
24
24
41
42
33
25
29
40
51
44
35
39
66
98
107
85
80
87
96
87
71
71
82
99
99
89
84
75
67
71
82
87
71
45
33
25
21
22
26
23
18
6
-4
-10
5
25
41
22
-8
-5
6
20
33
41
44
39
25
36
50
40
42
57
67
71
60
44
40
52
71
87
96
103
105
99
88
83
88
97
96
83
70
85
107
82
35
12
22
29
20
-11
-33
-27
-4
8
-6
-30
-45
-39
-29
-24
-12
-1
12
27
43
51
49
43
41
57
73
59
45
41
55
82
112
98
66
72
92
112
115
106
105
100
89
91
97
107
118
105
84
75
68
58
45
37
42
54
50
36
27
17
13
17
28
49
38
17
22
52
66
44
28
22
20
16
2
-4
5
19
25
27
34
27
20
23
27
28
43
60
55
32
35
61
89
89
67
51
57
77
101
122
100
67
67
88
84
55
35
36
45
60
82
77
55
42
50
52
49
48
40
24
16
9
2
-6
-4
-1
-4
2
9
20
32
44
57
39
20
16
28
51
