28
19
3
-8
-7
-8
-24
-38
-44
-57
-66
-67
-52
-25
-9
4
35
53
82
99
67
56
81
87
73
57
52
55
64
72
74
81
74
70
76
97
102
98
92
99
108
105
88
65
52
54
58
59
56
44
43
54
55
50
52
52
32
19
24
35
28
19
12
4
2
4
6
10
18
32
40
29
7
7
21
34
50
52
42
42
57
83
100
85
60
57
80
90
84
75
89
120
104
77
81
89
81
48
27
32
37
40
39
33
20
13
18
21
23
32
34
24
10
8
19
22
19
22
32
37
44
55
58
51
36
24
20
27
44
54
50
40
38
58
92
86
67
65
68
73
74
60
41
35
36
42
58
67
67
55
36
22
21
22
19
17
9
7
9
16
19
21
23
20
17
19
32
40
44
57
69
50
38
52
59
50
51
69
81
73
53
38
52
64
70
74
86
98
99
88
86
86
86
85
87
89
89
83
61
49
44
45
53
59
60
52
40
32
26
38
39
24
21
32
35
25
17
-2
-6
1
9
12
18
23
24
28
29
25
27
44
57
51
49
60
66
67
76
91
103
101
97
93
90
84
109
132
97
73
85
90
80
64
58
72
80
82
92
105
103
88
66
57
44
21
11
21
33
33
40
53
49
24
0
2
17
23
39
49
24
12
26
42
60
66
38
7
8
36
43
43
51
55
50
41
44
60
76
85
82
74
77
93
100
83
72
80
80
69
65
72
70
69
82
67
28
16
21
22
20
34
39
16
-3
-2
-6
-3
-1
-6
-11
-25
-14
10
37
56
61
39
21
24
44
59
64
74
85
91
91
101
90
64
57
68
74
61
33
13
20
28
43
43
51
56
53
44
35
35
43
44
36
34
37
43
49
37
27
29
28
20
10
11
35
37
8
-2
-7
-12
-12
-6
0
-2
5
16
22
34
36
37
37
36
42
42
32
35
49
51
35
26
33
33
34
38
36
49
80
73
49
40
45
41
33
22
32
44
41
37
36
32
26
25
33
32
10
8
26
35
35
23
7
5
11
23
35
32
22
25
42
56
54
35
12
24
51
28
-6
-9
12
51
91
121
129
129
128
129
139
144
117
96
86
84
86
85
67
48
37
38
48
51
43
32
22
22
26
28
29
40
50
44
38
35
32
36
50
52
59
56
19
3
25
44
52
45
40
43
54
74
90
97
101
102
104
102
85
75
76
82
93
84
51
24
12
17
17
5
-4
-8
-4
3
32
58
37
-1
-20
-29
-37
-35
-24
-12
1
9
3
-6
-2
6
10
24
28
21
22
40
66
86
85
60
50
59
73
66
51
42
50
52
58
72
86
92
71
34
9
6
7
12
22
27
28
27
28
38
33
10
-4
-10
-3
13
28
37
25
24
36
41
34
27
36
52
57
53
57
71
83
97
100
84
90
105
103
85
66
57
71
97
109
113
120
120
119
114
106
101
99
90
72
59
60
55
44
37
35
25
13
9
10
6
-1
-4
-21
-39
-41
-25
9
18
5
23
51
60
57
52
56
55
65
85
99
89
72
67
69
81
89
87
76
71
69
74
76
75
82
76
57
53
59
56
51
41
32
34
40
36
27
21
12
10
17
11
-6
-17
-14
-9
4
27
50
34
22
28
38
39
26
18
27
50
69
86
86
69
64
75
84
83
92
106
116
118
99
73
61
61
69
77
81
82
85
87
88
82
71
73
77
86
85
69
55
40
27
26
25
16
6
-1
1
23
17
-25
-41
-24
-11
-24
-37
-46
-51
-27
5
21
20
16
6
5
12
36
56
66
70
69
70
83
85
69
55
70
98
104
92
90
96
100
106
108
102
98
92
90
81
65
59
66
70
56
32
17
11
18
32
39
42
51
50
35
11
3
0
8
25
39
49
35
13
3
6
18
22
26
34
48
60
60
55
44
40
55
89
86
58
60
71
72
71
60
55
57
66
72
84
89
89
85
69
50
41
43
42
36
38
33
19
21
37
37
28
27
37
36
28
37
54
70
86
83
33
2
16
49
69
76
81
77
86
75
55
58
82
100
108
108
104
101
103
114
118
105
86
69
54
65
71
72
72
73
67
59
59
60
67
70
69
73
61
41
42
64
66
40
8
-7
-12
-12
-22
-39
-45
-39
-21
-1
19
28
41
66
87
86
76
68
56
55
56
71
91
100
99
89
96
112
131
145
137
116
87
81
103
112
96
85
83
81
84
80
65
68
73
57
36
40
49
35
21
16
11
10
5
0
7
4
-6
-19
-33
-37
-35
-34
-38
-37
-22
-4
9
11
10
20
32
43
71
68
24
8
6
10
27
44
48
48
54
67
83
96
107
121
118
91
74
68
69
87
90
74
58
44
26
11
11
16
10
2
-9
-17
-22
-22
-13
-2
-4
-35
-42
-29
-22
-13
-7
-6
-12
-11
-2
13
35
40
29
20
24
54
83
83
65
58
66
73
82
72
59
66
60
51
58
82
96
86
82
82
86
96
113
136
116
74
73
97
116
119
112
98
74
60
66
68
59
35
12
13
4
-6
-8
-1
7
8
8
20
34
38
42
50
54
57
68
64
53
57
80
75
65
72
75
64
51
44
44
42
44
41
36
26
20
21
12
5
26
50
44
27
28
48
64
69
80
96
108
112
104
96
99
107
103
81
65
35
4
9
29
37
25
9
6
9
19
28
35
25
10
10
24
37
34
20
21
25
24
13
7
10
21
26
24
26
33
44
58
59
58
69
99
121
92
64
60
66
61
53
48
36
26
27
26
11
4
6
-2
-22
-38
-37
-25
-26
-33
-33
-26
-13
-1
1
0
10
35
44
33
24
21
19
32
53
80
108
99
69
66
83
84
71
66
75
85
92
101
102
96
68
48
44
41
34
35
49
57
55
53
52
50
56
65
60
48
36
26
19
23
26
26
45
68
48
28
36
53
50
29
34
49
53
50
51
55
54
56
59
55
49
53
71
87
89
83
73
64
66
77
84
90
96
86
67
43
39
68
102
87
57
64
88
101
98
83
64
53
60
75
82
84
87
86
68
52
53
67
71
67
55
51
45
44
41
42
54
65
58
48
38
38
52
81
91
54
17
11
20
27
26
18
16
19
40
57
56
55
54
42
36
35
32
32
32
24
-1
-24
-40
-53
-53
-36
-10
-4
-1
19
26
23
26
55
57
16
-7
-3
2
1
0
-4
-7
-5
1
5
6
10
9
9
22
27
23
20
27
48
44
32
29
38
55
83
101
116
128
150
161
146
146
161
169
160
149
136
118
109
106
99
84
69
57
58
69
60
45
28
20
17
20
12
7
18
35
27
4
-3
3
4
1
-1
4
12
26
58
76
53
28
25
27
35
37
40
48
57
70
84
87
81
71
80
88
85
80
85
93
107
121
113
104
106
100
90
88
84
71
84
90
48
10
20
28
22
4
-9
-13
-24
-38
-37
-25
-22
-27
-28
-17
-2
6
7
5
5
10
23
37
44
51
49
40
42
58
76
101
118
104
87
87
76
68
72
85
100
92
82
77
83
90
91
90
81
75
86
97
98
85
67
44
36
40
39
37
54
59
38
10
4
9
21
33
32
17
13
24
40
49
40
25
18
26
53
75
76
70
67
98
137
119
83
80
93
97
88
91
99
113
115
102
91
85
88
88
69
52
54
90
106
67
24
5
-3
-3
-7
-19
-9
3
1
-8
-12
-14
-9
-3
3
8
17
24
22
2
-8
2
16
37
56
65
64
60
64
69
85
96
77
59
59
87
118
123
116
112
103
91
89
97
88
72
49
38
55
82
92
89
82
70
57
44
51
57
48
29
11
-3
-9
-3
0
-17
-19
-13
1
24
32
22
16
19
39
59
67
60
69
73
73
70
67
65
57
49
48
50
60
69
71
67
54
55
67
80
60
25
16
25
35
38
26
2
-5
4
18
18
9
9
21
36
36
32
32
27
19
12
23
38
44
42
40
40
41
34
26
29
49
52
28
19
44
71
68
48
36
34
38
57
83
102
106
102
89
89
103
107
98
81
69
68
75
85
76
68
54
57
65
59
43
36
39
54
70
42
19
32
55
57
37
24
25
35
42
43
48
56
57
50
40
37
38
35
20
9
3
-10
-21
-19
0
16
41
64
81
109
108
84
86
104
102
90
91
80
59
60
74
77
64
38
20
12
23
44
59
52
35
27
38
36
28
27
21
17
20
21
33
39
43
61
83
65
35
26
38
57
68
69
71
74
82
88
87
69
51
53
54
54
54
50
52
59
59
48
32
18
10
21
38
40
28
28
38
44
42
32
42
40
12
5
10
17
12
9
17
21
23
26
27
36
40
33
13
9
11
9
7
18
26
19
11
19
35
32
27
40
50
35
22
41
66
76
52
24
23
42
60
59
44
28
38
56
58
50
36
21
12
20
28
40
52
56
60
66
54
38
39
53
57
55
37
24
22
29
42
52
56
57
56
70
103
112
76
59
74
86
81
59
52
57
71
69
53
44
49
71
96
90
76
76
80
69
57
59
67
71
67
57
64
91
97
59
41
41
29
17
24
37
42
55
58
59
74
85
83
82
73
56
51
57
55
54
54
64
60
56
56
54
58
60
65
65
54
51
70
66
27
11
21
27
23
16
9
18
33
43
54
66
56
37
20
19
32
52
70
86
72
44
37
39
48
53
51
45
50
56
58
54
50
52
44
37
54
73
45
19
27
41
37
21
12
16
19
26
33
35
22
11
12
18
32
42
48
44
26
11
24
37
35
22
22
40
56
49
32
39
50
43
42
59
65
43
37
49
54
43
26
20
38
60
82
99
97
87
89
91
87
74
73
82
80
67
67
66
56
56
54
44
40
39
42
55
76
68
39
28
33
43
55
44
28
29
49
64
70
57
42
50
68
71
55
44
41
37
36
34
49
73
84
74
67
58
44
34
34
37
38
43
50
56
90
92
49
23
34
59
72
69
54
44
53
56
59
55
48
27
25
43
49
36
34
40
45
49
43
48
66
80
65
52
56
65
68
75
83
59
55
71
73
66
50
37
25
34
54
61
75
74
50
35
32
32
37
39
29
21
12
9
8
0
-21
-34
-27
-9
17
35
42
40
36
37
53
53
54
74
64
32
26
39
50
44
44
42
41
49
60
86
100
86
60
53
57
67
73
81
81
71
59
54
55
60
58
52
44
44
56
83
102
70
32
19
19
21
16
2
8
18
21
17
4
-8
-20
-25
-21
-6
13
26
25
19
13
9
18
26
32
42
57
66
69
74
75
70
71
80
91
105
102
74
57
61
73
82
84
71
59
50
43
50
58
54
34
12
16
35
50
55
57
42
23
5
-2
2
16
33
42
54
70
91
112
92
68
69
87
102
113
104
82
77
103
134
136
113
85
75
81
75
57
44
55
72
73
66
52
40
43
53
58
68
48
21
16
16
20
17
-2
-6
2
2
-1
2
19
52
73
68
43
25
28
50
57
51
48
52
52
45
41
48
70
92
101
86
71
72
73
73
76
76
69
55
42
43
49
29
2
-12
-6
1
2
-1
-2
3
7
18
12
6
5
17
32
28
19
26
34
28
35
39
39
37
38
61
87
101
107
109
112
105
86
82
97
104
96
88
89
82
66
57
54
49
41
34
39
51
58
54
45
53
48
19
3
6
4
-4
-7
-21
-25
-20
-21
-26
-22
0
7
6
18
32
37
44
58
65
55
45
48
54
56
51
44
48
57
66
80
91
71
49
51
57
52
52
60
65
67
84
75
54
54
59
44
24
23
34
35
22
12
10
12
18
20
19
8
8
17
22
32
48
35
1
0
23
52
54
37
27
28
33
37
53
67
66
64
74
88
73
57
65
97
128
121
103
96
96
102
107
108
101
86
77
85
103
120
106
68
53
64
60
44
25
12
2
3
16
25
27
27
29
27
11
3
8
9
-2
-7
2
2
-3
-8
-11
-8
-2
7
19
32
50
73
104
114
87
73
75
85
90
90
92
85
76
91
117
131
125
107
89
75
71
81
74
64
60
66
53
48
45
34
24
21
24
38
22
-13
-27
-10
5
3
-8
-24
-22
1
18
22
24
18
10
19
29
49
57
54
58
66
70
72
65
74
85
77
60
44
37
40
48
35
26
45
86
98
85
96
120
138
131
105
89
83
80
74
68
57
64
76
82
72
58
48
37
38
38
22
12
17
20
11
5
10
19
23
40
36
-1
-23
-27
-20
1
8
-8
-11
8
26
36
43
52
56
61
57
51
51
55
68
69
53
42
37
35
43
58
64
49
11
-6
-1
18
50
40
0
-7
2
12
13
3
0
9
12
9
16
33
48
37
25
28
27
17
19
39
58
70
72
77
100
107
98
96
101
115
131
121
86
80
97
115
108
93
89
99
112
108
98
84
72
74
71
51
32
32
42
40
32
22
26
37
33
13
-1
-2
6
6
2
2
4
9
37
54
42
49
64
69
84
85
54
39
56
86
102
100
84
71
56
53
56
64
81
84
65
55
58
59
57
52
44
43
40
23
38
42
10
-1
4
11
23
19
2
-2
2
11
26
41
54
59
48
29
25
32
45
55
54
43
44
65
76
76
65
52
53
58
58
65
84
113
106
90
86
75
66
60
55
51
52
60
72
72
68
59
42
32
26
38
42
27
7
2
10
18
32
39
27
26
36
42
39
55
68
53
57
83
92
82
43
21
23
37
44
51
60
67
59
51
40
33
27
28
36
32
27
43
56
64
71
71
65
85
101
75
65
75
77
72
74
72
57
49
53
55
57
52
33
6
7
33
40
32
22
12
4
0
2
4
12
22
26
37
49
53
37
26
32
42
66
70
48
38
54
77
80
72
75
69
54
59
67
57
45
49
59
68
64
53
44
42
44
48
48
44
44
40
32
24
10
3
4
10
12
12
20
41
58
23
1
19
40
43
21
-1
-6
-10
-17
-12
6
23
28
36
48
57
70
72
73
68
59
59
76
90
85
81
82
84
88
90
97
108
101
98
99
84
61
50
51
48
48
54
57
51
43
35
19
12
22
33
33
23
22
24
18
9
3
-9
-17
-8
-1
7
28
34
18
22
43
59
64
56
52
58
71
75
71
70
74
73
70
59
55
65
80
87
71
57
60
56
51
53
40
19
8
-1
-6
6
29
59
64
32
24
50
68
56
50
39
25
17
21
33
36
34
26
23
33
45
40
24
35
50
42
32
38
40
34
38
57
56
38
26
32
60
86
74
69
80
82
71
59
58
58
59
71
82
84
85
89
89
80
56
50
71
85
72
58
59
69
80
76
72
81
87
76
58
50
44
36
34
53
50
20
16
25
22
16
23
35
35
28
27
36
41
48
55
52
44
51
56
51
49
51
55
72
84
69
41
35
50
60
61
56
73
97
87
60
56
68
76
80
64
43
44
67
87
90
70
52
50
52
50
49
51
45
34
11
4
17
29
41
43
49
51
42
36
36
27
29
36
21
-1
5
16
26
43
48
32
21
28
44
55
55
58
55
44
49
61
81
89
88
80
73
81
85
88
101
115
113
89
81
83
84
93
112
107
66
26
26
51
54
45
45
44
50
64
71
69
58
48
36
29
33
39
43
51
52
49
40
33
29
48
52
44
42
36
32
35
42
57
51
36
24
16
9
16
23
16
4
11
43
61
39
5
1
24
44
55
53
41
25
21
36
56
55
38
42
60
66
54
51
57
70
70
71
84
69
40
50
69
71
65
65
69
71
74
80
84
81
80
75
54
34
33
44
52
38
18
19
27
19
9
17
9
-1
-1
6
27
39
21
21
38
36
20
6
17
27
25
32
51
64
54
37
29
34
39
36
42
64
74
68
67
80
77
69
57
44
41
53
64
60
49
41
56
92
98
57
37
41
42
36
19
1
-2
-3
-5
-11
-26
-26
-5
19
28
23
32
39
25
4
-1
11
24
34
41
45
40
32
33
41
57
82
75
61
71
76
70
55
38
38
52
68
80
84
70
55
55
70
84
82
69
65
60
57
58
52
41
28
21
17
17
27
50
72
71
33
20
42
56
43
25
18
27
39
39
38
42
51
38
32
32
27
25
25
22
20
25
26
34
54
73
86
96
114
139
148
133
117
124
148
140
105
91
100
102
91
86
82
76
82
96
106
104
87
73
56
64
82
93
102
99
91
97
108
96
75
71
58
50
69
85
72
50
41
60
64
22
6
29
41
25
-5
-34
-39
-26
-10
-3
6
2
-10
-17
-22
-39
-61
-71
-57
-38
-23
-6
-7
-20
-28
-33
-24
-1
19
8
-14
-10
9
7
-2
-17
-30
-40
-34
-19
-3
0
-5
-1
-2
-13
-33
-37
-26
-7
1
-4
-10
-11
-10
-8
-10
-18
-23
-11
-3
-6
-8
1
23
41
17
0
18
41
57
57
50
50
53
53
55
60
74
90
103
109
105
106
117
128
129
117
119
119
105
99
101
101
100
92
89
97
77
60
64
70
72
66
52
57
71
76
77
75
73
69
70
64
42
40
45
59
72
61
50
36
39
54
49
39
42
56
84
89
59
58
75
86
83
68
57
69
100
101
80
60
51
48
49
50
54
59
67
75
85
91
86
60
42
33
35
35
21
16
17
24
29
36
42
24
2
8
26
34
35
39
36
35
43
48
49
39
29
24
16
18
34
50
60
70
70
66
72
80
88
93
82
73
80
87
75
55
53
68
86
72
48
42
40
38
34
33
42
51
48
40
42
51
64
60
45
32
24
36
53
50
44
50
38
35
34
34
36
36
21
18
28
36
49
80
75
37
35
64
75
73
75
81
83
82
85
92
93
99
97
89
90
97
102
105
105
100
96
92
89
85
72
59
59
66
65
58
45
24
10
23
43
43
27
34
40
4
-25
-8
27
51
51
42
33
23
25
33
41
52
67
65
42
29
36
52
66
68
67
66
68
72
85
88
74
61
52
52
52
56
55
51
54
58
28
-2
-12
-9
-4
4
2
-6
-4
6
16
16
16
32
44
43
33
32
54
74
70
65
72
75
74
83
96
104
116
119
107
102
106
121
121
98
97
112
108
97
80
75
87
84
64
37
33
40
43
48
41
23
6
-3
-9
-11
-22
-45
-60
-53
-27
-6
13
40
68
77
73
93
112
77
53
64
81
89
91
87
75
69
72
85
85
74
66
57
49
53
64
68
73
77
72
61
59
69
76
70
49
36
54
89
70
7
-19
-19
-22
-21
-9
10
20
6
0
20
48
42
18
10
17
17
32
52
64
73
72
64
58
55
50
43
41
39
59
91
77
48
54
72
69
58
50
49
57
65
53
39
39
53
56
50
32
18
21
32
38
43
42
27
18
11
5
-1
7
21
18
12
17
35
57
37
7
11
37
51
39
27
26
33
51
60
53
42
43
41
25
18
19
27
41
54
55
58
60
72
77
74
69
71
67
66
77
85
61
52
56
64
68
72
69
66
57
59
81
90
77
55
44
38
41
67
76
70
59
59
66
58
44
43
49
56
59
50
42
64
83
83
70
65
87
108
98
77
80
108
122
101
82
70
65
67
80
84
68
48
35
22
11
8
7
1
-8
-18
-23
-19
-21
-35
-46
-46
-35
-9
6
18
13
1
7
20
33
24
10
23
52
80
85
61
38
36
42
41
49
70
82
76
73
72
74
74
69
59
61
72
85
103
114
93
80
85
92
93
103
101
72
55
52
53
67
68
57
51
56
67
69
68
64
56
66
83
90
80
84
89
76
65
58
54
42
41
58
81
83
66
59
69
69
57
52
58
75
88
58
41
72
98
96
82
68
72
76
69
75
88
76
52
36
27
36
48
36
17
6
7
6
0
3
6
0
-3
-5
-8
-12
-14
-11
7
25
26
32
42
12
-10
-3
10
26
43
54
52
49
36
33
56
66
51
39
43
49
52
58
59
65
71
73
68
68
65
60
57
45
54
73
68
44
35
40
32
26
36
48
50
26
10
22
23
24
35
35
34
43
35
16
6
7
11
22
36
50
56
67
61
55
58
64
56
49
54
66
67
59
58
64
60
51
35
36
44
44
34
22
26
49
43
13
2
20
41
51
37
27
38
54
59
74
75
56
44
60
75
57
36
34
39
33
19
2
-12
-22
-22
-19
-11
7
23
25
26
34
42
66
67
32
19
38
65
72
65
58
52
45
50
44
42
55
71
65
38
40
48
41
45
60
59
53
65
85
91
82
65
64
70
71
67
68
66
54
51
60
68
44
33
50
56
43
33
34
37
37
40
55
66
65
64
64
56
43
36
51
55
66
76
68
66
73
60
41
38
45
64
64
32
10
17
21
25
26
21
24
37
49
52
43
38
35
40
52
59
64
73
83
80
76
70
59
58
55
53
58
60
59
69
81
76
54
32
26
50
71
59
54
51
53
59
53
43
39
37
35
39
40
37
39
51
49
38
38
32
24
34
37
25
19
38
67
72
58
60
76
82
68
67
83
72
55
59
66
69
70
67
56
43
39
49
60
60
52
42
35
28
33
33
36
41
49
51
38
23
27
42
48
41
50
53
49
53
64
43
10
18
39
43
37
33
41
53
51
58
60
40
24
25
40
43
43
57
76
90
88
71
60
60
66
72
69
64
51
45
43
42
51
60
74
57
21
12
32
44
37
28
26
26
22
17
28
58
67
50
36
39
41
39
37
41
45
57
72
88
88
60
41
43
54
54
52
65
71
41
33
41
54
67
66
55
49
45
57
59
57
58
57
53
41
38
40
36
38
57
67
58
39
33
38
49
51
38
40
53
58
51
45
55
68
81
102
88
48
32
49
81
76
48
24
32
43
50
44
55
65
65
61
60
58
60
65
70
72
65
61
67
68
72
82
81
76
69
65
73
85
98
104
88
71
67
70
70
67
52
34
13
21
58
73
69
66
54
59
90
108
98
73
54
41
40
39
38
53
67
68
65
72
99
103
65
49
57
39
6
-6
8
36
42
38
40
42
48
51
38
26
35
45
40
21
12
42
54
32
11
6
23
41
45
40
32
7
3
21
42
49
36
22
21
39
68
81
69
51
33
20
13
21
32
37
43
57
60
54
55
54
49
52
59
68
67
57
55
66
70
72
73
67
77
81
44
25
25
18
6
-12
-20
-4
-1
-12
-26
-27
-12
16
48
73
88
99
102
113
115
92
61
52
57
59
58
60
64
56
52
54
53
43
38
51
80
113
98
22
-14
5
40
50
37
13
24
38
36
26
16
16
27
43
51
50
48
55
69
73
68
52
41
48
61
83
98
88
68
50
40
38
52
90
109
89
76
83
90
84
67
51
48
54
53
53
42
23
22
25
13
-4
-5
8
13
22
24
21
26
23
18
19
36
54
48
35
22
17
34
57
86
74
36
36
65
70
43
34
50
64
60
52
38
36
38
43
56
68
67
55
56
73
73
56
42
28
25
24
21
24
35
57
58
48
49
52
43
44
59
71
67
60
56
52
52
60
71
76
75
57
55
72
88
100
98
84
72
72
66
53
49
57
70
60
41
22
24
48
96
113
84
68
69
86
90
68
32
-2
-4
11
29
39
42
52
56
48
23
5
7
23
28
12
-8
-23
-13
4
22
42
65
66
49
38
52
88
128
114
84
81
93
91
73
59
65
73
81
84
87
76
60
57
50
29
12
10
20
36
40
38
26
8
1
6
11
6
-11
-20
10
33
10
-11
-17
0
23
42
49
65
85
98
114
133
133
120
99
82
76
86
97
97
104
108
100
86
75
59
45
50
61
52
45
60
104
125
83
40
28
29
23
1
-19
-18
-5
3
3
-20
-51
-59
-56
-65
-65
-59
-34
5
10
7
19
29
26
12
-1
-12
-17
-3
11
25
59
101
116
89
75
90
113
113
93
72
67
70
81
88
77
57
41
38
35
28
25
36
45
43
37
25
24
28
35
39
27
4
-10
-18
-20
-9
-2
0
-4
-8
-10
7
42
49
20
-2
1
11
13
13
20
44
68
73
77
76
80
87
86
85
91
69
48
52
73
85
88
99
118
116
86
61
55
51
37
22
20
38
