-35
-20
7
7
-20
-23
-12
-18
-28
-24
-3
12
11
11
9
10
18
22
22
26
49
71
84
85
75
74
91
104
108
115
109
103
101
112
118
119
122
131
99
50
50
57
42
23
10
8
2
12
39
44
28
6
-6
-17
-23
-28
-24
-3
1
-12
-17
-9
-7
-8
-9
-4
4
9
7
4
12
28
57
98
99
71
70
86
109
124
115
103
99
97
100
112
109
91
74
66
59
64
74
60
39
36
42
53
59
45
26
18
22
34
36
34
25
23
20
23
24
35
66
52
5
-17
-6
7
9
16
34
44
44
42
50
54
57
55
54
61
83
96
113
121
125
140
136
121
120
130
134
132
121
109
102
109
118
109
104
101
100
98
59
28
28
38
26
11
4
-5
-13
-20
-17
-3
6
5
-5
-18
-21
-17
-7
-2
-1
2
17
25
27
41
54
69
81
76
69
60
71
84
91
88
102
107
90
76
70
69
58
58
76
85
71
70
80
99
103
81
43
34
35
38
38
22
10
2
-5
-13
-24
-28
-24
-23
-19
-23
-29
-19
-2
9
-1
-19
-18
1
28
50
37
21
26
43
69
96
113
109
112
105
101
92
96
99
96
90
84
82
83
74
68
61
56
57
53
44
39
41
39
35
25
32
42
11
-19
-22
-4
6
1
-8
-2
12
6
-19
-27
-26
-26
-26
-13
1
5
8
18
25
42
56
48
42
50
58
60
48
43
60
76
83
75
60
43
53
81
69
39
32
41
53
48
35
23
20
22
34
41
51
51
32
16
12
21
26
25
24
23
18
1
-10
-13
-20
-19
-27
-45
-54
-41
-17
9
37
69
105
117
96
89
107
122
115
98
98
113
132
148
148
134
121
113
112
119
116
96
84
82
83
75
58
51
48
42
41
53
48
32
24
22
36
52
36
18
17
16
22
32
32
23
28
49
57
53
52
57
54
45
41
44
58
68
60
51
38
22
17
21
37
53
51
36
28
12
1
20
39
23
8
16
29
28
20
9
0
5
33
57
70
64
51
40
34
27
22
21
27
26
18
7
4
3
3
5
12
28
42
41
52
67
68
84
88
64
43
45
44
26
13
32
51
53
50
51
53
51
41
33
22
25
36
32
25
13
5
12
19
20
18
22
32
35
37
29
17
16
32
45
56
72
84
91
58
22
28
61
92
101
80
72
83
85
83
76
69
58
44
52
67
75
82
86
85
70
61
60
59
64
66
65
55
41
40
55
66
37
9
16
34
52
48
38
37
38
34
39
41
36
26
25
32
37
37
44
51
66
75
69
60
56
57
58
69
72
65
60
55
66
91
84
51
27
18
17
21
29
40
59
66
51
45
51
48
27
18
19
24
32
37
28
5
-10
-11
-5
-2
-3
-4
6
19
17
2
1
18
40
48
28
19
24
48
65
55
52
80
88
87
88
88
81
77
75
75
87
93
82
72
73
81
99
101
89
88
98
104
75
43
39
50
53
44
27
22
34
53
67
57
26
3
5
5
2
1
7
11
24
34
26
19
26
45
66
73
70
57
58
84
104
108
87
64
68
98
91
69
69
76
68
51
44
55
65
67
65
53
41
41
43
34
20
19
23
24
7
-8
-8
-4
12
20
10
7
8
16
22
32
36
25
9
13
48
75
54
16
8
23
33
19
6
9
20
26
28
35
38
36
40
50
52
57
72
97
108
92
71
69
69
65
58
61
70
81
82
75
73
70
49
40
41
16
-7
-23
-43
-58
-66
-61
-50
-33
1
32
37
32
25
35
52
56
52
55
52
29
24
33
38
34
28
34
42
44
51
68
80
74
90
98
69
56
69
87
97
92
91
97
105
109
109
115
118
119
120
117
122
132
122
115
112
106
103
107
100
80
66
56
37
18
16
7
2
7
1
-18
-28
-18
-11
-14
-18
-11
-1
6
21
49
37
10
11
27
37
43
53
58
67
81
85
74
68
71
82
80
67
70
82
77
70
65
61
67
59
56
66
69
68
67
66
67
55
44
52
58
48
32
16
11
35
61
43
2
-12
-6
-4
-20
-35
-36
-33
-24
-9
-3
-6
-11
-6
0
4
9
13
32
44
50
51
54
68
80
83
88
96
101
105
120
124
107
96
92
103
122
117
70
52
69
87
96
85
69
65
71
74
72
72
67
55
53
65
67
59
69
70
57
45
48
55
58
56
49
36
34
43
60
71
67
57
50
43
42
45
52
50
50
61
77
59
38
36
52
72
88
81
53
32
28
41
42
35
32
35
43
55
58
58
55
48
41
37
38
36
35
34
27
25
36
49
44
36
41
58
41
18
21
34
42
44
38
33
38
44
52
52
41
26
20
22
27
37
49
55
49
40
52
65
55
50
56
57
50
50
65
68
54
58
68
51
37
36
36
41
51
53
41
37
45
48
43
49
55
56
50
40
40
44
54
64
59
50
51
53
53
56
57
51
59
69
50
35
48
57
48
32
22
21
37
52
50
39
26
16
12
23
36
35
32
43
67
75
70
41
11
-7
-4
10
26
33
18
4
2
7
11
3
-27
-28
0
22
32
22
6
-2
-4
6
22
43
65
67
74
86
88
91
92
99
103
102
106
105
90
66
49
58
85
82
66
56
50
43
48
54
72
84
67
49
50
59
59
37
9
2
9
18
21
11
-2
-9
-7
4
5
-3
-12
-23
-34
-41
-42
-36
-9
18
33
51
72
89
102
101
109
130
125
128
146
122
86
76
84
87
89
82
71
69
69
74
74
56
37
25
26
41
51
36
20
23
33
25
8
-5
-10
-14
-13
-4
7
-5
-10
-2
16
39
24
-6
-4
23
34
28
25
24
38
59
80
98
112
112
101
103
115
114
108
101
89
90
87
75
58
56
55
55
59
52
36
35
53
39
3
-21
-23
-8
7
3
-6
-4
-4
-6
-5
8
13
3
-7
-4
5
23
40
38
24
22
25
26
29
41
48
54
72
101
132
124
99
86
88
116
154
153
120
104
105
131
146
133
103
87
89
90
90
90
85
72
66
54
43
35
32
25
17
18
19
19
11
1
-4
-4
-8
-20
-17
-2
2
3
12
19
22
27
55
86
75
38
24
48
68
69
71
81
87
96
107
117
118
115
112
107
112
117
121
120
115
104
105
106
99
82
68
66
59
56
52
40
25
9
9
22
20
16
4
-26
-38
-27
-28
-39
-36
-20
-12
-21
-21
-4
18
28
32
22
6
8
33
55
61
66
72
82
96
102
90
82
83
105
124
123
128
130
138
140
114
98
97
101
96
86
73
68
59
55
45
33
21
10
13
25
13
-12
-34
-38
-26
-22
-34
-51
-62
-60
-55
-50
-39
-39
-28
-7
6
24
51
59
50
49
53
67
67
54
51
64
91
108
107
96
86
88
85
69
53
37
40
53
68
80
76
70
66
64
69
60
38
42
54
38
23
-7
-35
-50
-44
-18
-4
-6
-10
-7
-8
-7
2
4
8
28
50
49
32
25
36
57
82
81
70
66
65
77
91
89
84
109
117
82
67
65
65
80
96
73
59
59
59
70
74
60
50
38
25
28
35
33
32
35
33
26
33
33
22
17
13
6
1
6
21
44
66
69
65
70
101
100
40
9
18
39
49
32
27
42
48
50
54
58
53
44
49
66
83
85
71
66
64
53
42
40
36
22
6
-5
-6
8
22
32
39
51
65
68
58
58
69
72
66
37
23
51
74
58
27
22
34
35
21
5
5
13
23
36
44
38
33
39
55
60
71
77
72
70
75
83
76
70
65
70
81
91
97
88
80
75
76
81
100
88
52
49
60
59
56
54
49
42
41
40
38
39
41
41
37
29
28
35
34
32
42
50
40
33
33
37
39
36
44
58
51
37
33
29
32
36
45
64
72
84
87
64
52
58
56
44
50
55
56
55
50
37
28
21
19
11
3
-7
-7
-5
1
11
19
21
22
24
26
34
42
50
55
37
20
25
53
82
80
37
9
23
39
42
39
34
34
48
66
86
100
100
87
68
59
68
85
103
106
96
83
80
81
80
73
87
107
98
80
69
65
71
66
38
18
16
26
41
26
11
22
38
36
25
23
24
20
23
28
34
40
53
67
69
57
48
42
48
54
69
76
69
58
55
56
59
59
56
54
52
57
67
59
52
53
60
70
88
93
76
66
76
97
76
44
36
34
34
40
45
41
45
54
58
68
67
48
34
26
27
33
33
34
42
50
50
51
59
69
68
56
40
44
60
68
58
67
87
65
37
49
76
60
24
18
26
28
34
34
38
41
54
58
51
43
49
52
48
41
40
32
37
56
69
52
25
12
18
26
28
20
10
12
22
42
49
28
22
23
20
5
-7
4
34
50
50
48
53
66
69
42
18
26
57
65
54
66
80
85
90
74
51
32
39
57
69
67
54
51
61
74
70
59
68
85
70
50
50
53
48
37
37
39
33
22
17
24
37
37
26
16
10
20
36
54
58
51
41
26
12
9
11
17
18
24
23
34
51
52
43
59
91
72
42
51
73
85
80
73
80
97
113
92
58
29
22
29
42
60
67
51
23
25
37
38
26
17
18
29
28
23
40
42
24
16
22
25
20
11
11
16
18
37
61
76
71
72
73
71
74
72
52
24
8
16
26
24
21
19
6
4
42
86
115
128
118
108
117
124
118
105
113
133
123
81
54
49
51
56
50
35
24
33
48
50
39
24
16
22
26
17
9
17
11
8
26
41
35
18
20
26
23
24
42
64
72
84
88
84
80
80
103
119
84
53
44
45
37
10
-11
-18
-4
17
35
28
11
4
6
7
7
24
37
33
21
3
-1
6
13
33
35
16
6
20
35
40
45
40
37
35
28
22
13
25
56
87
108
106
74
66
72
75
81
84
86
92
106
117
112
98
82
74
70
52
36
42
58
53
43
40
38
38
44
50
34
18
24
33
23
9
10
25
52
50
2
-12
13
22
16
19
27
37
54
75
86
88
88
84
76
81
92
90
84
91
103
100
93
91
96
97
100
91
74
56
38
26
32
52
81
82
44
22
26
29
22
10
18
22
12
18
22
18
33
52
48
32
22
18
17
20
24
21
20
26
37
51
65
65
57
54
52
53
52
55
73
92
104
104
98
82
67
82
113
115
84
59
56
56
61
73
76
69
49
33
22
17
16
16
20
13
13
25
22
4
-21
-19
-4
-2
1
5
1
16
52
60
33
12
19
42
52
49
48
51
53
66
80
83
81
65
50
53
71
88
98
89
96
105
89
60
50
59
74
97
113
108
92
71
65
89
106
56
-3
-8
37
65
55
37
13
-4
-8
-2
5
5
10
2
-17
-19
3
19
23
37
43
45
43
37
36
33
34
38
42
67
97
85
60
60
81
89
81
60
48
56
77
93
87
71
60
71
83
67
52
59
74
84
74
68
70
74
72
66
65
76
91
71
29
6
8
18
24
20
22
18
-1
-1
20
18
-2
4
16
21
35
55
72
82
81
66
59
68
70
73
81
84
88
102
100
88
97
115
103
70
39
21
19
25
43
49
18
1
5
17
24
12
4
7
0
-10
-18
-4
9
17
9
-1
1
11
17
5
4
16
6
-3
9
21
28
42
45
49
68
70
52
64
88
77
53
44
40
26
32
48
58
69
68
54
42
35
25
28
29
28
24
13
8
6
-13
-26
-9
-19
-50
-61
-44
-25
-17
-4
13
23
37
54
70
67
68
90
102
92
84
90
113
122
123
119
106
97
88
109
129
123
96
73
74
92
106
106
100
90
96
99
101
98
82
59
53
54
51
43
36
26
12
3
2
9
13
11
10
19
25
25
27
38
50
44
42
54
69
72
41
10
21
52
66
61
60
61
70
80
82
85
87
85
75
64
60
68
81
90
101
89
69
60
58
60
37
6
1
5
-6
-19
1
22
3
-17
-11
-1
2
-1
-1
-5
-12
-9
-1
9
19
17
22
33
39
51
70
89
91
85
80
84
92
104
113
112
102
86
81
101
123
106
74
80
87
70
50
39
33
20
24
42
51
38
23
20
23
12
3
3
3
-4
-13
-17
-14
-9
10
36
48
48
40
42
57
59
54
67
65
59
75
85
81
89
106
109
97
97
108
117
124
132
129
124
130
135
134
118
99
98
88
68
49
37
34
26
20
9
8
16
12
6
1
2
2
24
36
6
-10
-4
7
20
21
13
10
22
42
49
38
32
40
43
38
34
43
55
56
56
65
71
64
55
67
74
86
116
130
106
99
104
104
100
92
86
80
73
71
57
38
26
18
4
-2
-6
-17
-39
-58
-59
-68
-76
-57
-22
-17
-29
-25
6
32
9
-5
6
27
59
76
58
36
26
41
57
68
67
58
64
70
87
102
109
113
105
105
107
115
119
130
145
137
108
82
68
59
48
34
24
10
5
11
23
32
12
-4
-3
10
22
36
38
28
24
38
72
67
28
27
43
54
53
37
34
54
70
54
32
22
41
55
55
39
21
27
56
80
87
89
92
98
99
82
74
103
131
106
80
81
97
101
81
61
65
66
57
55
49
34
22
18
18
18
20
27
20
2
5
22
23
10
17
37
55
58
65
82
90
74
64
61
52
43
44
56
60
41
28
33
44
74
75
53
51
67
69
53
49
55
59
51
37
33
33
25
9
-3
5
23
26
32
40
10
-22
-22
-7
-3
-7
-8
-1
10
21
24
13
6
19
24
20
16
19
21
11
2
8
25
36
51
60
64
53
58
67
57
40
32
39
67
81
45
16
3
6
18
28
49
74
96
91
85
90
92
75
60
55
56
60
70
77
76
69
72
67
37
22
41
82
99
59
33
32
36
50
58
58
55
52
40
42
54
58
57
56
53
51
53
56
65
75
99
108
98
84
83
92
90
81
70
71
76
91
104
64
22
19
33
32
16
9
9
16
20
22
17
5
0
-3
-5
-5
-14
-9
9
9
-3
-13
-7
4
13
20
34
52
56
45
49
60
69
99
120
92
60
60
75
82
84
76
65
70
87
114
122
107
82
54
43
54
65
68
59
48
35
26
16
3
-1
-5
-11
-11
-6
-8
-12
-13
-3
17
7
-3
5
21
43
48
18
4
18
35
43
44
34
24
34
70
109
122
113
100
91
92
99
98
93
90
91
97
96
93
98
99
92
86
76
68
74
72
38
23
39
54
48
29
22
19
25
37
38
33
35
33
20
11
22
37
37
23
-1
-10
6
34
38
38
40
42
32
28
35
49
73
85
89
105
107
84
73
96
92
65
54
65
69
74
64
50
53
61
64
49
41
38
34
24
16
23
50
54
42
32
25
26
23
20
21
21
20
17
9
-4
-5
10
21
16
11
24
43
71
82
51
38
60
99
107
88
76
86
88
85
89
100
96
74
54
55
65
67
69
66
56
49
41
32
20
10
18
33
37
26
21
36
60
48
23
39
52
33
0
-7
0
4
22
34
10
5
19
23
20
18
20
16
16
27
45
60
71
75
76
69
65
73
87
98
91
76
73
66
57
58
74
85
72
58
44
45
54
50
36
42
36
4
-8
-2
-1
-2
-3
-4
-1
5
21
43
51
33
21
24
27
41
58
68
74
76
70
59
54
72
90
82
83
84
71
67
88
105
84
73
83
83
73
61
64
66
72
71
75
80
72
53
21
5
2
0
2
10
12
20
17
8
8
16
17
8
-4
-11
6
24
7
-7
4
26
43
58
51
33
36
59
88
88
72
69
84
92
88
93
107
113
102
90
72
64
70
81
82
80
59
52
58
85
84
54
42
41
33
26
26
39
51
60
66
55
38
29
28
19
4
-9
-7
5
-9
-28
-24
3
34
57
81
92
93
113
120
97
68
68
89
87
82
85
84
85
96
97
89
80
82
82
90
96
100
114
107
69
41
42
67
70
40
36
60
85
72
39
27
38
38
48
58
77
97
84
59
64
64
11
-10
-2
7
22
43
57
64
73
60
43
36
44
57
44
28
28
43
60
67
54
38
26
40
50
51
52
25
6
7
8
13
18
3
-3
3
11
34
55
49
21
10
18
21
28
43
39
24
17
20
17
16
13
7
18
22
24
51
52
26
11
18
41
73
88
81
76
87
91
88
90
86
66
35
26
51
50
16
-8
4
38
49
23
13
32
37
43
49
38
35
54
70
71
80
84
91
109
120
108
87
67
59
64
65
69
68
57
48
64
99
96
66
48
55
70
72
59
41
34
39
64
83
72
42
43
52
64
73
84
90
56
-2
-20
-3
26
48
12
-23
-18
27
86
84
45
20
21
37
64
72
54
41
52
60
53
38
40
75
89
81
69
69
84
91
80
55
40
57
84
83
57
53
75
100
82
49
40
56
58
56
52
48
26
5
4
-6
-13
-6
10
35
48
40
50
59
43
23
10
-1
-17
-3
40
66
68
67
55
53
66
60
36
22
13
18
40
66
90
100
83
64
65
68
68
67
75
82
82
91
86
55
19
6
23
48
49
35
38
55
70
59
21
1
4
26
49
28
19
48
73
67
43
37
39
34
33
40
48
43
40
34
34
38
43
48
50
48
60
86
75
50
39
42
61
76
76
67
71
72
71
77
81
72
58
41
37
40
24
4
3
18
25
20
10
7
-4
-9
-6
-1
4
1
-8
-9
10
32
35
18
6
2
2
7
18
33
44
43
34
20
12
19
35
41
41
56
82
103
123
108
80
65
60
66
74
84
77
69
68
69
54
34
22
24
22
28
41
35
21
23
35
28
16
9
13
22
28
36
38
36
35
27
17
2
0
7
11
10
-4
-19
-7
16
39
64
80
91
105
134
135
104
98
103
82
38
20
25
33
23
7
6
9
16
32
53
60
56
41
24
24
38
51
43
28
35
64
76
87
81
65
57
65
74
85
101
103
67
51
66
81
86
77
64
55
55
61
61
48
36
34
23
0
-19
-30
-40
-38
-13
17
39
36
19
11
34
61
77
71
41
16
13
40
60
56
65
68
40
22
37
54
51
42
44
43
32
22
28
52
58
51
39
27
24
33
39
51
60
54
33
34
50
39
27
33
49
52
32
24
35
44
57
74
84
73
64
53
56
64
67
66
59
53
55
64
72
85
83
67
59
81
108
96
69
68
73
74
81
84
67
59
71
81
100
109
99
82
84
87
74
67
69
76
80
67
56
58
55
61
83
75
51
48
68
72
50
29
37
54
67
68
56
44
42
37
38
37
23
6
9
24
39
43
36
42
58
69
86
82
38
22
49
73
66
59
71
70
65
57
55
58
57
67
80
75
69
65
59
64
70
73
65
60
69
74
66
45
34
23
16
23
40
16
-8
-6
8
12
-4
-19
-17
-5
-1
-4
1
24
53
73
68
44
36
35
39
38
42
56
67
88
96
84
92
100
85
72
54
54
72
86
81
70
64
56
44
39
42
37
41
54
53
45
39
25
16
21
27
11
1
25
49
44
41
54
48
23
20
22
26
25
19
27
34
37
48
56
41
22
12
17
27
36
41
48
55
60
50
37
33
33
24
27
44
59
71
71
42
16
13
26
28
19
8
12
34
45
41
41
44
34
28
36
33
23
41
71
74
70
72
71
59
50
56
69
90
100
73
57
57
67
67
59
58
55
57
71
87
99
99
82
57
42
36
29
25
26
34
45
32
-3
-11
-5
4
7
8
24
23
21
39
52
58
58
51
41
39
38
29
38
69
89
86
67
42
34
48
56
48
40
52
52
37
35
43
51
50
60
93
83
48
37
54
83
88
74
68
80
80
74
76
86
92
96
90
98
104
106
97
85
83
76
67
67
68
64
55
59
70
61
56
69
80
64
44
40
53
59
57
54
52
51
52
51
43
26
19
22
22
23
23
36
44
39
44
53
50
50
61
76
71
55
39
56
61
36
24
26
28
34
38
49
53
44
33
26
29
40
38
27
16
7
10
20
27
27
27
32
29
32
39
36
23
20
21
21
23
23
21
26
39
41
25
11
11
21
27
35
37
39
48
54
65
60
51
43
40
64
98
89
59
50
56
67
66
59
61
55
43
41
51
45
40
35
28
27
33
33
41
50
51
57
60
45
40
48
59
76
59
19
10
33
38
33
37
40
35
35
54
80
76
70
75
77
70
61
55
54
64
66
68
77
91
72
56
69
81
56
39
55
43
22
21
35
45
45
50
53
55
57
53
50
38
34
34
49
60
49
28
33
38
36
43
51
41
28
23
51
81
71
57
64
67
57
49
52
65
75
73
72
81
83
72
60
53
65
84
81
74
75
72
61
52
54
66
70
66
50
40
42
58
80
74
25
2
11
41
61
59
51
37
26
36
51
67
70
58
43
36
41
64
75
67
56
56
48
24
12
21
29
37
64
81
59
48
67
96
93
73
68
88
96
69
58
66
71
66
60
56
51
60
81
98
97
69
55
66
65
55
45
43
38
42
53
22
-2
7
22
23
12
4
9
21
23
24
28
26
21
24
23
22
23
24
26
32
35
40
40
38
58
70
66
66
70
77
88
96
81
81
90
91
72
49
37
22
1
-2
0
-7
-25
-46
-57
-60
-52
-38
-22
4
21
12
11
28
51
74
74
64
57
70
83
59
44
50
61
65
60
70
88
92
89
98
99
87
80
82
84
85
87
96
84
68
64
65
66
61
53
44
53
57
43
41
50
53
41
23
13
22
27
37
41
29
20
26
33
26
27
35
33
22
23
38
33
0
-10
-2
4
17
24
34
42
60
68
54
48
59
71
69
61
66
87
97
98
120
116
80
57
66
74
70
60
61
72
66
48
36
34
29
17
8
7
-4
-14
-27
-43
-38
-20
-5
19
28
6
-3
2
7
7
2
3
6
16
24
24
20
20
28
41
55
66
74
73
72
76
98
120
130
140
134
116
103
100
108
103
84
74
85
80
44
20
21
34
37
36
27
24
34
52
52
29
12
10
19
26
23
8
-1
-8
-2
22
38
44
67
59
45
67
107
128
107
102
108
104
101
125
148
135
125
130
125
106
96
81
61
65
80
68
36
6
-4
10
28
34
21
-6
-8
9
-7
-37
-44
-59
-62
-51
-41
-39
-38
-41
-38
-19
-5
-9
-22
-24
-2
22
25
11
13
33
43
49
54
64
71
84
101
118
97
64
51
70
99
112
114
108
101
83
74
81
81
72
61
56
54
56
54
55
53
38
27
24
8
-6
-7
-4
-10
-19
-26
-38
-49
-38
-29
-57
-71
-42
-7
0
-9
-13
-6
-1
22
42
42
33
37
56
69
69
66
64
55
52
69
87
88
89
118
147
152
140
135
147
136
100
90
99
101
88
72
68
67
53
36
32
28
22
2
-14
-22
-11
7
20
22
20
17
21
20
18
20
36
52
38
24
43
43
22
16
25
38
39
40
49
58
74
87
81
88
113
106
82
66
69
75
71
67
66
55
54
71
64
35
29
43
53
42
32
33
42
52
58
57
59
69
65
48
33
29
43
60
66
58
57
65
55
42
52
68
81
93
116
139
118
81
74
97
125
151
152
129
97
101
124
128
89
53
36
27
26
28
24
13
-3
-27
-58
-84
-86
-70
-52
-44
-36
-7
32
70
57
24
18
27
40
43
44
55
64
73
76
76
77
75
83
96
86
76
91
120
131
104
77
64
66
81
92
91
85
74
65
55
52
58
69
49
27
12
-4
-5
9
24
27
23
32
48
55
60
64
52
39
32
26
28
27
24
26
32
19
6
13
28
34
34
66
83
58
48
66
82
71
52
43
49
57
69
77
73
59
53
49
50
58
52
39
39
51
53
54
67
72
59
45
50
73
92
66
26
20
27
32
26
17
8
10
21
40
51
48
41
43
55
58
48
38
37
37
39
43
37
41
49
38
34
35
41
45
54
57
40
40
57
67
55
38
27
29
41
54
76
93
88
74
49
34
49
61
58
64
68
59
50
43
51
54
53
53
67
71
76
81
50
37
58
80
73
52
35
38
55
72
74
65
56
50
53
60
66
65
67
72
75
80
69
53
55
57
57
54
48
56
54
21
0
-3
11
17
7
9
20
22
17
18
17
16
23
35
35
23
17
16
34
57
65
60
66
75
60
39
