54
67
70
49
25
24
38
52
53
50
49
44
40
39
48
66
72
66
57
60
67
58
52
53
60
72
71
64
52
53
60
59
50
40
58
69
44
37
44
42
44
54
43
37
25
17
24
48
67
56
42
44
48
50
52
52
57
65
56
50
49
53
59
64
60
54
60
70
57
49
33
18
9
9
24
40
51
56
58
45
40
52
51
32
19
24
50
73
76
66
61
76
76
73
74
81
89
92
102
103
91
73
60
72
100
113
84
49
55
74
83
74
51
37
41
44
48
50
38
11
-6
-3
20
26
26
33
38
42
40
35
38
41
54
68
51
40
60
80
80
81
68
55
67
82
76
64
68
81
82
76
72
73
86
85
68
57
58
66
61
52
53
53
39
28
33
32
23
26
44
51
49
41
36
33
35
36
25
28
48
41
36
33
22
9
10
16
17
18
20
26
35
33
28
21
12
25
36
40
49
52
50
56
53
43
42
55
74
76
68
58
43
36
56
58
24
5
5
1
1
11
16
6
5
21
39
41
43
39
34
40
51
52
51
39
32
41
45
38
45
64
58
44
35
27
24
23
42
70
58
39
45
55
53
45
37
28
27
36
43
50
42
28
25
34
40
39
39
49
55
40
8
-7
-1
3
3
12
23
22
24
26
37
37
32
22
42
64
34
8
17
39
51
39
26
25
35
53
60
58
49
32
26
39
55
60
50
40
41
54
59
56
50
53
49
23
16
33
50
36
20
29
48
59
55
32
22
25
40
49
28
16
20
28
38
38
21
7
12
24
26
24
21
25
42
60
68
49
28
29
39
42
43
54
53
38
44
70
93
89
65
59
60
59
49
33
17
5
18
38
42
45
51
67
88
105
114
109
100
96
92
82
76
72
73
71
58
49
37
24
17
27
48
56
56
40
33
51
43
36
34
33
40
37
35
44
52
42
43
53
52
45
36
25
24
37
49
60
75
76
64
55
65
75
71
67
64
50
44
55
58
44
22
16
27
37
20
6
22
43
35
29
29
27
32
34
36
34
26
27
38
49
54
48
35
19
28
57
71
70
75
74
66
53
39
33
37
43
49
60
84
71
49
44
48
41
32
25
16
2
-8
-21
-23
-20
-18
-20
-25
-23
-21
-17
5
33
27
7
12
24
28
35
37
40
50
52
54
55
54
51
44
39
50
80
73
40
39
68
86
76
73
80
88
96
101
109
106
100
101
104
118
128
104
87
90
96
89
69
60
80
85
61
34
39
59
51
42
39
28
22
16
16
23
41
48
34
28
28
34
48
53
52
48
43
51
52
45
55
70
69
66
65
57
44
41
59
84
70
51
54
66
64
49
50
59
58
51
49
53
59
68
66
51
34
34
21
10
16
17
11
1
-1
1
-4
2
32
24
-2
-8
8
26
40
34
24
22
29
39
37
33
34
40
44
37
28
26
36
55
66
58
51
45
55
73
73
60
55
60
69
89
117
107
80
80
91
100
89
69
53
51
61
59
37
21
13
17
26
32
26
34
28
18
16
11
23
38
44
43
34
20
6
5
7
16
25
36
49
35
21
32
42
44
44
51
53
73
89
98
104
100
92
102
116
114
117
121
122
123
118
102
82
68
80
86
76
64
57
49
27
33
40
5
-21
-18
-7
-4
-10
-25
-28
-26
-12
8
24
25
12
-11
-29
-24
3
23
27
34
39
45
51
54
55
55
57
69
82
90
96
101
115
122
128
139
132
107
102
107
109
105
106
107
99
87
86
97
100
80
50
39
38
32
24
17
7
2
1
2
-1
-3
-18
-28
-23
-10
-2
12
-1
-17
4
25
33
27
16
3
1
8
10
12
19
21
17
16
35
58
80
98
117
125
124
112
89
83
93
99
89
75
75
76
73
65
58
39
18
35
45
18
9
23
20
-2
-26
-35
-27
-18
-14
-18
-11
-2
4
10
23
35
38
38
50
59
80
98
91
81
85
90
89
85
69
59
74
91
103
120
118
108
91
87
97
99
96
84
80
76
74
73
70
67
65
51
38
40
48
50
40
27
24
21
16
12
19
25
22
19
16
20
48
66
48
32
33
28
35
52
50
38
45
49
40
38
27
10
1
10
29
48
73
85
80
83
86
85
75
67
65
68
73
73
67
55
49
54
54
51
42
2
-33
-27
-5
4
-5
-23
-30
-21
8
32
24
8
-1
-2
1
5
12
9
9
22
32
36
44
56
59
59
64
76
93
122
129
103
92
107
118
115
106
103
109
130
134
120
112
90
71
69
68
43
18
13
16
7
1
-4
-3
-2
-5
-9
-14
-11
-7
-18
-30
-28
-7
21
36
48
44
32
38
52
49
40
41
45
58
70
69
73
91
112
116
108
113
130
146
151
145
131
114
86
59
55
49
39
36
27
21
18
16
16
10
16
35
20
-5
-6
0
9
3
-10
-11
-6
-3
-5
0
13
21
22
28
37
39
39
49
57
66
76
81
72
83
109
124
129
124
123
125
120
133
164
151
113
96
103
112
107
92
74
57
49
40
35
24
1
-18
-17
-6
-14
-26
-23
-19
-23
-17
-4
-3
-3
-2
7
23
28
20
17
35
56
73
58
36
44
70
72
57
49
53
77
112
118
106
87
72
58
58
70
91
102
92
81
77
81
70
56
49
53
57
48
21
7
13
20
18
3
-10
-10
7
10
-9
-19
-10
-8
-11
-5
-2
-10
-10
3
21
27
26
29
27
40
68
82
88
88
73
77
105
116
98
84
92
96
85
70
68
74
73
67
72
75
48
18
18
32
20
0
4
19
22
18
6
6
18
27
32
28
18
1
-14
-25
-38
-65
-84
-82
-60
-29
-10
-17
-21
3
64
117
112
84
91
123
140
139
135
118
104
108
134
141
120
97
75
56
52
56
52
42
45
51
48
42
35
23
19
17
9
13
26
19
-3
-13
-12
-6
0
22
28
-3
-13
5
33
48
51
51
51
60
84
90
75
59
65
81
82
70
81
105
120
104
77
57
43
41
45
55
54
48
43
50
69
87
99
92
73
68
84
71
49
53
66
65
52
38
34
25
28
35
37
32
19
6
-9
-1
36
74
70
45
40
49
65
77
75
66
58
71
87
100
128
130
100
83
92
98
85
66
52
44
55
71
75
85
86
82
77
69
64
65
66
54
27
23
35
40
28
10
10
18
32
41
37
32
34
28
27
56
77
73
67
65
82
104
119
117
116
128
124
115
118
124
129
133
128
120
119
120
128
123
114
96
77
56
37
24
34
49
54
54
41
21
18
26
42
57
44
19
20
24
19
17
23
26
20
9
22
41
37
39
51
44
38
50
59
68
85
90
85
83
81
72
71
82
80
71
84
104
108
100
75
65
80
69
53
80
100
82
48
27
23
22
21
17
-9
-27
-29
-25
-19
-20
-35
-43
-44
-39
-20
-4
0
2
-8
-9
5
34
54
54
52
52
74
101
88
71
82
104
113
106
100
102
104
103
86
61
53
52
54
56
56
44
32
33
43
54
42
16
-9
-23
-21
-10
-5
-7
-20
-29
-34
-28
-17
3
13
19
49
61
28
2
1
23
55
71
60
49
56
67
68
66
64
66
77
90
102
116
115
103
98
92
81
71
74
89
107
108
113
113
97
81
70
65
59
34
16
32
42
40
41
49
56
58
48
35
20
5
2
8
20
17
10
16
27
42
51
36
16
2
8
22
39
61
75
67
38
21
25
34
43
58
89
130
146
108
60
51
66
67
50
33
26
18
11
22
33
48
44
6
-18
-5
12
16
6
-3
-4
-8
-29
-40
-25
-10
12
37
34
12
-5
-20
-22
1
2
-5
11
40
66
89
97
88
86
82
61
43
24
22
34
28
5
-20
-38
-36
-22
-3
16
40
64
81
90
91
70
53
54
61
66
65
43
27
51
73
36
-12
-17
-4
-11
-27
-27
-4
21
33
27
25
36
50
57
57
54
54
64
70
73
75
69
53
38
34
50
81
102
105
90
71
60
76
107
108
75
55
57
67
70
67
60
64
74
89
97
83
55
37
32
24
10
2
11
18
22
29
27
0
-26
-22
-12
-17
-17
-23
-34
-35
-10
18
21
35
56
48
40
55
73
77
67
64
69
75
76
80
75
70
73
84
81
85
96
100
102
97
83
75
70
64
58
44
24
20
33
53
55
29
13
27
32
-13
-36
-17
7
9
-4
-12
-14
-10
-11
-18
-10
4
17
19
18
23
40
53
57
61
65
64
65
66
72
84
100
101
90
89
88
80
86
105
88
66
71
67
32
16
22
20
8
-8
-19
-21
-14
-4
0
-2
4
-10
-35
-42
-42
-38
-21
0
8
5
2
0
10
26
37
50
43
33
38
58
82
99
109
135
134
102
89
92
103
107
99
92
97
92
99
93
81
70
60
56
54
44
33
25
24
23
25
16
3
-4
-12
-19
-23
-23
-25
-28
-35
-39
-34
-20
-19
-20
-7
12
1
-10
2
34
56
53
49
44
52
69
82
89
96
98
112
122
122
114
114
118
117
108
114
128
138
148
149
137
130
122
121
114
96
89
91
69
41
34
25
17
22
2
-33
-52
-50
-41
-36
-40
-40
-34
-26
-11
2
5
-3
-19
-24
-19
1
23
39
57
76
84
82
86
83
68
67
83
87
84
84
90
93
84
81
102
116
98
81
80
71
67
55
49
50
52
52
39
27
23
19
10
9
6
0
-12
-30
-37
-25
-21
-22
-23
-11
8
28
41
40
23
20
23
25
33
39
58
76
89
104
100
75
76
91
87
82
87
91
100
107
117
108
96
90
92
101
114
105
92
86
80
64
49
39
21
8
1
3
-1
-10
-14
-5
-12
-26
-18
-7
-7
12
22
-6
-21
-14
-1
11
26
38
39
51
74
76
69
69
73
80
86
91
89
96
109
128
122
106
98
98
91
85
76
70
55
38
29
23
3
3
13
-8
-40
-40
-27
-23
-3
22
32
28
37
42
37
36
32
21
23
37
49
57
70
84
88
76
71
74
72
65
70
80
77
81
90
96
97
104
124
138
123
123
125
120
105
91
86
83
81
75
75
80
68
42
24
23
25
35
35
25
9
-5
-13
-17
-6
1
3
8
18
24
28
32
43
44
25
24
44
59
60
53
39
44
54
71
82
74
76
88
91
106
123
138
138
121
100
90
90
100
101
82
74
77
76
66
48
43
45
44
37
26
19
9
12
24
45
41
10
-7
-5
3
8
9
16
36
51
49
53
59
65
70
69
70
87
88
80
72
66
69
69
72
68
72
93
112
116
113
102
97
108
132
155
123
71
65
83
88
82
68
53
38
29
38
38
19
-1
-14
-19
-11
-7
-5
-4
-9
-1
18
8
-22
-33
-12
-5
-8
-14
-14
-2
11
49
83
69
57
85
101
84
77
97
114
116
108
104
117
132
125
109
98
96
93
97
99
88
72
60
50
27
8
-11
-33
-37
-43
-57
-59
-51
-74
-86
-58
-38
-58
-82
-74
-59
-53
-39
-21
-12
-21
-19
-6
3
3
10
33
50
59
81
102
112
116
114
119
138
160
154
134
140
163
151
113
87
90
91
75
52
37
40
45
38
21
2
3
8
1
0
-2
-9
-24
-40
-51
-56
-50
-44
-44
-39
-30
-29
-24
-1
22
7
-3
0
4
22
42
54
64
73
81
84
88
87
89
108
129
132
139
145
154
171
173
162
152
151
137
122
115
108
98
81
65
57
64
39
0
-11
-12
-22
-38
-46
-45
-41
-30
-13
-10
-25
-38
-35
-33
-35
-28
-11
8
11
3
7
27
52
71
77
83
82
69
58
66
83
96
96
90
85
69
58
65
64
68
92
128
115
68
51
69
87
84
64
52
39
28
27
26
21
17
16
12
10
24
18
-19
-30
-17
0
7
7
1
5
22
45
60
58
57
59
59
76
118
122
102
112
129
132
123
109
99
91
91
99
107
112
97
69
48
37
33
34
34
27
13
2
20
51
67
65
48
49
60
65
65
76
48
5
5
18
18
6
-5
-1
16
17
7
19
42
56
66
72
69
66
65
67
88
120
134
118
102
98
99
107
100
80
84
99
80
59
56
53
49
53
53
40
26
22
22
22
25
29
38
45
49
49
45
52
58
56
56
39
17
26
49
48
24
7
-1
1
23
55
57
29
11
25
36
36
39
52
55
53
66
90
84
44
32
48
59
54
35
29
51
72
64
37
28
37
25
18
23
35
52
60
66
69
55
37
37
50
54
57
43
27
25
37
39
28
23
25
29
27
26
37
48
52
64
85
84
73
81
97
96
85
73
72
74
61
44
40
50
60
44
33
35
38
37
34
18
7
17
25
37
52
65
54
40
37
42
55
70
64
44
43
52
52
32
26
34
44
55
70
76
81
76
75
80
81
77
84
89
83
71
58
56
52
50
55
54
49
43
39
26
11
7
9
25
59
72
40
12
16
11
2
6
18
27
40
40
33
29
40
51
60
71
71
73
68
57
56
58
57
53
60
70
72
86
103
108
113
113
108
103
96
91
97
103
98
60
36
37
41
28
20
25
33
35
42
44
49
48
39
39
49
58
67
59
53
57
65
56
51
41
24
20
25
41
54
67
72
72
71
84
112
121
96
81
81
90
103
103
92
91
96
93
103
115
106
90
87
93
101
92
83
70
48
43
48
41
45
55
52
54
43
40
44
52
53
38
40
39
5
-13
-4
2
1
10
20
18
19
33
48
50
44
34
25
23
27
44
64
57
42
35
38
38
33
26
34
53
57
50
34
23
26
32
37
41
36
43
56
44
29
22
28
37
40
52
72
81
65
38
16
26
58
59
38
36
54
59
55
45
42
36
34
38
34
22
21
35
56
75
76
66
55
58
64
58
48
52
59
59
59
68
69
67
53
41
42
50
40
22
33
57
71
80
83
75
71
75
83
76
69
65
54
37
33
42
49
50
48
58
80
86
80
59
41
24
27
41
45
40
26
37
85
132
102
72
64
50
37
38
35
54
77
69
60
64
67
72
84
87
71
58
67
80
75
67
69
73
81
89
87
73
57
53
55
49
53
64
58
53
49
44
59
60
35
26
49
48
27
25
20
10
29
51
56
58
49
25
7
10
26
28
24
18
-10
-33
-24
-2
3
-8
-26
-34
-23
-22
-7
35
61
68
82
113
114
85
82
102
113
106
93
81
71
80
92
82
55
38
34
37
36
27
21
19
23
28
12
-12
-23
-9
4
0
-12
-21
-20
-10
-8
-20
-28
-26
-12
-5
-2
-6
-6
-5
2
12
16
21
29
43
29
24
48
74
97
99
90
90
107
124
135
137
135
128
100
71
83
115
123
101
71
40
23
26
36
39
17
-12
-8
-4
-22
-35
-36
-19
9
51
55
16
-18
-14
-2
0
-4
-8
-1
12
22
38
61
69
51
20
7
28
67
103
128
137
148
154
152
153
145
133
121
118
117
109
116
138
132
88
56
41
24
5
-6
-11
-24
-35
-29
-25
-29
-51
-75
-86
-86
-81
-61
-40
-36
-42
-49
-49
-39
-49
-58
-44
-11
5
18
23
35
54
80
87
73
81
98
76
64
77
93
104
114
113
102
89
76
72
80
98
113
118
118
124
139
148
146
138
123
96
73
58
51
43
35
24
23
38
57
49
9
-18
-21
-22
-41
-84
-91
-57
-28
-25
-35
-33
-25
-18
-9
-2
5
16
33
52
69
64
54
52
35
25
35
51
68
85
80
68
74
81
77
76
83
91
97
102
97
80
77
83
72
51
37
40
41
44
53
70
82
65
34
28
43
52
49
55
67
65
48
27
25
36
49
49
37
34
38
42
48
57
71
64
50
69
76
65
64
80
81
69
56
50
51
44
34
32
35
38
38
45
48
24
9
19
25
24
6
-9
-4
10
26
28
22
21
20
26
50
64
38
21
21
9
-2
1
18
29
40
61
82
81
52
36
52
55
51
66
97
108
106
103
99
85
67
65
72
77
71
59
59
75
55
21
10
24
49
65
67
68
73
75
73
84
87
74
54
58
65
61
51
39
35
18
3
1
-2
4
18
34
49
58
67
81
89
87
97
103
102
114
131
97
42
38
64
83
91
99
101
92
87
97
102
104
101
91
90
90
75
54
42
41
44
35
10
-8
-11
-7
0
12
34
44
33
16
10
12
10
19
40
34
6
6
25
44
54
42
24
33
51
52
60
71
72
58
55
64
68
74
86
93
103
93
64
55
68
72
70
55
43
41
40
41
44
59
51
4
-22
-23
-14
-11
-13
-20
-29
-27
-13
-4
-9
-17
-17
-13
-12
-10
-3
9
34
49
42
34
34
39
52
58
56
53
48
59
76
59
51
64
67
64
60
60
68
82
90
92
91
91
81
54
49
58
67
81
99
92
72
56
43
25
9
-2
-8
-20
-23
-6
7
9
11
24
48
34
3
4
21
37
40
45
65
75
70
54
50
50
51
50
44
44
45
60
73
86
101
99
82
65
65
75
92
93
96
123
124
88
66
52
42
40
38
26
27
29
28
32
36
42
36
27
23
8
-4
-7
-6
-6
0
6
5
25
57
68
60
58
61
61
49
34
40
80
88
65
49
50
70
83
82
88
96
93
92
86
76
72
72
71
80
81
73
74
81
87
91
82
64
66
76
64
42
27
20
26
42
37
37
44
52
48
35
38
53
52
35
38
58
65
57
59
74
86
89
74
56
53
54
45
27
23
35
42
42
43
44
41
33
22
42
83
86
42
13
18
23
20
16
7
-4
-7
4
19
20
17
23
23
8
-10
-18
-9
2
17
32
40
50
60
53
37
27
21
6
20
55
70
80
97
90
75
66
65
69
68
65
60
67
70
56
49
61
77
87
80
55
42
42
29
20
16
-3
-20
-33
-34
-27
-17
-4
2
8
20
10
21
23
6
7
23
24
16
6
4
21
40
51
48
52
60
52
38
38
43
55
65
74
86
84
76
80
98
102
86
73
69
70
74
89
121
130
96
85
105
118
103
81
59
48
50
56
66
67
58
36
1
-14
-20
-23
-26
-35
-36
-39
-40
-33
-9
8
6
12
43
70
68
65
81
104
117
116
118
125
118
84
74
106
128
115
100
87
75
74
86
98
91
76
55
35
28
36
42
44
49
41
28
11
-7
-24
-34
-29
-28
-40
-43
-25
19
42
33
19
13
28
67
60
35
36
48
48
41
37
36
50
77
98
114
131
128
103
86
75
68
73
90
107
100
77
81
100
113
116
114
102
85
75
88
91
49
10
19
41
42
5
-36
-51
-43
-29
-23
-11
3
9
0
0
9
16
12
4
4
17
41
52
55
71
71
36
23
43
70
90
96
92
105
106
77
64
60
58
61
74
102
114
103
105
119
107
80
53
39
42
50
42
40
38
25
22
21
8
-5
-7
0
8
13
21
28
34
27
28
43
41
22
22
27
32
35
33
33
36
39
39
43
48
61
76
83
84
70
56
50
44
48
44
54
74
90
100
114
122
124
113
93
83
72
56
51
56
76
68
44
44
55
56
58
59
53
42
37
36
37
36
28
29
24
17
10
12
10
-3
-10
-2
9
17
39
52
20
5
17
28
35
38
37
52
74
89
98
92
87
73
56
54
77
84
77
75
74
73
83
84
73
70
66
53
48
43
27
10
0
5
18
28
21
-10
-12
6
4
-21
-38
-36
-13
2
5
4
6
17
24
32
36
51
64
55
60
73
77
55
25
19
41
82
109
115
99
74
65
61
70
92
108
72
38
43
69
77
69
67
69
70
69
66
56
45
39
22
9
12
33
29
12
9
22
24
17
11
4
2
20
42
56
51
27
32
64
69
65
76
89
86
72
71
91
121
132
122
102
90
96
107
108
108
99
84
67
59
72
81
73
69
57
50
49
54
65
55
39
39
44
55
56
29
9
8
12
11
-3
-21
-23
-9
2
17
24
34
45
32
21
26
22
12
10
10
25
56
72
66
72
87
96
85
83
98
107
99
97
108
112
101
74
58
59
59
52
40
26
17
6
2
16
29
27
41
54
67
74
80
74
65
50
33
12
5
10
6
-7
-13
-13
-18
-9
12
35
20
9
21
28
28
20
17
12
21
39
49
56
69
75
83
89
96
103
113
118
118
107
114
122
115
98
89
83
76
75
66
43
40
58
35
6
10
18
16
18
6
-4
-5
-3
-4
-17
-25
-26
-25
-28
-24
-17
-2
19
33
8
-7
7
24
29
27
34
51
72
87
100
116
104
92
105
123
128
117
118
123
124
128
124
107
92
88
83
66
44
35
38
38
36
34
35
28
18
11
23
39
22
-22
-44
-38
-11
6
-22
-45
-40
-27
-14
-18
-27
-28
-9
7
19
26
41
53
53
51
68
88
83
73
80
86
86
90
104
116
120
122
132
154
162
141
146
156
145
131
115
102
97
88
77
82
77
60
41
35
21
1
-5
-19
-19
-8
-5
-10
-28
-45
-42
-29
-20
-21
-10
21
43
16
-20
-5
28
41
36
48
71
67
64
88
118
119
116
117
108
98
83
97
121
116
81
66
74
82
71
54
49
51
52
44
36
33
6
-11
-5
4
8
-1
-18
-21
-9
8
21
17
3
9
12
0
-3
9
34
44
34
25
39
56
61
51
36
40
75
114
106
87
83
83
82
100
103
74
68
91
108
101
86
85
91
88
84
86
90
84
70
54
42
43
48
53
48
27
9
9
10
0
-4
-4
-14
-19
-20
-3
21
4
-22
-22
-2
26
42
37
28
33
35
36
58
75
70
72
84
89
86
85
87
76
80
88
86
83
87
88
86
85
74
59
52
45
49
58
70
53
23
17
32
38
22
8
18
33
28
9
-5
-5
-5
-10
-7
-1
16
17
18
25
27
24
26
33
53
68
65
60
69
77
87
87
81
84
106
124
113
99
101
101
101
107
106
91
74
86
108
109
104
98
80
60
52
40
35
35
42
48
42
37
25
6
12
39
49
39
38
48
39
25
21
27
55
70
22
-17
-14
-6
-7
-9
-9
-6
17
43
60
71
88
106
116
118
121
130
129
118
101
93
101
105
98
84
73
70
75
73
53
41
50
64
83
81
50
37
39
41
36
12
-7
2
25
28
26
35
24
-2
-8
-2
-2
6
28
52
54
37
35
55
73
80
88
80
68
64
64
72
100
97
67
66
86
97
96
99
107
101
97
101
114
106
88
68
51
49
45
44
36
11
3
22
32
18
3
-7
-21
-23
-13
2
25
28
32
37
20
16
34
42
39
43
48
38
33
36
36
39
44
44
39
56
73
68
64
80
97
91
77
64
56
54
59
74
83
85
87
89
87
93
86
77
96
92
53
32
38
50
41
19
4
4
5
6
7
9
2
-13
-13
10
27
28
25
17
23
34
41
57
64
61
71
82
89
98
73
58
72
83
74
57
42
39
41
48
55
61
54
58
68
65
69
80
81
83
83
82
84
84
73
48
22
20
33
39
27
11
8
4
11
35
35
4
-3
10
23
25
26
33
40
50
54
44
32
29
36
48
57
52
40
42
54
59
66
67
70
86
99
80
49
41
58
59
39
27
38
66
89
75
44
52
85
92
72
59
59
57
48
39
34
33
38
37
39
42
45
49
44
44
37
24
23
25
26
39
43
45
50
52
50
43
65
100
101
71
65
71
76
77
74
74
81
82
81
72
59
55
54
51
52
48
49
53
54
69
73
81
80
59
42
37
40
48
55
45
43
49
45
48
64
52
6
-3
20
35
24
8
8
22
28
34
49
61
70
60
39
21
24
44
69
75
76
70
65
69
75
77
83
91
76
60
60
68
67
66
65
60
76
58
32
35
43
48
51
50
55
65
68
67
65
61
67
80
96
91
81
69
61
61
58
43
35
36
35
20
10
18
27
26
11
0
-5
9
34
19
7
17
27
32
27
26
20
18
34
60
87
86
69
53
38
34
45
65
65
65
61
51
49
44
37
44
44
37
40
40
12
-20
-38
-42
-42
-34
-5
26
34
24
34
49
55
48
35
24
22
33
50
58
48
24
8
19
36
37
23
19
26
48
56
50
48
50
56
58
53
42
41
42
49
50
44
49
53
56
51
34
21
28
24
7
13
27
43
56
57
53
48
34
28
40
57
64
51
28
23
29
49
59
53
50
49
44
40
32
36
37
24
19
28
22
21
50
64
39
24
20
24
22
19
25
41
51
50
43
42
43
37
33
32
28
33
40
55
72
87
90
74
75
82
67
