84
73
66
56
56
55
39
25
16
10
13
22
32
36
42
51
52
51
43
37
35
25
17
22
29
28
36
39
42
56
68
75
76
73
73
76
81
84
85
72
74
89
90
70
58
67
71
60
51
48
49
60
66
53
41
25
6
-2
7
26
41
42
36
45
55
58
59
59
60
59
56
53
60
67
57
39
32
34
40
54
66
69
70
73
76
80
72
69
71
71
69
72
71
72
70
60
54
56
67
70
69
55
48
43
33
32
41
56
64
59
59
60
56
57
57
50
41
42
44
43
51
53
49
50
51
42
41
45
54
58
56
44
37
37
43
48
44
48
54
59
56
49
42
38
28
21
20
19
25
35
36
35
40
39
39
48
53
42
20
8
19
16
0
3
9
10
5
3
16
28
35
37
44
50
55
65
66
65
56
55
64
64
45
34
34
35
32
29
28
25
23
28
41
53
57
53
56
60
56
48
48
45
38
34
37
43
45
40
35
34
41
49
45
44
53
56
43
37
40
44
45
39
35
44
64
82
87
81
74
75
74
70
74
81
74
60
55
60
73
80
73
64
53
45
51
50
38
32
40
64
74
68
52
37
39
52
55
51
44
40
42
41
41
44
41
44
44
50
59
66
60
59
53
43
40
37
34
28
29
38
53
64
65
68
65
54
55
59
66
69
71
72
71
71
73
68
58
56
68
80
75
66
56
56
53
50
53
53
41
39
43
43
41
38
35
32
35
51
54
44
50
60
67
68
59
48
43
52
69
81
82
76
57
39
39
54
70
71
68
75
76
69
66
66
64
65
65
64
60
57
49
38
34
42
58
54
42
38
43
57
75
85
86
87
87
74
65
60
67
71
69
71
69
69
70
70
70
71
77
87
84
70
65
61
54
41
33
35
49
48
35
25
24
32
44
57
50
37
27
17
6
-2
-4
-3
-4
-4
-6
-3
5
17
38
56
65
71
69
56
42
39
41
51
59
69
80
80
64
50
52
60
77
90
86
72
65
69
80
81
70
53
37
34
29
26
27
32
28
25
21
22
33
37
43
56
60
56
54
50
37
24
26
28
25
29
38
38
37
43
52
52
50
57
76
90
88
82
73
66
54
48
42
44
54
60
60
55
48
44
44
49
42
42
52
59
58
55
57
57
58
58
59
59
56
44
40
39
37
34
26
21
21
27
29
34
32
26
35
39
35
38
44
51
49
42
40
38
34
34
37
42
54
66
68
71
69
65
64
69
69
59
42
29
34
41
43
43
41
37
35
34
35
41
42
37
33
39
37
20
6
10
26
26
16
9
18
23
26
38
51
57
57
52
42
44
53
53
52
52
41
26
20
27
42
52
57
53
40
33
37
38
38
40
40
43
42
37
33
22
23
36
42
50
43
32
33
28
24
35
39
32
23
24
36
42
48
49
48
40
40
42
38
39
51
57
55
43
29
26
34
34
34
36
44
51
52
61
64
50
39
35
26
23
26
33
36
36
39
52
72
86
85
75
69
56
40
49
75
99
103
99
87
84
92
102
113
107
93
85
80
82
88
85
82
82
75
70
72
76
81
80
67
55
53
54
49
40
33
16
2
0
6
19
28
28
11
5
8
17
25
18
2
4
11
27
44
48
33
19
19
22
32
43
48
39
32
25
26
28
33
36
36
33
40
56
64
69
71
66
59
65
69
64
57
53
45
37
32
23
22
28
41
39
26
8
-5
-8
-7
2
11
18
28
44
43
34
33
43
55
55
57
58
52
44
54
71
84
82
60
45
52
69
81
70
58
50
40
38
34
22
22
22
18
9
-1
-5
3
16
20
20
6
-7
-3
7
25
42
36
18
18
26
33
36
51
55
49
44
60
70
71
82
90
92
87
74
73
77
83
88
97
99
108
99
64
50
59
74
80
70
60
71
65
45
37
26
12
11
11
8
5
8
19
35
41
42
52
51
44
50
57
67
69
64
60
59
59
56
55
66
69
67
72
80
73
74
81
80
83
92
102
101
92
84
83
84
74
66
55
44
28
17
17
16
9
12
26
26
21
18
25
34
32
22
24
36
44
43
37
28
32
40
52
56
54
56
65
61
57
56
57
69
86
74
66
71
65
42
41
58
71
73
70
65
43
28
25
24
20
17
22
28
34
33
28
24
26
34
36
25
16
10
23
35
22
3
-2
8
28
38
25
18
19
23
35
48
58
65
66
64
67
81
89
84
76
84
98
105
103
97
96
93
99
102
99
82
81
91
87
73
64
54
45
50
56
57
50
48
50
42
33
32
34
41
50
50
49
51
51
58
64
54
58
65
60
53
37
28
29
34
34
36
41
42
41
39
37
28
33
40
39
37
42
49
44
50
57
58
57
43
20
11
25
39
40
27
11
8
18
28
37
33
23
12
12
13
16
22
21
16
19
29
40
51
56
56
61
65
58
55
43
40
50
55
54
39
23
21
36
58
73
58
41
41
51
48
34
28
26
26
25
25
33
38
25
18
19
18
18
21
23
23
19
6
5
16
32
35
32
27
23
22
33
48
65
74
74
69
73
85
81
69
59
60
75
87
88
76
67
60
60
74
87
91
88
84
76
77
88
87
80
72
58
43
27
7
-6
-7
0
10
32
38
23
11
21
36
48
41
33
23
24
33
35
23
21
32
28
17
17
25
36
43
50
60
72
74
69
64
64
66
68
70
75
84
86
77
70
67
71
80
81
82
82
76
61
51
49
55
52
40
40
51
49
39
40
38
34
33
40
56
67
74
86
83
71
60
49
52
73
82
68
60
70
92
113
107
91
80
73
73
71
68
74
77
74
60
43
38
42
53
54
49
43
53
53
49
50
45
41
40
39
35
38
42
40
33
32
27
25
18
21
26
37
42
36
22
22
28
37
45
41
34
35
37
37
25
19
11
10
7
9
13
11
12
12
19
29
42
50
56
58
60
68
73
68
54
35
18
9
18
34
41
43
52
57
48
41
39
44
52
42
23
9
9
19
26
28
38
58
74
75
72
75
80
71
52
41
45
55
60
57
60
71
66
50
52
58
68
85
88
69
53
51
59
59
50
50
59
72
77
68
51
40
40
48
64
61
48
41
49
53
52
52
56
67
73
66
57
60
71
73
65
60
70
75
74
75
77
73
60
60
65
66
65
65
65
67
66
57
57
64
55
55
65
65
66
81
92
91
81
61
44
37
43
53
43
26
20
28
41
32
11
12
24
28
39
42
48
44
36
32
25
26
41
49
48
57
74
88
99
91
71
61
60
57
60
56
42
39
37
34
39
49
53
48
40
52
58
41
27
23
21
17
12
16
12
17
25
40
48
45
43
45
52
53
41
35
37
38
41
49
56
58
51
41
42
35
28
32
35
41
45
40
26
19
21
32
36
38
41
38
40
54
68
68
58
52
52
59
65
65
69
84
92
77
54
49
45
51
58
61
67
71
73
73
72
75
77
81
73
66
56
51
48
54
61
54
43
41
51
58
64
58
40
34
40
48
54
58
48
34
32
28
21
12
9
16
35
56
44
7
-8
-7
0
18
33
26
16
16
26
43
54
52
45
40
42
48
39
36
39
42
43
43
48
51
57
66
61
59
54
37
22
23
27
37
43
53
69
83
90
97
86
69
64
72
83
81
60
38
29
41
45
39
40
48
51
53
54
50
50
55
60
66
54
45
49
45
37
33
39
57
53
39
40
50
57
66
73
77
75
74
74
72
70
65
55
53
56
58
49
34
24
20
28
36
36
42
50
39
36
39
28
17
6
8
18
32
42
48
44
45
43
34
28
37
43
50
50
43
40
44
50
44
37
41
36
22
18
26
43
53
55
54
60
69
73
74
70
65
69
73
75
82
85
81
65
48
33
20
29
57
56
38
27
26
32
33
26
25
32
26
22
26
39
50
51
43
43
52
59
60
59
70
75
71
60
58
56
57
70
74
61
56
53
50
43
38
41
52
57
59
56
49
50
44
50
55
45
38
38
39
42
45
41
26
23
28
28
18
10
18
37
60
65
58
53
41
28
25
33
44
54
57
60
56
42
28
33
40
36
32
51
65
58
54
52
55
59
57
50
48
50
55
54
53
55
55
50
39
28
26
39
59
61
52
39
25
18
22
33
35
34
28
21
18
22
26
27
37
44
51
53
49
48
45
29
21
18
17
18
16
19
33
37
38
44
50
52
50
36
28
25
19
16
11
8
12
21
27
34
40
42
41
44
60
75
74
66
56
48
41
39
34
34
36
32
28
29
41
50
48
53
57
54
58
69
59
40
28
33
50
67
58
40
32
38
55
67
64
65
74
75
58
44
54
56
55
56
57
57
67
71
68
66
65
58
54
60
68
66
60
71
91
87
74
75
82
83
68
54
57
59
52
40
37
39
43
42
36
29
26
25
24
21
32
48
50
42
36
27
26
25
22
24
28
16
2
7
22
28
23
17
9
10
17
22
24
32
45
69
87
84
70
55
49
51
55
60
72
82
75
66
56
51
57
58
58
66
72
68
65
69
71
67
57
53
52
50
35
17
6
20
37
36
34
39
44
50
41
32
39
50
59
72
71
68
67
69
68
65
64
69
65
48
43
53
56
59
52
42
44
59
76
76
69
60
57
59
60
66
68
80
89
85
83
83
85
92
96
92
88
80
75
84
82
76
82
81
67
66
74
87
93
90
85
82
86
98
106
105
97
88
89
89
84
74
67
66
76
83
75
74
64
39
22
19
17
16
10
9
9
11
7
-5
-11
-8
-5
2
16
27
42
33
10
3
10
10
0
-6
-5
6
16
26
34
20
3
-2
1
2
7
20
34
43
38
32
37
49
49
39
28
26
34
42
50
55
64
72
80
77
69
59
54
66
81
76
70
59
50
51
59
68
69
61
50
43
50
64
73
81
74
58
50
48
45
51
51
40
36
50
65
64
56
55
57
57
54
51
48
45
41
28
17
20
33
39
35
18
12
28
38
37
34
29
24
21
23
22
18
18
20
34
48
53
56
59
66
72
67
53
53
60
70
73
76
84
82
73
71
76
87
87
81
76
84
97
96
82
68
61
57
41
33
28
25
26
25
36
45
42
37
40
49
64
72
66
56
60
70
80
76
68
58
45
37
33
33
37
51
57
55
51
40
37
41
54
68
71
71
68
66
67
59
45
38
26
20
25
41
49
40
29
20
18
17
16
28
51
53
52
49
36
19
9
20
34
36
26
20
22
23
25
23
10
8
16
22
25
27
34
37
42
39
24
10
1
0
9
19
25
32
34
39
50
54
51
52
58
58
66
75
86
97
98
101
107
113
114
105
96
91
89
84
81
69
50
34
22
11
2
-7
-7
1
7
1
-6
-6
10
24
22
9
-3
-11
-8
-8
-6
8
22
33
40
41
48
55
65
72
81
83
82
75
74
75
72
70
74
72
65
65
71
71
58
51
54
64
69
60
49
43
50
45
37
35
28
26
34
33
20
16
18
18
11
5
6
16
25
34
36
22
10
13
17
26
40
48
52
56
56
43
28
28
48
61
60
54
49
43
43
52
70
81
81
82
80
71
65
56
57
58
41
20
22
41
59
71
67
59
52
38
32
37
36
34
34
20
6
8
19
25
34
40
39
38
38
35
34
40
53
65
68
70
72
71
73
87
87
80
69
65
65
66
55
44
48
59
69
69
59
53
53
64
74
75
72
77
89
90
75
67
65
53
42
40
43
44
36
34
38
35
29
35
41
44
38
22
11
21
36
53
59
59
64
68
72
74
69
52
42
41
49
51
45
55
60
58
66
71
67
69
70
67
64
58
53
44
36
34
33
23
20
20
26
40
42
32
24
25
34
40
37
26
23
33
50
58
55
39
27
34
51
67
73
64
42
43
60
65
56
57
58
60
69
71
75
87
87
73
57
54
49
41
40
50
58
53
40
33
32
37
34
28
32
36
33
11
-5
1
18
23
22
25
23
19
12
18
36
52
57
58
65
76
88
87
81
72
66
67
72
71
68
69
71
67
57
52
53
57
57
64
72
59
43
36
41
45
49
59
76
83
86
80
66
55
48
51
68
81
75
64
53
48
41
39
43
50
39
26
24
23
27
32
35
42
43
40
51
70
70
69
65
53
49
43
54
74
85
80
67
58
65
74
80
74
67
58
66
72
68
56
53
54
53
44
34
20
22
39
60
76
84
74
71
87
91
83
72
55
51
56
60
64
64
64
60
53
40
37
36
50
65
60
51
42
34
26
40
59
71
74
57
40
36
39
42
42
42
38
34
37
43
44
40
41
44
44
35
27
35
53
53
35
23
22
34
42
38
34
28
25
41
72
99
92
67
50
53
59
64
71
82
74
64
57
55
49
37
35
41
50
54
49
29
9
-10
-23
-20
-8
2
9
17
25
36
43
56
61
60
61
68
80
87
84
76
82
97
105
102
83
70
71
71
73
83
92
89
76
74
86
91
85
80
72
68
68
80
88
77
66
67
65
48
33
33
36
40
39
33
36
37
29
22
22
25
28
32
34
41
41
34
26
29
45
58
57
55
51
27
9
6
-2
-7
-2
8
32
48
48
38
28
33
49
67
82
84
75
70
64
44
34
37
48
58
66
72
72
71
70
57
44
44
49
50
49
50
48
49
49
35
23
24
28
28
34
33
29
41
51
44
41
53
55
48
42
39
37
36
33
35
38
37
37
37
39
42
44
43
49
49
42
40
45
37
20
19
25
43
56
57
68
72
70
75
77
75
69
57
54
56
57
53
43
36
33
34
38
42
53
54
56
57
53
44
50
64
68
52
39
42
53
55
50
39
37
40
44
44
40
39
48
43
28
28
39
49
54
58
59
68
80
92
112
101
77
68
70
73
70
64
44
40
44
48
41
39
44
57
72
86
97
84
65
50
42
32
17
9
8
7
11
17
25
37
36
38
57
77
75
74
81
89
99
97
87
88
90
90
86
80
83
85
92
96
84
80
74
57
39
35
35
41
34
12
5
6
16
23
24
22
17
10
11
19
12
-2
-8
-12
-12
-7
5
25
38
37
36
41
42
37
29
25
27
38
48
44
50
56
59
55
53
66
85
93
100
98
87
81
74
65
67
73
70
54
37
29
43
52
41
29
27
27
22
3
-11
-19
-13
-8
-11
-12
-7
-12
-21
-8
12
36
52
60
71
89
98
89
80
73
71
72
84
86
81
74
76
82
90
86
64
49
39
33
34
40
54
53
41
32
20
26
19
-6
-21
-13
1
10
5
-10
-17
-5
2
-1
8
22
23
26
40
53
55
55
52
42
41
43
36
24
26
28
18
6
10
25
32
35
49
50
41
43
49
41
32
25
16
6
5
13
20
8
-3
-9
-11
0
11
16
6
-17
-27
-20
-8
-5
-2
-7
-8
-11
-8
5
19
24
25
23
12
7
12
20
22
32
44
56
52
44
50
60
69
70
70
70
57
52
56
69
74
64
51
43
48
56
59
54
41
34
36
34
21
9
7
9
25
38
35
37
43
44
43
53
59
53
41
38
28
19
26
48
67
83
90
86
81
83
97
98
82
70
66
64
59
65
75
87
88
75
66
61
66
71
74
73
73
72
76
87
86
71
64
67
69
52
32
34
53
64
60
56
51
39
34
38
52
57
50
41
50
71
89
96
87
75
67
64
65
55
34
18
24
40
42
36
40
45
39
36
39
38
37
40
55
61
56
51
54
50
41
43
55
73
86
87
87
75
70
75
76
69
69
76
77
74
74
82
90
98
100
100
104
119
128
120
117
118
117
117
117
117
99
74
65
64
64
67
66
54
51
56
56
44
34
34
45
51
36
19
6
3
24
57
76
74
68
66
65
74
83
70
56
53
64
83
100
102
98
86
76
84
97
106
119
116
96
75
64
49
50
55
55
56
53
56
68
72
72
70
72
90
102
103
91
71
55
55
59
72
87
87
80
77
92
113
114
98
83
77
89
98
99
101
100
89
91
98
92
82
76
84
88
86
70
54
48
53
55
51
48
54
64
70
71
71
70
72
77
83
81
64
42
37
41
51
64
72
68
54
54
60
73
87
99
98
88
85
84
72
59
52
53
64
72
64
38
8
2
7
17
26
8
-10
-6
9
16
19
23
17
7
9
22
26
13
-6
-22
-27
-24
-9
4
8
9
5
17
34
44
59
65
59
70
87
100
107
107
105
97
80
73
86
96
86
67
55
54
53
56
64
61
58
58
53
42
29
18
12
9
5
6
6
-4
-10
-13
-24
-29
-19
3
21
36
53
58
55
44
34
33
42
53
58
53
41
45
60
66
65
64
56
56
61
59
55
44
37
41
52
53
50
43
39
37
27
19
10
9
23
33
24
18
17
9
16
32
38
44
55
55
57
57
52
53
58
65
72
71
68
59
45
26
18
18
24
33
43
54
54
49
42
40
29
11
1
-2
1
5
12
23
27
32
35
42
49
44
39
35
29
21
18
20
34
52
60
64
66
73
72
68
72
73
54
16
-11
0
34
53
70
90
104
101
103
116
109
81
55
51
54
35
6
-1
18
33
22
16
32
48
41
35
38
50
57
64
61
64
67
73
75
60
39
40
49
41
34
43
69
89
102
103
99
107
121
118
105
92
97
98
91
82
67
58
55
48
34
16
-3
-18
-14
-5
6
10
4
0
0
0
2
3
3
13
32
34
32
20
11
6
1
-4
-9
-12
-6
4
17
28
38
50
67
82
88
88
81
74
74
68
60
61
65
66
54
27
6
2
2
4
8
13
19
16
17
28
38
39
36
24
10
9
25
45
58
69
81
87
86
85
97
112
119
103
74
60
60
58
57
52
39
26
27
48
58
50
44
42
43
49
43
34
25
22
17
13
16
21
36
52
59
60
57
60
67
61
53
48
43
51
64
64
59
66
57
51
64
83
101
92
65
43
33
26
25
22
23
34
45
56
71
81
87
84
73
70
60
55
45
35
33
36
36
37
40
41
42
41
27
18
27
26
13
16
25
38
38
36
43
53
51
36
18
12
25
29
21
4
-6
6
22
22
13
11
19
26
37
49
44
50
53
51
48
48
49
53
66
73
83
86
90
102
97
76
65
59
50
39
40
49
55
44
25
22
40
51
43
33
28
29
37
55
66
58
52
44
34
27
35
44
56
66
61
58
54
53
56
52
42
44
57
64
60
60
57
48
37
40
53
52
38
32
28
34
35
22
4
2
16
32
28
11
3
20
38
44
40
34
28
34
35
49
55
57
58
52
38
36
38
42
39
35
33
33
36
37
34
39
61
65
66
73
74
69
66
74
84
84
81
75
71
60
64
69
68
66
64
68
75
72
69
72
60
53
55
54
58
73
82
84
82
76
85
101
102
85
73
68
65
70
76
76
70
55
38
23
20
33
52
59
57
57
66
69
70
71
65
54
54
49
35
26
27
33
27
20
23
39
48
49
42
38
37
39
51
57
57
68
70
66
69
83
96
98
87
65
50
49
48
50
67
72
65
55
57
64
51
24
5
2
10
18
18
23
27
22
24
28
29
26
12
18
28
33
43
56
60
67
83
77
54
38
33
41
53
52
34
18
18
27
32
25
22
18
18
20
16
11
21
38
52
56
56
45
32
23
24
34
43
43
41
44
59
69
65
54
48
50
59
67
58
50
42
48
59
64
57
57
64
73
82
83
83
76
71
67
66
65
45
37
35
34
34
29
21
21
20
8
0
6
16
21
23
19
19
26
36
42
42
45
49
51
56
65
59
55
60
53
40
33
26
21
24
38
50
64
75
73
66
59
61
65
57
54
55
51
42
40
40
38
38
38
36
25
25
27
25
20
6
-7
-6
6
17
12
8
24
51
60
66
69
68
54
44
43
41
36
21
10
20
35
38
35
27
33
41
52
55
44
29
24
35
50
54
41
32
35
37
26
16
6
6
20
24
27
37
49
56
56
52
54
43
37
44
64
87
87
75
81
89
90
86
81
76
85
91
89
85
76
66
60
64
59
53
50
49
50
50
48
38
37
43
49
53
49
36
25
27
35
41
53
52
40
28
18
12
8
17
39
56
64
57
43
36
40
48
49
35
24
35
59
66
59
58
56
55
58
66
71
65
60
55
52
59
69
66
60
54
41
27
29
39
48
42
37
40
45
52
65
69
57
44
39
38
39
41
43
41
41
44
48
44
37
34
36
40
36
26
42
75
83
73
65
66
73
73
65
65
75
81
75
68
61
66
67
70
74
66
53
42
36
25
24
37
43
26
3
-2
4
13
32
51
55
52
49
51
57
67
66
50
41
49
55
64
59
64
61
58
53
55
72
81
82
83
83
89
99
102
97
84
81
84
99
104
87
74
69
57
38
24
25
25
16
3
-9
-24
-35
-35
-30
-26
-1
16
10
6
16
35
54
66
70
65
52
42
43
48
48
45
59
69
65
67
76
87
91
88
77
73
81
96
90
83
83
74
69
67
61
67
77
82
80
75
72
65
55
53
51
33
13
11
16
11
6
2
6
7
2
-4
-5
-2
3
4
6
13
24
26
27
36
34
27
29
25
18
20
33
41
48
54
67
60
49
39
34
33
35
27
28
45
67
75
82
88
85
68
55
59
65
60
59
60
58
49
35
17
7
17
26
38
55
67
68
55
33
22
33
42
44
44
40
28
33
41
43
39
28
20
20
18
20
36
51
67
73
65
64
64
60
72
90
99
91
83
87
97
96
97
98
82
59
57
61
69
75
69
53
39
36
39
43
48
52
59
67
60
41
19
6
2
6
17
20
27
38
43
45
39
34
37
44
56
65
68
57
55
54
50
51
44
36
43
58
72
87
90
76
76
93
106
104
89
81
81
83
86
80
66
56
53
44
39
37
33
29
24
11
2
-1
-7
-18
-24
-22
-10
6
16
10
2
-4
6
25
21
6
3
11
23
21
9
16
33
48
50
60
74
81
71
58
56
65
61
50
42
50
52
52
52
53
51
54
68
71
70
85
102
113
97
61
51
53
38
16
5
2
0
2
5
5
9
16
16
17
18
26
12
1
12
29
35
40
44
48
43
50
53
49
41
37
40
57
81
80
68
61
69
76
85
86
85
92
102
107
121
132
136
130
114
91
87
98
107
108
100
80
57
40
33
32
22
5
-1
8
18
21
23
20
19
32
34
27
34
39
39
42
51
51
44
36
25
24
33
35
33
20
16
12
9
13
22
28
29
34
37
41
42
53
60
55
44
44
55
57
53
45
44
49
51
44
36
26
25
25
19
23
32
27
26
23
22
23
25
34
41
50
53
57
66
69
74
74
67
52
49
57
76
87
74
54
40
34
36
38
35
34
42
64
77
74
64
50
48
50
51
44
35
32
34
38
49
52
44
37
42
59
73
72
68
70
74
73
68
65
72
82
82
82
74
60
57
70
81
85
80
71
74
83
85
90
101
101
91
77
68
59
40
12
2
8
35
60
65
52
38
27
33
42
36
9
1
10
25
20
18
32
38
28
16
8
12
24
39
50
58
66
68
67
57
51
52
51
44
38
27
25
19
18
21
25
35
43
56
70
80
69
52
51
53
48
32
10
6
20
42
58
59
51
40
34
38
43
49
51
50
52
66
80
83
75
57
42
42
41
40
41
48
55
66
72
76
84
88
88
80
68
64
70
73
73
76
74
66
59
56
50
39
36
42
48
49
54
48
34
27
27
35
42
42
40
50
51
43
35
27
26
24
26
29
33
44
55
60
68
67
44
25
24
27
34
39
38
32
25
21
23
33
36
29
28
41
50
38
27
34
41
41
42
59
66
49
39
45
54
58
61
55
43
44
50
