59
68
55
37
35
39
37
22
17
9
5
0
-6
-10
-22
-38
-42
-36
-26
-17
-3
-3
-5
6
21
38
56
64
66
70
82
86
75
60
59
69
74
73
67
69
77
87
83
74
84
96
98
99
105
108
104
98
97
100
105
105
97
76
69
70
67
44
21
8
-3
-14
-18
-19
-28
-50
-66
-62
-52
-41
-34
-33
-39
-36
-30
-19
-1
10
18
22
27
49
71
74
61
57
58
59
60
57
65
75
87
91
91
96
100
91
82
80
85
90
92
98
107
107
103
93
82
72
67
50
26
20
27
50
59
53
50
44
41
34
20
18
24
23
18
24
29
25
19
13
8
-8
-25
-33
-26
-17
4
26
58
86
99
108
118
122
124
136
146
153
156
141
123
113
93
82
71
60
64
64
69
69
58
51
57
52
20
2
6
21
32
33
34
32
18
6
9
23
33
28
16
12
32
34
19
10
16
25
28
36
32
25
29
40
45
53
53
43
41
52
71
89
102
101
99
103
120
136
123
97
81
77
71
58
44
36
21
-3
-29
-53
-57
-42
-34
-29
-27
-26
-18
-4
5
11
8
6
3
4
8
25
34
28
26
35
48
50
44
42
39
28
25
38
49
54
50
53
72
97
105
98
92
101
114
134
146
146
148
153
168
179
177
161
151
151
154
146
124
99
71
50
37
24
19
20
28
32
9
-21
-42
-57
-56
-46
-56
-72
-73
-65
-54
-51
-39
-17
3
19
38
45
44
55
59
59
72
85
90
97
90
91
100
115
132
139
131
114
114
120
120
112
101
100
97
89
89
96
90
68
40
19
9
6
3
7
5
-3
-10
-21
-25
-36
-50
-54
-54
-44
-26
-18
-17
-10
-6
2
16
29
40
51
72
100
117
121
121
116
115
122
137
146
147
153
163
170
176
164
155
152
153
153
139
124
118
118
119
118
108
92
71
55
49
44
51
54
41
26
16
6
4
0
-13
-35
-52
-55
-52
-51
-41
-34
-41
-38
-30
-40
-40
-27
-10
-2
-2
-4
7
20
28
37
36
33
35
28
20
28
50
80
97
100
104
113
121
137
138
132
144
153
152
153
155
152
160
172
179
172
163
153
150
140
125
107
98
91
80
69
65
49
39
36
26
19
8
-13
-34
-39
-40
-37
-26
-23
-22
-13
-1
9
2
-6
3
17
24
35
44
51
50
41
39
41
33
24
34
33
27
37
35
34
37
21
1
-2
0
3
5
9
2
-17
-30
-39
-41
-38
-36
-40
-51
-57
-66
-58
-37
-24
-34
-37
-27
-17
-12
-18
-11
-5
3
18
26
35
40
48
43
37
36
39
50
65
80
87
87
96
107
104
101
106
116
118
118
118
123
130
129
119
105
85
69
64
56
45
34
22
20
6
-10
-22
-29
-34
-28
-21
-14
-12
-3
3
9
21
26
24
20
12
19
33
37
34
40
49
51
53
38
37
65
82
88
97
105
106
100
104
128
139
144
144
135
119
103
100
109
116
102
93
92
100
101
100
98
97
85
70
65
67
70
71
58
42
35
35
35
33
22
9
5
11
20
21
24
19
11
10
11
11
12
6
3
8
20
33
52
76
68
49
48
42
33
26
28
51
71
72
73
74
71
68
64
55
49
54
72
91
104
90
70
61
67
76
68
54
48
50
58
61
51
32
12
2
-4
-2
7
9
8
16
21
25
25
18
27
34
21
12
8
5
7
17
25
32
37
41
36
32
38
48
55
59
59
64
76
90
93
88
83
86
88
80
80
92
93
84
84
81
73
70
65
56
50
50
56
68
81
83
73
59
58
57
52
42
26
5
-4
1
9
12
13
4
-7
-13
-12
-1
11
20
26
36
44
53
48
28
18
19
28
36
38
43
55
67
59
57
68
73
80
86
92
114
131
137
144
139
125
112
98
84
64
52
53
57
53
29
5
-11
-20
-23
-20
-21
-23
-25
-39
-53
-49
-20
0
-11
-27
-29
-21
-13
-17
-23
-18
-3
-3
-5
2
20
40
55
65
70
75
85
104
123
137
133
117
114
107
101
92
90
82
57
43
38
40
43
39
28
26
26
26
28
32
33
34
37
45
53
52
51
38
25
21
22
27
42
51
42
26
11
11
35
53
64
48
29
35
39
41
48
43
40
43
56
72
66
45
32
33
45
68
85
85
75
66
60
60
67
70
77
89
96
80
58
53
56
48
32
36
50
51
33
10
6
8
10
9
9
22
34
39
44
53
64
64
68
85
104
113
107
105
101
92
89
84
74
65
45
35
42
41
36
27
21
18
20
25
37
44
54
69
60
38
22
18
33
65
98
108
103
90
81
74
71
71
77
71
68
61
53
52
54
48
38
35
33
33
41
45
35
22
20
33
39
38
39
41
44
44
39
35
33
36
42
37
26
24
33
49
57
50
43
48
45
42
43
45
44
42
56
73
84
89
86
70
64
80
99
114
122
119
101
89
82
60
56
66
69
74
76
76
71
54
37
21
6
-2
-4
0
0
-5
-7
-14
-26
-27
-26
-28
-29
-17
1
20
34
35
33
29
38
55
70
86
97
89
97
103
92
87
107
118
104
87
81
80
84
91
105
117
131
147
145
119
85
65
61
58
51
42
35
32
38
42
42
48
54
60
58
51
44
35
16
6
19
38
36
16
7
16
10
-4
-10
-5
3
7
16
36
64
80
72
70
69
70
68
55
54
74
83
80
76
75
74
81
89
92
97
92
88
87
74
68
65
68
81
86
85
65
48
49
50
48
48
52
48
36
33
44
65
67
64
61
58
44
35
28
25
19
12
10
7
4
6
-1
-5
-6
-8
-13
-7
6
25
45
56
60
58
52
43
38
40
56
60
51
48
43
38
29
23
33
44
52
53
52
50
55
64
58
37
28
51
73
80
69
44
24
12
20
34
43
41
22
2
-4
0
13
32
28
20
17
10
9
10
19
41
55
53
50
54
66
77
77
76
76
77
86
92
90
90
96
101
96
92
99
108
121
117
97
86
87
88
80
60
55
50
38
39
45
49
38
19
6
2
3
7
12
20
23
22
20
17
18
18
-2
-22
-27
-19
-9
-2
-3
-8
-13
-6
2
9
18
26
44
53
50
58
73
81
76
77
87
82
59
54
69
84
82
72
69
74
73
77
91
103
101
81
65
55
51
42
28
25
29
26
27
21
0
-18
-11
-4
6
26
45
51
53
57
58
48
25
8
11
24
38
42
43
43
44
53
64
57
49
50
59
66
68
55
39
34
35
40
49
65
80
86
88
98
105
108
107
107
106
93
81
75
72
65
56
44
38
37
40
42
45
43
38
36
41
35
16
17
32
38
26
6
-1
20
39
40
33
28
42
56
57
57
66
69
75
81
85
89
93
97
101
105
101
91
87
84
83
86
91
85
71
70
81
85
84
81
75
75
76
66
51
35
24
24
25
26
26
37
53
58
54
45
48
50
59
57
41
17
1
2
10
18
13
6
4
8
11
13
17
20
25
26
21
19
25
37
50
57
60
64
68
70
75
82
84
75
72
69
64
59
52
38
28
28
29
25
22
24
24
19
18
29
34
24
20
23
39
50
51
54
60
56
38
25
16
-1
-9
-13
-14
-11
-8
-19
-25
-22
-20
-14
-2
19
40
48
40
38
53
73
85
83
72
69
72
82
90
97
99
98
92
97
85
68
68
80
97
106
109
106
98
89
86
83
75
75
56
40
53
61
55
51
44
44
48
50
53
54
43
26
10
9
12
19
21
26
28
26
19
9
6
11
11
6
3
-2
-13
-25
-29
-27
-11
4
12
19
17
20
42
77
99
101
90
99
117
120
106
98
101
112
105
96
100
105
117
129
115
97
86
85
88
90
88
84
69
55
64
57
19
-8
-7
6
13
8
1
4
7
8
9
-6
-18
-7
1
4
12
18
10
8
12
19
26
35
34
33
43
52
51
56
71
70
58
57
61
68
74
84
88
89
101
109
105
97
89
88
84
73
57
40
40
49
58
59
53
49
40
32
26
26
20
9
5
11
13
4
-3
7
17
20
28
18
-4
-7
2
9
27
28
17
13
21
43
56
50
52
59
60
67
72
83
93
100
117
132
136
146
135
112
102
98
97
92
85
75
61
43
32
36
40
32
27
27
28
28
32
39
40
32
21
36
52
58
57
55
52
48
50
51
50
49
52
61
66
59
54
50
50
50
51
49
48
54
66
74
85
92
98
103
105
97
83
87
98
98
81
68
70
60
27
-1
-5
2
-2
-18
-36
-43
-41
-40
-33
-8
11
12
16
32
51
72
83
68
49
48
56
59
51
29
18
19
23
21
12
6
2
1
21
49
50
41
44
56
74
82
75
75
93
121
140
146
137
124
114
105
104
103
100
98
90
82
83
88
72
56
54
60
50
17
4
18
38
52
58
61
57
50
37
26
25
25
21
16
16
19
19
16
7
5
18
37
48
56
55
43
40
50
67
81
81
66
56
56
66
71
67
66
74
80
89
104
104
93
90
99
105
103
100
99
92
96
98
91
83
74
68
60
56
53
48
33
27
29
23
10
4
0
-1
8
6
-2
-4
-4
5
17
21
19
11
6
7
16
28
48
52
48
42
48
58
64
52
53
59
60
58
58
57
57
50
49
52
57
67
73
83
86
87
91
101
106
105
103
106
99
88
83
85
96
96
85
72
55
44
49
54
51
41
34
33
39
40
40
27
16
19
32
38
28
10
3
7
6
1
-1
-17
-34
-34
-24
-11
-5
-1
9
21
18
19
35
49
45
38
24
18
23
37
56
71
71
72
75
72
70
61
64
71
76
77
74
75
83
89
93
90
75
60
52
41
29
24
22
20
16
8
10
17
20
17
6
-3
-6
-5
6
6
-2
0
6
6
12
13
2
1
18
21
18
24
35
35
32
32
37
45
54
56
55
54
48
40
40
43
43
53
72
75
68
66
75
89
101
97
97
105
108
104
92
88
89
87
89
92
98
99
90
82
76
66
52
50
44
20
-2
-10
-13
-7
-2
-7
-13
-21
-18
-2
10
6
-4
-9
1
12
12
17
27
37
43
48
53
58
65
65
58
66
80
77
73
80
90
108
129
118
101
91
82
69
59
50
40
49
56
54
44
37
38
45
51
45
42
36
38
37
24
18
20
18
27
45
52
51
44
39
42
58
73
67
55
52
51
49
50
44
41
52
67
74
83
83
71
59
54
50
55
55
41
28
25
26
29
23
19
16
17
28
52
67
70
66
56
66
90
101
87
69
59
64
64
59
61
57
49
42
39
34
19
12
19
19
6
2
6
11
16
24
37
38
25
19
22
32
43
53
56
66
69
56
53
61
58
54
58
65
66
81
89
82
68
58
60
59
56
55
57
55
56
65
69
64
55
58
72
76
71
67
66
64
56
55
55
51
55
60
65
55
41
34
37
44
57
65
71
71
58
45
41
39
22
6
0
2
5
3
-2
0
5
21
32
25
25
34
34
32
23
12
13
32
44
52
57
65
65
60
64
73
90
100
103
102
102
109
108
100
98
98
90
68
57
70
83
82
73
66
59
50
34
22
20
17
21
26
27
24
26
24
19
16
19
17
1
-3
5
23
40
38
29
34
42
45
48
60
59
42
22
17
25
28
34
41
41
44
45
44
49
57
59
57
55
60
68
84
103
106
106
108
108
113
123
112
91
88
103
115
106
90
81
76
72
59
45
38
33
22
4
-24
-40
-26
-8
-3
-5
-6
-5
3
9
16
13
6
-1
-1
11
25
36
42
42
29
16
10
16
26
33
25
24
38
57
80
85
81
82
85
84
84
87
102
117
107
89
85
89
87
75
64
48
41
41
42
44
35
10
-6
-12
-6
6
4
4
10
21
24
18
12
24
42
54
64
56
39
27
25
29
34
32
32
29
37
43
43
50
50
43
52
73
89
90
84
77
83
92
88
76
68
71
80
75
69
59
60
72
58
42
29
10
-5
-12
-18
-18
-18
-17
-6
4
21
20
10
9
16
16
10
21
36
37
36
35
33
40
41
34
33
50
74
89
81
72
74
73
76
74
70
74
84
90
82
65
55
58
59
54
49
51
52
52
33
22
40
60
66
53
40
33
39
56
68
65
52
44
37
32
27
28
36
42
40
38
39
32
24
32
35
33
35
43
50
56
60
59
57
60
66
69
74
69
53
36
22
21
29
38
44
48
50
61
82
89
70
52
42
38
43
49
50
50
44
45
54
56
59
60
59
68
70
66
53
45
44
55
58
59
57
44
37
37
34
33
36
50
48
27
11
12
25
39
43
44
50
48
48
49
51
57
64
71
82
89
96
90
85
88
91
93
87
85
90
76
54
45
43
28
18
12
18
26
35
41
40
38
50
66
67
70
74
81
82
80
75
82
84
68
44
36
36
48
53
35
12
2
1
3
-9
-23
-21
-10
3
21
34
32
25
29
42
55
60
57
51
51
58
70
81
73
58
52
45
42
50
42
40
52
55
48
39
39
43
42
38
37
39
41
43
42
33
24
22
20
24
32
36
33
23
26
36
29
19
18
20
32
48
55
66
72
65
53
52
61
72
72
60
54
54
50
41
29
21
32
41
43
52
65
59
53
57
74
74
68
65
52
50
52
50
44
43
48
54
57
64
76
83
73
68
71
70
60
56
56
58
67
69
64
50
34
20
10
11
18
25
38
43
44
42
35
33
39
41
36
41
58
73
70
51
32
25
29
40
42
42
49
57
65
61
58
58
58
39
19
9
10
7
-2
-8
-4
0
0
12
38
50
45
38
35
38
42
48
54
56
57
66
80
88
93
99
101
103
108
119
102
81
83
92
97
104
105
91
74
67
65
58
44
39
41
41
39
35
32
34
27
16
9
10
9
3
2
5
4
-2
-2
8
21
35
35
21
24
51
75
89
99
93
86
96
109
115
117
117
116
114
104
87
74
74
81
77
72
60
43
28
25
37
55
59
54
50
42
38
37
37
44
49
41
41
56
51
35
26
11
-1
-5
-2
1
-1
1
9
19
25
36
39
33
27
24
23
19
12
7
11
19
12
9
18
34
35
18
11
24
37
39
45
58
54
39
40
56
65
68
72
72
67
56
56
65
68
52
33
28
35
42
34
18
7
8
12
22
40
51
53
52
52
57
69
52
24
18
26
36
42
49
49
54
56
48
39
36
34
36
43
40
40
39
48
60
76
87
93
104
112
112
98
89
91
75
68
72
72
72
71
72
71
64
59
59
65
75
82
75
69
67
58
39
24
19
28
32
28
25
27
38
48
42
27
19
21
34
42
38
38
51
56
44
28
26
28
27
29
36
45
51
49
36
27
44
58
59
69
74
77
86
98
98
91
91
90
87
87
89
90
92
96
92
87
96
103
113
121
124
121
113
105
103
101
99
86
65
44
43
52
44
29
18
13
19
19
19
28
36
24
18
7
10
8
-5
-10
-5
-7
-20
-30
-36
-30
-26
-13
5
23
35
44
56
59
71
90
106
114
120
123
129
123
115
97
75
69
72
74
71
59
44
37
35
44
49
44
53
56
52
58
73
74
75
83
87
89
85
82
74
72
73
55
20
2
12
23
17
4
-9
-11
-10
-17
-17
-3
9
18
18
9
8
16
20
21
26
29
21
10
6
11
10
0
-5
-3
1
10
17
18
7
-4
-3
4
8
16
17
6
-3
-1
11
25
35
41
48
51
54
59
59
56
59
70
71
57
50
55
65
51
26
13
21
32
32
25
25
34
53
70
80
87
99
104
105
99
97
115
132
135
134
140
153
167
169
166
157
139
120
105
103
107
84
51
40
48
67
83
75
57
36
20
16
13
3
-13
-33
-40
-30
-18
-1
10
4
-8
-7
5
16
20
21
33
44
48
33
20
16
33
50
45
42
51
65
68
55
41
42
56
68
70
72
73
76
76
86
100
102
99
92
83
77
80
82
87
87
81
70
52
40
42
48
44
44
44
38
25
7
3
5
3
4
2
4
12
6
-12
-26
-29
-23
-7
3
10
22
24
21
23
20
18
12
19
25
27
22
21
20
26
33
35
39
45
44
39
36
22
23
41
43
36
27
21
17
10
6
1
-8
-13
6
20
9
6
21
38
39
33
33
51
73
84
82
77
73
83
87
89
91
98
97
87
92
107
115
116
120
123
124
129
134
137
139
136
135
139
149
161
162
151
136
130
128
122
122
122
106
88
75
71
70
65
42
21
24
32
22
9
0
-11
-18
-21
-25
-28
-35
-39
-46
-55
-71
-76
-60
-46
-36
-26
-27
-39
-37
-12
4
-5
-26
-40
-39
-33
-28
-25
-14
-9
-2
12
23
38
56
49
33
35
44
54
52
54
71
74
74
88
109
120
117
114
120
125
123
123
128
132
135
132
122
133
156
172
166
147
128
112
102
104
117
123
122
123
129
128
123
124
113
90
89
107
119
115
98
83
76
81
86
91
87
75
69
68
56
44
40
32
9
-23
-45
-49
-39
-40
-44
-41
-27
-20
-21
-21
-9
2
11
17
4
-3
-8
-23
-38
-44
-51
-53
-55
-50
-43
-50
-45
-38
-33
-21
-10
-3
9
19
21
26
37
45
59
64
56
56
60
65
68
70
76
85
86
81
69
68
82
98
91
73
68
60
54
48
40
34
29
26
16
2
7
22
25
24
28
38
51
60
52
39
38
51
65
65
55
49
45
44
65
98
125
115
84
68
59
60
64
60
54
49
49
55
60
55
53
54
54
43
32
32
45
58
57
52
52
58
60
55
49
48
45
53
73
68
44
49
59
64
59
59
71
88
89
83
77
75
73
75
87
99
98
90
91
104
122
116
75
51
55
68
71
66
50
37
32
25
20
22
28
35
36
37
29
22
10
-5
-13
-6
4
8
0
-12
-22
-17
-6
-2
2
10
20
17
10
4
1
0
9
26
26
23
28
33
38
43
50
73
93
86
76
80
86
101
106
90
73
68
72
81
88
100
100
92
89
86
84
80
65
52
57
64
53
38
28
27
27
21
20
32
42
53
52
43
44
48
53
54
51
53
48
36
39
64
85
97
91
82
76
82
82
87
88
75
68
56
43
40
44
50
54
57
56
55
39
23
22
24
28
43
57
59
60
59
52
50
59
69
64
58
64
65
56
54
51
48
40
29
23
26
28
34
41
48
51
48
51
60
60
57
56
52
49
44
45
49
57
59
53
48
40
40
43
45
51
52
52
37
21
18
25
37
44
40
26
36
60
73
77
80
68
52
55
65
65
65
66
52
33
22
23
28
27
22
21
29
40
38
33
26
21
18
20
34
35
16
-5
-8
-8
-17
-18
-17
-19
-11
1
20
33
32
28
41
49
39
26
26
39
42
41
40
36
36
43
43
34
35
49
68
73
59
51
50
57
68
70
68
67
61
51
35
41
65
75
69
55
50
57
68
72
72
73
77
80
74
71
65
57
55
53
55
54
56
54
49
51
64
64
58
57
55
55
60
60
56
57
74
86
81
74
82
91
91
84
72
72
72
67
68
81
81
66
52
41
35
29
25
26
32
38
49
44
26
22
34
33
28
21
7
1
-1
11
27
40
60
70
64
53
48
44
52
66
92
103
106
116
117
112
107
99
77
67
69
74
73
70
65
58
48
48
40
21
8
12
18
9
0
-7
-8
-2
5
16
27
39
41
44
49
45
42
42
33
20
22
27
27
21
17
8
11
28
36
36
38
42
51
56
51
48
48
50
44
36
33
35
28
18
18
33
44
45
54
64
61
53
48
52
58
56
49
40
38
44
57
66
55
38
34
33
41
52
58
60
55
42
34
23
10
2
-4
-5
-8
-8
-7
-3
-2
0
-3
-4
8
21
10
2
12
38
59
66
71
90
113
116
112
107
108
112
107
96
86
96
113
115
104
93
93
101
98
83
73
67
69
71
73
73
69
65
55
44
38
34
27
20
4
-6
-21
-29
-22
-8
-2
-1
5
10
9
12
11
8
2
-4
-5
-1
3
11
20
32
51
60
60
49
36
39
55
71
77
68
67
83
87
85
89
92
97
92
99
108
107
100
97
86
70
52
48
50
43
32
21
22
18
4
3
11
11
8
11
21
28
41
66
88
85
73
67
59
57
58
54
51
49
50
51
58
53
43
38
40
50
72
96
104
123
149
156
148
136
121
113
113
118
124
121
107
96
96
85
71
57
49
38
34
33
32
25
9
-5
-27
-52
-55
-41
-25
-23
-24
-10
2
9
17
7
-3
-1
10
20
27
35
36
37
38
43
65
80
75
83
103
118
119
102
101
118
132
130
133
144
147
148
163
184
172
146
121
98
74
58
48
39
37
33
9
-12
-36
-61
-76
-73
-51
-28
-29
-28
-19
-9
-5
-2
0
-5
-8
-11
-22
-34
-39
-55
-66
-56
-36
-11
1
16
28
45
58
61
71
85
101
113
123
130
131
136
152
155
149
148
147
148
151
135
117
115
121
130
120
98
74
59
57
56
44
35
33
28
22
13
6
17
28
23
6
-3
-6
-7
-5
-1
7
18
21
21
21
24
34
24
5
2
18
36
41
43
54
73
81
75
70
70
86
102
108
114
106
91
83
74
69
84
87
68
56
58
64
65
54
33
20
13
17
27
35
33
24
18
23
35
37
35
32
24
16
10
7
6
0
-12
-20
-33
-38
-17
5
7
2
-1
10
22
27
42
59
66
61
59
65
72
85
96
89
73
61
57
60
61
51
35
29
37
39
34
24
26
49
69
67
45
20
12
18
12
6
5
6
10
19
23
28
35
37
37
37
41
41
35
34
40
56
64
65
59
56
60
66
66
64
61
69
70
61
72
93
92
76
66
56
56
58
58
71
86
80
60
52
53
54
59
69
61
50
38
24
24
26
22
17
4
-5
-11
-10
-5
12
27
28
32
38
45
51
45
40
43
59
75
68
52
50
54
58
57
65
72
71
64
67
75
73
61
56
59
68
72
70
70
81
90
96
82
64
51
52
65
72
69
64
74
84
75
57
55
67
77
73
57
48
44
51
58
59
52
44
42
48
52
41
41
43
34
22
17
12
16
20
33
32
23
21
23
19
11
16
25
45
60
71
80
87
96
84
58
39
45
55
56
61
82
87
70
58
60
64
60
60
66
66
80
75
53
40
42
43
32
11
12
33
44
45
41
41
43
35
21
22
34
37
44
51
48
57
74
89
97
77
60
67
88
98
88
72
71
88
97
90
86
86
87
88
82
67
58
60
51
33
22
21
11
-2
-12
-18
-5
5
7
4
-1
-9
-20
-13
4
11
12
20
29
34
32
35
33
23
25
40
42
38
41
43
51
72
91
99
97
106
121
123
116
96
89
104
115
105
81
65
53
48
40
25
12
6
12
19
16
1
-5
8
34
50
53
41
32
39
44
42
36
33
34
42
66
82
81
77
81
82
82
89
92
96
93
82
73
80
75
57
42
44
56
69
73
76
87
91
81
66
53
51
53
49
38
28
26
23
20
16
3
-10
-12
-3
16
26
26
28
32
33
26
32
44
44
38
36
37
36
37
48
67
80
81
76
72
57
45
45
55
56
49
42
50
60
71
80
74
58
52
43
26
26
43
57
52
41
38
32
25
32
40
49
49
40
38
37
27
28
43
51
53
54
64
73
60
40
37
50
69
88
86
84
89
104
118
118
105
98
99
101
99
87
86
93
93
84
70
65
67
68
59
50
39
32
26
25
16
-3
-21
-22
-9
0
1
2
-2
-6
-2
10
28
35
28
20
9
2
3
1
-5
-6
-3
6
28
48
53
50
40
37
58
87
99
96
82
69
80
91
93
93
96
92
86
82
83
83
77
75
70
70
72
67
57
50
41
28
18
11
7
10
18
24
21
11
8
7
18
33
36
28
25
17
6
8
19
33
38
32
26
25
28
38
37
35
40
44
44
42
41
48
53
42
33
23
21
34
52
56
57
56
53
49
48
52
65
72
68
64
71
77
68
50
44
52
52
50
51
55
69
81
76
67
52
36
21
12
17
32
39
27
26
35
33
28
26
23
13
6
6
18
22
12
-3
-6
8
25
43
59
70
56
42
33
29
33
26
18
12
12
19
20
24
40
65
76
80
80
85
90
89
87
86
83
77
80
83
85
86
74
66
55
45
