-36
-29
-34
-26
-10
-3
-1
10
24
20
19
35
44
50
49
51
51
56
77
87
85
86
86
84
82
75
73
75
84
99
113
115
109
104
101
106
104
100
101
97
88
73
51
29
5
-7
-4
3
0
-10
-17
-10
1
-1
-13
-24
-25
-21
-8
9
23
22
19
22
27
43
59
52
37
43
52
56
70
76
72
74
86
102
113
107
100
105
115
113
102
90
87
101
101
84
74
74
74
65
54
58
51
40
41
51
50
32
8
-6
1
25
44
44
25
13
19
18
21
25
21
25
33
34
43
67
83
74
65
66
77
83
67
51
39
52
81
91
104
108
97
82
67
54
50
49
48
52
54
49
45
29
13
23
32
18
10
19
39
54
55
57
58
53
43
34
26
20
16
17
25
37
38
24
10
19
25
32
36
36
29
33
35
33
28
37
48
58
67
61
58
71
88
91
85
76
67
55
52
49
48
54
58
44
25
19
20
29
39
32
21
19
17
27
50
55
45
28
11
-3
-8
-4
0
8
7
-4
-11
-3
19
41
52
52
55
56
52
64
89
100
98
101
105
104
97
96
96
76
61
54
51
68
83
71
58
58
56
55
52
43
37
37
37
42
51
49
37
22
7
-2
-8
1
20
23
22
27
37
53
54
40
25
18
20
24
28
50
67
66
52
52
59
55
49
57
73
70
69
72
72
72
74
74
76
85
84
82
83
84
80
58
36
39
55
56
48
50
56
56
60
67
74
74
58
42
37
44
57
59
59
61
66
68
70
68
76
91
100
92
73
53
50
52
52
60
68
72
75
76
75
80
80
76
67
51
40
49
61
74
97
97
69
48
34
28
25
25
25
3
-14
-3
9
16
18
11
6
10
16
24
41
57
69
58
42
53
68
68
80
87
89
96
87
72
72
81
84
77
60
43
45
70
86
86
82
73
70
71
72
67
58
52
41
36
33
21
10
1
2
8
12
10
20
22
3
-12
-20
-18
-10
-12
-10
-2
2
5
5
4
7
21
32
37
38
42
61
73
75
77
84
92
103
108
93
71
75
99
109
107
101
89
86
97
105
106
98
82
71
75
83
86
96
100
97
90
81
80
80
66
48
34
35
39
33
20
8
0
4
21
26
10
-5
-6
11
38
55
67
68
57
48
33
25
37
48
54
72
80
72
71
74
91
101
91
86
91
98
101
101
91
83
86
91
83
58
39
38
41
34
28
35
42
39
21
16
17
23
26
16
-5
-22
-22
-10
-1
5
21
34
17
-4
-6
5
18
24
32
54
76
85
83
76
77
82
87
90
91
80
59
42
32
27
37
43
48
40
34
37
55
70
56
27
5
1
10
20
17
4
1
2
0
1
-1
3
26
40
29
18
17
25
37
36
39
43
41
43
57
55
38
40
50
49
53
66
81
85
66
50
37
23
26
27
25
34
39
29
8
-1
6
20
17
10
22
37
32
21
27
51
70
75
66
53
55
59
56
57
69
82
97
104
113
121
122
122
117
112
108
102
96
97
106
115
115
109
106
99
81
65
54
42
37
37
37
36
35
25
9
2
4
9
16
23
25
25
33
49
64
58
52
54
45
39
43
48
52
51
53
65
72
85
88
83
73
71
67
66
67
66
70
76
80
73
58
43
39
59
83
92
73
49
64
98
113
104
90
70
57
52
33
6
-6
-7
-18
-38
-50
-54
-53
-40
-29
-25
-12
4
22
33
17
-2
1
24
50
64
55
51
58
66
70
74
86
89
85
86
91
93
91
109
123
113
102
98
98
103
104
93
80
68
70
72
66
64
60
53
42
29
16
9
17
38
55
52
38
20
8
5
3
7
21
36
36
40
44
45
52
49
36
26
34
45
60
73
82
83
81
71
58
60
82
98
82
64
67
74
70
52
48
67
80
75
70
69
66
55
44
50
57
58
57
53
40
37
49
58
64
60
58
60
56
57
67
71
66
55
49
40
28
18
19
35
37
33
36
48
57
59
54
49
40
42
52
60
70
67
41
26
32
38
36
34
35
36
29
27
39
32
9
-1
-9
-12
-3
8
24
33
27
23
29
37
33
27
37
53
53
33
22
27
27
24
20
17
24
33
41
50
57
65
68
69
64
48
27
32
48
51
48
35
24
26
33
27
26
38
53
65
65
49
27
18
20
29
44
64
67
48
25
23
36
58
64
64
65
45
32
33
37
37
34
21
12
9
4
3
4
6
24
23
16
19
33
44
45
33
18
10
9
16
29
38
36
32
29
33
40
53
66
70
64
56
55
56
66
68
56
43
35
32
22
18
19
26
28
24
25
36
45
40
28
28
43
64
69
54
48
45
37
26
32
48
58
55
41
35
35
45
55
52
55
56
39
35
50
55
45
34
34
51
69
82
89
84
66
51
50
36
20
18
17
16
18
22
35
40
41
48
48
45
56
77
89
91
84
80
74
69
69
77
90
88
71
67
73
85
84
73
80
91
89
76
74
74
77
92
108
107
104
104
103
96
90
114
134
123
101
88
81
73
66
58
57
51
44
35
18
19
32
19
8
20
18
6
12
18
19
24
24
19
10
4
10
12
9
22
35
37
36
38
43
40
36
38
48
55
70
84
97
102
108
116
104
90
90
100
102
96
89
83
84
90
98
96
74
57
66
65
43
28
17
11
18
17
9
18
18
22
39
44
37
48
56
60
65
55
48
52
65
60
52
49
53
52
41
39
52
82
105
112
100
85
80
81
66
48
50
58
55
39
32
35
35
32
24
19
19
16
17
17
1
-14
-14
-2
12
20
11
6
4
8
4
0
2
6
16
19
12
8
6
11
16
10
18
39
51
53
52
48
54
73
104
137
151
135
113
104
99
97
112
130
119
96
71
69
88
89
70
50
36
32
21
3
-3
-1
7
18
11
5
4
-6
-21
-23
-20
-8
2
7
6
4
7
26
52
65
65
55
52
64
70
71
76
75
77
89
89
86
86
81
74
74
91
121
148
149
119
91
80
73
68
69
76
69
59
57
52
38
23
8
-6
-20
-21
-7
-8
-24
-27
-14
-4
1
-4
-1
2
-2
0
-4
-17
-24
-10
11
24
25
33
49
59
50
33
48
73
89
91
86
85
96
102
90
75
76
75
71
80
90
87
84
86
86
81
68
68
74
72
66
61
48
26
12
11
20
29
53
70
58
35
12
8
19
36
38
28
20
16
24
39
49
39
27
28
48
66
66
56
49
57
74
97
102
81
67
69
69
60
56
64
71
85
90
77
57
48
50
52
52
50
57
66
71
80
74
54
40
51
67
65
41
25
29
37
44
41
32
33
43
49
48
41
42
53
58
65
65
55
59
73
71
60
52
44
34
28
27
27
33
34
26
6
-7
-8
-5
2
11
12
12
12
12
16
20
27
40
53
55
56
54
53
58
60
54
49
43
42
40
39
45
54
48
43
52
56
54
51
57
65
67
75
77
66
44
32
22
18
18
7
1
-3
-7
-4
3
6
11
34
48
27
1
3
21
24
19
17
19
34
43
45
52
64
70
74
74
71
71
84
99
104
117
122
105
86
84
91
98
92
93
99
96
90
88
102
107
92
80
71
69
67
50
29
38
57
57
48
21
6
20
36
44
26
0
-9
-9
-13
-21
-27
-37
-46
-55
-55
-42
-21
1
16
19
22
28
34
44
48
34
32
42
57
77
89
98
107
106
103
115
117
107
92
86
84
87
82
71
67
64
60
60
64
64
65
55
41
27
22
17
6
7
19
27
28
18
10
17
24
27
32
33
34
33
36
53
56
51
59
74
73
69
67
58
57
60
70
76
80
77
69
54
49
50
54
64
64
64
61
51
34
26
32
32
26
10
1
8
12
12
12
9
17
21
25
26
26
35
36
29
24
27
38
49
55
66
65
65
66
64
65
65
64
76
97
114
134
141
135
116
89
77
75
71
65
58
59
54
42
27
36
55
59
42
20
18
27
41
49
49
35
19
21
42
45
48
55
59
55
54
60
56
49
43
49
70
90
90
82
71
60
61
77
88
97
101
88
69
54
50
55
51
36
26
26
21
18
13
13
24
29
24
20
22
34
37
32
24
25
22
22
35
40
57
70
69
66
65
64
61
59
64
70
73
68
56
60
72
80
85
86
76
65
64
69
72
81
89
98
98
93
80
57
43
43
44
33
24
26
22
7
-3
-3
0
-7
-18
-18
-21
-17
-9
1
7
6
10
32
44
51
55
52
51
64
66
56
51
43
44
60
69
67
54
52
58
64
54
49
54
64
64
66
73
80
72
55
50
54
51
38
22
18
17
7
1
4
5
1
-10
-12
6
19
10
4
-3
-5
-18
-27
-24
-18
-20
-28
-19
0
16
25
39
60
74
72
70
83
99
100
89
83
76
80
85
76
57
54
64
74
92
96
86
83
72
52
37
39
49
50
42
38
41
39
23
10
21
43
50
42
38
41
42
48
52
43
41
61
75
66
54
58
76
90
88
76
75
93
108
99
86
87
90
84
80
83
84
74
68
69
68
59
53
44
43
55
69
53
36
44
67
69
52
40
28
12
7
17
34
43
38
28
34
40
48
54
57
68
82
71
54
55
60
59
54
43
48
54
72
92
103
91
57
33
25
34
53
68
71
65
54
40
33
51
59
52
39
23
6
-2
5
17
9
5
9
4
-5
-2
7
6
16
34
39
39
44
43
41
50
57
51
44
56
74
74
68
64
68
86
101
90
85
99
104
99
104
119
115
103
85
74
68
70
81
83
71
55
42
43
49
40
28
34
32
21
9
8
19
18
11
7
1
4
10
2
-3
9
23
28
28
24
25
37
44
39
25
18
23
24
23
33
53
74
77
75
98
129
144
133
115
106
118
128
123
118
112
96
80
76
81
76
67
52
51
56
64
58
52
43
37
33
26
10
-3
-7
-6
-4
5
10
17
33
39
38
36
38
50
60
64
60
67
82
85
68
57
60
65
54
52
60
74
80
85
97
91
66
52
59
66
58
48
49
38
25
32
36
32
27
17
-6
-13
-9
-10
-5
8
10
5
8
25
42
44
38
35
36
42
49
50
50
49
43
42
41
23
7
26
50
55
50
43
54
68
82
93
100
103
97
89
104
121
119
103
85
69
56
48
35
10
1
13
33
38
39
41
34
26
35
50
60
69
73
71
73
72
70
75
86
90
89
87
85
90
90
86
76
58
57
80
104
118
121
114
99
90
97
104
97
89
98
108
101
74
56
64
67
59
49
40
44
65
69
65
66
80
91
84
56
36
29
26
25
13
-1
0
17
16
10
18
26
24
11
1
2
17
37
56
70
86
88
72
68
70
49
27
26
34
41
40
37
38
42
52
61
65
55
38
37
58
57
36
20
12
17
34
48
43
40
55
75
84
70
54
49
50
55
68
73
69
58
55
64
59
59
66
60
49
51
59
54
51
57
72
87
86
75
68
67
59
49
39
27
24
32
38
41
40
43
51
52
45
36
35
51
51
34
27
35
37
34
36
34
20
8
7
4
9
34
51
55
56
51
56
64
64
44
24
18
32
41
50
56
61
60
50
28
18
24
39
41
43
55
57
54
50
36
22
20
28
36
40
50
60
67
66
52
43
50
50
45
40
33
18
4
-3
-2
5
8
21
38
43
42
48
56
73
81
74
69
60
61
58
57
69
66
52
50
52
58
66
58
41
32
37
49
56
57
48
43
55
75
80
59
50
33
-1
-19
-13
-6
3
-5
-12
-11
-20
-21
-9
1
-5
-18
-12
6
22
25
25
28
27
24
18
16
34
51
60
68
71
85
86
57
34
26
26
38
50
55
64
68
69
72
67
49
25
21
32
37
32
32
36
32
25
34
33
26
29
12
-8
-5
10
16
9
5
5
1
-9
-7
-5
-6
-2
1
0
3
22
38
45
55
66
69
66
64
57
54
72
99
114
113
104
92
71
64
70
67
44
23
25
53
90
91
66
56
54
38
10
-6
-4
1
0
7
20
24
37
44
36
23
9
1
13
41
55
74
81
74
87
99
91
80
70
69
69
64
71
97
114
122
128
133
122
88
61
57
65
73
80
68
66
73
71
65
55
51
43
32
22
24
33
29
35
35
32
25
22
23
27
32
9
-8
-7
16
44
55
52
44
48
58
65
64
60
55
44
37
37
37
43
68
88
91
85
90
107
106
96
84
81
97
112
97
68
54
57
71
75
67
59
57
48
22
3
-5
-6
-4
5
10
8
7
2
-4
-2
4
4
13
19
16
16
19
27
37
38
48
57
42
24
39
67
74
70
73
89
103
104
104
105
102
90
76
76
88
98
93
87
86
86
88
82
65
50
41
28
24
28
27
10
6
8
6
-5
-9
0
8
3
-5
2
23
28
17
5
6
22
32
41
57
66
65
57
44
42
54
64
67
66
58
54
52
55
65
68
67
71
74
75
77
75
71
72
74
76
77
70
64
66
65
64
67
75
70
48
23
18
19
22
28
32
23
17
18
35
58
65
56
50
48
42
39
43
54
59
59
56
65
75
81
80
82
89
98
88
87
100
114
117
108
102
108
122
144
150
125
103
86
74
70
64
52
48
35
26
23
7
-10
-26
-39
-38
-21
-13
-9
-12
-22
-21
-19
-17
-2
19
26
16
-6
-7
12
41
56
53
48
56
84
108
119
118
120
132
144
149
132
113
113
121
121
117
115
106
91
82
71
66
61
61
66
64
50
36
32
29
42
52
43
37
26
33
42
36
26
24
20
22
17
-2
-8
-5
-2
5
12
12
13
22
53
82
88
88
88
84
82
90
107
117
117
115
122
114
85
72
81
93
100
92
83
65
43
38
43
44
41
36
41
44
44
40
36
25
9
2
0
3
12
8
-8
-14
-23
-30
-21
-19
-33
-33
-25
-17
-5
12
27
25
11
7
8
17
43
74
98
105
101
105
113
115
108
107
108
102
87
85
93
107
106
76
54
56
67
64
45
36
33
35
42
53
35
17
16
18
7
0
0
2
1
1
4
5
11
20
18
12
21
39
41
37
50
70
84
90
89
87
91
96
96
96
91
89
97
106
89
72
69
70
67
54
48
44
50
61
64
49
28
18
9
3
7
19
23
11
7
9
6
0
6
20
28
32
16
-10
-22
-18
-8
1
6
7
11
7
3
8
20
28
32
35
37
35
51
73
73
57
43
38
43
41
36
33
25
11
5
6
17
27
35
37
27
28
44
57
52
39
43
66
60
38
23
28
41
42
35
33
28
23
34
52
49
38
45
58
56
50
38
42
58
69
74
76
67
64
83
98
93
83
70
58
53
60
69
59
41
37
37
36
53
55
37
33
52
71
76
70
61
66
73
98
115
104
88
83
84
83
75
69
53
41
41
45
40
28
27
43
67
68
64
70
75
65
48
28
10
13
24
5
-17
-17
-8
-6
-7
-2
6
6
8
10
8
11
18
20
9
3
6
20
32
27
32
42
52
52
49
45
43
51
65
71
72
72
82
90
81
73
72
70
60
53
45
40
39
42
50
44
34
21
21
24
25
35
43
44
38
34
38
36
18
7
0
-11
-9
-8
-18
-18
-7
0
9
17
20
23
36
51
66
69
59
50
44
52
59
64
65
81
92
85
76
82
83
88
103
109
89
57
45
48
53
59
52
43
45
58
80
76
54
35
28
21
4
-2
0
-1
4
12
18
19
26
28
16
12
28
38
34
36
36
36
42
50
51
39
37
48
64
73
80
74
73
76
70
55
57
80
106
123
119
105
96
101
108
107
96
86
86
86
75
66
53
37
26
24
28
29
33
28
29
37
44
44
34
22
12
11
25
39
42
41
40
40
36
40
55
65
67
69
74
81
82
75
74
76
73
61
54
55
67
76
77
74
70
70
75
81
92
77
34
5
11
25
18
5
2
-2
-7
-9
-1
8
11
9
6
6
27
45
55
66
67
53
39
37
52
73
88
100
106
100
85
84
84
75
70
70
72
81
82
81
80
90
100
84
57
44
43
53
52
34
21
9
2
1
-1
2
10
11
12
26
48
40
9
-4
7
24
35
32
25
32
40
42
52
68
71
61
60
72
84
87
86
86
76
64
57
72
89
96
103
101
87
75
73
74
71
73
87
98
103
102
100
98
99
89
71
59
54
44
37
28
24
21
18
21
26
29
22
22
33
38
29
25
29
36
43
49
49
48
42
43
53
52
40
43
56
68
70
64
57
67
71
68
60
64
70
74
76
83
81
59
64
86
97
89
71
61
70
67
53
42
18
-3
4
19
18
4
-5
-3
5
8
4
1
-5
-13
-18
-9
0
-1
-1
7
16
24
29
35
39
44
55
54
33
26
39
52
64
71
69
69
87
107
109
101
100
112
117
115
105
96
99
106
96
80
74
73
71
67
60
64
69
55
36
33
41
44
35
13
5
8
18
17
7
2
-2
-7
-8
-4
1
-1
-5
0
10
19
18
17
17
21
25
27
37
58
71
69
65
65
74
92
102
105
108
116
124
120
104
106
121
116
97
89
82
64
39
26
29
29
25
24
17
6
3
1
0
7
4
1
10
12
3
-2
10
33
24
12
23
33
42
56
58
55
58
67
80
83
73
73
73
69
70
75
89
112
128
121
113
97
81
68
74
91
98
82
54
36
32
37
51
58
52
36
25
23
23
25
13
12
33
33
35
48
52
39
27
28
41
59
56
39
29
20
7
3
7
19
32
37
37
36
40
55
65
60
66
69
77
77
65
54
59
75
93
97
77
65
64
64
57
57
53
50
53
51
48
43
40
36
28
34
58
66
50
43
43
38
21
1
-2
9
22
35
44
48
52
58
69
70
54
42
50
58
66
71
68
69
75
72
66
49
32
38
59
71
72
67
64
70
76
70
57
40
12
1
7
26
42
43
33
23
25
35
26
22
33
24
13
21
41
55
71
87
92
83
70
69
73
70
56
48
45
49
49
51
61
68
60
57
61
64
67
81
83
73
71
73
55
22
13
33
50
65
67
59
56
64
71
74
71
58
42
33
37
43
43
53
67
71
66
59
59
57
52
64
76
70
59
58
59
67
68
51
35
27
28
45
61
56
43
42
51
71
83
75
72
69
60
52
40
37
39
39
41
37
23
9
7
5
11
20
21
21
16
9
21
32
37
49
71
86
76
55
41
33
22
19
27
42
50
54
58
66
71
82
86
75
64
58
57
57
66
70
67
50
34
41
53
51
37
21
12
16
16
16
4
-8
-7
6
6
-3
-3
0
-6
-7
-6
-2
5
9
16
24
34
29
32
43
64
87
104
106
92
82
82
81
66
57
61
66
49
37
39
39
40
34
19
4
5
25
49
58
55
55
57
60
68
64
43
28
25
33
56
72
68
48
37
34
23
8
4
19
25
26
27
32
35
39
44
50
49
48
41
29
19
16
20
32
51
67
65
36
10
11
33
44
48
48
50
56
57
40
25
23
26
28
18
4
6
17
20
18
6
4
11
23
33
48
64
71
66
44
32
36
49
61
73
68
64
72
71
67
60
58
66
74
73
66
56
48
49
51
43
33
34
54
51
28
22
26
32
48
54
52
50
48
42
39
40
41
44
54
66
65
55
54
59
56
52
52
54
67
84
88
81
73
82
91
91
86
76
70
69
66
54
49
54
59
61
59
52
53
53
45
40
48
55
52
41
37
38
43
53
54
39
28
33
39
43
39
28
21
18
22
38
53
64
73
70
64
56
58
65
66
69
64
59
60
65
68
60
48
50
57
67
71
76
80
76
80
80
72
59
57
68
72
60
40
28
27
36
35
23
19
20
21
27
27
12
9
27
51
64
59
58
64
58
64
72
72
67
69
75
88
98
89
91
115
122
119
107
85
69
65
67
67
57
40
43
55
59
60
55
44
38
28
33
36
35
28
22
23
32
28
10
-1
-6
-8
-6
-3
4
-3
-19
-28
-25
-6
22
44
57
59
57
61
70
77
73
68
71
75
75
68
61
60
58
65
71
61
57
55
45
39
37
36
38
41
36
27
33
37
33
12
-7
-11
-12
-7
0
-1
-7
-17
-17
-5
8
12
12
17
32
48
48
49
59
70
75
73
76
85
90
87
88
104
123
128
119
108
104
108
124
134
128
109
97
96
98
70
33
13
19
32
26
10
-7
-18
-10
1
17
22
16
16
32
43
42
28
28
36
43
59
65
48
32
23
25
34
41
55
70
76
84
98
103
100
92
97
117
146
135
102
88
93
103
106
102
90
67
44
41
51
71
82
69
58
54
49
52
48
37
29
27
19
11
12
24
36
35
21
16
20
32
28
21
24
35
40
43
52
59
71
84
87
86
89
99
115
124
139
140
128
115
106
102
99
86
67
53
56
60
68
75
80
77
80
70
49
36
43
71
75
56
27
19
24
24
4
-6
-6
-3
-3
-6
-10
-6
7
22
27
25
22
25
25
16
24
35
42
55
60
68
75
72
58
54
52
48
48
53
52
49
53
57
58
61
66
59
57
56
42
37
49
65
69
49
25
13
4
-9
-13
-17
-26
-34
-22
-5
-5
-11
-2
16
22
24
26
32
42
53
60
76
88
96
90
87
100
105
97
85
75
82
100
108
105
99
91
90
98
98
89
75
52
24
25
41
60
69
56
39
34
27
22
20
9
-8
-5
19
28
25
25
38
50
42
32
28
51
76
83
74
67
61
51
32
24
36
45
41
32
22
25
38
43
53
61
58
56
66
53
21
-2
-5
-1
2
2
11
27
34
33
25
19
5
-7
-13
-6
4
11
16
16
22
27
23
22
28
38
50
58
54
49
49
49
43
43
41
37
35
34
36
42
54
68
82
97
97
75
50
38
41
55
68
68
65
48
23
22
52
71
81
88
82
53
27
20
24
34
33
23
17
22
36
54
67
70
69
66
64
71
72
66
52
50
64
84
73
49
48
55
58
59
60
50
27
12
16
26
25
19
27
42
56
66
61
58
57
51
41
36
38
44
43
41
56
69
58
49
42
29
8
-10
-26
-22
1
23
43
57
59
52
45
42
41
42
49
48
43
39
32
26
29
38
42
55
70
86
99
87
58
38
37
56
75
87
87
72
58
57
57
66
97
117
117
117
116
106
85
53
37
34
26
34
50
69
69
55
44
51
53
49
54
69
84
86
84
83
77
57
38
36
51
69
81
69
42
33
49
84
103
100
89
81
74
71
83
90
81
65
64
66
74
91
97
93
99
100
96
87
88
90
92
98
101
98
85
73
73
87
97
90
74
59
55
51
43
33
27
33
28
22
26
23
24
34
19
4
3
7
11
18
12
11
16
12
21
36
48
44
27
18
21
33
42
45
51
58
58
48
43
43
38
37
50
54
45
36
40
56
59
61
70
73
41
18
18
25
28
19
3
-4
-2
-5
0
10
16
10
6
4
-1
-6
-17
-25
-18
-5
2
11
19
24
28
34
35
34
34
33
36
51
44
34
26
36
50
54
48
51
55
60
68
72
76
76
72
67
60
56
55
56
58
67
70
73
72
59
51
51
39
8
-9
-4
10
12
11
28
56
67
58
40
21
16
9
11
36
54
49
22
-2
-10
4
34
57
70
68
65
58
58
65
64
58
67
80
92
96
70
45
50
74
102
107
107
104
102
100
96
84
64
28
0
-6
3
10
18
20
7
5
12
13
2
-13
-12
16
48
52
32
2
-14
-13
-1
3
6
11
24
51
59
51
45
53
44
35
34
40
58
76
89
82
59
50
60
80
83
64
38
27
34
56
74
67
36
16
9
18
32
37
37
25
9
2
5
12
20
18
13
9
7
7
3
-4
5
33
36
32
43
53
55
64
56
36
11
5
22
36
57
90
100
86
67
53
40
28
18
10
12
41
76
90
77
53
28
20
25
43
58
58
53
60
76
89
83
64
44
35
36
33
17
6
11
27
56
74
76
82
69
45
40
44
39
22
-1
-3
23
41
37
27
25
33
41
48
35
21
20
26
43
64
71
58
48
