84
89
104
112
113
106
100
99
96
81
67
54
50
45
39
28
18
6
9
20
22
20
21
22
36
48
52
54
54
51
45
42
32
11
-4
4
20
24
34
54
53
41
37
44
53
51
42
51
70
85
90
97
101
102
97
89
88
88
88
75
60
48
37
20
10
12
19
20
13
4
-3
-6
-2
9
9
12
26
38
43
49
42
26
23
32
38
39
28
27
33
44
68
74
82
89
97
104
115
106
90
84
83
89
97
85
72
75
85
91
93
96
89
75
57
42
36
37
40
33
17
4
8
18
12
6
9
21
38
54
60
67
68
66
61
49
27
25
37
49
57
59
55
56
57
56
64
68
67
66
70
69
72
81
96
112
118
119
119
115
106
107
114
102
82
67
65
68
72
75
74
73
65
52
56
52
32
22
26
22
6
-8
-17
-17
-19
-18
-6
0
-2
2
8
10
13
23
33
34
25
19
10
1
2
12
28
52
65
68
84
99
103
112
124
147
144
116
101
102
101
98
92
80
64
55
42
17
-3
-17
-26
-37
-46
-43
-33
-23
-9
3
19
22
19
16
10
-2
-11
-20
-28
-23
-12
-10
-6
-5
-11
0
23
41
54
58
56
70
83
92
98
92
90
92
93
103
118
116
116
118
125
134
130
117
114
115
107
101
96
80
65
48
35
41
53
54
40
21
5
1
17
17
3
-1
5
6
4
3
1
2
7
23
41
51
41
33
20
11
5
-10
-22
-20
-8
2
4
4
13
35
52
64
68
66
68
81
96
119
125
104
90
88
86
85
83
80
67
45
43
56
56
48
42
42
40
33
36
45
52
52
60
77
80
68
51
37
40
53
66
76
65
51
43
43
48
34
19
26
43
52
49
40
41
44
49
51
48
36
12
1
-6
-21
-24
-7
20
33
33
38
52
64
64
43
20
9
16
26
48
56
53
35
26
36
56
67
71
84
98
106
90
69
58
52
36
26
29
38
42
42
43
45
44
49
59
65
60
58
43
40
39
27
2
-10
-14
-12
-13
-9
7
19
32
56
80
85
85
88
92
85
71
60
54
44
43
53
59
66
72
88
92
92
99
96
76
70
76
81
70
53
39
36
27
19
7
-3
-11
-22
-28
-35
-34
-20
3
24
38
41
41
40
43
52
65
85
102
92
82
86
91
97
101
98
83
72
75
88
100
100
99
102
105
97
77
71
77
93
97
89
88
92
91
77
57
43
49
60
52
38
35
24
12
16
24
39
39
37
40
43
40
38
34
20
9
17
25
28
33
38
38
35
34
35
41
55
65
65
66
65
75
82
73
67
71
82
75
65
55
57
61
66
72
85
86
81
82
80
61
49
44
41
23
4
-2
7
12
8
10
18
10
1
2
7
9
11
13
10
4
3
5
12
24
34
37
40
48
55
76
98
98
80
68
72
76
85
96
102
101
91
86
84
81
71
58
48
52
60
56
48
41
39
39
38
34
32
36
29
22
24
26
22
13
16
10
4
8
18
25
32
35
42
42
41
40
42
42
42
45
58
73
88
107
114
103
88
89
104
118
131
135
129
121
120
115
117
131
137
134
128
121
120
101
72
59
54
50
48
43
37
24
8
3
9
16
18
12
6
1
-5
-10
-13
-22
-26
-22
-24
-24
-23
-23
-21
-10
5
11
12
18
27
39
45
57
69
82
89
90
88
89
83
65
56
59
70
72
77
84
76
71
59
38
20
26
40
36
24
12
7
11
22
26
20
10
10
18
22
18
8
10
21
23
19
13
9
4
3
7
9
4
5
24
48
59
59
48
33
51
83
96
82
56
60
84
88
75
68
76
98
118
123
128
123
101
75
57
50
55
64
64
66
70
69
69
73
73
65
48
38
37
38
40
43
43
37
26
12
11
22
23
9
-3
-2
9
9
3
1
4
9
26
43
51
51
53
68
76
80
86
90
96
99
97
90
85
83
87
88
76
71
89
96
69
50
44
50
54
51
50
54
55
50
42
34
20
5
7
17
18
18
26
34
37
29
22
22
25
32
39
55
69
68
57
45
39
36
24
28
44
59
64
60
60
56
43
39
38
42
59
70
68
64
60
70
81
88
84
70
56
57
58
53
43
35
28
18
17
24
33
34
32
42
57
51
33
28
44
57
51
36
21
9
7
16
23
23
18
7
2
8
21
28
36
40
40
41
52
69
96
117
124
115
106
108
100
85
75
61
42
35
40
44
48
49
37
25
22
24
39
51
45
48
55
68
53
18
1
8
34
44
44
43
49
53
54
49
45
43
35
33
35
35
41
56
58
52
41
37
36
29
19
11
13
28
50
54
43
32
32
45
54
61
77
84
76
75
73
72
76
76
67
61
59
61
59
54
56
65
71
81
89
89
80
67
69
66
51
41
36
27
24
24
29
36
33
22
17
17
21
17
-2
-19
-25
-27
-26
-33
-45
-49
-36
-12
-7
-6
1
16
35
50
51
55
70
85
96
90
84
86
93
101
101
99
91
96
101
107
105
101
105
117
130
128
108
88
73
64
58
71
71
60
54
53
59
70
72
59
49
44
41
34
33
39
36
23
10
7
10
6
3
2
-7
-7
8
9
5
12
21
18
10
19
25
27
29
34
35
28
26
32
37
39
34
33
36
33
24
22
32
43
52
56
66
71
80
82
70
66
84
101
105
99
76
51
37
29
28
35
37
42
54
58
51
41
41
37
18
2
3
6
3
5
10
5
-3
-12
-20
-11
-1
16
11
0
-5
-4
-5
-3
3
10
33
55
59
60
67
66
61
60
56
54
57
64
57
43
43
52
56
52
50
57
67
64
58
72
75
56
41
42
42
34
24
24
34
38
44
53
56
34
7
0
10
29
39
52
65
68
72
83
88
88
87
86
92
105
107
100
88
76
69
67
72
71
59
45
28
8
3
5
9
16
25
52
58
54
49
42
48
50
42
32
23
16
6
5
8
16
20
21
21
27
27
22
8
-1
6
9
18
43
59
54
41
41
53
69
86
99
104
106
99
92
97
98
89
74
72
76
80
75
82
85
83
73
66
66
65
59
55
39
24
20
19
16
9
3
4
16
26
33
35
27
32
35
38
37
37
48
42
27
23
29
38
41
41
40
36
41
53
71
82
82
75
68
66
71
76
83
91
89
84
83
80
80
81
80
73
73
72
60
53
48
38
33
21
12
6
3
8
12
22
34
39
38
25
16
23
40
44
41
38
29
25
22
22
27
42
55
55
53
64
72
70
73
81
81
82
85
84
82
75
68
55
45
43
49
52
54
49
35
35
42
48
49
44
42
48
56
66
66
55
50
58
60
56
69
86
90
83
66
55
55
51
32
18
19
29
34
27
26
28
40
56
67
76
86
80
64
54
65
83
85
81
80
82
80
71
66
52
45
57
69
69
69
76
71
60
67
76
64
38
32
36
40
40
35
28
21
16
12
18
22
19
19
20
18
20
33
43
33
16
6
6
11
24
19
3
3
16
27
35
35
39
48
54
54
52
52
59
66
60
59
64
70
74
82
83
72
59
50
38
36
43
48
42
38
33
34
43
57
70
57
37
42
55
57
56
43
26
27
38
41
45
55
60
55
43
39
24
10
16
26
27
12
0
1
12
19
23
25
24
32
38
39
41
53
65
69
67
51
38
42
51
48
37
36
54
67
65
69
73
75
68
66
84
92
81
70
72
76
76
69
68
80
80
69
70
68
60
53
53
53
58
72
70
60
57
67
73
64
48
36
38
49
50
32
21
28
39
36
39
54
68
66
58
58
59
67
76
87
99
109
108
100
96
105
122
122
107
91
75
57
45
54
56
34
27
41
54
54
55
56
56
60
65
54
34
26
21
10
8
7
4
2
5
2
3
22
49
57
56
55
57
70
81
83
88
99
106
130
136
118
100
90
90
91
86
73
68
72
86
86
80
70
59
52
44
34
33
44
45
28
9
-2
-7
-17
-26
-26
-20
-11
-5
-6
-9
-3
11
37
57
48
36
43
59
68
69
61
56
52
54
70
91
99
91
86
82
72
68
74
82
71
64
66
58
37
19
18
25
32
35
27
22
22
11
2
-6
-13
-19
-23
-23
-17
-7
-3
-7
-10
-5
-5
2
12
24
34
43
44
44
51
56
55
45
56
69
70
71
82
93
101
102
112
124
128
121
122
129
114
91
72
51
33
25
23
22
20
18
19
10
4
4
1
6
20
29
37
32
17
7
2
5
18
28
32
36
39
42
41
38
38
38
38
40
44
50
55
66
69
69
75
73
76
89
103
105
86
65
55
55
71
73
65
57
56
55
60
61
53
37
17
12
25
34
34
37
34
24
21
21
22
36
44
48
40
26
26
36
40
36
34
29
28
34
40
42
44
51
57
56
60
66
65
71
74
67
56
57
69
80
82
73
72
80
86
84
76
74
70
60
57
57
57
60
55
42
44
56
64
66
67
68
58
49
38
28
25
24
18
18
22
28
34
35
36
41
59
76
68
53
53
50
49
55
64
60
49
39
51
66
80
85
72
57
50
44
51
52
49
52
60
68
66
51
48
50
48
40
25
13
18
38
35
8
-1
1
-2
-6
-5
-2
3
9
18
25
19
6
12
25
29
26
33
48
59
68
69
72
85
97
97
92
91
88
86
87
92
96
84
64
56
55
55
42
26
26
28
29
39
57
69
69
53
34
25
24
21
22
29
35
27
17
8
17
34
50
58
52
44
43
50
54
55
65
68
69
71
67
43
33
40
55
68
80
87
92
90
73
56
55
56
53
43
26
16
8
8
11
17
19
7
5
28
39
34
32
35
32
32
38
44
48
52
58
67
59
55
51
48
59
76
84
98
105
93
80
74
75
84
85
73
64
64
69
72
60
51
53
55
50
40
36
39
38
37
42
41
27
7
-17
-25
-25
-29
-30
-27
-17
-1
7
0
-8
-7
0
6
18
23
21
19
24
34
43
55
68
75
70
68
75
72
69
72
73
75
83
86
89
98
106
104
102
98
74
57
56
52
34
22
18
20
24
20
8
4
4
4
7
10
20
26
22
10
2
-1
9
24
34
45
58
56
49
44
48
49
37
26
33
42
56
71
73
72
89
112
114
100
92
103
106
99
91
86
85
81
77
80
72
65
60
58
55
49
39
33
32
28
24
27
37
38
50
65
60
48
36
20
10
19
33
36
32
25
25
23
20
16
19
28
28
21
19
24
40
55
65
60
57
55
59
66
72
83
90
86
80
80
89
88
83
61
40
24
27
38
38
33
29
36
41
38
24
9
3
0
2
5
7
9
21
37
37
33
24
21
28
42
53
57
58
51
38
38
48
60
72
60
49
48
49
51
57
58
43
38
54
77
92
91
84
80
75
72
68
73
82
83
85
87
85
72
56
45
42
40
43
41
35
36
51
68
74
74
51
24
32
55
64
50
33
27
35
39
37
26
19
19
20
17
10
4
-4
-5
2
13
35
55
70
76
83
91
101
89
75
66
56
53
51
52
53
59
52
38
41
55
44
29
37
49
51
48
41
42
55
67
70
66
55
56
66
66
64
69
57
43
44
55
55
39
20
12
21
33
38
40
32
20
20
26
35
40
52
66
68
73
84
85
80
71
71
80
82
73
67
71
81
80
61
51
48
48
56
67
66
60
55
44
40
42
42
37
35
24
9
-4
-18
-26
-40
-41
-28
-21
-21
-18
-4
8
17
33
44
52
53
61
76
89
99
100
103
101
87
84
90
97
105
112
115
108
93
87
90
93
96
100
93
74
66
68
68
59
51
38
20
6
12
22
20
20
36
41
36
25
19
18
20
19
10
5
4
7
3
-2
4
17
10
-3
-13
-14
-5
-1
-5
-3
8
34
59
85
103
106
99
96
98
106
115
118
116
103
88
90
100
92
75
73
82
100
115
100
64
41
38
38
38
33
22
6
-4
-3
-3
-8
-11
-6
2
5
0
0
7
16
21
24
21
20
11
2
4
25
57
73
56
42
49
60
64
50
33
27
26
26
36
50
51
51
52
48
49
54
59
69
72
68
60
52
45
44
38
28
24
26
32
20
5
8
22
27
19
0
-7
0
13
26
37
55
74
75
58
38
23
12
8
12
18
24
32
32
40
49
52
68
83
76
64
49
42
41
38
49
58
52
40
36
51
70
76
72
64
49
35
34
27
29
27
11
0
-1
8
18
22
28
40
51
53
50
48
43
39
26
11
9
22
20
13
17
28
34
21
11
21
32
48
70
90
109
118
116
113
105
92
76
71
85
105
115
106
84
73
81
76
67
59
44
32
41
49
32
23
21
21
21
17
17
16
16
17
21
28
34
37
33
18
3
-2
6
11
7
4
4
11
37
64
59
44
41
49
52
49
43
51
60
70
80
84
86
89
93
98
103
114
134
150
151
137
113
99
104
108
96
66
39
22
17
17
23
26
22
26
34
49
49
35
32
49
58
54
48
48
50
39
23
32
45
43
40
42
55
74
85
87
96
93
88
87
86
80
71
83
98
86
71
80
88
90
98
103
106
112
106
97
85
71
61
57
52
43
35
21
0
-20
-27
-24
-20
-10
-3
6
17
24
28
38
33
18
11
19
27
36
40
43
35
26
34
44
49
41
34
23
21
29
42
45
38
32
36
48
55
70
88
97
102
103
104
107
105
98
68
40
33
26
21
12
3
-2
3
16
29
37
40
33
22
12
3
2
17
33
35
20
12
18
16
10
10
16
24
37
54
84
89
74
68
76
81
74
72
80
91
93
93
98
92
77
64
65
66
66
68
66
55
45
39
26
12
11
25
33
26
9
2
10
21
20
9
-9
-17
-14
-21
-21
-21
-25
-27
-23
-4
17
41
68
90
101
102
115
129
120
103
99
106
118
134
150
154
147
148
145
121
98
81
71
61
58
60
59
56
57
67
75
82
80
65
58
73
90
97
85
67
53
42
33
33
35
34
36
42
45
41
37
39
40
45
58
54
44
44
50
49
41
32
23
25
37
48
57
59
54
50
43
41
50
53
57
65
64
66
66
59
55
49
38
34
23
4
-9
-18
-13
1
9
13
16
17
26
42
53
45
28
12
3
5
22
40
48
52
64
56
39
32
38
54
55
51
44
40
37
35
37
43
48
48
42
48
50
42
39
51
58
49
34
11
-6
-18
-6
8
18
27
37
43
54
59
54
52
54
52
42
38
40
43
52
55
42
25
12
11
23
34
39
40
51
53
44
48
49
51
59
69
68
64
64
69
73
70
65
55
57
65
58
40
26
24
25
26
26
37
49
49
54
58
64
59
49
39
50
60
69
83
82
70
65
51
37
38
48
56
57
59
68
75
72
65
65
67
70
69
65
66
68
73
72
68
54
44
44
50
45
39
41
54
48
33
23
11
9
10
16
20
24
28
32
25
18
22
34
50
60
60
57
53
53
57
55
44
36
32
35
53
53
35
33
33
23
11
9
20
37
45
42
35
35
44
54
53
54
53
36
22
25
22
24
33
36
35
34
35
43
53
56
60
55
41
29
26
32
36
54
81
72
49
49
57
58
53
51
59
74
85
92
99
104
105
101
96
88
83
77
82
85
77
81
91
114
105
80
73
86
90
85
82
75
64
51
53
66
74
73
72
64
51
53
65
64
54
55
59
68
73
77
70
58
56
50
41
36
35
51
70
80
69
51
41
43
48
43
44
50
49
50
44
33
32
48
57
64
55
39
35
26
12
8
6
5
3
3
19
39
51
54
48
36
34
34
33
40
55
55
53
55
54
48
41
51
58
58
60
68
69
72
73
68
66
60
52
45
53
58
66
76
88
84
66
49
50
50
44
33
12
10
19
26
39
42
42
51
56
57
59
64
58
44
33
35
51
66
67
48
36
38
40
43
48
44
42
54
64
58
44
28
18
16
24
33
34
37
52
65
69
66
57
48
34
36
41
53
60
59
64
72
76
72
68
68
76
87
86
68
60
57
33
18
26
36
32
22
22
34
50
60
72
83
80
72
69
64
59
52
39
34
37
40
36
26
23
21
24
33
36
33
25
27
40
60
76
72
57
52
51
55
54
57
68
68
72
90
89
71
69
80
86
90
92
91
90
85
71
58
45
45
48
39
34
38
43
41
32
22
23
24
24
25
33
43
45
36
34
40
48
50
57
60
65
69
76
86
89
87
81
77
70
52
37
35
35
26
24
34
38
37
36
38
35
22
16
22
25
23
17
17
24
37
52
68
73
56
42
52
56
48
39
33
32
32
28
29
34
43
72
82
81
84
90
97
88
83
81
69
59
52
44
48
60
69
67
64
60
60
65
51
38
40
45
52
53
48
43
48
42
35
26
20
21
28
33
33
23
17
21
22
27
33
40
64
67
69
86
91
84
85
91
99
100
93
85
74
70
69
82
96
98
88
73
61
60
69
77
84
80
59
39
26
22
23
33
38
32
24
32
35
32
25
22
29
33
25
24
38
54
51
33
18
20
25
32
38
39
39
45
51
54
59
59
54
51
42
36
40
54
67
73
84
97
96
82
71
69
68
57
37
23
28
33
32
36
42
48
45
44
48
55
68
72
66
56
55
55
52
50
57
56
44
37
38
33
32
43
51
43
38
35
40
64
68
60
66
65
59
55
59
59
53
49
56
60
56
57
59
65
72
70
58
50
40
37
37
33
27
24
25
28
28
22
18
18
13
9
8
9
16
20
22
35
43
52
56
51
45
48
51
57
52
36
34
36
38
42
41
42
50
36
20
16
19
21
21
24
33
41
42
43
51
52
42
32
27
40
48
38
35
29
24
24
36
51
53
41
37
34
28
27
29
29
23
12
4
10
25
28
23
24
34
35
23
17
22
23
17
13
19
28
40
40
28
11
1
8
20
21
16
8
9
28
44
48
43
38
39
39
40
49
53
44
41
42
41
45
59
56
53
58
75
96
88
64
49
50
68
82
85
80
70
67
68
58
48
43
50
59
67
65
69
76
57
35
24
23
27
26
7
0
17
37
38
34
34
37
36
36
40
49
59
70
72
75
73
59
56
66
75
84
80
77
83
86
81
82
84
84
83
81
84
85
69
53
60
80
91
85
71
65
59
55
55
52
48
39
28
24
25
20
18
36
55
50
36
28
29
27
20
12
12
26
45
42
29
26
27
27
27
32
26
27
42
55
56
58
68
70
66
60
59
50
42
42
51
66
71
58
42
37
39
40
53
55
53
45
42
43
33
23
24
33
36
33
32
22
13
13
19
21
22
26
33
40
41
42
55
76
76
56
48
49
48
33
13
8
9
13
19
22
34
40
36
29
33
41
49
35
17
5
6
17
25
25
21
23
37
49
52
55
52
43
36
35
38
29
26
35
45
56
64
60
52
38
35
55
73
69
55
56
65
67
64
64
72
80
77
74
82
88
75
53
38
49
52
45
42
50
51
49
54
69
81
85
76
59
49
45
42
40
34
29
27
32
36
40
44
49
48
43
44
43
34
28
38
42
43
41
43
43
38
27
22
19
20
13
17
24
34
38
44
53
55
59
57
54
59
67
60
54
56
56
52
48
38
40
48
40
32
34
40
54
58
53
52
49
40
37
38
52
64
50
41
50
55
48
38
36
35
34
22
10
12
25
39
50
51
52
54
50
42
38
44
55
53
49
42
45
66
73
73
74
73
65
64
70
66
58
67
87
100
100
96
92
90
90
97
98
92
80
57
56
65
58
48
49
51
49
40
24
9
4
6
17
18
13
23
27
18
7
10
16
9
7
12
17
19
27
28
32
36
36
38
40
43
53
54
51
49
53
60
68
70
70
67
68
71
75
82
92
99
90
82
72
66
59
54
44
42
41
37
25
27
35
26
12
17
23
17
12
24
44
65
71
67
50
49
68
87
89
91
87
74
76
92
106
114
116
112
112
119
122
118
109
103
91
72
54
52
57
65
67
60
53
37
23
18
4
-10
-11
-9
-21
-23
-21
-20
-12
-7
1
2
-1
5
8
12
21
24
24
25
32
50
64
37
16
21
39
52
57
58
59
60
65
68
70
75
67
54
52
65
76
83
85
87
102
114
108
103
101
99
89
73
68
80
87
89
83
65
41
24
16
3
2
7
4
-9
-23
-26
-25
-28
-34
-28
-26
-25
-28
-30
-20
-1
1
-12
-20
-2
25
39
25
18
27
40
49
51
55
61
75
98
117
125
128
120
120
129
148
164
160
146
134
129
114
105
97
83
74
73
66
52
44
36
27
24
24
28
36
36
26
20
23
25
18
11
16
8
2
-3
-9
-19
-28
-35
-33
-20
-3
17
35
38
41
44
57
75
83
75
68
72
88
97
96
88
85
86
83
82
87
92
90
86
88
96
107
114
108
93
82
80
90
100
90
67
43
28
20
18
26
32
18
4
6
20
19
10
2
2
17
34
37
33
26
23
7
0
10
24
26
32
37
40
51
57
69
80
72
67
77
83
76
74
67
61
70
69
59
54
51
53
64
69
68
60
40
19
7
18
32
35
48
51
27
23
36
52
50
26
5
5
19
33
37
22
4
0
1
9
20
28
36
40
38
34
35
28
19
11
18
27
44
60
70
67
66
67
72
81
90
109
131
129
100
84
85
90
89
83
81
85
86
81
74
59
49
45
48
42
37
32
33
42
44
50
49
43
44
44
33
11
-5
-6
3
-3
-11
-6
-1
4
16
24
39
54
66
81
87
72
64
67
67
58
43
37
37
39
48
53
53
34
20
40
60
56
40
34
27
21
11
3
10
35
54
67
67
57
53
50
37
9
-24
-44
-39
-12
-2
-13
-34
-37
-23
-18
-26
-51
-59
-39
-13
-2
4
20
38
54
64
64
60
67
75
80
82
86
93
96
88
70
59
68
72
59
41
28
23
33
51
59
60
53
52
59
61
50
28
20
32
42
33
4
-10
-8
1
7
10
16
20
19
12
16
27
41
59
69
71
68
66
69
61
53
49
55
64
67
67
59
60
70
75
76
73
71
61
56
68
86
90
82
72
74
80
72
65
61
58
53
50
51
54
56
57
55
48
29
17
11
24
36
42
48
48
45
53
53
37
20
7
0
3
12
26
49
64
68
76
89
103
103
97
99
103
105
107
119
109
100
96
83
68
72
88
103
104
100
105
105
93
77
57
38
19
8
10
18
19
17
16
19
29
49
68
81
83
64
38
41
57
66
50
25
21
24
29
34
35
43
52
57
65
71
85
102
106
100
97
98
102
105
106
99
82
65
59
71
73
67
42
20
11
12
12
3
-9
-14
-17
-11
-5
-7
-19
-29
-36
-25
1
27
43
48
49
50
57
74
92
93
86
85
91
102
98
91
90
104
113
104
106
120
128
116
103
101
103
100
100
101
86
72
71
69
67
65
56
51
49
41
34
26
17
10
8
-6
-21
-24
-26
-20
-17
-10
-12
-23
-17
7
21
17
25
42
56
73
82
70
49
29
21
27
35
39
44
55
60
55
50
61
83
91
92
90
90
98
97
91
92
97
90
74
55
45
41
35
20
7
4
6
6
7
6
9
29
35
25
33
50
59
60
56
57
69
72
70
72
75
75
72
65
57
57
56
64
73
73
76
86
84
90
98
81
65
60
60
65
60
66
61
51
34
22
11
2
-4
0
16
25
21
19
12
4
3
4
7
22
21
16
11
5
6
19
32
52
71
70
54
42
40
42
48
54
66
70
68
70
69
67
70
77
85
91
99
104
109
109
106
104
101
88
65
43
37
32
26
33
38
37
36
40
41
35
27
25
28
34
44
55
51
42
41
35
21
9
6
16
18
10
9
19
38
57
60
67
72
75
82
82
69
58
60
71
82
82
69
68
74
80
73
59
54
54
60
65
57
43
34
28
25
22
17
9
4
-5
-6
1
11
28
55
68
59
53
57
66
66
66
75
83
81
85
102
98
82
81
90
