61
72
64
48
37
35
42
43
50
57
53
50
52
37
17
19
27
36
36
25
19
19
23
28
33
35
29
36
40
29
19
21
36
48
48
41
32
36
39
41
58
65
53
57
64
59
56
49
50
56
56
53
40
34
28
19
11
16
21
19
20
22
26
40
43
49
59
72
68
57
54
54
48
39
34
36
44
54
55
57
58
56
48
40
28
25
24
24
36
43
40
36
32
36
49
54
66
68
60
60
68
71
72
68
58
60
73
76
73
67
53
40
39
40
44
48
43
50
66
81
87
88
83
68
42
33
27
36
41
34
25
32
36
24
19
19
12
9
7
8
11
17
29
43
57
70
72
72
73
69
64
66
66
59
58
53
45
50
50
38
21
11
11
13
23
29
37
42
50
57
65
65
54
40
33
33
38
49
55
54
42
38
38
36
32
33
38
34
25
20
21
27
34
43
66
68
64
72
91
103
101
88
76
74
71
65
54
52
59
64
56
53
53
67
80
71
59
71
80
70
55
42
28
18
7
8
8
-2
-12
-9
-1
12
27
34
27
16
12
27
38
33
25
33
50
65
64
56
56
66
67
56
56
66
70
71
83
92
99
105
106
108
117
105
88
85
82
82
81
74
73
76
76
81
87
90
88
81
64
50
42
34
24
11
8
21
34
39
41
49
52
48
40
38
44
53
50
42
39
38
36
26
17
11
18
25
34
38
40
50
54
49
38
37
44
45
42
38
36
32
20
21
26
23
20
23
21
19
22
27
36
36
41
53
59
55
53
49
41
44
50
54
54
53
53
49
48
53
58
59
56
50
43
42
44
48
48
38
25
13
6
5
4
-7
-23
-25
-10
-1
10
22
38
44
41
44
52
65
74
69
65
67
59
44
38
41
57
75
82
81
67
64
66
53
41
51
59
56
53
60
84
98
88
80
93
120
123
97
69
54
37
24
28
41
44
40
33
21
23
29
18
-4
-13
-7
3
16
26
22
9
8
9
10
10
7
6
11
26
44
59
68
76
83
75
66
65
75
91
93
80
64
59
66
74
74
86
104
102
85
73
73
83
87
84
73
65
54
49
43
43
35
12
4
9
20
26
25
19
11
12
16
10
8
10
9
-1
-11
-9
4
11
21
21
19
34
55
69
76
74
65
54
54
68
76
83
98
106
104
106
120
136
151
145
130
121
128
132
133
122
117
103
73
54
49
41
37
27
9
-3
-7
-8
-4
-6
-13
-18
-11
-5
-10
-18
-7
8
5
-4
1
17
43
58
57
60
66
66
73
82
75
71
75
84
85
87
91
97
105
128
150
153
135
120
117
119
112
99
88
57
22
18
34
41
50
61
69
60
45
26
11
7
13
22
8
-12
-22
-14
-7
4
-3
-13
-10
-7
2
23
44
55
59
60
59
55
57
72
82
76
74
80
86
82
71
80
98
107
119
130
136
136
128
113
104
100
87
82
82
70
48
32
26
34
44
40
23
12
18
21
10
-3
-7
-3
-1
-5
-3
8
17
23
21
10
9
10
2
-9
-13
-9
0
-4
-11
-2
13
28
50
69
68
72
83
89
91
88
85
81
73
71
81
90
96
92
93
99
91
72
59
66
83
90
82
68
58
57
70
86
74
56
53
57
55
58
64
66
58
51
36
19
21
38
52
54
53
43
35
24
24
40
48
49
55
68
85
82
70
76
74
56
45
54
69
71
72
76
83
77
66
65
67
69
75
87
97
89
81
73
59
54
64
75
83
89
90
80
64
60
80
98
87
64
49
43
39
34
22
11
17
18
11
17
28
29
21
10
8
10
17
16
7
6
8
19
35
39
26
19
16
10
12
26
39
54
68
75
89
91
72
55
59
74
90
102
105
102
102
122
140
139
135
133
133
128
106
87
83
80
58
38
24
12
3
3
8
4
-7
-11
0
1
-18
-27
-27
-26
-27
-28
-25
-17
-13
-23
-33
-23
0
18
21
19
24
33
39
58
87
105
107
98
85
84
99
124
118
101
100
113
114
103
98
100
105
119
129
116
88
60
40
28
32
35
28
17
2
-8
-12
-22
-38
-50
-45
-49
-58
-50
-20
-13
-42
-60
-57
-38
-19
-13
-20
-19
-4
20
43
67
76
73
68
81
89
93
99
92
87
96
113
128
118
106
103
106
105
104
105
100
90
89
91
88
80
68
64
55
37
18
9
12
19
22
20
12
8
12
17
25
36
45
54
52
49
50
53
58
59
54
43
38
29
34
49
58
60
55
51
53
52
50
54
45
33
32
32
24
12
7
16
27
35
41
45
38
33
32
27
26
23
19
21
22
12
-1
-6
-3
3
20
52
86
88
65
55
65
75
75
67
65
82
84
77
85
86
88
96
90
80
67
65
61
59
59
56
49
50
51
37
26
32
42
58
52
28
22
29
35
33
25
25
23
20
25
33
27
24
25
33
40
52
56
69
82
86
97
99
101
113
119
124
124
120
115
115
122
122
116
100
82
68
50
32
12
12
33
38
35
36
33
32
39
39
32
24
17
9
6
1
-5
-8
-4
10
37
41
27
20
21
33
51
60
52
34
26
39
64
75
74
67
65
58
53
51
54
58
65
70
67
61
60
66
69
56
44
48
48
39
33
40
54
64
64
66
65
60
56
38
18
1
-10
-17
-22
-19
-8
-12
-22
-6
16
21
12
5
-5
-9
-2
17
33
38
38
37
29
25
34
39
40
53
58
60
69
80
87
96
88
84
87
91
92
92
84
69
57
51
41
29
21
13
1
-8
-10
-7
-5
-7
-4
-2
-9
-17
-14
-8
-9
-9
5
25
40
39
29
27
16
-1
-9
-18
-21
-11
6
23
34
37
44
59
72
84
92
91
91
96
76
66
73
83
85
81
71
67
66
58
49
34
26
28
37
39
26
9
-9
-25
-35
-35
-33
-20
-2
6
6
17
34
56
70
67
58
60
73
86
90
96
102
107
114
118
115
106
106
113
117
113
101
102
105
97
93
101
102
99
90
85
83
75
68
65
57
45
36
27
28
35
28
10
-5
-9
-18
-25
-21
-3
-4
-23
-29
-13
6
17
17
8
5
11
25
35
35
22
12
24
42
50
44
44
36
25
36
52
51
48
48
44
42
38
41
66
91
107
115
112
113
120
120
119
118
109
91
80
87
104
102
93
85
66
41
20
3
0
3
8
23
32
22
22
32
36
35
36
44
55
58
64
68
70
73
71
59
49
44
50
59
65
59
58
54
42
33
27
17
10
17
32
42
44
51
57
69
84
82
71
69
73
85
88
86
89
89
86
82
73
69
56
53
50
44
44
42
35
23
16
22
28
32
40
44
43
45
41
32
20
9
4
-5
-17
-11
-4
-1
2
3
5
16
24
32
37
41
44
54
67
75
74
73
85
89
84
81
73
70
74
76
86
91
93
93
93
92
90
91
88
86
87
89
92
81
54
37
35
36
44
55
59
58
49
32
20
13
8
11
17
19
13
9
24
38
40
35
26
22
21
9
-5
-7
-9
-12
-11
-10
-1
16
13
19
36
55
71
75
67
59
61
57
52
58
76
99
107
106
103
99
92
87
88
99
112
108
103
91
84
85
80
55
42
52
68
74
66
54
49
43
40
41
48
45
38
25
11
5
8
10
1
-13
-25
-29
-27
-11
4
12
18
20
20
12
-5
-19
-24
-27
-22
-9
-5
2
20
40
59
66
70
87
103
112
114
107
105
113
123
135
147
154
154
148
138
133
130
123
118
106
89
74
67
60
52
36
25
11
6
6
4
4
8
11
16
23
27
16
3
-1
-1
6
19
28
41
48
38
28
27
35
52
66
66
59
56
54
54
60
72
80
75
69
57
52
56
60
59
54
48
39
40
40
38
40
43
44
37
40
49
48
36
34
36
29
26
24
19
19
28
36
38
37
36
34
27
29
36
42
42
38
41
44
41
44
54
56
55
57
55
48
34
24
32
33
24
24
26
21
27
33
24
27
50
70
67
53
55
65
69
64
59
64
66
59
57
60
57
53
60
73
76
75
73
67
59
51
45
50
52
57
67
65
61
54
38
36
49
58
56
48
42
49
55
57
60
69
71
69
76
83
73
50
39
51
65
69
68
66
66
70
75
73
58
41
28
27
26
19
8
10
22
21
8
1
1
0
-2
-5
-4
5
9
13
19
36
69
83
76
73
77
77
68
61
67
71
58
38
34
37
33
27
37
49
50
54
68
76
76
81
81
74
69
61
70
86
90
85
75
68
55
36
23
23
23
21
22
36
42
37
34
39
39
36
32
21
12
12
18
20
26
38
50
58
72
77
70
65
72
85
70
53
49
53
66
72
71
80
99
113
115
112
105
97
87
84
74
61
53
50
39
25
21
25
35
34
24
23
24
28
37
49
57
58
41
29
36
48
54
49
36
51
68
60
48
40
37
36
33
38
57
71
72
68
66
73
80
74
73
76
84
103
124
117
96
77
66
52
38
34
42
57
59
49
35
28
20
6
6
8
11
23
32
9
-8
-8
-4
1
6
17
20
4
-4
-1
4
19
34
40
48
56
57
55
58
66
70
82
96
106
117
123
118
104
92
83
74
69
64
52
48
50
48
35
17
3
1
5
12
18
22
21
13
6
10
25
21
3
-7
-5
3
16
25
33
41
56
56
40
33
36
41
43
51
58
68
71
80
97
102
96
89
92
93
101
104
90
82
83
76
70
59
51
50
40
32
20
8
6
20
27
26
22
22
23
28
35
38
37
34
23
17
22
38
41
42
42
48
53
55
52
56
69
67
43
29
33
41
57
59
53
48
50
59
73
75
65
44
39
49
49
38
35
37
53
69
73
68
58
53
53
52
53
59
65
72
71
58
54
59
59
68
80
80
76
88
96
99
90
75
60
53
45
48
59
65
60
64
59
43
23
12
10
21
41
54
52
43
39
27
29
29
24
25
27
20
8
8
13
24
32
28
33
36
44
64
69
60
51
35
37
49
54
55
57
61
66
68
85
106
119
117
106
92
85
85
81
81
92
101
97
86
86
91
85
67
58
66
69
70
56
45
41
38
39
32
22
33
49
60
57
37
23
23
28
40
50
44
39
40
44
56
71
76
71
61
68
80
85
101
103
80
66
83
92
83
83
91
92
86
83
90
100
106
119
115
98
91
93
88
76
71
67
59
54
55
67
66
53
51
53
43
25
22
35
42
28
6
-8
-10
-2
11
22
29
34
36
38
38
44
59
73
74
59
43
48
55
54
59
69
73
57
33
24
28
27
25
18
7
2
-3
0
5
4
2
8
10
7
9
18
19
17
19
10
3
10
24
26
22
28
34
36
36
34
27
28
24
21
32
40
48
54
59
65
64
58
58
58
59
66
75
72
72
75
71
61
55
49
50
57
59
56
49
33
18
22
36
39
28
24
25
27
20
21
27
34
41
41
35
27
37
56
60
48
36
39
55
70
66
52
48
51
54
51
51
67
86
90
90
99
117
121
101
83
81
86
89
86
81
82
88
87
85
72
48
25
12
7
2
5
9
12
18
22
33
41
38
20
11
10
0
-10
-13
-10
-4
6
13
18
29
42
39
33
35
40
38
35
35
43
60
73
59
38
33
36
36
27
19
21
33
50
55
43
25
13
10
17
33
34
9
-5
-6
3
24
48
55
44
32
12
0
-8
-11
-22
-36
-34
-10
19
36
34
20
8
10
21
33
36
42
48
53
57
54
42
35
41
59
85
91
76
71
82
88
76
54
38
29
26
23
27
35
41
40
32
26
32
44
65
69
57
49
41
37
37
37
35
34
41
50
48
28
19
21
27
38
48
39
34
43
56
58
64
65
64
60
66
65
72
84
86
83
70
51
32
20
16
6
3
9
13
24
35
32
33
36
37
40
27
9
10
32
44
39
20
9
25
43
48
40
34
32
35
41
39
28
26
37
53
65
68
69
76
81
83
98
115
118
98
87
88
97
103
103
99
91
88
85
76
70
65
69
77
74
56
35
32
40
42
40
35
40
56
60
52
42
40
38
40
51
59
66
80
91
90
87
92
92
75
57
49
50
54
60
69
70
70
82
96
100
89
83
73
69
60
43
35
38
42
57
72
67
50
37
50
54
40
28
34
32
16
1
-6
11
39
39
20
6
4
17
27
35
34
35
50
64
68
67
59
49
40
43
52
56
58
69
72
65
60
59
56
51
52
53
54
61
68
69
66
60
66
81
89
83
74
71
80
88
96
99
81
68
71
66
50
42
39
36
23
20
24
34
42
43
49
56
65
68
65
53
37
20
4
0
8
13
27
55
74
84
81
70
59
59
70
76
84
90
103
115
115
103
86
72
72
69
67
70
72
65
42
18
3
-14
-39
-41
-24
-12
-11
-11
-10
-13
-22
-25
-23
-19
-17
-8
3
9
8
6
20
29
17
3
0
11
28
40
44
58
70
85
102
98
83
87
105
107
93
88
97
98
97
106
119
121
113
96
68
56
50
33
21
23
28
32
34
39
43
41
36
28
28
35
35
22
3
-6
-3
-7
-12
-14
-9
2
1
6
23
39
51
55
58
57
44
32
28
32
39
53
56
59
82
116
134
122
97
77
74
67
55
60
77
96
104
113
129
144
145
130
107
99
89
67
32
2
-8
-5
3
19
42
55
52
40
24
17
25
32
22
16
5
0
-1
6
26
44
57
71
77
82
86
90
99
119
138
130
120
122
119
105
100
104
97
90
88
76
65
57
53
51
48
40
35
37
37
26
21
23
27
23
18
27
27
7
0
3
-1
-3
-9
-10
-7
1
11
33
55
76
83
67
51
42
40
48
56
65
70
64
56
54
53
54
66
71
70
71
65
54
51
49
58
74
77
72
57
42
36
37
38
40
43
40
37
33
28
27
34
32
20
2
-10
-19
-24
-21
-14
-19
-28
-29
-23
-13
-6
-4
3
-3
-5
5
18
26
35
43
57
66
70
72
70
60
53
51
51
53
64
75
74
69
60
56
53
48
43
42
53
70
83
67
42
40
51
57
54
48
51
59
58
51
53
57
52
42
38
48
53
51
43
43
54
69
82
80
73
77
89
97
73
41
40
57
70
82
91
86
69
60
65
70
58
41
26
20
23
37
52
53
49
39
33
28
28
36
35
29
24
20
25
36
52
65
74
81
81
69
41
25
32
36
45
56
64
64
71
81
86
87
70
48
38
41
51
57
64
60
44
27
25
27
34
39
37
25
12
17
34
41
32
20
8
20
34
28
23
25
33
34
28
18
7
16
33
51
50
38
27
24
24
27
34
42
65
70
59
58
61
59
60
70
87
102
107
108
104
87
80
80
66
51
48
50
51
49
40
28
32
44
36
16
10
21
24
24
25
32
36
37
37
40
41
39
38
35
33
36
45
57
66
65
67
73
75
73
75
83
90
99
104
113
122
128
123
124
123
117
102
88
80
73
74
75
68
48
29
25
25
28
33
37
27
11
6
5
-1
-12
-25
-34
-41
-51
-41
-7
23
33
28
33
41
48
45
44
36
24
20
35
55
67
69
72
67
52
51
71
99
120
129
130
135
131
114
98
87
97
98
81
66
58
56
59
67
71
58
43
35
38
48
41
33
24
22
24
27
33
40
39
25
21
17
5
1
7
24
36
35
22
17
23
39
48
35
17
11
23
34
32
26
22
25
39
60
75
80
69
64
67
59
55
55
54
44
39
39
39
51
51
37
25
12
11
18
21
18
6
-2
2
18
37
50
57
64
51
43
52
59
71
77
70
57
64
75
81
70
71
76
86
93
85
69
67
67
64
70
86
98
85
64
41
26
16
2
-2
-1
-3
-9
-20
-24
-24
-21
-19
-11
-5
-3
-5
-6
0
6
17
27
32
27
26
40
58
72
77
82
86
89
86
84
89
88
81
72
71
81
87
92
100
89
73
66
72
85
98
92
81
76
84
85
83
87
86
74
57
40
25
17
18
16
4
7
9
-2
-3
5
17
27
41
48
33
12
18
39
45
44
51
52
51
48
48
54
59
65
75
80
76
82
80
83
88
81
80
87
99
103
92
76
74
83
84
90
102
114
123
118
103
92
84
70
55
42
40
50
56
48
37
39
36
16
-1
0
-9
-22
-14
-4
-4
-11
-11
-4
6
16
33
41
43
41
39
38
42
49
49
51
57
67
70
67
64
60
58
60
73
92
105
113
120
128
124
124
128
121
114
91
82
81
86
77
59
43
33
38
57
60
53
49
39
27
20
20
28
38
39
39
36
21
5
-4
-4
2
5
8
2
-1
12
37
60
73
69
65
65
54
48
50
54
52
43
39
44
43
39
42
56
72
82
82
83
84
77
68
67
58
45
49
58
64
60
71
86
87
72
64
54
40
32
32
36
39
37
34
28
28
19
21
37
44
48
48
53
65
64
56
55
53
66
64
52
52
66
81
83
72
59
68
76
80
80
76
70
67
66
74
89
96
90
69
51
53
53
43
27
8
8
20
22
24
27
24
19
8
-5
-14
-12
-7
1
0
2
8
17
27
33
16
10
24
35
26
17
21
28
26
32
38
42
45
52
48
33
38
50
45
40
35
41
56
69
81
91
97
96
83
74
81
83
87
85
73
72
73
60
44
40
40
33
26
22
19
22
29
36
36
27
19
17
19
18
9
1
0
9
19
22
25
43
51
34
16
12
6
-1
-4
5
20
28
26
18
16
27
43
58
61
56
50
51
66
75
80
87
96
91
72
56
72
84
76
80
83
82
77
72
73
67
50
40
49
56
54
45
36
29
28
28
34
37
39
41
40
35
24
20
26
29
19
9
19
28
37
27
24
28
24
10
5
9
20
26
39
51
57
68
81
97
104
104
97
88
93
103
104
97
91
90
87
84
70
58
56
55
55
56
55
49
35
26
29
24
16
17
24
27
26
26
28
29
40
37
22
7
-1
-6
-5
-2
-3
-3
1
3
9
25
34
39
51
57
67
74
72
72
84
97
102
96
96
112
130
136
134
130
121
118
119
122
118
112
118
113
84
60
48
41
36
24
13
9
5
-5
-13
-18
-22
-23
-24
-27
-29
-35
-40
-42
-28
-23
-33
-37
-33
-22
-12
-7
-1
8
13
8
6
21
40
55
71
74
70
64
65
75
96
114
133
145
140
136
131
120
116
114
115
122
125
120
115
101
87
72
58
48
39
40
36
25
6
-3
-11
-21
-26
-35
-43
-55
-57
-52
-50
-53
-51
-40
-30
-34
-39
-36
-18
0
10
18
26
39
57
76
88
91
99
109
116
105
103
116
129
124
109
105
109
105
88
71
67
69
68
59
48
39
40
40
33
17
-1
-5
-5
-8
-17
-28
-45
-51
-36
-11
-4
-10
-20
-20
-11
-20
-29
-28
-11
10
37
59
74
92
102
97
92
90
81
83
100
121
136
137
133
137
140
132
118
112
117
124
115
104
91
74
73
81
82
69
50
40
41
38
27
13
0
-10
-18
-28
-36
-36
-35
-33
-27
-17
8
23
19
7
4
4
1
-4
-5
4
20
37
52
55
59
73
74
68
73
85
99
97
88
87
91
101
109
104
80
56
44
51
60
80
91
85
68
51
45
44
48
49
44
36
26
24
24
20
12
20
26
32
28
26
32
39
37
34
34
35
39
41
41
48
55
69
85
88
82
75
70
72
73
69
73
86
101
117
117
102
88
88
76
56
44
38
28
24
28
33
32
20
12
21
20
12
16
21
11
-2
-3
0
5
19
28
29
29
35
36
40
49
57
69
73
68
61
60
59
64
71
71
66
68
77
83
87
89
87
84
82
70
65
69
67
60
52
44
49
48
33
23
21
19
26
25
6
-9
-11
-10
-17
-23
-22
-17
-9
-2
6
21
38
52
64
75
85
83
72
64
58
67
64
53
52
69
98
118
103
68
48
50
68
73
59
40
27
26
32
38
50
48
37
38
40
48
57
58
56
51
44
37
35
43
51
56
56
51
43
39
49
65
81
92
92
91
87
70
56
56
53
41
28
25
16
4
-2
-3
4
12
19
21
24
27
26
26
27
34
33
40
50
48
44
52
59
54
38
35
44
48
44
44
49
60
64
55
66
75
73
68
64
67
84
92
93
97
108
117
105
88
84
82
72
66
44
21
12
16
19
21
12
-6
-11
-5
0
0
3
11
12
11
2
0
21
45
49
36
37
49
52
52
45
35
26
28
43
72
114
124
108
103
115
132
139
133
116
106
107
108
100
75
52
42
48
44
37
28
25
24
25
27
25
13
2
-1
3
4
7
9
11
8
18
39
56
58
52
44
44
45
52
64
55
48
49
59
71
69
69
74
87
105
112
104
98
92
86
73
50
24
10
4
12
32
26
20
16
19
28
21
5
3
0
-7
-18
-24
-21
-4
6
10
17
22
29
36
32
35
42
37
34
38
50
66
70
65
67
67
76
98
103
84
67
65
74
86
96
98
100
98
100
107
105
98
98
101
92
75
60
52
39
33
34
35
21
6
4
11
18
7
-5
1
10
22
41
49
36
28
20
11
12
19
9
1
6
12
16
22
40
55
57
50
48
64
82
96
101
100
98
104
102
85
70
64
70
84
85
75
66
57
57
52
41
45
44
37
37
42
40
34
33
26
19
16
24
44
54
48
23
8
17
24
23
28
35
33
28
32
49
77
101
98
75
69
76
76
73
77
85
86
76
66
56
59
70
77
85
74
56
45
49
58
73
75
54
33
21
17
18
18
26
36
34
26
32
42
66
75
80
81
70
71
74
71
64
64
70
70
65
60
57
44
35
39
52
58
57
57
57
44
41
53
66
65
58
59
66
70
67
70
86
90
86
85
82
73
57
43
43
53
44
27
17
16
20
35
50
54
41
36
37
27
25
22
18
22
33
38
37
33
36
53
75
76
66
57
56
59
59
58
66
73
73
67
52
36
33
28
28
32
32
24
12
7
24
44
48
35
17
7
16
20
23
32
43
53
54
54
55
53
49
51
59
60
59
64
66
70
71
81
90
81
70
69
68
68
67
58
53
48
38
43
44
32
22
19
22
33
36
38
38
34
20
9
11
18
26
27
18
7
-9
-13
-6
-10
-10
-7
-2
6
16
20
27
40
45
48
54
66
68
64
64
70
82
96
102
88
72
66
71
86
86
72
80
91
92
89
84
75
70
70
80
98
112
105
90
83
76
74
70
68
56
45
48
59
68
60
58
65
71
82
87
72
57
55
54
53
49
36
34
44
57
53
36
26
37
49
39
17
-10
-23
-11
4
6
4
10
18
23
34
33
26
38
51
54
56
61
69
73
82
86
87
84
74
67
67
71
72
66
56
36
21
28
53
81
88
80
77
97
113
115
101
89
92
89
87
92
104
114
99
69
54
52
39
27
26
36
48
54
38
12
8
32
52
50
37
36
44
57
58
41
21
6
5
20
37
48
54
66
81
85
86
89
76
54
55
70
66
52
44
44
54
66
71
72
67
67
80
76
58
39
25
25
25
13
8
12
18
21
26
28
25
23
32
38
42
50
52
37
24
27
29
26
22
13
10
11
23
29
33
34
34
23
18
18
26
42
55
52
43
41
40
51
64
68
44
37
56
82
86
83
82
80
81
76
70
67
70
75
72
65
49
40
28
13
8
10
27
50
56
48
37
26
20
23
29
36
43
57
58
37
25
36
44
40
33
25
23
22
18
18
29
32
27
27
21
21
27
40
52
55
56
60
68
81
85
83
77
72
68
73
82
83
82
75
56
49
53
52
44
42
42
43
48
54
64
71
68
61
65
60
51
33
11
8
10
7
0
-11
-18
-19
-24
-22
-9
4
24
39
41
50
77
98
102
114
114
104
96
102
114
103
85
72
71
75
85
88
84
90
104
106
91
81
85
91
90
85
83
84
81
71
58
51
55
52
35
19
17
16
2
-9
-8
-5
-12
-30
-49
-44
-33
-21
-17
-25
-29
-7
8
2
-3
1
9
22
25
34
42
42
38
41
51
52
48
43
40
42
61
85
84
66
56
59
73
81
81
74
69
71
83
98
105
102
88
73
70
74
76
67
55
48
40
