35
37
41
41
38
36
40
42
34
36
34
17
12
33
41
41
53
53
36
40
54
69
85
98
106
108
116
117
103
91
101
99
80
73
70
66
60
61
66
68
65
58
56
53
37
24
27
36
38
39
52
69
80
72
45
34
39
37
28
26
25
25
37
53
64
71
82
86
98
108
105
91
90
100
91
76
70
69
86
114
121
105
91
91
87
74
65
60
50
34
33
34
26
17
17
27
50
56
44
27
23
24
27
26
25
37
52
55
39
27
32
26
21
23
28
39
43
38
39
42
48
49
49
40
33
36
38
36
44
53
41
29
34
43
52
61
68
64
50
50
53
52
51
50
49
53
49
37
35
38
44
37
33
38
41
44
37
18
9
12
17
24
36
32
24
37
35
19
24
48
66
73
72
69
82
97
97
91
92
83
60
48
58
84
85
68
57
64
65
58
48
39
54
66
53
17
-13
-17
1
5
-7
-20
-20
-17
-5
7
21
33
36
38
38
34
37
49
56
44
20
11
23
19
4
9
33
50
48
48
57
58
50
53
68
76
82
91
102
109
108
90
81
85
96
103
106
98
81
69
67
69
59
51
40
34
37
44
48
38
22
18
26
38
36
25
17
6
16
26
32
33
26
21
12
10
16
10
0
1
18
42
61
64
66
72
64
50
53
71
85
81
71
76
88
96
85
70
80
92
102
98
88
81
73
72
83
91
82
56
27
18
8
-5
-12
-10
-3
4
9
-11
-40
-52
-37
-9
-2
-1
-5
-12
-10
-2
20
39
41
34
32
38
61
88
101
100
85
68
70
70
72
87
82
72
89
112
107
97
99
117
133
121
100
77
59
48
26
18
27
34
28
34
27
7
2
16
35
27
18
12
21
32
36
33
19
8
12
24
43
59
53
52
74
101
97
85
82
88
90
82
59
45
50
68
82
73
76
97
115
105
86
80
84
85
66
51
58
72
68
55
54
64
51
34
34
33
9
4
12
9
3
3
3
5
12
12
5
2
1
5
9
16
22
32
32
23
22
20
17
20
28
39
48
60
91
116
114
101
82
61
57
60
61
58
55
60
81
89
90
87
85
85
83
70
56
41
35
26
19
18
26
36
43
45
45
50
52
37
1
-27
-20
0
8
20
27
18
18
32
49
59
60
55
50
53
56
55
56
60
55
55
59
68
73
90
101
89
82
70
50
26
8
2
5
9
17
33
44
64
85
85
60
57
68
64
43
28
28
37
42
43
48
36
19
20
37
54
67
74
74
80
96
96
77
73
75
83
90
98
105
101
86
74
81
91
99
92
82
80
82
68
54
44
28
9
11
18
24
35
43
53
44
32
26
37
53
65
70
71
70
56
48
55
77
89
67
50
51
57
66
69
74
74
71
71
67
48
35
32
25
20
25
38
39
40
44
42
37
40
39
39
26
16
24
33
34
39
42
43
42
36
33
38
48
43
21
2
-6
-2
6
10
21
39
53
49
35
38
48
53
56
45
41
40
45
50
53
55
58
61
67
60
59
54
49
37
33
42
40
22
18
27
43
49
48
54
58
51
39
44
51
52
41
18
8
19
28
39
36
21
23
41
59
70
66
56
42
27
38
58
70
77
72
69
73
72
73
82
85
84
76
72
81
85
81
72
70
65
55
48
51
65
74
73
58
51
57
71
65
49
45
58
65
48
36
50
52
39
35
32
25
27
34
41
48
51
41
33
28
27
33
32
26
22
18
10
23
39
28
23
35
65
88
87
76
69
74
96
106
102
90
80
83
98
102
87
73
82
90
85
69
56
44
48
48
39
32
24
24
26
33
35
34
35
44
55
57
58
65
59
49
40
37
35
42
51
54
49
39
41
58
68
56
44
39
37
43
57
69
61
52
52
57
64
60
69
77
71
60
59
45
32
32
29
27
34
28
22
21
22
35
49
41
22
9
13
10
-11
-23
-9
6
16
25
49
54
49
41
48
60
74
68
55
42
39
42
36
35
39
43
49
59
81
75
50
34
32
37
52
53
32
24
50
65
57
52
44
39
36
43
56
76
89
81
60
55
64
56
56
72
81
80
69
60
55
53
50
20
-11
-19
5
40
68
82
88
104
120
131
132
122
115
106
103
116
135
146
135
115
90
81
69
69
85
92
86
81
91
104
100
96
98
97
90
69
45
52
80
93
84
69
67
82
77
69
68
66
64
64
70
76
67
52
33
25
36
50
66
69
59
66
82
93
93
87
85
88
91
84
75
75
70
67
57
37
19
5
-2
1
10
13
10
8
7
18
33
53
54
36
26
35
45
53
56
48
37
34
40
49
60
65
43
25
23
25
39
59
77
77
68
68
70
69
60
51
44
40
35
32
33
35
32
20
17
21
20
7
-11
-12
-5
-4
-8
-8
-8
-17
-17
-8
9
35
54
43
18
5
16
35
40
33
28
42
66
81
73
59
61
75
85
77
72
74
84
92
104
100
86
75
68
55
54
59
52
36
24
16
5
-1
-5
-21
-34
-33
-24
-19
-19
-18
-2
24
34
22
16
21
25
34
44
37
23
20
18
10
2
3
10
28
35
23
6
-8
-8
0
5
-7
-17
-1
26
50
57
56
56
56
57
59
48
28
24
28
20
16
23
21
12
9
18
19
8
16
38
56
52
38
37
43
42
32
23
25
42
59
53
37
38
56
68
55
34
34
50
69
69
75
85
74
64
66
82
89
70
57
64
70
59
36
13
12
25
39
41
33
28
37
44
60
71
70
71
59
36
26
40
42
33
25
27
25
20
12
18
29
38
36
35
43
59
70
74
83
83
75
61
55
51
44
54
70
69
53
41
41
45
42
34
35
37
34
35
38
53
70
61
44
44
45
50
58
66
60
51
43
43
36
32
39
44
48
55
71
74
59
50
57
68
66
64
59
56
59
67
66
59
53
53
64
67
61
43
25
26
36
37
38
41
42
38
25
20
19
17
26
42
44
39
32
25
20
6
-9
-9
6
23
34
33
40
57
48
26
27
39
45
53
54
54
44
48
68
96
91
64
38
41
70
86
86
88
81
74
72
73
80
81
84
84
88
98
89
67
43
39
24
10
7
10
12
11
10
10
13
19
24
33
36
18
6
19
50
72
70
57
53
55
65
72
58
48
49
65
98
124
132
103
69
65
85
89
72
54
49
54
64
64
66
74
82
83
83
75
73
86
84
73
58
41
35
27
12
7
10
7
6
11
16
5
0
1
0
4
21
35
29
23
28
40
50
51
57
56
57
60
66
74
74
72
75
74
75
85
91
91
89
96
91
80
73
76
70
51
37
36
36
40
64
87
86
75
54
35
32
36
28
20
21
25
35
43
50
49
40
36
24
24
37
44
36
25
21
22
22
23
32
43
50
55
57
55
66
83
85
82
73
54
40
48
53
53
58
69
81
80
58
40
21
9
18
26
48
59
51
35
12
11
25
22
8
5
10
26
40
36
34
43
55
57
54
44
29
28
38
48
40
29
33
54
67
57
50
60
72
70
61
70
80
80
60
43
44
58
87
98
88
80
71
64
56
53
45
37
42
55
54
39
35
55
75
71
51
36
35
36
24
0
-10
1
22
36
34
26
25
27
28
24
20
16
8
5
16
24
28
36
45
52
42
23
21
35
44
65
88
93
80
65
71
89
97
76
64
55
48
52
64
53
42
39
22
3
-3
8
33
52
52
35
26
33
42
51
50
40
27
18
21
28
34
37
43
51
53
50
40
41
54
69
91
112
118
124
130
122
113
101
80
51
36
41
54
53
53
51
41
37
48
72
86
85
88
101
102
88
76
66
50
35
33
39
44
53
71
80
72
77
91
90
58
43
44
50
56
60
71
87
97
91
73
58
60
76
84
68
57
60
66
70
61
37
22
22
21
8
2
19
44
43
33
29
33
35
37
43
50
34
9
17
41
52
49
39
45
53
49
56
82
85
68
44
41
56
71
80
82
76
70
66
72
85
86
73
66
80
103
102
83
59
56
65
65
58
54
53
42
28
26
35
41
44
38
36
22
10
13
27
29
17
6
5
12
22
26
49
85
97
60
25
7
11
24
33
35
24
19
37
61
74
74
80
90
98
91
89
87
85
83
74
68
64
55
58
70
58
33
11
7
19
23
19
25
37
28
19
19
12
8
13
21
19
10
6
16
29
32
32
39
41
38
48
70
72
60
57
72
84
93
102
100
92
87
84
82
82
92
115
119
90
57
38
29
29
33
28
32
42
54
60
87
113
101
57
21
12
28
35
13
-13
-23
-26
-27
-14
13
48
44
16
3
17
36
38
22
0
-9
-8
-8
-11
-9
5
24
39
42
39
43
64
76
81
85
92
91
88
93
97
83
65
57
58
58
58
67
70
64
58
60
66
68
64
69
70
33
2
4
21
38
40
25
11
12
28
40
36
44
58
73
80
57
40
54
70
68
64
65
66
75
91
108
118
118
101
80
71
67
65
67
57
37
21
21
34
43
39
23
22
33
36
27
20
19
25
34
40
51
64
58
42
40
42
52
53
22
0
-8
-17
-11
-5
-5
1
16
26
33
37
29
13
9
23
57
68
56
61
71
67
54
49
59
74
76
72
72
70
76
88
77
55
44
52
53
43
32
24
27
35
39
41
48
52
42
29
22
17
28
44
60
57
38
33
49
56
52
44
50
71
83
73
58
49
45
58
66
55
59
67
74
84
73
56
53
53
56
54
45
44
49
56
61
58
54
59
58
35
17
8
10
18
23
24
18
18
22
18
20
29
33
32
21
4
-4
3
22
37
36
28
37
45
57
73
69
40
18
18
23
26
28
24
26
41
55
53
42
34
28
26
32
42
55
55
36
18
16
17
20
26
39
39
43
45
41
38
29
20
10
5
-1
3
11
19
22
34
53
72
86
89
88
74
60
55
60
66
53
35
40
60
83
102
105
89
80
91
113
119
106
102
104
96
76
55
37
38
49
51
38
26
22
16
11
12
12
9
10
11
18
36
49
45
42
39
26
32
51
70
69
50
36
43
55
61
76
87
74
69
72
85
103
112
98
81
84
98
115
118
104
88
75
72
86
101
101
88
80
71
69
75
75
59
37
12
8
16
10
2
12
20
27
29
16
0
-12
-18
-13
-17
-5
16
27
34
43
49
53
50
35
29
40
56
64
59
56
54
58
67
72
81
88
96
76
43
39
56
58
54
50
54
60
65
59
49
40
32
20
12
7
3
7
26
37
22
9
9
13
13
12
19
28
34
39
42
42
37
35
28
18
23
40
50
41
36
52
82
90
70
56
59
61
56
45
36
39
52
60
70
68
64
70
73
48
26
32
41
58
66
57
51
45
42
41
38
29
35
45
55
57
59
57
48
33
25
37
55
80
88
89
74
68
81
103
106
90
74
68
72
84
92
98
88
74
73
83
91
112
122
105
86
72
68
74
70
58
44
25
6
-3
-8
-5
-7
-11
-5
-12
-13
-4
9
9
5
13
34
42
41
32
39
55
57
51
42
38
41
54
68
73
71
60
55
66
75
92
114
114
99
101
112
108
99
93
90
68
44
37
27
22
18
8
8
18
18
11
12
12
1
-9
-18
-25
-26
-17
-13
-13
-6
7
25
44
44
34
36
45
38
20
22
35
34
36
48
65
74
82
88
91
86
81
84
96
101
99
100
113
121
120
117
112
86
60
55
60
59
59
58
58
59
45
25
23
33
36
23
13
21
23
19
24
36
40
37
26
33
49
53
42
24
11
20
33
41
52
66
84
99
101
89
81
80
69
67
101
141
137
107
101
114
107
91
82
71
68
72
71
56
38
28
36
43
52
53
51
45
42
43
37
29
36
48
53
44
26
12
13
23
32
21
9
17
27
33
33
29
34
36
34
40
52
64
72
68
72
86
98
101
100
89
69
53
52
57
52
43
38
21
12
18
35
45
40
29
18
5
-3
-3
3
2
-8
-23
-21
-4
7
19
32
25
9
9
28
41
32
18
22
32
33
26
26
34
48
60
65
51
36
35
50
60
66
68
69
72
83
87
89
88
72
60
58
53
42
38
22
10
24
51
71
76
70
45
24
23
38
49
54
65
67
69
75
82
76
72
76
68
51
42
52
65
64
48
29
34
43
60
87
105
105
100
87
80
72
74
68
60
70
73
65
67
83
88
74
61
57
57
57
52
39
23
24
28
23
16
4
-4
-7
-4
-8
-19
-8
18
41
61
70
53
39
40
57
66
57
59
73
80
71
68
67
74
80
75
75
101
116
107
102
106
103
90
80
71
75
91
103
97
75
66
67
67
65
65
55
49
48
54
54
57
61
50
24
8
3
4
6
16
19
21
19
19
34
43
32
9
-4
-6
8
17
20
23
24
23
29
35
48
64
71
67
57
49
33
7
3
18
35
53
65
61
58
44
23
10
12
28
35
21
12
19
25
38
40
23
21
21
0
-8
2
6
10
18
23
35
49
65
55
33
27
38
39
51
65
69
70
71
72
83
102
101
91
100
121
137
118
90
84
83
76
64
54
52
54
54
54
50
34
13
4
11
22
20
13
21
39
52
51
49
45
55
75
88
65
36
32
28
25
27
34
40
52
55
48
39
54
80
86
80
74
81
98
118
118
104
112
113
98
88
100
91
66
35
12
12
11
18
28
17
-4
-5
9
6
-10
-22
-17
1
18
11
8
18
37
53
48
35
25
32
43
44
57
82
80
71
70
72
75
75
74
74
74
76
97
116
129
128
116
104
90
74
60
73
96
105
101
102
101
80
50
39
43
36
13
3
9
21
13
0
-9
-18
-26
-23
-23
-40
-38
-23
-20
-21
-8
1
-5
-27
-35
-13
7
11
2
-6
-1
22
39
43
40
40
51
71
96
119
118
88
66
56
55
50
59
87
100
89
81
82
90
86
44
9
3
11
12
3
-8
-9
-3
12
35
48
52
52
32
13
18
25
26
21
22
27
32
38
59
85
89
71
40
28
40
44
40
32
35
54
75
85
73
54
45
55
72
84
88
87
86
89
86
74
64
56
70
92
98
86
90
88
56
36
33
33
18
3
12
40
57
50
26
19
24
22
11
-5
-21
-13
5
28
49
48
36
32
40
55
69
75
71
59
51
54
71
81
81
81
82
88
91
84
68
57
51
55
49
28
19
17
28
42
49
42
27
23
25
24
21
32
34
28
23
21
35
34
9
-2
8
27
26
8
1
16
35
37
29
38
58
73
73
56
56
67
73
80
76
86
88
80
60
49
50
64
65
52
40
34
33
50
58
52
33
23
29
40
39
33
18
10
21
37
40
33
24
35
52
44
16
6
24
42
41
23
20
33
36
36
53
84
103
104
97
92
81
69
67
67
60
52
43
35
37
49
60
68
61
51
44
48
57
60
49
27
21
24
21
8
7
34
60
45
26
22
29
42
50
40
38
43
54
60
55
60
71
58
44
56
68
73
75
70
64
55
65
69
58
58
71
90
105
97
73
60
69
85
90
84
77
70
44
26
26
34
27
20
19
35
50
52
42
23
13
21
17
-9
-24
-8
23
38
26
9
9
27
54
75
75
59
52
60
67
66
58
52
52
55
68
72
81
83
81
91
97
91
88
96
104
91
74
74
76
58
27
12
9
5
5
8
7
-5
-10
0
7
5
-5
-18
-13
5
17
10
4
7
0
-8
-5
0
3
8
22
32
43
64
77
83
83
69
52
51
58
68
86
107
104
84
65
50
43
51
57
57
57
64
69
74
87
104
104
91
81
81
103
119
88
54
41
43
51
43
22
6
16
40
51
41
33
41
49
44
44
52
64
67
65
58
53
49
55
53
40
35
43
54
61
67
61
58
59
56
57
49
28
16
20
34
40
38
32
41
60
60
61
74
86
84
57
28
17
21
34
36
32
25
26
37
48
44
43
50
55
64
59
61
71
75
98
119
108
101
99
81
69
74
81
92
93
71
56
60
75
83
68
55
57
64
59
52
37
26
25
24
18
12
12
11
16
20
32
39
39
36
26
20
21
27
38
52
60
57
51
50
49
54
54
57
60
67
71
59
60
86
102
101
99
98
102
98
90
91
93
89
91
97
85
91
112
100
67
48
41
42
35
19
6
-5
-7
4
28
49
53
43
18
3
21
36
26
12
10
11
6
6
20
37
43
39
42
51
55
56
50
49
58
64
67
74
83
86
91
98
105
116
109
105
100
86
82
77
75
76
75
67
53
57
72
77
73
68
57
43
27
20
25
36
35
20
-2
-10
0
8
9
4
-4
-8
-2
-7
-5
21
36
37
28
16
5
19
57
82
76
71
72
68
65
69
73
74
82
90
84
69
69
82
98
113
108
84
67
64
59
51
34
16
12
32
50
42
24
8
-13
-33
-29
-34
-36
-29
-42
-61
-57
-34
-7
-1
-5
-4
11
20
32
45
57
71
84
99
112
119
123
121
114
123
139
129
107
105
107
105
91
75
70
77
83
82
68
45
34
21
26
28
11
2
7
12
13
9
1
9
32
40
33
23
25
26
24
18
17
23
36
40
37
35
48
70
88
91
84
75
76
93
102
92
76
66
66
77
82
66
44
29
18
23
34
35
37
43
40
38
37
37
38
29
20
8
6
17
24
11
-3
-2
10
34
34
26
32
43
55
50
29
27
53
76
75
55
52
72
85
67
42
38
57
54
38
40
51
53
43
32
27
29
38
43
37
32
40
49
39
25
9
-4
-9
-13
-20
-17
-8
-7
-7
-1
-3
-6
-12
-10
0
16
33
55
73
69
67
71
74
85
101
109
104
100
102
102
102
104
114
124
128
115
106
101
92
80
70
61
52
33
21
16
0
-10
-6
1
11
22
23
22
27
29
20
22
27
27
35
50
66
81
80
60
53
64
84
108
129
122
91
67
66
73
74
85
92
87
71
59
59
65
74
80
58
44
51
55
59
64
53
36
32
44
52
41
29
24
26
11
-9
-3
12
9
-3
-8
-7
-5
5
18
25
32
43
52
42
32
17
11
17
21
32
55
65
54
57
72
80
59
49
60
65
42
39
57
80
102
105
85
75
86
96
85
58
34
35
49
56
64
65
51
34
23
24
21
5
-7
-10
-9
-4
-10
-28
-23
4
32
44
43
48
44
34
26
42
57
64
68
68
73
82
92
105
103
101
108
113
106
104
101
96
93
96
88
86
75
57
52
61
57
39
26
20
18
33
53
68
66
53
58
67
51
28
21
29
41
45
37
27
33
27
23
27
32
28
24
27
38
39
38
34
28
34
50
76
87
72
58
58
70
82
89
96
104
114
103
90
92
96
85
73
76
100
115
104
87
73
65
58
57
43
9
-10
-9
-7
-8
-23
-42
-49
-29
-6
6
7
5
9
8
6
7
4
5
19
34
41
54
72
100
104
83
57
49
50
60
74
90
103
107
114
118
108
101
104
108
131
136
124
129
129
122
105
90
88
86
82
75
58
43
45
45
24
-4
-27
-28
-26
-33
-34
-24
-24
-35
-49
-60
-66
-57
-38
-23
-19
-8
3
6
-3
0
32
57
74
86
98
115
125
131
129
116
100
90
90
100
104
91
75
59
65
84
73
52
42
49
56
58
51
35
26
20
3
-3
-3
2
2
-3
4
20
40
52
37
17
11
11
4
-1
-10
-10
-1
18
40
54
41
34
37
40
41
50
56
66
86
109
118
104
83
68
60
60
75
91
100
81
59
60
60
50
50
64
56
32
21
35
48
43
37
36
41
50
49
44
33
22
12
9
19
20
17
25
54
85
90
77
81
88
74
59
55
55
53
54
59
56
51
52
57
67
67
56
41
26
17
16
13
21
28
40
51
58
66
66
69
69
53
48
56
53
38
23
22
40
58
69
80
102
113
97
70
49
48
42
24
7
16
49
81
92
90
96
108
130
120
75
48
51
57
51
27
10
10
24
34
39
48
55
39
1
-17
-10
4
24
34
37
36
36
37
43
55
70
86
89
74
64
60
55
53
54
49
40
37
36
44
70
91
98
100
102
88
65
53
59
77
96
88
73
75
87
96
97
83
66
52
54
55
40
35
33
25
28
35
41
44
49
38
16
0
2
17
26
36
36
28
26
33
43
60
71
68
70
81
99
106
90
64
56
60
54
43
43
55
80
100
98
87
77
70
69
73
70
52
49
56
55
42
32
25
27
44
57
42
19
7
13
21
24
19
2
1
13
25
33
33
29
23
9
3
9
25
43
56
52
50
56
58
57
53
43
39
40
40
49
64
52
41
56
73
70
65
66
74
81
74
72
74
75
81
71
57
54
56
56
59
69
84
82
65
66
64
35
8
5
2
2
11
19
10
6
19
40
59
40
20
20
22
19
19
28
33
21
17
37
49
48
56
56
45
44
56
69
60
51
51
57
66
68
55
39
28
28
29
29
19
10
24
35
37
53
66
55
43
40
48
50
39
29
40
57
65
67
68
60
48
40
48
57
64
53
52
64
69
59
54
61
66
38
21
27
43
53
53
58
67
75
77
69
56
56
59
50
32
32
42
48
35
27
42
44
32
21
18
17
21
18
0
-6
3
16
21
33
39
42
55
72
90
97
81
71
67
64
56
55
70
91
101
89
88
106
102
74
65
73
77
71
60
58
72
90
91
80
59
51
55
60
52
32
21
24
48
55
50
51
56
53
42
54
61
55
40
28
27
42
52
59
40
5
-6
8
20
17
6
13
23
17
8
19
39
54
55
43
34
37
52
68
70
73
90
90
61
37
34
37
40
42
50
51
43
42
41
48
55
55
42
29
22
18
17
18
4
-9
2
24
32
24
16
13
24
33
50
61
53
42
50
64
73
68
54
56
66
70
80
87
86
70
55
64
81
87
108
116
91
59
45
48
41
28
29
37
28
18
17
26
52
66
65
60
67
68
44
24
16
19
21
22
17
22
42
53
44
39
50
55
41
23
24
41
56
70
88
97
83
77
81
83
86
74
70
75
83
92
100
88
70
57
64
66
64
53
28
12
19
35
29
7
-3
6
20
28
34
37
51
54
42
34
29
25
23
23
21
23
42
67
61
33
12
17
28
39
49
48
37
34
45
65
90
119
129
128
146
160
140
113
89
74
66
55
48
40
33
32
39
54
64
42
22
28
36
26
17
5
-1
-7
-7
6
19
29
41
53
68
80
55
22
17
21
18
17
9
6
19
38
54
76
109
132
128
122
129
124
117
105
98
93
89
83
85
82
80
81
82
74
67
50
23
22
41
52
35
23
23
22
24
16
2
6
24
26
19
12
17
25
17
0
2
19
22
22
25
24
20
24
45
76
89
74
67
69
73
67
64
67
74
69
60
59
53
42
41
43
51
67
75
61
55
57
68
86
82
73
71
58
33
20
13
8
6
8
12
24
37
49
44
35
29
29
42
56
57
55
60
58
53
49
42
48
50
51
37
28
39
53
51
25
5
-2
0
4
17
38
56
54
43
48
58
68
70
75
83
73
53
38
26
35
34
18
10
11
6
7
22
37
41
41
39
44
51
43
40
53
67
65
60
68
86
97
86
82
76
76
86
82
50
23
17
10
10
21
26
21
8
3
1
1
11
33
56
70
56
38
33
28
11
-9
-20
-9
24
55
71
76
74
68
58
44
44
59
60
52
56
77
83
59
41
39
43
52
71
101
102
83
64
60
69
71
64
58
66
75
84
90
86
76
77
70
49
28
37
57
56
33
7
-5
-5
-1
-4
0
13
32
49
58
38
7
5
20
27
38
48
50
48
43
50
59
64
54
49
53
72
74
44
27
27
32
35
38
37
38
44
52
59
71
76
69
44
32
32
40
51
53
51
49
41
26
27
26
9
-6
-5
4
12
24
24
9
-8
-11
6
28
44
42
39
39
51
59
71
89
103
99
74
53
50
56
74
76
65
64
77
91
98
85
67
60
72
96
105
91
67
