-1
21
27
20
17
11
-1
-5
-5
0
11
29
50
53
42
38
33
28
33
39
55
69
76
82
76
76
87
93
101
104
116
113
87
68
59
59
57
55
53
55
66
77
85
83
66
51
53
53
37
23
20
28
42
51
40
37
58
72
49
33
56
93
116
117
105
101
107
121
122
113
100
100
114
125
129
121
119
108
93
76
66
70
80
84
81
73
73
81
71
53
43
48
53
57
55
44
29
20
24
26
24
12
1
-10
-13
-9
-3
6
5
11
33
50
52
51
45
39
37
39
39
45
44
24
3
5
25
35
38
41
51
65
67
72
90
104
104
82
61
61
82
90
73
41
24
33
53
59
52
43
42
42
36
19
0
-9
-8
-3
2
5
13
29
38
40
28
13
-5
-12
4
23
34
45
54
65
86
104
114
122
135
152
154
138
131
131
129
123
125
129
128
121
123
132
133
131
137
137
113
82
61
49
48
49
39
25
18
-2
-13
-3
25
50
49
26
8
7
24
21
0
-18
-12
4
20
28
33
28
25
23
24
28
37
37
36
42
52
51
48
50
59
76
100
119
128
105
81
70
60
50
38
35
25
21
26
22
18
23
28
12
-1
0
9
16
6
-3
-9
-20
-29
-36
-34
-33
-23
-24
-28
-21
-13
-6
10
21
24
34
38
29
27
36
45
57
58
57
57
55
55
57
67
69
56
42
50
68
77
69
60
53
44
45
50
48
41
45
58
74
89
88
74
59
56
60
60
40
23
22
29
38
37
28
24
35
49
44
35
38
39
22
21
35
42
51
51
44
41
37
36
56
80
82
74
65
56
61
72
67
65
65
66
72
71
52
28
-2
-23
-14
-6
-2
1
19
38
53
61
69
70
74
84
85
84
86
90
98
88
67
41
25
17
17
24
33
40
48
59
73
73
65
70
85
99
113
100
73
67
65
53
35
27
44
70
68
52
52
42
19
5
12
41
50
34
36
55
51
29
19
27
52
59
53
36
29
48
67
70
58
43
42
55
65
54
43
36
26
34
52
58
52
41
43
52
59
70
90
107
115
116
116
86
53
51
59
64
69
72
68
54
48
52
50
32
17
18
9
1
-3
-2
5
4
-7
-21
-22
-19
-2
11
10
16
28
41
48
40
32
43
67
74
67
59
61
65
50
39
48
58
56
53
61
85
100
98
93
91
82
82
86
87
92
92
83
69
65
65
67
55
53
64
75
81
81
56
25
10
11
17
17
16
17
35
54
66
67
51
26
21
38
50
35
26
44
65
44
19
20
35
42
49
56
60
75
92
113
122
107
75
57
57
58
70
73
60
52
48
54
56
43
32
36
57
57
28
7
3
3
2
-2
-9
-17
-17
-5
20
43
54
53
43
39
51
65
70
69
69
76
80
69
60
50
41
64
91
96
85
80
83
93
98
83
75
85
92
85
64
49
51
51
44
35
24
23
24
19
11
10
21
37
51
60
67
65
66
68
74
82
84
81
69
71
88
101
98
91
90
99
97
100
105
115
114
96
86
91
96
87
73
64
58
56
53
51
53
54
64
68
65
56
48
35
23
25
35
25
2
-4
13
35
33
24
28
39
52
60
75
98
103
90
77
68
66
72
82
89
90
84
89
108
113
104
98
99
129
149
120
86
72
72
68
51
36
24
17
20
24
18
5
6
21
32
21
-4
-21
-20
-22
-29
-28
-12
10
18
18
27
39
52
58
49
20
-8
-21
-10
13
27
36
45
56
75
76
57
36
27
40
52
42
38
42
52
58
70
70
54
41
35
25
21
39
57
50
24
7
6
7
0
-5
1
3
6
10
11
19
19
18
22
28
25
17
9
7
7
1
-2
1
2
6
21
37
34
25
25
26
24
19
21
42
68
84
96
90
84
75
65
67
86
107
99
75
73
82
83
76
74
68
56
53
54
54
64
68
58
54
52
53
50
29
8
2
1
-3
-3
6
25
49
64
67
51
42
41
49
64
72
68
55
49
40
40
54
67
70
55
45
57
64
60
54
38
29
36
37
27
17
6
7
10
13
17
24
45
73
59
18
-10
-14
-6
3
3
-6
-9
1
20
27
32
40
52
59
67
68
59
59
60
59
66
75
71
71
81
88
92
81
64
64
65
61
55
49
61
76
68
52
34
28
39
43
35
23
18
21
35
44
42
51
60
49
25
17
33
57
70
70
70
74
86
98
93
86
60
49
58
66
64
70
84
89
91
84
73
75
91
96
76
59
57
64
60
55
57
68
70
65
54
50
44
48
38
13
5
1
-1
1
2
9
32
52
66
71
59
35
9
-4
-7
-6
0
11
33
49
54
64
65
65
65
60
58
54
64
86
96
86
81
70
66
65
57
51
48
51
49
39
44
61
67
57
45
27
26
37
35
29
41
65
65
48
38
43
55
65
58
57
67
71
57
40
43
59
67
57
50
56
74
81
73
84
108
101
72
64
69
69
60
67
86
89
80
65
56
51
44
42
43
34
9
-2
-3
1
0
3
16
19
7
0
9
23
26
26
27
26
28
33
25
24
43
56
54
54
64
66
67
66
66
59
55
55
68
71
64
64
69
71
64
48
37
34
34
43
53
49
35
24
21
22
32
37
32
27
25
16
6
9
7
3
9
8
3
1
5
7
5
20
39
54
60
60
49
28
27
38
42
57
70
71
73
82
89
100
96
88
84
74
65
66
75
85
80
55
43
65
84
82
76
80
66
45
25
9
4
18
26
17
10
13
5
3
11
27
50
59
43
43
70
86
86
71
55
58
77
89
97
104
103
105
102
97
89
80
69
71
80
83
74
72
90
113
105
100
105
87
52
33
38
41
28
17
13
17
21
23
17
10
18
27
29
28
38
60
86
90
75
61
60
75
90
92
83
68
64
73
84
88
84
72
59
51
52
58
61
58
67
76
69
52
34
18
11
11
10
5
6
-1
-27
-39
-29
-28
-45
-52
-28
-6
5
8
2
-12
-33
-40
-33
-18
4
24
38
52
67
66
58
76
102
85
53
51
76
102
119
119
103
98
105
108
113
117
114
108
105
102
98
89
75
64
60
48
24
22
16
4
-4
-8
-2
4
4
8
24
41
36
9
-4
1
11
13
5
-5
-7
-2
16
41
54
51
44
13
1
12
23
26
20
21
24
29
43
76
102
97
82
61
43
48
68
74
65
52
45
44
51
56
48
45
53
49
39
27
19
19
21
11
3
7
18
37
42
28
11
9
12
23
37
35
18
9
20
50
83
100
84
50
44
72
96
89
80
67
60
68
73
65
50
41
51
64
60
51
33
28
44
54
49
27
4
-1
3
17
44
58
37
5
7
29
41
28
8
-5
0
21
36
27
18
22
40
53
64
73
82
64
42
40
50
54
53
56
55
50
64
72
68
56
44
40
36
24
21
25
40
53
55
58
68
70
58
48
57
72
54
41
44
44
35
25
19
21
28
28
27
36
39
40
48
50
53
44
36
37
43
41
33
38
61
87
81
71
73
84
103
118
109
88
70
60
77
91
91
81
65
56
55
51
41
39
40
38
28
32
24
10
0
-2
4
3
3
8
2
-3
1
9
23
32
34
36
35
37
53
75
86
80
82
92
93
85
88
99
100
91
84
86
98
92
91
99
105
112
102
88
81
75
77
80
74
55
39
41
41
25
12
19
26
27
29
35
37
22
1
-9
-6
-4
3
13
17
24
37
40
38
42
35
25
34
50
66
89
100
86
76
72
66
65
64
65
60
56
66
67
50
27
19
21
25
38
35
28
44
71
85
69
41
29
36
39
25
9
11
27
33
29
19
3
8
32
50
50
40
49
60
69
80
96
101
98
101
118
112
81
71
83
88
87
97
92
83
71
71
85
88
76
66
55
43
34
28
20
11
8
1
-19
-21
-3
-1
-10
-12
-18
-11
-1
16
33
42
38
27
29
45
66
70
60
48
40
43
43
32
19
18
21
37
49
53
57
64
64
55
51
39
26
11
-4
-9
-6
-6
-12
-14
-9
-1
8
23
35
40
27
1
-9
2
10
2
-7
1
12
24
41
59
72
65
52
57
70
60
38
35
57
60
49
40
50
65
74
80
76
74
72
72
80
88
89
83
66
54
55
66
69
65
53
51
57
70
71
69
80
81
70
55
51
41
27
25
28
28
38
53
42
33
24
22
18
4
0
11
34
39
37
44
56
35
-1
-11
1
9
22
32
28
23
19
25
49
60
56
64
74
80
75
65
50
38
39
49
50
41
40
49
56
58
44
29
23
18
17
27
42
50
55
59
65
65
59
61
64
66
73
77
83
90
86
86
96
91
86
71
56
58
66
60
60
70
87
90
68
58
70
74
76
88
97
91
84
75
77
75
73
83
98
114
120
103
77
65
59
53
40
36
42
48
32
16
16
17
13
7
7
8
9
26
48
59
53
32
27
51
67
69
66
52
33
20
19
22
24
28
39
41
33
28
38
50
48
50
42
33
25
32
41
48
42
50
54
59
56
43
43
57
61
48
25
17
26
36
45
67
80
76
71
64
60
72
81
83
81
74
66
58
44
32
24
33
40
50
44
33
26
43
67
69
57
50
55
67
72
52
23
11
18
23
28
22
6
10
27
34
20
6
17
43
57
49
26
10
5
9
24
43
65
67
68
76
81
72
68
53
36
42
67
85
73
49
28
25
26
28
29
42
53
44
21
8
6
6
10
20
28
25
17
26
40
35
-7
-37
-10
38
52
20
-1
-5
0
16
36
39
27
21
24
36
55
71
60
42
39
41
42
54
73
87
83
59
39
40
60
84
98
81
53
53
60
64
59
60
73
84
76
53
36
37
33
12
-7
-13
-6
-6
-8
-10
-14
-21
-17
-17
-12
4
18
17
20
28
33
25
13
29
45
34
25
43
71
99
99
81
80
84
90
105
113
98
87
92
93
76
58
56
71
74
70
68
73
80
77
65
48
35
18
9
4
6
13
27
19
-12
-40
-45
-37
-27
-17
-8
-4
3
10
23
39
33
3
-12
7
33
38
33
33
28
24
32
49
69
71
54
52
59
53
44
53
75
82
73
67
49
35
28
27
24
20
12
11
3
-12
-18
-3
9
8
2
-8
-21
-24
-24
-36
-46
-42
-28
-23
-25
-28
-24
-8
4
34
53
52
44
49
64
72
64
43
38
53
76
96
89
70
57
60
72
83
85
76
64
49
55
60
41
19
8
-1
-4
-3
-6
-12
-12
-6
1
3
-9
-36
-46
-38
-17
0
-1
-1
0
8
21
25
11
-1
10
48
58
48
38
37
36
35
37
40
50
64
59
41
25
22
24
26
36
48
51
55
61
70
75
57
32
26
35
42
39
32
29
26
12
2
10
32
52
58
54
45
44
56
74
81
82
92
112
124
117
96
89
106
118
120
114
107
115
131
151
166
149
123
117
117
106
96
76
65
64
69
83
84
57
40
50
64
81
90
90
88
89
88
80
58
48
54
73
84
75
71
91
101
84
74
71
76
89
90
87
92
91
75
67
81
107
135
139
123
116
121
131
129
113
100
104
121
128
117
106
108
113
101
83
68
68
74
88
91
82
66
57
50
34
29
41
54
70
84
82
71
59
49
43
50
53
59
54
45
48
44
41
39
49
65
70
71
73
72
55
32
23
40
72
90
76
51
43
57
68
59
44
39
41
39
41
52
70
102
119
104
70
42
38
50
81
88
58
34
51
80
96
97
84
64
49
53
68
83
96
108
116
112
102
90
83
77
77
84
75
58
51
59
71
73
83
87
64
49
60
76
74
57
43
41
37
19
-1
-5
3
6
1
-2
-2
2
6
6
-4
-27
-55
-56
-54
-52
-42
-28
-21
-30
-35
-30
-42
-56
-56
-56
-45
-30
-29
-29
-19
-17
-38
-60
-59
-34
-11
-10
-21
-25
-34
-38
-28
-8
0
-1
-4
-10
-19
-24
-20
-12
-17
-13
-18
-24
-13
2
13
19
7
2
3
2
1
12
39
52
32
11
18
20
10
5
7
10
17
26
42
54
54
49
48
69
81
67
58
75
90
75
58
57
71
86
83
69
71
65
50
42
38
24
11
11
25
39
39
26
29
45
60
66
57
43
28
24
36
35
21
11
4
2
16
35
43
36
32
43
44
38
37
35
19
-3
-22
-14
-2
1
2
5
-8
-28
-25
-4
9
5
-10
-29
-25
-8
-3
-6
-25
-39
-37
-42
-67
-72
-56
-36
-29
-43
-44
-23
-20
-36
-41
-23
1
7
5
10
21
37
52
51
40
38
49
55
48
40
53
70
74
72
75
65
37
19
9
7
11
23
29
39
49
61
75
70
42
26
40
55
74
90
96
81
53
37
42
53
72
92
106
112
106
108
115
113
109
118
123
113
107
114
120
133
131
116
117
123
122
108
99
101
112
114
116
121
119
113
106
102
99
101
96
87
81
80
81
71
65
73
67
34
3
-9
-2
2
-4
-3
5
10
25
37
24
5
5
21
32
40
56
67
71
74
72
71
84
101
99
90
97
99
97
96
99
120
147
155
137
114
97
103
112
105
90
81
81
89
99
106
123
130
112
87
66
54
50
45
38
34
40
57
72
76
67
60
74
96
99
97
83
61
64
70
83
115
128
112
90
91
108
107
90
87
98
90
70
67
72
74
72
86
99
117
132
122
107
90
70
56
56
61
58
41
35
41
50
39
25
19
0
-2
22
38
39
48
41
26
19
4
4
20
24
24
20
22
34
54
76
70
44
27
28
39
42
43
53
70
74
72
76
87
93
82
59
43
38
36
26
16
11
22
38
41
26
18
26
34
32
21
28
58
74
68
49
35
33
36
35
21
11
23
40
48
43
32
21
26
36
40
50
40
18
24
48
56
49
44
52
64
75
85
82
70
60
58
45
34
28
23
28
29
20
9
5
3
9
17
11
5
-1
-7
-11
-12
-8
-5
-5
-2
11
26
39
44
50
58
67
67
73
77
74
67
58
72
86
66
54
69
85
90
100
108
107
90
68
56
52
41
39
51
52
42
33
19
6
-1
-2
-6
-11
-10
-19
-28
-18
0
2
1
-4
-10
-3
17
40
45
24
2
-3
5
22
37
45
51
48
40
42
41
26
9
9
20
34
41
48
44
26
13
21
28
36
36
16
2
9
36
54
50
43
55
74
75
64
70
91
90
59
41
44
59
70
65
54
64
76
81
84
83
83
85
88
88
86
85
91
93
88
81
72
75
89
90
81
71
72
66
58
52
38
29
35
37
32
21
19
37
55
52
43
41
40
28
2
-19
-12
-8
-13
-28
-41
-40
-28
-20
-25
-27
-25
-25
-20
-6
-13
-65
-100
-93
-74
-72
-83
-85
-74
-41
-8
5
9
25
42
64
83
76
58
56
65
75
81
68
65
74
81
74
82
91
96
89
75
58
65
80
84
84
73
60
55
53
54
61
70
65
58
64
81
99
107
117
119
122
132
149
166
177
172
161
147
140
148
160
170
183
193
198
215
241
244
231
201
168
161
173
177
176
165
155
164
171
177
172
145
103
68
52
69
91
102
120
122
99
84
81
77
75
71
64
61
65
67
66
59
61
68
73
54
25
23
45
70
89
102
105
112
112
113
128
138
147
149
123
92
92
117
130
122
107
97
104
114
119
134
138
125
102
87
86
92
91
90
91
82
71
67
66
76
86
87
90
86
68
43
38
59
75
68
52
49
61
85
107
125
134
128
112
118
134
148
166
177
180
180
184
193
195
187
176
161
145
120
91
81
82
67
36
24
40
64
69
65
54
42
27
19
26
35
43
58
68
70
72
84
85
56
35
48
73
77
58
49
52
65
76
77
85
96
99
90
82
84
97
96
84
71
66
71
81
81
70
64
68
73
44
12
12
27
37
24
1
-9
4
25
39
38
32
35
45
45
48
57
70
82
84
70
64
64
55
48
39
41
51
59
70
74
65
66
72
82
92
96
90
90
96
86
68
49
37
28
19
-1
-13
-11
2
4
0
3
-10
-36
-29
-3
10
8
6
18
28
23
24
40
52
64
66
48
25
27
37
44
51
49
57
72
87
108
117
109
107
99
77
43
16
12
37
69
82
71
54
43
39
33
29
32
29
22
11
16
19
24
27
26
26
42
55
42
23
19
33
54
64
60
56
53
57
66
69
61
58
54
50
55
65
74
88
103
112
108
104
105
109
106
93
80
64
49
35
21
10
10
19
23
16
0
-20
-33
-38
-40
-51
-52
-39
-27
-24
-23
-19
-3
11
25
26
10
-4
-11
-12
-6
5
10
19
36
58
84
100
96
80
68
67
60
50
55
68
66
59
69
71
69
74
69
39
17
18
27
26
4
-21
-43
-60
-65
-60
-58
-50
-37
-23
-13
-18
-11
1
8
-3
-22
-18
-3
-7
-11
0
6
0
2
10
27
43
48
32
8
5
10
16
11
17
22
10
6
16
22
19
16
12
9
11
18
6
-5
-9
-11
-18
-34
-53
-71
-74
-69
-70
-73
-75
-71
-56
-38
-21
-11
-17
-26
-39
-36
-21
-4
18
27
24
23
27
34
28
20
21
28
34
38
40
36
32
33
41
52
57
64
70
80
81
76
72
65
55
55
59
60
50
23
3
11
40
44
26
11
24
44
55
65
80
88
84
70
69
88
97
84
68
58
67
80
88
97
107
130
145
160
160
147
139
134
131
135
130
120
114
108
116
123
121
119
121
133
140
130
123
128
130
133
137
140
140
150
146
129
116
117
120
119
117
116
109
101
104
106
100
102
103
99
102
122
141
147
146
134
118
102
84
70
71
80
69
55
51
53
64
61
52
41
38
41
52
69
66
49
55
69
69
60
65
71
68
51
28
24
34
26
4
-3
3
17
17
18
37
54
60
68
73
73
66
54
53
69
81
85
97
91
71
64
66
67
69
74
84
97
93
76
56
41
44
50
42
49
52
43
44
67
85
75
49
43
55
65
70
68
65
68
80
77
61
51
64
88
92
67
44
54
81
101
103
92
81
71
69
75
86
76
57
41
35
24
8
1
8
9
2
0
-1
1
6
7
-2
-7
2
6
-19
-42
-30
-4
17
16
-2
-6
5
17
22
17
5
6
25
39
42
50
59
67
61
56
66
75
74
60
61
74
84
77
74
81
66
52
48
25
11
24
40
41
38
43
53
56
50
36
27
42
66
65
54
54
52
50
56
71
81
91
105
112
116
109
86
73
76
82
89
89
82
80
97
116
116
115
113
102
91
84
76
76
88
103
109
117
119
105
69
39
27
21
9
-2
-7
-7
-6
4
21
21
8
0
2
11
24
22
4
-10
-9
0
3
-4
-7
-2
10
29
36
27
29
36
39
35
20
16
21
26
36
50
57
60
59
58
58
55
52
43
38
42
51
45
32
28
32
20
12
11
12
25
36
35
39
52
56
44
26
18
29
64
80
65
39
33
27
19
2
-8
-2
16
34
56
66
51
38
36
42
54
68
86
91
84
60
35
21
23
37
41
36
32
29
40
43
36
21
10
5
2
4
13
32
34
21
17
24
29
22
8
-1
-2
9
25
23
19
19
16
7
16
32
38
42
56
80
97
92
83
81
84
81
77
74
66
55
36
20
19
16
0
-17
-25
-34
-29
-14
-6
-13
-36
-42
-38
-34
-35
-42
-43
-39
-23
-4
-2
-8
-9
3
4
-12
-26
-28
-39
-49
-49
-46
-39
-43
-58
-58
-37
-11
-13
-34
-50
-45
-35
-34
-36
-29
-23
-43
-73
-86
-75
-67
-73
-76
-61
-40
-24
-20
-24
-28
-29
-29
-36
-42
-41
-24
-10
-2
5
2
-2
5
18
33
52
56
41
34
33
41
66
91
88
70
72
97
107
106
117
131
112
85
85
96
97
86
70
57
58
74
86
99
100
88
80
80
87
90
81
73
85
97
90
81
73
66
68
88
104
101
82
66
71
81
86
93
100
98
92
89
101
113
107
99
91
99
119
119
108
100
85
74
61
53
56
67
72
57
37
33
48
59
59
40
32
40
51
51
52
53
54
65
72
75
82
87
85
80
71
59
50
60
89
117
144
133
102
81
73
83
98
99
88
81
88
108
116
112
114
112
97
80
71
82
96
96
84
70
69
88
107
108
92
89
96
92
76
66
57
44
34
34
38
35
20
10
12
19
27
37
45
55
64
70
75
72
57
40
28
36
44
48
49
41
37
48
68
75
71
71
67
68
83
99
103
97
88
91
96
96
102
109
106
99
92
90
75
67
70
57
44
41
32
13
-1
-4
-3
-14
-27
-18
19
43
53
55
55
55
60
72
71
65
68
75
92
113
122
119
100
81
68
65
69
84
105
117
121
138
140
128
122
132
138
138
138
139
131
120
114
101
89
97
105
107
93
75
67
60
52
34
19
8
3
-1
-2
11
28
43
53
54
51
51
59
59
51
64
82
83
77
71
55
39
41
68
96
99
86
83
84
87
93
102
115
120
116
103
99
108
119
106
85
53
26
21
34
33
23
26
35
38
33
20
21
40
56
52
33
23
24
32
33
28
41
66
82
88
96
91
90
80
66
61
60
57
58
55
40
39
42
43
43
43
49
64
70
67
58
55
51
43
41
36
28
21
9
3
-1
1
6
11
17
22
34
38
27
22
25
26
24
24
25
25
32
36
36
41
42
44
53
69
73
67
50
33
36
38
36
22
8
12
29
53
65
60
66
72
61
51
41
38
42
43
34
23
28
40
43
40
44
55
67
74
88
97
100
103
86
60
54
55
53
55
56
61
71
83
98
98
82
51
25
32
49
57
56
54
49
44
27
-8
-18
5
19
16
-2
-11
-6
5
9
2
-17
-23
-5
18
35
34
8
-12
-18
-8
-2
-9
-25
-29
-20
-10
-28
-45
-44
-41
-43
-53
-55
-50
-41
-49
-50
-35
-26
-28
-34
-39
-43
-52
-53
-37
-22
-14
-12
-3
1
0
0
4
19
34
32
6
-4
1
11
11
0
-1
8
17
26
36
33
19
20
36
56
67
70
73
75
82
81
80
77
83
97
107
105
100
105
106
103
90
75
81
89
86
74
75
84
90
101
103
105
108
102
97
103
119
120
103
97
105
112
101
100
103
89
84
83
85
91
103
109
107
103
100
98
104
117
122
122
123
123
115
100
97
104
104
99
92
83
72
72
72
41
10
18
37
42
38
42
52
56
59
67
56
42
38
39
36
33
37
33
26
28
36
33
22
24
38
48
44
50
70
75
73
76
80
76
73
68
56
49
50
49
44
57
77
86
87
82
75
86
98
100
109
128
132
131
124
118
108
100
87
81
74
66
58
57
64
52
20
-3
3
16
12
12
25
26
25
40
57
65
58
50
40
29
37
67
89
81
48
21
33
40
22
3
-4
3
23
41
41
39
52
73
85
77
70
64
56
66
82
90
83
59
38
32
35
35
36
28
19
16
6
6
3
-14
-25
-17
-3
6
3
-5
-3
6
19
26
19
12
28
53
65
72
67
54
58
71
71
75
81
81
77
76
66
64
70
77
74
74
86
103
105
91
68
60
72
66
54
56
61
52
40
28
33
39
32
22
20
5
-8
-17
-20
-9
-2
4
13
25
50
70
75
70
61
68
85
98
88
81
92
115
116
104
105
120
119
108
104
106
96
75
70
85
100
104
109
123
122
107
113
121
118
107
118
136
128
96
58
52
68
74
71
59
56
64
73
83
88
80
55
39
38
33
26
21
16
8
12
27
36
33
20
27
45
37
20
19
21
24
35
43
50
53
71
89
90
73
64
54
38
24
24
27
33
23
18
16
10
16
19
12
8
10
25
29
20
12
18
18
7
0
-5
-7
-3
-5
-8
-7
-12
-24
-24
-22
-13
-3
8
17
32
39
38
38
38
40
48
65
87
102
106
93
80
73
80
70
65
77
96
98
81
56
35
26
32
28
23
13
0
-8
-7
-19
-28
-18
3
10
10
3
-4
3
18
23
25
26
27
28
43
42
21
10
19
17
21
40
60
65
48
44
61
76
72
58
54
55
65
74
83
97
103
93
60
23
8
25
37
20
-2
-24
-28
-21
-4
8
8
-5
-12
-4
11
2
-12
-21
-24
-13
8
35
43
42
48
50
56
60
72
80
58
40
41
56
60
65
67
61
53
35
13
12
17
10
18
29
34
36
39
43
49
43
38
37
32
16
19
35
27
0
-26
