68
52
49
58
69
65
43
26
29
41
49
35
28
39
34
20
8
3
6
12
11
4
-2
-10
-10
3
24
34
40
42
40
35
28
38
51
52
49
48
44
48
66
91
97
96
100
106
107
99
92
82
72
61
44
32
23
28
37
42
50
48
41
42
42
43
36
18
16
37
54
52
41
28
9
2
11
25
29
49
66
57
35
21
32
55
77
82
64
44
42
52
64
72
87
102
114
117
113
107
106
101
89
69
51
39
33
34
38
39
36
26
18
12
22
18
-2
-11
-8
-4
6
21
23
17
9
18
24
39
36
17
8
17
28
41
55
68
68
53
43
50
64
67
56
58
69
77
91
112
117
99
84
88
96
89
84
83
73
70
74
68
57
68
83
88
75
58
56
65
66
51
33
32
44
56
40
12
-1
0
17
41
52
41
34
26
20
23
38
51
49
43
48
65
86
105
115
114
104
88
88
101
87
67
55
54
52
52
56
59
56
56
69
73
69
57
50
52
50
37
23
16
9
10
16
20
20
19
28
41
33
22
23
26
25
26
28
27
24
32
45
48
52
66
74
80
82
77
81
87
83
74
69
65
58
49
33
22
36
64
64
34
8
23
50
53
29
8
12
25
42
44
40
45
45
36
32
41
49
48
45
49
50
51
50
57
70
75
76
73
76
74
66
58
51
42
38
37
34
27
34
43
44
38
34
40
57
68
65
53
50
44
36
26
20
12
9
10
17
25
38
56
80
92
85
67
55
57
53
40
38
55
70
65
45
41
50
61
67
74
76
67
68
77
71
58
66
69
68
65
49
34
27
26
28
21
4
-7
-9
-6
2
-1
-8
1
25
41
25
0
8
29
27
17
6
4
22
52
69
57
42
37
29
39
69
88
92
88
90
101
115
119
115
117
128
121
117
113
101
89
81
74
82
90
90
85
70
56
48
39
45
41
28
24
20
19
25
33
36
26
24
40
56
55
40
34
35
33
39
44
48
53
70
91
97
86
85
92
96
92
91
101
91
75
71
68
58
55
59
65
68
70
70
69
58
43
32
28
40
54
42
17
-3
-14
-13
-10
-23
-42
-53
-44
-17
0
16
38
28
10
12
17
11
9
7
16
35
59
74
73
52
42
55
69
71
58
53
59
70
74
69
57
54
71
98
102
88
73
65
59
52
41
25
17
8
-1
-6
4
18
23
40
54
41
34
40
58
82
80
54
43
57
69
67
60
72
90
104
120
122
106
85
72
67
73
85
99
105
108
97
72
65
73
73
39
8
-1
-3
-9
-25
-40
-30
-9
4
8
1
0
0
-3
-5
-2
1
7
17
25
22
8
17
36
49
52
64
71
66
53
51
59
70
73
80
85
90
96
91
90
102
99
85
86
92
91
88
81
76
83
86
88
87
86
71
55
41
33
34
27
13
6
16
28
27
9
4
9
4
-4
-11
-9
2
10
23
33
27
22
33
49
61
68
71
72
65
59
53
42
50
60
52
50
65
74
73
66
59
67
65
57
58
65
69
66
56
55
59
51
38
44
64
71
65
64
56
40
34
48
56
54
56
64
66
56
48
52
52
43
45
51
50
38
26
21
24
40
54
55
48
35
33
40
44
40
42
58
56
48
44
48
26
2
4
21
41
50
35
25
33
48
69
69
42
23
24
48
73
84
76
65
66
72
58
34
26
42
51
48
39
34
39
44
58
81
87
90
101
96
88
87
83
66
55
66
88
108
113
105
98
101
122
141
136
128
120
106
91
76
68
65
65
56
42
38
49
48
37
39
44
33
20
32
50
43
20
7
21
38
40
34
32
40
56
53
42
42
49
56
59
67
70
66
59
65
66
76
76
50
22
11
20
33
32
25
24
19
21
41
67
57
36
20
5
6
9
8
10
12
23
39
39
32
27
25
12
6
9
28
52
49
27
20
39
56
52
38
26
28
45
56
57
60
58
55
50
38
29
39
53
59
57
52
57
67
48
32
50
83
86
71
70
67
44
38
44
49
54
71
81
67
40
23
27
43
49
48
52
58
72
85
74
53
38
12
-7
-8
5
23
26
20
24
42
54
75
96
92
81
66
54
56
67
82
92
91
83
65
43
29
35
49
53
43
24
4
9
27
28
18
12
32
48
48
38
34
33
23
18
28
52
52
38
37
45
52
48
49
44
39
49
55
64
71
80
86
80
71
82
97
86
66
54
56
71
83
68
40
24
23
38
44
44
34
10
-20
-45
-55
-44
-27
-11
8
24
33
39
45
49
39
23
27
37
28
24
38
55
59
60
59
58
64
77
97
89
70
71
96
102
103
100
91
104
115
107
96
74
51
43
50
51
34
16
8
19
26
17
0
6
19
18
9
12
16
22
37
32
22
34
44
52
59
75
91
91
76
64
65
70
72
72
81
80
72
75
82
91
90
72
56
52
59
66
57
49
51
57
57
42
18
3
-1
2
3
-6
-27
-51
-60
-46
-27
-13
-11
-11
-3
-8
-25
-22
2
27
41
28
8
4
16
27
41
52
53
55
57
59
76
103
115
117
128
138
144
161
154
140
138
121
97
80
56
39
28
27
22
11
18
37
53
44
21
11
16
9
11
32
43
26
-2
-9
5
22
26
9
8
51
76
68
53
51
57
58
53
28
23
42
59
64
64
66
69
72
84
107
123
131
137
155
162
146
130
122
112
92
74
65
60
48
48
70
87
80
53
28
21
18
7
5
11
20
25
34
33
38
38
32
26
34
39
37
26
18
16
16
33
43
38
26
20
28
39
42
48
39
41
58
82
102
96
65
36
22
28
44
48
40
44
49
57
74
93
100
98
83
67
65
66
66
61
48
36
36
43
57
55
43
49
66
72
56
39
34
40
55
57
39
32
51
71
70
54
41
33
36
49
41
25
22
29
26
13
-3
-22
-34
-37
-37
-40
-35
-27
-17
2
8
8
9
20
34
42
51
53
52
60
70
67
60
64
69
66
44
33
40
60
69
67
55
41
34
38
54
64
68
83
89
70
43
34
43
43
24
1
-2
11
25
27
24
17
17
28
36
36
42
64
68
53
36
40
54
68
80
82
81
76
75
80
81
71
58
58
59
57
57
67
86
116
128
103
58
34
41
57
58
42
25
24
41
55
64
58
57
60
65
55
34
13
8
12
7
-3
0
17
22
5
-21
-20
4
24
23
11
8
8
8
21
52
56
28
9
16
34
51
65
74
73
72
76
74
72
71
64
66
74
92
101
90
80
75
81
71
37
26
43
55
51
38
37
49
51
38
26
26
36
42
39
36
40
43
44
53
53
41
40
39
24
20
25
41
54
68
87
86
58
39
49
65
60
55
59
69
87
101
91
74
73
84
85
74
56
41
56
80
81
64
48
55
72
54
19
6
20
29
12
-3
-9
-11
-1
7
10
25
37
26
24
33
28
27
40
51
54
51
38
33
37
48
54
58
76
88
88
89
82
74
77
81
81
85
97
108
118
107
88
81
74
65
44
22
13
7
3
10
17
12
9
5
-4
-5
4
16
16
17
32
56
64
34
5
4
28
55
54
37
35
51
82
102
105
108
117
112
90
73
67
66
59
50
49
53
42
34
35
44
45
26
12
5
12
25
27
21
5
-6
-1
23
39
26
12
20
27
25
25
33
44
65
81
82
72
71
86
92
87
80
82
91
103
115
116
107
106
109
101
91
98
108
120
115
81
44
21
9
9
13
20
18
8
3
4
9
7
-1
-1
20
48
49
37
33
39
52
58
53
44
29
25
38
51
56
64
60
44
37
38
45
56
67
69
76
83
69
65
85
92
72
50
42
55
74
81
69
60
67
77
84
76
72
84
82
60
42
34
34
28
22
22
34
42
42
38
38
45
50
42
42
48
54
64
56
51
52
65
72
66
45
40
54
67
71
67
53
41
41
54
57
65
75
72
68
77
86
81
55
23
21
45
66
51
26
20
22
21
22
32
39
37
33
21
-3
-11
-6
-10
-18
-19
-19
-8
-1
4
8
19
39
54
52
38
33
44
58
58
53
45
45
49
40
41
44
29
10
12
25
38
42
48
54
57
54
53
58
54
41
27
24
27
23
21
37
48
52
64
74
72
66
69
82
80
75
71
57
48
56
73
87
84
76
86
101
102
91
80
68
55
59
75
86
85
81
74
86
117
121
104
93
96
103
105
100
92
90
80
52
33
21
17
13
5
3
11
18
23
29
26
25
39
42
32
21
16
18
24
25
16
2
10
22
16
21
40
42
26
9
5
11
17
20
23
17
16
32
56
85
96
66
40
35
43
52
55
55
57
57
57
52
44
42
51
59
61
41
23
29
43
40
32
34
41
41
40
49
68
75
57
36
25
32
40
50
55
58
71
73
66
65
57
56
64
72
80
77
75
81
80
73
81
97
107
99
83
80
80
64
51
42
44
58
65
51
27
10
12
22
26
27
22
21
26
34
42
33
17
22
34
34
34
35
42
65
81
98
120
104
77
74
90
102
102
83
57
56
74
92
97
87
75
80
87
89
81
70
59
43
35
41
41
26
4
-11
-12
-7
0
7
3
-10
-12
0
6
7
12
38
56
41
27
40
44
36
33
28
25
28
41
58
75
101
122
122
115
99
66
55
67
71
68
68
71
76
76
72
73
80
80
67
53
40
43
51
38
34
40
50
45
35
16
1
2
9
9
16
35
38
16
0
-1
-3
-3
11
36
48
50
52
54
55
50
53
58
56
54
53
61
72
76
86
76
65
67
87
100
93
83
76
75
61
41
37
34
25
26
22
7
7
23
35
37
40
36
34
34
38
43
43
44
54
66
56
35
22
28
34
29
32
41
55
44
28
36
58
80
86
67
58
73
98
117
130
133
134
133
138
139
137
124
104
87
82
88
87
82
61
40
34
42
41
23
6
-5
-18
-26
-25
-19
-8
-7
-12
-17
-7
8
26
49
54
38
23
23
17
12
26
38
36
33
38
58
86
99
98
92
68
52
64
76
69
38
10
6
11
9
-1
-7
-4
5
18
24
19
8
9
17
21
17
7
6
7
10
9
4
0
12
42
60
69
67
75
98
107
103
99
89
83
85
75
83
104
116
108
90
67
60
76
89
105
108
87
67
61
64
56
49
51
58
69
61
53
50
34
12
10
25
38
48
42
36
32
42
51
45
36
39
48
48
41
44
55
65
70
83
88
82
72
67
70
80
92
103
100
88
84
90
91
83
73
73
81
80
69
55
33
6
-6
-8
-8
-10
-20
-20
-18
-23
-21
-20
-22
-26
-26
-23
-24
-22
-4
19
28
26
26
39
52
55
60
73
61
52
60
70
74
72
74
83
83
83
91
98
100
105
116
113
97
89
92
97
82
70
71
72
75
77
68
61
67
71
68
48
-2
-44
-44
-37
-43
-58
-56
-37
-20
-17
-25
-39
-35
-20
-25
-27
-22
-21
-18
-5
2
10
32
48
56
67
68
67
67
72
69
50
38
50
56
43
42
59
70
70
69
68
73
74
55
32
16
12
12
10
11
6
-10
-35
-42
-34
-19
1
18
22
24
22
25
34
10
-9
2
34
69
86
86
89
91
99
114
130
121
97
85
89
91
80
57
51
55
60
73
89
104
91
61
52
52
44
32
22
28
20
2
5
22
40
55
67
87
113
109
88
74
71
68
59
44
34
38
56
74
85
88
83
71
66
67
65
70
85
98
92
74
65
70
88
106
101
59
23
24
37
32
10
2
8
21
29
38
43
40
43
51
45
35
26
20
19
25
22
12
10
19
27
38
60
72
64
59
80
99
100
88
86
96
99
93
83
70
71
75
76
74
70
67
58
48
37
53
77
89
85
70
54
37
25
33
41
37
32
38
38
24
11
16
37
53
50
27
7
0
0
-1
-6
-3
16
34
37
36
26
32
48
66
75
65
49
39
44
50
42
33
28
26
23
19
25
27
25
34
44
38
12
3
6
10
19
34
49
49
53
60
76
76
67
59
54
52
53
41
32
39
56
60
43
28
32
52
71
68
71
97
101
75
51
33
24
23
20
19
25
29
32
29
29
24
10
5
-8
-23
-21
-4
22
37
39
38
51
81
101
99
86
73
73
83
100
109
103
93
92
98
96
91
99
96
89
89
87
84
76
82
85
83
72
68
68
61
57
59
72
86
85
83
86
86
86
89
71
51
54
72
72
50
23
21
39
37
23
12
18
26
33
39
41
39
54
65
45
33
35
41
51
59
51
43
40
37
38
52
71
83
85
82
75
69
67
71
89
99
96
100
113
123
124
117
114
128
133
120
108
108
109
101
84
70
68
69
56
52
55
54
43
28
12
3
-4
-11
-14
-17
-14
-11
-12
-24
-35
-17
3
4
-5
-6
5
26
38
35
20
10
12
16
11
9
20
41
64
73
76
54
28
28
40
43
37
28
27
44
65
71
70
74
83
77
52
33
28
39
56
57
41
36
42
56
66
67
73
75
80
87
82
69
59
52
44
42
39
33
34
24
9
0
0
3
1
-1
6
13
20
17
16
28
40
42
50
50
41
43
39
25
26
48
65
71
74
60
44
32
27
40
50
52
43
34
39
44
42
38
39
42
44
53
64
64
61
64
55
57
61
55
41
29
25
24
21
21
21
27
41
43
23
6
3
9
20
33
44
49
40
26
26
36
52
66
72
72
77
90
96
80
64
73
88
85
76
81
88
88
75
80
97
99
100
101
86
65
51
40
28
27
37
51
57
59
55
49
54
56
56
49
17
-9
-7
16
13
-9
-30
-27
-3
20
37
49
41
23
10
12
28
52
58
48
37
41
51
58
66
67
73
73
57
50
54
52
41
38
39
37
40
60
72
75
81
98
108
104
83
56
51
57
54
34
20
28
40
40
36
23
21
39
64
59
36
32
44
50
36
17
5
4
3
4
19
38
51
66
72
49
25
17
26
34
27
34
42
53
57
56
61
77
91
77
64
53
43
34
23
23
36
37
24
17
29
49
54
66
70
52
36
37
37
19
4
3
6
8
19
27
34
37
40
43
45
52
57
43
20
4
7
13
18
21
23
21
28
43
39
32
36
54
75
85
65
42
41
51
65
77
74
56
51
55
54
41
35
45
61
64
67
66
54
51
42
26
19
26
39
43
38
37
45
44
33
21
33
49
51
34
25
35
39
48
53
43
41
56
75
82
65
55
68
74
72
70
65
56
51
52
60
54
43
41
43
53
65
72
81
74
54
32
29
50
44
19
5
18
28
34
29
28
37
50
69
89
86
55
37
49
50
41
38
38
36
53
77
89
91
89
83
75
80
86
90
90
88
101
118
130
131
130
135
120
98
91
89
74
53
45
57
48
27
33
43
51
37
3
-14
-12
-9
-10
-8
-5
-3
-3
0
5
-1
-4
12
37
48
33
22
35
55
61
58
50
44
51
58
70
81
84
83
89
99
99
100
99
90
85
86
97
87
77
74
72
64
61
67
58
35
8
5
23
32
24
21
23
35
54
71
81
73
57
50
53
57
66
56
44
44
50
67
80
66
54
55
51
42
37
38
53
68
73
82
91
92
74
56
67
86
74
48
37
44
51
53
60
68
65
53
42
36
17
-2
-4
3
-1
-18
-38
-43
-25
-18
-17
-14
-11
-10
-4
19
39
41
52
55
48
43
48
58
69
83
99
102
92
89
101
106
101
85
72
81
98
105
115
105
68
49
68
67
50
37
33
32
29
27
27
16
4
6
9
19
25
25
29
29
27
35
45
50
33
7
0
19
44
52
42
37
44
53
69
97
135
156
132
96
80
81
90
89
87
74
71
84
99
101
92
76
64
51
37
29
35
35
37
43
39
20
4
1
7
8
7
13
33
27
11
0
-7
-6
-10
-19
-21
-7
21
42
51
54
60
76
92
88
80
84
91
98
116
132
138
139
132
120
121
130
120
91
72
68
74
69
49
37
37
21
-2
-14
-19
-12
-6
2
12
25
34
23
6
6
21
27
12
5
6
18
24
25
40
53
57
51
55
67
68
48
13
1
16
43
60
72
84
88
89
89
96
89
82
69
59
52
38
21
2
-6
-4
5
8
-2
-18
-22
-22
-18
-11
-19
-21
-4
5
8
-1
-17
-11
-6
-2
24
54
57
48
49
67
83
85
75
68
65
67
76
92
120
137
134
120
113
106
104
103
105
119
128
120
114
101
90
81
59
57
82
68
34
16
16
12
16
18
25
41
43
32
19
19
25
24
5
-14
-25
-11
16
29
35
39
43
43
42
40
42
42
38
40
51
59
41
25
54
88
85
58
54
68
84
100
112
112
103
90
81
77
70
59
53
48
41
27
8
0
1
7
12
12
10
3
-6
-4
18
25
16
11
16
6
0
7
24
27
25
32
40
56
68
65
65
64
54
52
54
56
55
64
70
67
64
67
70
74
84
86
76
70
70
70
65
56
51
45
38
32
33
37
33
34
41
36
33
41
64
70
53
40
40
38
38
35
28
28
41
68
87
89
82
76
82
93
106
98
74
57
48
50
48
42
60
80
70
67
70
60
41
22
7
2
2
8
21
33
36
24
20
38
54
50
36
23
17
23
33
36
41
51
50
49
44
44
49
56
65
68
82
100
102
101
103
98
76
58
51
59
70
70
80
89
98
105
109
106
100
93
90
97
106
102
72
50
34
27
28
26
23
22
20
32
45
64
75
55
28
13
16
20
32
39
34
28
32
39
41
40
49
54
55
60
65
58
60
73
69
53
55
75
91
97
98
101
102
90
73
72
70
60
53
64
71
59
37
26
23
21
13
6
6
-2
-5
2
12
28
24
10
5
13
24
23
12
2
-6
-8
-1
4
-8
-4
16
37
55
70
75
70
60
66
70
69
71
72
73
81
104
121
120
108
105
113
120
120
114
92
73
65
50
20
5
9
20
11
-5
-12
-2
8
-2
-26
-44
-35
-8
-9
-27
-38
-37
-25
-5
13
23
32
45
59
52
44
53
67
69
59
52
44
51
54
56
65
82
104
101
80
67
75
87
89
88
81
70
68
75
89
81
51
21
6
8
22
27
22
23
35
41
39
38
56
51
10
-17
-12
1
13
17
10
18
41
58
65
73
88
86
70
52
42
56
61
56
49
41
45
59
73
72
75
84
87
82
65
53
57
70
72
73
71
67
71
83
97
98
81
54
41
43
50
51
49
35
22
24
34
43
39
36
55
64
68
74
73
56
40
27
19
9
1
4
23
42
51
52
44
44
39
21
13
22
38
34
21
32
55
69
52
27
25
33
21
13
28
44
58
67
68
66
57
56
67
69
77
96
103
100
96
89
75
60
60
81
90
92
96
98
99
98
82
57
44
43
53
56
51
50
56
57
55
51
54
61
57
41
8
-19
-21
-5
3
1
-12
-18
-9
0
-1
-8
-8
0
13
29
37
34
26
35
56
72
70
60
64
67
71
65
58
66
86
96
96
92
87
84
85
86
86
99
104
99
100
98
86
84
83
58
34
21
12
4
-4
-6
-9
-6
4
17
21
16
2
-10
-18
-9
1
10
28
34
26
28
36
38
40
50
68
70
52
48
59
80
91
83
57
42
53
83
101
105
113
118
115
102
91
91
99
104
104
92
76
60
52
49
56
66
55
36
11
-7
-20
-17
-9
-8
-9
-12
-9
-2
-1
1
9
17
-1
-25
-44
-50
-34
0
25
27
25
29
41
65
81
71
56
51
51
52
51
59
76
97
112
105
96
84
71
64
53
44
50
65
70
68
59
57
55
44
38
25
5
-6
-10
-5
5
10
11
12
20
23
24
29
51
61
50
53
85
104
85
45
32
44
57
72
105
121
104
67
49
57
71
73
70
74
96
118
123
108
90
76
59
44
56
76
89
87
69
52
60
61
52
49
40
24
7
2
19
34
25
6
4
13
27
48
56
43
21
4
12
42
64
58
44
39
48
58
70
66
53
32
26
36
50
71
86
85
71
66
84
97
92
90
92
97
87
67
54
59
72
71
76
86
84
68
50
57
68
55
34
25
25
20
13
11
19
6
-7
-21
-34
-34
-23
-9
19
43
59
75
86
75
57
43
40
38
36
35
39
54
70
73
77
92
97
89
80
74
74
72
69
65
67
84
92
86
75
72
73
74
74
67
44
26
19
16
24
34
34
26
29
45
54
53
64
59
49
48
53
43
35
33
28
27
33
44
65
72
66
61
53
40
38
45
55
58
52
51
68
84
73
52
42
53
69
60
34
22
28
34
35
22
6
11
34
40
27
9
2
7
24
43
45
40
51
51
34
24
33
42
40
23
10
8
21
44
53
54
55
56
70
83
67
42
35
40
42
34
35
50
55
49
41
42
43
42
35
28
28
24
25
26
24
17
5
-11
-23
-24
-12
19
36
27
24
38
55
53
42
35
33
32
27
24
34
59
97
129
129
89
50
49
73
89
83
64
65
96
125
150
151
132
115
105
83
56
54
67
73
59
42
34
39
50
51
57
60
55
43
34
17
10
18
20
11
6
10
19
21
17
23
45
68
49
11
0
7
25
36
36
34
42
42
38
41
54
65
54
36
29
27
25
24
23
25
21
19
24
27
33
32
34
50
53
36
20
20
20
11
6
10
23
37
35
22
12
7
16
38
57
55
48
45
55
70
85
87
75
66
74
96
98
82
74
71
48
22
20
28
36
32
20
21
34
37
20
7
6
19
33
41
40
40
38
35
27
20
12
10
11
24
40
36
22
23
40
49
37
19
12
28
53
58
51
44
42
43
49
60
76
75
67
70
98
115
116
99
89
90
74
56
59
80
97
103
87
56
42
51
58
52
28
8
6
19
36
55
74
76
66
52
48
49
58
60
59
69
88
90
74
56
49
49
45
41
35
37
35
24
22
36
54
57
51
45
55
57
49
34
22
27
48
65
59
40
41
57
69
75
64
41
44
54
59
68
67
69
80
88
92
99
97
91
75
56
44
48
48
53
58
55
51
58
69
65
52
42
44
51
52
50
45
50
56
59
65
66
67
73
84
72
55
44
50
56
59
70
88
98
92
89
90
83
66
53
51
48
42
51
65
75
83
84
68
50
52
66
71
56
32
26
27
25
21
21
21
32
42
57
66
60
29
-2
-7
-3
2
16
32
43
54
65
58
43
43
65
80
69
51
40
35
32
18
5
9
23
37
42
48
51
54
60
44
24
19
26
37
44
56
57
52
41
26
23
27
42
56
64
67
74
81
74
74
84
92
85
69
64
68
65
69
82
84
74
59
44
38
42
44
28
19
17
9
8
20
28
38
37
29
24
20
10
12
22
33
41
39
32
34
39
50
55
41
26
16
18
33
34
33
43
55
57
53
48
48
57
76
83
73
67
57
52
43
25
17
10
11
12
21
35
44
43
45
54
51
53
42
42
52
54
43
32
18
20
39
64
71
64
53
50
58
70
66
54
44
44
53
72
87
93
97
105
116
114
102
92
87
83
71
59
60
56
51
41
23
3
-4
5
26
36
38
41
43
43
40
36
34
33
37
45
59
69
67
54
40
32
26
39
51
48
48
49
49
48
42
36
35
33
38
51
55
45
35
36
41
50
57
64
59
57
60
65
59
48
33
32
39
43
40
43
35
24
21
18
10
5
6
2
-1
4
17
12
2
5
27
48
56
65
71
71
69
69
66
54
43
25
16
19
21
24
40
61
74
59
32
21
33
43
42
41
42
49
50
53
70
77
75
66
52
44
58
82
86
88
87
74
75
85
89
87
64
39
44
73
97
92
75
60
65
77
92
98
76
57
40
39
51
57
53
39
18
0
-6
2
11
9
6
12
34
51
61
60
40
21
20
27
28
6
-14
-17
-6
8
33
53
64
65
40
18
22
41
49
32
5
1
13
28
29
24
33
66
96
92
87
91
96
98
108
116
107
99
107
104
98
100
90
72
67
61
54
59
70
69
56
28
9
6
8
6
9
11
5
3
10
24
28
32
48
61
60
58
