-21
-8
-1
7
16
28
48
53
57
73
75
81
87
91
99
107
109
109
112
116
133
136
117
93
82
74
71
61
41
24
20
13
10
2
-2
1
1
7
17
17
16
20
20
25
51
76
84
65
41
27
29
38
36
27
23
23
27
36
34
24
27
36
49
66
66
59
71
88
84
71
65
67
65
58
66
84
76
53
34
28
34
37
40
42
40
44
48
29
16
23
40
41
27
7
2
13
34
34
18
13
33
49
58
64
51
48
55
61
55
53
65
69
58
48
49
51
52
39
24
27
49
56
56
58
59
58
61
59
58
56
51
50
54
55
53
54
59
66
53
35
35
49
54
50
45
41
39
48
55
48
29
19
11
24
42
49
48
48
48
45
43
48
44
45
52
44
27
18
25
35
35
33
32
32
42
56
65
60
53
52
60
69
69
66
69
70
69
59
67
77
87
92
93
96
98
97
91
101
90
64
55
71
83
68
39
33
50
59
56
48
40
38
35
40
58
74
83
87
91
89
76
64
54
48
40
36
35
44
60
52
22
3
7
26
44
43
38
39
50
60
58
45
43
50
45
36
34
34
26
19
24
28
24
25
40
58
69
61
55
57
68
67
57
37
24
27
36
36
34
29
17
-7
-25
-18
4
17
23
35
45
59
72
84
98
106
101
101
108
104
96
89
90
90
75
60
54
50
52
55
56
54
57
59
55
58
70
80
75
71
72
69
58
51
51
56
58
39
17
6
17
23
20
9
12
34
45
55
56
41
40
45
38
32
32
37
38
41
42
44
48
51
59
73
86
90
98
109
106
87
70
68
74
73
64
58
69
71
65
60
74
89
83
67
55
51
44
32
9
-8
-17
-6
10
17
19
20
17
13
23
33
25
26
37
40
33
27
28
39
65
74
69
58
53
58
68
74
83
89
105
112
96
76
80
90
88
70
57
60
73
85
97
106
96
73
54
39
28
7
-26
-52
-46
-21
6
16
1
-21
-29
-19
17
41
52
56
55
59
64
52
40
37
23
16
21
32
38
49
61
73
88
101
91
72
60
50
41
43
60
72
75
70
66
71
82
89
91
86
77
58
34
10
5
12
10
7
8
10
11
6
-1
-3
3
11
19
27
37
39
38
28
28
40
54
66
70
72
77
84
89
91
89
86
92
96
82
82
88
80
53
37
34
39
41
32
17
10
12
19
22
28
41
54
51
26
8
10
21
21
5
-11
-4
26
50
42
32
34
50
59
55
54
56
52
56
60
57
42
24
19
33
51
65
74
70
60
66
87
102
96
91
101
99
86
88
96
88
76
65
61
72
76
68
53
45
45
43
37
40
44
22
-1
-3
2
11
22
24
18
20
21
21
27
25
12
18
21
19
25
35
36
38
43
42
42
66
76
61
56
68
77
81
75
76
76
67
65
67
60
53
43
42
52
69
66
50
43
44
49
53
56
54
53
53
57
57
52
44
41
34
25
24
32
32
29
39
50
55
57
65
81
85
82
72
60
57
52
48
42
37
39
48
54
61
68
66
53
34
25
20
10
11
21
20
18
29
56
68
60
56
67
80
72
54
52
56
70
82
85
86
81
72
71
74
74
71
72
73
53
20
4
20
35
41
42
48
48
51
69
80
64
40
27
25
26
26
35
40
29
20
24
36
59
75
77
74
74
69
59
59
75
65
36
20
24
27
25
33
49
54
44
27
21
27
35
33
26
28
49
70
76
66
43
25
16
19
16
12
18
19
13
20
33
34
27
28
27
11
5
16
39
64
60
38
25
27
32
38
48
59
69
56
53
67
77
85
92
89
82
71
60
52
36
12
3
9
25
32
22
5
1
12
25
36
44
50
55
56
55
48
29
19
19
25
27
26
21
19
22
22
24
25
25
25
28
49
67
87
99
80
43
40
58
74
69
53
52
58
60
57
64
76
86
76
56
44
50
51
60
73
90
101
83
57
49
49
49
55
59
59
53
51
54
53
41
22
17
36
56
54
50
45
43
40
41
44
57
64
53
35
33
35
34
26
24
32
38
44
58
73
76
75
71
59
57
68
73
56
42
51
68
77
69
48
32
40
54
55
52
40
26
11
-4
-7
7
22
17
9
5
7
21
32
32
26
26
38
48
50
55
43
21
20
34
34
19
7
16
40
66
72
68
69
73
64
52
51
54
67
76
73
53
48
59
71
84
91
93
87
76
76
90
92
83
67
58
56
52
44
39
33
23
18
20
28
32
29
26
21
12
17
23
17
8
9
4
0
10
34
48
39
33
32
25
16
9
9
23
45
69
88
100
93
75
70
89
107
106
85
72
67
59
59
45
19
1
-1
6
7
2
6
17
23
28
38
37
23
10
9
9
2
5
20
34
40
50
60
71
87
89
91
100
98
90
83
70
59
51
51
68
82
83
77
83
85
84
83
84
70
64
76
83
53
20
12
23
38
49
53
54
57
59
69
73
74
76
72
68
69
82
98
99
91
90
87
87
80
68
72
83
77
66
59
58
51
41
29
22
21
18
25
33
27
20
11
7
13
26
27
18
16
29
43
50
55
51
49
42
20
4
4
8
24
42
42
44
44
27
16
10
3
11
41
48
28
12
10
29
41
38
40
48
67
89
89
92
101
103
97
81
60
38
25
27
42
52
44
45
45
37
27
27
32
38
43
49
43
36
35
38
53
71
82
71
49
42
55
57
59
75
101
102
83
75
84
97
114
125
121
100
76
73
71
65
52
37
33
35
44
53
60
68
68
72
86
105
115
108
93
89
97
101
93
83
73
72
70
59
50
41
33
35
44
50
38
25
22
25
27
39
57
75
67
44
36
36
34
34
44
65
67
69
77
70
49
42
59
68
56
50
54
66
71
67
61
56
44
38
48
64
71
64
48
38
36
27
9
-11
-22
-19
-10
10
33
34
24
23
35
48
43
40
48
53
49
37
26
10
-5
-19
-12
9
34
49
68
81
81
72
65
60
71
67
52
49
57
57
43
29
21
13
10
17
27
37
37
39
53
58
40
22
20
26
26
11
-1
-2
11
19
20
24
34
34
38
52
51
38
35
36
42
59
82
92
100
103
102
97
91
92
84
54
35
28
28
28
44
60
57
58
70
87
99
97
85
61
35
27
48
57
42
20
18
33
49
52
41
37
40
54
60
53
40
40
42
48
51
50
48
42
39
36
36
34
27
18
22
38
51
54
52
43
33
21
32
50
45
40
39
44
57
74
76
66
44
23
16
19
26
28
22
9
16
34
44
48
44
48
55
68
76
83
86
87
88
85
84
77
82
82
60
48
59
80
93
85
59
53
69
85
81
54
43
53
64
67
60
55
56
54
48
51
56
57
53
49
40
44
59
65
41
13
6
10
22
19
5
3
10
34
56
70
68
60
58
55
54
56
56
54
57
65
72
76
75
73
72
70
73
80
75
73
74
74
77
82
72
54
28
6
-4
-2
-1
-3
-5
-6
-6
-10
-9
-1
11
24
33
39
35
28
40
56
69
74
73
60
58
61
56
52
54
52
50
51
52
60
74
85
87
86
82
69
45
33
43
70
81
59
32
12
12
6
0
-8
-8
-1
10
24
29
28
32
27
24
28
41
41
22
7
13
37
49
41
33
39
57
67
66
64
80
101
97
82
80
80
58
41
23
5
9
28
38
37
36
37
43
56
52
38
37
57
71
59
50
44
40
32
17
3
-2
2
3
8
11
11
11
11
8
21
39
34
18
10
6
2
-3
-7
-9
-12
-6
12
27
36
35
27
26
32
41
49
50
51
53
58
61
68
82
97
104
104
98
88
91
104
114
100
74
59
59
67
65
60
76
99
117
105
75
58
64
74
85
64
34
20
27
34
33
39
50
54
52
48
42
49
58
59
49
34
29
44
65
71
74
84
87
76
77
96
91
80
80
75
67
59
54
53
50
53
59
60
54
45
42
50
65
73
81
74
67
68
61
43
21
7
9
23
21
3
-2
9
32
33
6
-7
-3
10
18
18
12
13
28
43
41
27
18
25
39
45
53
61
55
43
41
57
70
48
19
19
26
36
54
59
48
23
9
5
9
11
10
8
24
57
86
99
101
100
96
91
83
82
98
100
83
57
43
44
52
52
45
28
11
9
20
33
33
29
35
49
54
49
32
9
2
11
18
7
6
12
22
26
33
44
53
41
29
22
27
48
70
70
48
32
39
53
58
65
71
80
85
87
76
56
48
59
74
73
56
55
72
81
70
52
55
57
60
69
70
60
48
34
23
27
36
41
58
71
70
67
59
48
37
33
28
35
56
66
39
11
10
23
38
48
48
45
55
71
82
82
76
76
89
87
66
44
41
53
66
52
32
32
39
44
36
22
25
25
7
-9
-2
10
9
11
22
27
26
23
24
24
11
0
0
4
8
19
29
37
48
69
74
64
56
60
64
66
74
87
86
74
69
72
80
88
91
71
54
50
39
29
45
67
71
60
52
48
50
53
52
51
54
59
59
45
37
38
36
27
25
35
45
53
56
58
58
66
69
64
60
56
51
48
52
58
54
43
48
59
70
71
59
45
50
59
58
42
28
32
39
54
68
84
103
101
92
91
85
73
71
69
54
42
50
60
65
56
54
60
61
75
92
76
41
21
6
2
4
11
25
35
37
39
36
28
34
42
41
45
56
48
36
36
49
64
73
70
56
44
43
42
39
48
67
90
88
67
44
49
57
53
41
27
16
17
25
26
24
27
35
35
26
10
17
37
42
34
20
9
22
35
33
28
33
26
26
41
52
38
26
21
12
21
37
49
53
58
64
64
58
69
74
82
103
108
83
59
59
74
74
54
40
43
49
44
41
39
40
48
51
59
65
56
54
70
83
82
80
70
67
74
86
76
56
42
48
56
57
53
45
38
35
36
39
37
34
41
48
55
72
66
58
66
65
49
26
13
16
26
41
50
32
12
12
10
2
-4
-3
8
22
27
19
6
0
11
28
26
20
27
39
37
28
33
40
44
41
38
25
12
29
57
73
69
60
66
72
69
59
59
66
73
82
86
84
76
68
71
81
75
49
34
44
68
72
69
66
57
54
57
60
70
69
57
48
52
54
43
23
9
5
7
23
51
70
77
70
43
35
48
53
35
12
9
22
13
2
7
35
53
44
32
37
59
81
83
80
65
59
68
74
72
40
10
12
26
39
50
45
34
33
52
67
76
86
86
100
99
70
55
71
86
86
74
75
75
75
83
86
88
77
55
41
54
65
54
39
41
55
74
81
66
55
50
50
51
48
44
49
49
45
37
22
22
28
23
17
23
39
43
36
33
38
49
52
51
52
56
53
51
49
36
34
43
58
64
69
85
92
74
57
58
74
87
83
68
66
73
84
86
80
82
68
36
22
27
33
34
27
29
43
55
48
37
35
27
10
2
9
21
19
10
12
21
25
32
41
58
57
38
34
35
22
11
11
12
11
16
23
34
37
44
60
72
70
56
39
32
35
51
55
50
51
58
56
35
13
18
25
29
35
26
17
24
32
33
37
36
24
27
49
59
54
45
56
75
89
87
75
74
90
102
80
51
48
56
59
57
55
48
48
66
71
59
57
64
70
74
65
38
26
33
49
58
55
59
74
76
66
65
75
81
80
73
58
37
33
39
42
42
48
48
49
59
72
81
85
88
86
80
69
64
65
65
56
49
45
44
50
66
82
88
84
71
56
35
35
51
55
45
35
34
40
35
33
23
13
35
60
64
49
40
45
49
38
32
39
42
51
64
71
72
65
50
50
54
37
26
43
66
65
45
37
38
42
58
70
69
68
67
53
40
49
45
32
32
48
67
67
65
72
84
87
80
67
50
24
7
18
32
36
40
44
50
60
64
38
20
21
25
25
17
13
19
21
25
35
41
48
52
54
55
49
52
60
70
70
71
70
52
49
54
68
90
96
83
74
86
96
80
55
39
34
44
66
66
50
43
38
34
39
27
20
32
39
50
50
42
37
25
17
28
38
26
24
28
37
45
49
51
51
41
39
40
45
50
35
18
20
27
42
52
49
34
18
20
40
60
53
37
33
28
33
29
21
27
49
59
59
56
54
50
40
28
26
23
12
7
9
22
34
38
37
35
44
57
50
42
52
53
50
51
61
74
77
67
51
51
57
53
42
42
56
70
77
80
74
74
71
71
74
66
51
41
48
45
42
38
36
37
33
24
37
36
23
13
8
6
10
18
33
50
60
65
57
52
51
53
57
65
68
66
66
74
80
68
55
51
58
65
61
64
66
66
56
52
51
51
42
37
50
67
74
68
49
41
41
40
44
50
51
52
41
21
13
18
33
50
53
49
38
26
24
26
41
55
38
13
12
33
55
52
40
38
50
57
52
57
70
65
51
55
66
69
70
80
80
74
69
65
74
92
75
26
11
40
73
75
51
27
19
27
38
28
25
34
39
48
49
42
37
37
42
37
21
19
24
27
18
4
4
25
55
73
73
53
25
28
56
67
57
53
64
72
74
75
80
71
52
38
42
59
77
81
82
92
98
74
57
44
37
33
43
64
70
50
19
7
21
44
56
65
74
71
73
80
71
69
67
56
44
49
52
45
43
51
54
50
48
50
54
53
50
54
58
56
55
65
71
76
68
55
52
58
68
66
60
67
80
85
70
50
39
36
34
32
26
18
10
20
20
6
-1
3
11
17
13
9
16
32
49
53
44
42
51
66
66
51
42
58
90
109
91
68
66
71
77
72
57
64
86
105
101
84
76
67
61
66
53
40
27
11
8
29
35
18
19
32
45
58
58
52
42
28
38
55
64
65
70
86
98
82
53
38
44
65
82
75
43
19
8
12
27
36
42
52
51
40
32
34
33
18
4
10
23
23
33
48
60
68
55
39
10
-8
3
24
29
19
6
6
22
38
49
52
43
37
44
66
83
83
71
69
74
83
81
71
75
90
96
77
59
38
23
20
17
4
0
17
40
45
36
28
33
35
26
18
17
26
36
34
32
22
26
25
19
21
25
29
26
19
11
6
6
12
26
38
48
55
56
51
57
60
60
58
49
41
50
59
73
87
99
101
99
98
97
105
105
76
41
23
34
51
40
22
17
22
26
37
54
75
86
67
28
10
13
22
21
17
18
25
39
57
64
68
82
86
82
81
87
92
88
73
58
64
83
98
102
101
87
69
66
74
83
81
64
42
28
25
28
21
18
24
33
35
33
23
10
4
3
0
-7
-10
-14
-8
2
11
18
20
33
56
58
38
29
38
35
24
26
39
48
50
43
42
50
60
65
71
82
84
80
68
57
70
88
83
64
52
52
65
72
58
39
38
44
55
59
61
64
53
36
23
21
20
24
24
20
11
17
27
40
44
36
18
12
20
24
34
35
37
49
59
59
57
64
71
81
85
85
83
81
75
65
54
52
55
49
34
28
36
44
56
43
17
8
19
34
36
32
43
56
51
41
33
20
16
19
24
34
36
35
34
27
16
12
25
28
22
17
34
48
41
37
42
52
64
52
34
33
55
85
97
98
93
84
77
76
74
71
65
50
35
35
41
48
54
48
40
49
51
39
24
8
5
21
33
29
22
18
20
35
41
34
28
37
53
58
51
49
45
38
40
36
22
22
32
28
25
35
55
70
80
89
100
90
77
80
82
82
75
72
82
86
77
67
52
40
39
40
25
0
-7
8
34
26
2
-5
16
42
58
52
36
34
45
50
43
36
33
39
66
81
72
60
68
80
82
72
57
58
77
89
86
66
49
57
76
75
65
60
60
49
32
39
58
56
54
55
53
34
20
13
13
16
22
34
28
21
23
35
45
60
74
83
86
80
71
69
68
61
49
36
32
36
44
68
88
86
69
52
52
57
59
58
59
80
89
75
54
50
56
41
22
20
27
40
44
41
37
50
70
69
57
52
42
39
42
38
36
36
43
60
73
60
38
25
23
28
42
53
53
43
40
48
52
45
37
32
36
41
45
51
52
57
70
73
61
49
43
52
58
52
44
50
49
42
39
39
44
51
48
38
37
52
54
43
36
36
50
60
65
69
68
50
38
55
73
68
51
51
50
42
43
53
61
69
60
38
25
27
37
48
49
49
54
59
54
49
40
24
12
9
7
7
28
51
51
49
50
52
49
32
19
27
54
69
68
64
69
66
54
42
34
24
9
5
17
39
59
64
43
20
7
11
22
32
28
25
34
39
40
43
52
56
54
56
57
57
56
64
71
68
64
65
66
59
49
35
34
41
43
33
18
21
37
59
71
67
64
68
60
41
32
34
38
40
34
22
23
35
43
52
64
70
57
34
27
52
83
96
84
74
84
92
102
91
74
66
56
56
69
82
87
88
75
58
59
85
87
56
27
21
35
48
40
26
26
38
40
40
37
44
49
28
18
19
24
27
29
34
39
41
36
20
11
11
19
20
16
23
44
60
74
84
75
66
54
44
42
45
50
49
39
29
26
28
42
53
53
65
73
81
82
77
66
54
41
36
38
49
58
66
73
84
69
54
53
57
60
57
51
55
66
64
64
67
64
56
50
44
51
52
53
56
73
92
100
93
88
83
101
123
117
101
77
67
68
73
70
64
61
60
70
86
89
82
69
58
54
48
33
21
25
39
53
42
28
43
65
65
38
17
17
8
0
-2
3
17
24
26
35
40
38
43
58
73
82
81
56
37
34
22
4
1
25
70
90
67
33
25
38
43
50
50
27
8
12
32
56
80
88
81
70
69
71
74
85
90
82
70
59
42
25
17
6
6
21
40
43
33
33
45
53
50
51
50
41
34
29
33
37
44
51
56
49
9
-13
-5
13
17
-6
-37
-44
-23
3
9
10
4
3
23
44
52
57
60
61
65
74
70
64
60
66
67
54
38
36
52
64
61
57
53
49
41
36
42
53
36
17
25
50
57
52
40
41
58
64
54
49
57
81
99
99
74
52
48
49
43
34
28
28
39
48
51
65
85
90
75
56
53
58
60
67
73
66
58
71
87
96
87
82
84
83
68
54
36
24
33
35
22
9
6
10
16
22
16
0
-19
-22
-11
-3
9
9
4
5
13
29
44
53
55
51
44
52
55
54
58
55
52
50
43
50
76
93
89
83
76
77
76
80
88
91
73
49
45
65
70
64
56
60
70
67
64
56
51
53
59
56
64
69
57
51
53
52
49
52
58
58
59
67
67
54
45
45
55
58
54
43
40
40
45
57
57
56
54
52
59
70
67
54
48
44
51
58
65
59
52
50
43
42
40
33
26
34
38
40
48
39
33
28
25
24
39
42
25
12
19
36
32
17
17
25
39
51
50
42
33
12
-11
-24
-18
-4
-3
-7
-13
-10
4
7
4
5
16
16
11
18
27
35
37
36
34
32
32
32
41
50
39
36
28
16
7
16
29
36
32
29
42
57
59
53
60
75
76
64
54
66
84
91
86
73
69
76
96
96
70
53
55
69
76
68
61
70
76
69
69
76
75
59
32
6
13
40
43
37
28
20
21
34
34
23
24
39
48
40
33
40
52
54
68
97
101
76
59
56
56
56
60
70
66
66
80
76
66
53
48
38
27
26
42
57
59
56
50
48
37
21
7
0
9
19
25
36
35
22
22
40
64
72
71
57
32
17
26
57
72
50
25
28
56
86
92
83
55
28
17
24
37
41
40
39
40
38
32
27
41
55
50
38
33
36
37
53
85
98
85
87
91
83
64
51
50
58
69
69
58
50
41
36
29
40
65
72
65
50
48
61
68
59
50
44
51
65
69
81
76
55
41
35
38
39
40
45
61
75
82
89
104
113
106
96
90
88
85
83
75
71
70
66
58
64
53
34
37
49
44
29
9
2
2
6
8
9
21
33
25
18
17
20
24
29
40
57
44
24
19
24
26
25
27
43
60
70
72
83
88
69
53
56
70
81
82
83
89
91
82
70
59
67
74
51
16
1
0
18
32
37
39
39
48
68
69
34
-2
-3
24
43
37
28
51
93
118
98
75
58
56
65
81
75
52
38
42
53
54
54
66
74
72
67
69
69
67
72
69
56
43
48
54
43
32
32
29
27
21
21
38
55
55
42
25
20
26
33
34
39
44
44
44
36
27
36
52
68
68
58
59
69
66
67
71
51
24
5
7
26
41
51
49
41
44
54
48
42
52
44
34
39
49
54
64
67
67
68
74
85
98
92
65
32
12
11
23
33
39
55
75
83
82
76
73
72
66
65
74
74
71
77
89
88
77
67
64
59
70
89
92
86
82
82
87
85
85
96
91
82
67
49
36
38
39
22
0
0
12
9
3
4
11
25
44
60
58
40
25
16
5
3
9
9
4
9
21
26
26
32
34
27
37
54
70
88
75
68
84
88
72
50
41
48
66
87
98
92
91
84
70
59
54
55
65
70
54
24
6
12
16
10
6
4
8
19
24
25
23
34
39
42
54
57
55
49
41
52
59
59
42
25
26
36
34
26
17
16
22
28
27
22
18
10
4
9
28
43
40
28
27
34
36
24
17
20
28
35
33
25
39
41
18
-4
-9
4
25
26
11
-2
-3
16
40
64
70
59
38
20
21
34
50
51
44
36
37
49
43
36
48
68
71
55
48
51
57
59
57
50
40
42
58
71
59
37
23
32
54
56
50
44
28
20
35
56
51
28
12
12
22
25
21
19
27
56
60
34
25
40
59
67
52
35
36
55
71
83
90
87
67
53
55
58
55
40
29
36
49
65
69
52
40
36
34
34
33
19
3
2
19
42
52
48
40
38
48
55
67
71
60
53
61
60
56
56
51
35
12
0
2
13
18
19
25
43
70
75
68
55
40
28
28
40
53
65
66
71
70
67
69
83
86
71
56
55
55
57
59
58
54
44
35
32
38
50
57
74
89
86
75
75
69
44
21
27
44
48
26
5
17
43
59
59
55
49
28
8
9
34
66
83
75
71
82
99
100
90
82
76
77
91
96
76
56
43
44
56
58
61
66
66
74
74
71
65
68
75
60
38
34
48
58
64
64
56
50
38
38
51
67
73
72
61
58
64
57
64
75
85
81
68
60
68
74
68
72
72
66
59
52
38
35
39
22
-2
-9
3
23
32
23
18
25
40
39
21
22
38
35
24
21
25
32
36
38
32
25
26
39
59
68
50
27
35
53
50
49
53
55
49
36
35
45
55
54
59
66
65
72
84
84
70
43
27
33
43
42
26
13
20
24
18
13
28
50
56
56
52
50
53
64
66
64
51
33
23
28
41
43
34
32
38
49
64
74
71
69
70
68
65
59
64
59
60
69
73
72
69
66
64
51
35
35
41
44
41
35
27
19
11
12
22
37
49
44
37
49
53
52
42
25
18
22
27
34
36
43
57
64
72
74
60
42
43
51
52
59
72
68
54
44
36
39
49
54
56
52
55
59
59
57
56
53
50
54
68
70
53
38
45
53
36
13
6
16
32
49
64
69
60
50
40
39
51
65
71
68
64
60
64
66
58
68
96
101
90
74
58
54
58
71
87
93
98
105
118
130
133
119
106
100
101
103
102
87
72
61
53
51
40
28
19
1
-10
-9
3
20
33
40
36
19
8
9
8
25
51
55
34
17
23
41
38
18
9
19
26
41
70
99
96
60
51
57
55
55
60
68
72
70
69
76
74
66
64
68
60
41
24
7
-8
-9
-8
-9
-9
-4
11
21
11
-4
-11
-13
-27
-40
-42
-41
-22
4
33
64
86
92
80
69
61
45
54
68
65
64
67
70
69
70
81
86
90
101
109
107
89
69
58
59
67
67
56
53
36
13
13
20
