18
28
37
48
52
38
28
26
34
51
51
33
11
12
25
26
8
-10
-17
-7
19
50
49
29
23
32
44
45
42
43
42
43
50
42
36
40
56
75
90
88
87
83
57
40
48
55
56
64
71
73
70
72
74
59
45
43
41
32
33
42
32
16
19
34
40
34
11
-7
-4
8
17
24
37
50
58
72
87
89
81
70
69
66
57
56
51
49
43
29
24
27
32
35
48
43
35
36
37
38
42
41
45
53
59
71
76
59
48
49
53
60
70
65
38
16
5
8
17
21
20
21
25
37
51
64
59
54
54
41
24
24
33
42
53
48
43
53
64
66
56
49
42
50
66
76
83
83
81
83
90
88
71
66
76
87
96
103
112
117
118
102
84
76
85
84
64
53
59
60
57
64
57
41
39
51
52
48
39
35
28
19
10
13
18
16
10
10
11
21
24
40
58
59
54
57
66
80
89
100
98
89
97
102
89
71
67
75
88
98
98
87
85
86
98
105
99
84
67
54
55
57
50
32
12
10
19
18
10
5
1
5
10
7
11
20
22
19
18
11
18
37
52
54
45
41
38
36
44
57
64
64
67
81
91
92
97
103
105
92
71
64
67
64
59
60
55
55
64
65
70
66
52
45
38
27
26
34
27
19
20
26
27
20
22
27
32
27
9
2
22
48
50
41
39
42
52
58
59
59
69
89
108
101
80
68
54
38
37
37
37
52
60
56
49
41
40
41
32
26
36
38
42
49
52
59
75
74
53
35
28
37
43
52
59
43
20
12
23
39
40
26
16
10
17
26
32
18
8
17
32
38
33
33
41
52
60
65
58
65
74
61
49
41
38
44
49
50
53
50
48
48
52
64
68
55
38
34
43
64
65
59
61
72
80
82
74
73
89
90
80
68
58
54
48
39
33
36
44
54
56
60
51
36
38
51
55
45
40
40
40
48
55
56
60
60
68
85
92
88
76
67
66
68
53
36
29
37
42
35
20
11
11
9
17
32
40
39
26
22
26
33
35
27
12
1
-1
21
43
54
50
33
10
1
10
39
64
70
69
65
54
44
49
57
68
72
80
72
61
57
66
74
84
82
66
64
68
66
50
35
28
26
24
23
23
32
43
51
45
43
42
40
44
65
83
83
73
56
52
55
56
44
42
51
57
68
76
84
83
72
59
52
40
35
39
50
55
50
41
52
72
68
55
58
60
48
28
26
33
27
19
11
7
9
21
32
32
33
40
42
45
49
38
29
32
38
40
43
42
26
12
21
39
53
57
56
51
44
40
43
45
44
49
56
68
84
101
121
129
104
74
68
70
57
43
43
42
32
25
34
32
25
28
45
60
55
34
19
21
24
32
36
41
55
56
40
24
23
35
48
53
65
69
50
37
42
56
66
64
59
69
81
86
92
100
105
118
119
118
115
91
72
82
92
85
64
43
37
48
42
33
28
35
40
28
21
24
27
38
42
34
22
22
33
42
40
29
23
25
28
35
39
43
57
56
35
20
23
34
34
27
34
49
65
72
70
65
74
86
89
99
103
85
60
57
56
50
40
29
20
12
13
26
36
35
22
6
1
12
25
27
29
27
8
-8
-12
-3
13
25
26
23
23
28
29
29
35
38
42
23
-2
-1
18
36
54
57
52
65
72
69
73
75
71
72
57
37
39
57
70
69
52
38
38
48
50
43
40
53
58
66
71
76
82
70
50
41
42
54
59
57
56
54
52
54
59
61
56
52
56
56
56
54
52
60
61
51
37
37
54
72
88
93
77
58
54
53
50
54
59
57
56
56
58
53
50
50
44
38
38
40
48
51
53
57
58
52
49
52
43
36
26
16
10
11
10
9
16
23
35
38
39
48
53
53
56
51
41
36
35
48
60
53
32
21
24
33
39
42
45
52
64
71
77
73
60
51
51
64
65
60
54
40
36
41
56
69
74
64
53
43
27
21
24
24
21
28
43
66
72
66
57
59
61
64
74
81
69
59
67
86
96
84
80
83
82
87
101
99
80
69
67
65
65
59
42
28
33
34
28
26
32
27
28
38
42
36
24
32
54
69
72
80
73
65
54
48
43
51
55
64
53
39
34
25
17
20
33
52
68
84
92
83
65
67
75
73
72
66
70
80
85
85
85
81
75
80
80
70
52
32
12
5
2
11
32
45
49
34
12
18
36
40
35
32
38
52
59
65
56
44
35
27
32
48
54
49
38
36
41
42
40
43
40
40
52
52
59
72
65
48
43
43
43
50
58
69
84
98
104
96
86
83
75
60
49
51
55
57
43
19
7
16
21
12
18
35
36
37
43
43
45
56
60
64
61
51
41
44
51
53
56
55
42
40
55
70
73
71
68
59
57
66
74
82
86
77
61
52
43
37
38
42
49
38
28
34
39
35
22
17
26
44
52
51
56
65
68
58
42
39
42
33
27
19
7
7
11
22
41
55
59
66
69
73
88
104
113
109
97
89
89
82
81
83
77
66
58
52
48
53
48
38
32
28
43
65
58
23
-6
-13
-8
-3
-1
-7
-17
-7
8
20
23
18
6
11
21
27
44
56
65
70
72
75
83
84
90
88
81
75
72
80
88
81
68
59
70
77
71
56
58
76
87
88
82
70
73
81
73
56
42
42
50
39
21
8
12
36
52
49
37
23
11
12
8
-9
-12
-12
-20
-22
0
28
39
26
16
22
32
26
24
35
51
57
50
42
42
42
48
44
44
60
68
66
71
65
52
56
71
74
68
59
71
91
98
92
85
76
73
74
70
50
32
23
24
25
22
16
9
20
37
54
59
61
59
40
22
11
11
19
22
19
23
48
74
86
74
65
68
75
72
58
45
39
42
59
73
77
73
65
59
57
50
45
58
67
73
77
59
41
42
59
67
64
53
49
44
32
23
27
34
51
67
77
82
64
43
44
56
55
37
7
-8
1
11
16
12
22
37
40
21
11
10
18
28
40
34
18
12
18
23
25
26
27
27
35
40
39
37
42
40
40
48
38
22
22
35
52
56
55
55
51
52
53
52
64
74
73
53
28
28
42
59
80
82
70
65
57
52
44
48
57
65
66
50
24
17
29
40
41
36
34
50
72
88
89
83
76
87
92
89
69
59
65
65
50
25
9
5
6
10
17
26
23
16
21
38
43
39
36
38
43
42
38
42
57
52
50
54
54
54
58
60
67
69
60
60
74
88
99
85
71
74
85
99
113
112
93
87
96
99
99
89
67
51
51
52
50
40
36
35
38
42
39
38
41
40
29
22
26
35
36
33
28
13
0
1
5
2
-13
-19
2
25
35
37
44
51
57
56
51
49
54
67
80
91
98
99
106
129
137
109
75
74
97
105
91
69
54
54
58
58
51
39
39
43
36
19
3
-4
2
17
20
10
-4
-12
-14
-18
-19
-18
-17
0
24
43
52
57
53
29
11
13
22
26
34
48
54
54
54
51
43
49
52
43
51
76
112
121
107
96
97
100
88
60
39
42
59
75
80
73
56
42
41
50
59
54
53
67
67
50
24
6
1
9
24
27
22
23
50
64
55
54
52
45
43
43
44
48
53
58
54
43
44
67
74
67
57
58
65
67
68
60
50
43
48
50
53
57
58
58
51
49
58
66
43
21
21
26
32
32
37
41
43
45
49
53
66
72
71
57
48
51
60
60
59
66
69
55
37
24
38
59
70
74
85
91
80
70
74
89
90
64
41
37
43
48
50
35
17
12
20
25
24
17
7
-7
-8
4
9
8
10
11
21
26
33
38
48
60
68
48
32
38
50
58
66
56
51
52
49
66
86
91
81
68
73
83
85
84
88
102
116
108
96
87
84
82
73
57
51
64
83
87
74
56
54
68
57
37
21
9
2
7
26
50
55
50
45
37
28
33
34
29
32
35
40
41
37
36
51
60
76
90
92
90
90
103
108
104
97
97
91
88
91
90
83
76
70
66
66
68
68
66
57
49
40
29
20
16
12
20
20
12
-1
-8
2
12
24
22
7
4
7
11
17
24
33
38
43
44
43
37
32
36
49
50
44
43
44
42
48
52
52
64
80
84
75
70
76
89
104
108
105
97
83
83
84
84
72
57
53
48
38
34
28
22
21
12
-2
-10
-13
-17
-22
-18
-5
6
21
42
64
71
72
71
70
60
42
38
49
61
69
77
81
84
89
93
101
103
105
104
96
87
83
89
89
71
52
50
54
52
39
20
5
7
10
18
20
6
1
-1
-1
-2
-6
-11
-14
-12
-5
12
34
40
42
40
38
49
58
53
49
54
58
57
59
60
57
60
82
101
99
96
101
114
116
107
103
90
73
59
43
32
20
5
0
8
22
23
19
18
16
10
5
5
7
19
38
48
50
53
56
65
60
45
38
40
43
40
40
49
49
50
57
65
56
49
60
85
100
89
74
71
76
84
75
53
28
26
39
38
25
18
11
-1
-7
-3
3
3
10
35
40
19
4
4
12
23
24
21
27
32
27
48
80
89
80
67
61
72
73
68
67
72
80
75
69
64
69
84
85
68
60
69
85
87
70
48
34
34
39
50
56
57
60
60
48
34
32
32
28
37
44
44
40
41
57
77
82
61
51
52
44
38
34
32
40
50
50
36
27
34
42
51
42
26
19
22
27
26
26
34
42
49
50
56
68
70
76
83
76
61
50
49
58
64
50
41
53
65
59
58
66
74
74
43
12
11
32
53
56
58
68
70
71
71
69
66
51
42
52
59
54
48
55
58
58
68
75
72
68
72
71
58
44
39
36
38
43
50
50
39
40
60
72
72
67
53
35
32
48
49
43
41
33
23
27
37
42
59
76
86
87
88
97
91
89
88
56
28
29
34
23
17
17
21
37
42
29
23
27
32
24
17
33
59
64
56
59
72
81
83
96
99
83
56
40
44
56
51
42
49
58
74
91
88
84
70
52
50
61
71
71
65
56
60
60
60
54
42
29
24
27
38
48
51
56
67
76
83
74
54
34
34
43
44
42
41
41
51
59
61
44
40
44
37
21
12
13
20
33
37
27
19
21
33
42
52
44
28
19
34
34
18
18
21
37
55
33
-1
-1
27
44
33
16
19
41
71
85
82
74
66
52
42
42
51
55
49
41
54
83
91
88
81
69
72
87
88
81
71
64
72
88
93
90
68
27
5
8
23
37
41
40
37
25
24
26
23
24
28
38
41
38
33
27
20
6
7
8
4
7
2
-12
-4
19
25
13
2
10
23
21
21
23
37
52
58
56
56
58
51
39
36
22
7
-2
-1
7
18
22
20
9
-5
-11
-21
-27
-13
22
52
59
54
50
52
55
57
55
54
55
57
68
58
37
35
49
52
50
44
42
49
59
55
49
56
58
48
48
65
67
49
43
54
61
54
39
38
42
43
49
57
65
64
65
75
77
68
59
55
35
17
17
20
26
39
50
54
65
56
52
43
26
11
2
-9
-20
-33
-38
-33
-25
-19
-1
9
2
0
12
27
40
49
51
51
55
64
75
75
66
52
48
54
56
55
65
77
74
58
54
54
52
45
36
43
75
104
97
64
42
43
40
38
40
44
52
57
58
56
51
54
48
38
41
57
73
77
82
88
97
98
88
84
88
89
84
91
91
74
48
32
41
58
68
70
65
65
60
53
55
58
55
43
44
49
49
38
26
29
37
27
18
23
48
57
60
83
99
82
42
23
36
60
71
54
51
59
64
66
67
73
87
100
98
96
100
102
98
82
72
65
50
43
50
60
56
40
35
55
76
67
51
40
32
21
7
-4
-8
-8
-2
17
35
44
48
48
51
44
33
36
33
24
20
5
-2
18
42
54
48
34
28
37
56
66
67
74
92
104
113
118
104
74
61
64
65
60
58
61
72
80
76
64
38
20
8
12
25
25
21
18
18
34
64
74
74
67
44
24
8
0
-2
2
10
28
48
58
86
106
88
49
24
16
19
32
37
33
38
58
83
90
87
73
59
61
60
60
72
89
99
98
74
52
50
54
54
38
18
10
27
49
71
77
58
42
26
12
5
1
3
10
21
22
19
20
21
16
7
11
23
28
25
44
71
81
86
84
66
42
42
58
72
67
50
39
44
58
72
74
66
42
35
27
11
6
17
28
37
35
35
35
21
19
36
57
72
67
44
39
38
50
73
71
57
57
69
84
105
115
101
85
81
87
92
101
107
112
108
105
106
102
96
92
89
87
80
74
67
53
42
43
51
55
49
27
19
27
43
50
37
17
17
29
32
21
24
42
50
38
26
29
26
17
8
9
18
33
50
66
74
72
64
45
38
42
41
38
39
39
45
60
74
73
54
43
53
53
39
23
7
5
17
19
16
19
22
24
26
33
49
54
39
20
10
18
38
39
26
20
26
38
26
12
18
40
57
57
48
32
29
37
43
54
50
28
12
26
42
42
39
49
59
60
64
80
107
130
113
81
66
59
51
40
32
34
42
45
54
65
75
71
50
35
37
43
38
29
36
43
44
38
33
35
41
43
43
57
68
58
42
39
37
36
34
35
34
39
59
80
85
92
108
108
89
70
59
52
41
38
44
50
54
68
88
90
75
74
85
85
74
67
52
34
20
16
27
52
48
23
7
10
25
38
38
27
7
-1
2
18
42
53
34
23
27
28
23
5
-7
-7
1
10
23
36
54
69
57
45
50
58
68
68
70
66
52
38
39
53
59
54
48
50
53
50
65
80
81
80
81
67
48
39
41
42
35
22
19
25
20
10
18
24
24
24
25
33
36
34
35
52
64
66
68
77
84
73
60
57
67
69
68
70
73
66
55
51
53
64
73
84
86
72
50
44
50
41
21
3
12
38
53
52
42
41
54
65
65
70
86
70
33
22
44
60
50
37
48
60
66
67
72
85
89
74
45
33
35
48
55
52
53
65
69
75
96
96
69
51
51
59
67
70
67
56
53
60
58
39
34
50
67
64
50
58
81
89
85
74
61
50
36
33
37
48
56
55
57
60
67
68
65
61
49
23
1
-8
-7
1
12
26
34
25
9
0
-4
5
12
19
13
13
24
34
23
5
-6
3
26
44
29
6
-1
10
20
17
1
-17
-19
-1
18
25
24
21
18
10
16
2
-13
-7
9
22
24
21
13
13
37
64
70
66
51
32
27
24
9
12
22
32
54
81
90
92
91
91
107
136
133
86
43
35
41
44
40
32
34
42
43
45
58
60
41
19
11
18
27
36
48
59
67
75
81
73
68
74
76
58
54
66
77
91
98
92
76
72
75
84
87
93
90
85
80
69
65
56
45
42
55
67
53
37
39
58
71
83
89
89
91
103
116
97
54
38
42
44
27
18
26
48
72
80
50
24
13
25
39
26
12
18
26
26
27
25
24
25
28
34
33
37
49
58
74
88
88
75
74
83
91
98
97
82
64
49
43
39
36
38
37
29
27
35
39
32
16
17
29
27
27
21
12
20
21
10
-2
1
25
52
57
48
35
23
34
53
56
35
20
25
41
42
28
28
38
53
76
82
69
52
43
56
87
101
90
76
69
70
74
77
75
59
38
38
41
39
45
52
52
55
53
44
37
23
16
11
7
6
8
12
22
32
40
53
52
34
18
17
33
49
45
38
42
43
41
42
38
41
49
56
65
75
88
101
97
81
69
58
54
52
51
57
59
54
50
49
42
39
42
58
64
43
24
29
42
49
51
43
40
52
70
84
84
75
74
86
96
96
102
104
103
98
96
89
75
68
67
69
75
67
36
19
23
39
59
74
75
67
54
51
56
61
54
28
17
20
21
27
28
24
21
23
22
32
48
59
66
66
51
48
51
54
53
48
45
56
66
64
61
77
86
80
59
35
29
44
59
61
57
61
77
92
108
116
102
72
40
28
40
50
54
64
68
69
73
74
70
83
86
66
52
51
50
41
35
33
35
34
39
52
48
32
12
4
3
5
5
6
10
20
39
59
60
41
18
8
24
51
48
24
22
26
19
10
11
10
11
33
57
65
55
53
68
86
86
75
76
97
121
139
133
107
92
104
136
141
112
83
81
85
67
42
24
12
10
20
44
74
89
89
80
57
48
54
71
71
57
55
55
53
52
42
37
42
48
51
61
76
77
59
42
44
65
83
99
105
112
114
117
108
77
51
45
28
-2
-23
-20
-7
3
12
18
18
9
9
19
19
18
19
23
23
10
1
1
7
4
-2
-2
4
22
26
18
11
12
8
3
3
2
0
1
8
27
53
60
49
39
45
44
34
37
56
60
53
53
56
65
66
65
52
34
26
32
22
12
17
18
7
2
16
24
10
-6
-6
-4
-4
-3
-1
-7
-8
2
9
18
19
3
4
11
26
37
38
40
51
69
69
55
42
36
28
27
33
34
43
64
82
92
102
108
105
96
69
61
67
64
64
52
40
40
50
61
48
25
23
36
38
34
34
43
44
44
52
58
53
42
48
56
58
66
72
73
69
58
42
39
48
56
58
55
51
49
51
55
60
68
70
73
73
59
54
59
66
68
60
54
58
65
55
33
11
7
8
10
16
24
36
48
53
53
25
16
41
58
43
34
41
50
51
64
77
73
56
57
67
53
38
44
65
71
59
58
73
68
54
58
76
88
74
49
38
43
43
42
56
58
49
40
39
40
26
17
23
29
34
54
80
91
97
90
68
32
12
22
28
27
33
37
48
58
58
58
69
80
80
61
48
54
74
85
87
81
71
73
82
96
108
100
81
60
50
49
52
54
51
51
51
48
40
48
50
37
22
22
25
12
2
-4
2
4
9
11
17
26
36
48
64
69
69
73
74
72
64
49
34
38
55
71
69
60
60
67
76
75
72
70
67
73
84
87
97
81
52
43
54
54
43
28
20
27
35
32
34
35
23
2
-19
-25
-22
-21
-13
-1
19
36
35
24
23
34
33
25
17
16
40
73
88
55
-1
-21
-5
3
0
0
21
49
70
87
97
105
112
99
82
69
68
77
68
43
40
54
60
57
54
51
48
38
12
-3
9
28
34
32
26
25
28
34
38
25
17
32
49
51
45
39
28
29
42
43
50
66
66
49
35
41
54
68
68
51
54
89
112
96
76
73
73
80
87
92
86
72
59
56
53
44
40
44
50
42
37
40
38
34
33
35
40
48
43
33
23
41
72
80
57
25
16
40
76
91
84
55
35
33
43
52
45
49
59
68
69
73
86
105
112
88
65
69
105
120
102
86
89
101
107
109
101
88
86
87
90
89
84
66
43
44
52
52
60
65
48
32
25
34
34
21
8
13
20
27
28
27
17
-8
-19
-1
8
0
4
26
52
73
85
86
84
75
66
66
83
107
123
107
71
52
54
80
84
65
57
69
66
68
74
68
43
18
0
-4
-5
-5
-1
4
6
3
-6
-14
-18
-20
-13
-6
9
19
12
13
9
3
0
3
19
36
42
22
21
38
35
35
35
28
28
40
57
80
90
81
64
60
81
82
66
55
54
38
20
10
8
6
4
2
9
24
36
24
11
16
25
35
53
57
54
41
26
24
41
65
74
82
86
92
92
82
69
61
60
61
70
71
59
45
49
76
80
50
35
44
57
50
27
13
19
29
34
38
53
56
49
34
12
6
10
19
23
18
8
19
37
44
49
41
28
21
13
21
39
54
68
76
82
91
102
103
92
75
57
53
60
76
83
86
92
96
91
85
68
58
65
66
64
64
55
57
72
81
73
65
59
65
66
60
52
49
49
54
69
74
67
56
38
32
37
41
37
29
34
54
76
86
90
82
60
44
41
48
51
56
74
81
67
65
69
67
49
35
19
11
10
8
7
18
37
64
83
86
56
21
7
17
29
34
40
53
52
41
28
17
12
27
40
32
25
45
64
60
60
61
61
59
55
55
51
38
36
40
43
38
36
41
40
38
44
58
64
55
52
53
54
60
86
103
93
76
70
67
77
97
102
100
100
96
80
73
83
80
45
16
5
9
24
33
19
9
20
34
33
34
27
17
24
51
64
60
52
39
17
4
9
24
39
37
33
41
41
24
16
12
12
28
27
22
25
26
18
19
36
43
34
18
23
52
70
83
91
96
87
68
44
33
33
29
25
21
16
8
-4
-17
-17
-11
0
10
11
3
-14
-22
-13
-2
6
7
-1
0
18
32
35
44
58
65
48
24
25
54
69
64
55
52
59
69
73
83
89
103
122
124
107
80
59
61
69
75
80
83
87
85
83
59
34
23
29
35
20
16
26
39
36
38
48
64
83
84
69
66
76
75
57
39
32
37
50
60
68
68
71
74
85
83
60
43
41
54
75
87
93
87
70
69
91
99
58
20
22
43
52
35
21
34
48
45
38
23
9
6
8
11
18
18
22
38
60
76
73
72
69
54
44
51
58
67
66
59
54
50
52
52
51
49
52
58
55
51
65
85
86
82
83
86
80
68
56
52
73
91
85
81
66
39
28
39
49
51
44
39
34
36
24
-2
-20
5
59
86
81
73
87
108
117
112
116
116
106
101
112
123
140
148
144
144
147
147
145
151
178
189
181
164
149
149
161
166
166
164
162
162
165
172
179
176
162
135
104
86
83
92
107
116
119
115
108
106
88
54
38
39
39
25
9
9
33
61
80
74
82
82
59
36
27
38
37
35
53
71
75
64
42
24
16
13
17
24
43
72
102
114
116
115
76
27
6
9
16
12
4
8
38
66
86
89
67
48
23
-1
-23
-37
-33
-17
-7
-9
-11
4
40
45
2
-43
-55
-38
-11
0
4
9
17
21
34
40
41
27
9
10
29
55
68
56
38
38
39
26
21
18
7
8
12
8
16
33
37
32
8
-12
-12
-11
-21
-28
-49
-61
-66
-62
-56
-50
-53
-65
-72
-74
-77
-68
-54
-52
-45
-41
-43
-46
-46
-53
-57
-53
-46
-44
-46
-39
-23
-11
-23
-39
-29
-17
-10
-1
8
21
21
10
16
39
60
73
72
71
67
56
57
70
72
52
50
56
49
29
22
20
23
24
17
10
8
10
20
27
27
28
40
51
49
38
36
39
41
35
22
19
13
18
33
49
68
86
90
84
73
72
84
91
86
71
56
56
71
91
108
122
125
129
129
119
102
85
77
82
92
109
123
107
80
71
80
88
76
54
35
38
44
34
6
3
21
40
65
71
50
13
-7
-4
3
0
-3
-3
7
27
52
53
49
49
40
22
16
34
68
89
89
83
84
88
85
77
73
72
85
89
73
60
61
67
59
50
38
36
39
40
33
29
24
23
37
48
41
33
32
35
37
33
39
57
68
66
60
61
67
75
73
57
45
42
41
57
66
42
37
53
71
88
108
123
138
147
135
124
119
108
102
89
76
68
56
51
68
99
117
86
34
19
26
17
-4
-12
-7
13
34
32
11
2
3
7
16
20
16
5
-1
4
6
-5
-13
-12
-6
1
16
36
44
41
41
53
59
50
35
42
68
90
104
98
86
92
106
108
107
109
100
84
80
86
98
88
66
58
66
73
71
50
24
12
20
34
28
9
-2
-4
5
23
18
-5
-13
-4
20
37
35
34
44
59
68
81
80
72
65
51
44
40
32
33
43
58
76
89
91
87
83
81
80
74
81
83
74
67
57
48
35
34
33
16
10
5
-3
-2
-2
-2
4
1
-2
4
12
16
19
21
18
21
20
12
18
37
44
41
38
29
22
23
34
60
81
81
81
85
86
70
54
52
59
64
57
45
53
82
103
104
81
49
39
58
74
70
56
40
36
42
48
51
59
64
73
83
64
42
41
50
54
51
39
26
25
48
64
66
59
40
26
34
43
41
25
24
40
56
61
54
54
65
69
80
90
96
88
83
89
101
99
85
75
66
60
54
45
41
42
27
16
16
16
27
53
55
41
35
39
57
68
65
59
50
53
74
