59
59
57
60
60
56
54
60
67
73
76
72
69
64
55
55
59
59
66
68
56
49
52
71
83
70
55
56
55
51
50
45
44
41
39
35
36
43
45
56
58
53
52
48
50
54
45
28
27
40
57
75
83
88
97
98
99
90
85
69
42
41
71
85
80
57
39
36
40
55
56
40
22
21
32
44
51
39
24
17
12
8
3
16
39
33
23
40
54
50
43
41
39
48
64
67
68
76
86
90
87
84
77
83
103
109
96
86
86
84
80
72
60
56
60
71
75
55
34
36
50
60
54
39
39
26
6
0
3
17
25
19
8
12
26
43
58
73
75
61
45
40
51
65
72
80
87
89
87
85
84
80
65
60
77
91
88
75
75
58
33
23
34
42
40
32
23
25
25
10
-1
4
21
35
42
52
55
44
39
58
72
61
42
34
45
55
58
66
49
34
35
28
13
7
21
49
54
44
48
67
88
89
81
76
89
105
106
103
102
98
60
24
12
23
18
1
-1
5
5
0
-4
8
11
6
2
11
18
21
24
28
37
42
39
33
32
35
44
48
44
58
64
50
43
55
70
72
71
70
65
68
74
75
68
69
81
97
98
70
40
39
54
51
26
11
22
33
33
43
61
51
25
0
4
20
24
21
29
34
32
39
53
64
60
49
41
45
57
64
68
73
77
67
56
65
54
41
27
19
25
24
8
6
26
51
58
48
36
38
52
58
43
33
35
38
40
49
64
60
66
83
76
65
58
54
60
77
90
96
88
87
96
98
80
57
44
34
42
71
75
48
28
35
45
58
50
20
-2
11
50
66
58
49
34
34
33
36
48
50
52
64
64
48
38
37
38
55
74
85
97
107
101
70
51
58
64
52
44
52
66
66
55
53
60
55
48
49
41
21
21
28
41
53
53
54
57
64
76
73
58
60
67
54
50
39
24
28
44
57
71
58
24
1
4
26
42
39
33
35
44
60
71
90
104
87
66
57
59
72
82
77
71
53
35
34
54
58
38
16
13
33
38
27
19
22
28
25
25
39
58
68
64
56
56
38
16
8
12
25
41
54
57
70
97
115
114
103
87
70
65
67
69
72
82
89
80
67
64
42
11
1
2
8
20
25
18
5
1
9
28
33
19
9
13
32
39
38
38
43
49
55
57
54
54
49
38
44
58
54
34
26
38
43
52
66
74
77
80
83
85
88
98
115
118
98
76
69
56
48
41
37
38
28
16
16
32
44
40
33
27
42
56
51
38
34
40
57
71
67
54
61
73
76
71
57
49
50
66
82
83
86
80
61
53
50
37
24
18
20
37
60
83
89
83
61
40
28
38
43
37
52
64
52
44
53
53
39
18
11
24
48
65
58
51
38
28
37
52
67
84
88
76
61
52
56
59
66
60
53
40
28
35
55
81
88
70
44
40
71
105
97
91
89
67
51
61
65
49
28
20
25
40
49
53
60
55
43
32
21
21
26
37
49
65
72
72
69
68
61
50
36
34
43
52
57
54
37
41
57
70
74
81
85
88
77
61
57
61
58
45
36
32
27
29
28
25
19
4
-2
2
4
0
2
4
-6
-6
-4
3
22
35
34
27
26
27
41
55
59
42
29
41
52
48
34
24
13
4
4
4
5
9
18
28
48
72
87
76
70
84
101
118
139
113
75
68
70
70
65
55
55
58
60
55
43
38
34
28
33
32
33
33
50
70
61
38
32
28
11
5
13
18
8
3
5
13
21
28
35
32
33
37
36
35
37
40
58
90
86
54
50
77
102
100
89
96
120
144
157
163
154
152
152
141
121
105
100
89
65
34
23
17
0
-11
-19
-19
-9
-13
-25
-20
-13
-22
-24
-13
-4
-1
8
8
-12
-24
-7
6
6
-1
-10
-5
20
50
56
50
48
48
44
41
42
44
53
70
88
88
75
71
87
98
93
86
83
84
76
75
80
68
50
39
38
45
57
55
41
23
10
18
33
33
12
-1
0
-5
-19
-19
-11
-4
5
10
20
20
6
2
5
11
9
1
5
23
50
38
6
-3
7
22
27
27
26
34
41
57
77
96
106
113
117
116
115
114
108
102
92
91
87
70
66
69
70
56
35
34
49
54
48
36
28
37
53
60
68
81
80
70
80
91
88
72
58
64
70
69
57
53
59
68
68
53
41
48
48
28
17
16
38
59
65
60
41
28
38
50
50
41
39
53
57
48
41
44
48
53
57
51
37
26
26
29
27
17
32
43
28
26
36
45
56
68
75
76
69
65
75
89
92
85
76
73
70
55
44
54
59
54
43
41
43
42
32
27
24
22
24
23
23
22
18
18
21
26
34
40
36
33
32
26
26
28
41
50
41
39
40
32
27
26
17
6
8
22
33
41
61
82
72
60
67
74
71
71
74
85
83
74
81
85
81
70
58
42
23
7
12
20
19
13
7
8
17
18
16
21
38
48
42
28
25
34
33
32
37
38
35
25
16
8
17
21
6
-1
9
32
49
59
75
71
64
69
87
91
87
84
89
92
84
73
70
58
43
43
55
64
56
39
44
60
69
58
45
49
55
52
44
43
49
45
36
26
21
19
22
37
44
39
32
21
28
51
59
44
28
32
58
87
73
42
23
23
41
56
48
38
37
43
56
55
49
39
25
19
28
49
64
74
57
42
44
44
35
23
10
8
19
21
24
26
27
28
37
40
42
50
61
57
32
19
34
54
58
52
51
60
65
59
65
50
27
27
43
53
54
34
28
51
59
64
59
59
69
71
65
49
40
44
44
35
24
13
8
9
12
9
2
1
12
25
32
20
13
42
57
49
40
38
48
61
71
80
89
89
75
71
76
88
96
96
86
68
57
67
71
72
85
87
72
58
57
67
76
91
100
81
50
35
35
40
39
22
5
1
8
18
18
18
25
27
26
17
12
12
16
25
38
60
86
89
76
73
80
82
81
80
74
72
74
66
60
73
69
50
51
74
96
112
114
106
108
114
118
114
88
71
64
49
32
22
22
24
7
-12
-21
-20
-14
-8
-7
-8
-4
-9
-18
-19
-9
12
33
18
6
22
33
35
29
26
28
39
52
60
66
77
86
82
72
87
103
112
108
101
99
87
83
98
112
108
106
96
85
84
87
73
57
59
70
64
52
49
44
32
-3
-25
-23
-10
-5
-5
-1
9
18
19
8
2
7
21
33
35
34
43
67
61
35
23
37
49
49
45
48
42
45
69
88
84
72
66
68
67
64
76
99
101
96
101
85
57
41
40
42
52
57
53
38
24
4
-12
-18
-17
-17
-7
6
16
17
22
26
26
24
20
9
-4
-6
10
36
56
56
44
35
42
60
80
88
90
91
97
102
87
69
71
89
97
93
86
71
67
69
56
52
55
40
17
1
-10
-5
10
21
21
19
21
37
44
43
44
52
59
67
82
101
96
67
40
38
50
55
48
40
49
64
75
84
82
76
69
56
55
55
54
67
80
70
48
36
55
67
44
25
29
43
44
37
28
25
28
25
28
44
54
57
69
74
73
76
91
96
73
52
24
17
28
42
38
32
37
44
38
28
21
22
35
48
50
44
50
57
53
45
51
73
108
114
88
72
74
80
80
81
84
74
52
37
38
49
57
66
60
42
36
45
52
44
32
40
54
55
65
69
56
42
32
34
52
58
56
50
39
36
42
52
53
64
80
88
97
89
75
71
74
67
57
56
60
75
74
52
34
33
40
38
26
23
23
12
6
6
17
27
27
26
38
53
53
45
39
48
52
52
53
55
55
56
57
49
35
23
26
45
65
76
75
58
60
80
73
56
48
44
40
35
32
34
40
53
56
52
54
43
27
35
39
23
9
18
35
41
39
32
33
34
36
35
40
56
64
57
58
70
77
77
56
41
50
65
53
36
39
54
64
59
56
56
60
66
77
90
91
77
68
74
75
77
84
71
50
41
51
56
43
28
32
43
43
39
39
36
26
23
23
32
44
53
60
74
75
71
69
64
57
67
83
99
99
86
82
74
65
61
67
59
51
43
37
35
40
53
65
70
69
64
55
51
35
9
-3
-9
-5
-4
-13
-26
-24
-24
-19
-12
-24
-28
-11
6
16
20
32
35
34
41
40
36
44
55
50
37
27
32
42
53
52
51
49
54
75
81
58
40
48
67
69
64
50
28
19
25
39
38
32
21
26
34
24
21
27
41
51
42
36
38
44
58
73
85
87
73
68
82
88
71
58
70
76
83
76
54
44
59
72
76
76
80
74
74
70
64
50
28
26
37
52
72
72
67
69
57
42
42
55
44
28
28
36
36
42
53
55
54
53
52
54
56
52
56
59
59
67
76
81
76
69
64
70
87
97
98
88
70
67
69
66
67
70
88
114
109
98
81
74
80
72
51
26
20
34
52
50
37
33
33
36
44
43
37
37
39
40
44
42
43
60
56
43
36
21
7
2
8
22
33
29
20
9
9
21
25
26
36
48
54
55
48
37
22
23
26
17
5
-1
4
21
43
61
61
40
22
20
25
28
36
50
51
52
50
41
38
42
55
56
38
23
33
43
43
32
23
45
65
59
50
49
50
34
19
24
41
44
40
42
44
41
40
38
35
34
38
56
64
43
33
27
27
40
48
34
22
23
24
28
42
51
67
71
56
52
64
65
56
44
38
53
69
73
71
80
98
103
91
84
75
75
86
99
103
89
75
72
72
67
68
58
45
51
67
55
36
24
26
37
41
40
43
55
54
37
25
37
52
58
69
64
53
64
80
81
76
80
67
43
24
8
3
4
16
19
4
-2
12
33
34
37
39
36
38
38
40
42
50
57
67
76
89
86
81
81
70
57
48
43
50
53
54
56
51
34
22
22
23
33
48
45
34
20
26
42
49
44
36
25
32
51
55
34
20
17
11
22
42
51
43
39
42
50
54
42
36
40
45
44
43
50
64
75
76
73
73
74
70
64
60
71
69
55
52
50
37
23
17
12
23
49
60
66
57
51
52
48
39
37
37
23
21
38
56
58
50
44
48
57
68
61
64
75
76
69
69
82
83
86
86
73
54
49
55
59
56
58
68
70
74
84
82
58
33
21
16
6
11
36
50
39
20
13
21
24
34
40
38
35
41
56
66
59
49
50
66
70
61
56
55
53
51
52
59
60
51
48
55
58
54
39
28
32
43
64
72
68
71
75
74
67
67
67
76
85
67
44
42
48
33
12
8
10
8
5
12
24
35
52
48
25
10
7
12
21
24
27
39
48
55
57
56
68
71
50
32
33
43
55
56
54
54
58
59
64
60
64
59
56
60
64
60
60
65
58
44
35
35
36
22
19
8
-3
-9
-17
-7
5
7
5
17
24
32
39
44
48
41
36
33
37
43
44
49
52
55
64
76
92
96
87
87
96
107
130
138
120
103
96
83
66
53
44
48
58
64
67
68
56
39
27
24
23
19
9
8
19
19
2
-12
-20
-17
-11
-2
9
19
16
10
20
32
36
40
45
54
65
69
74
90
103
105
105
101
103
115
120
116
116
113
106
96
75
60
52
43
32
22
29
36
28
33
39
40
37
33
19
2
6
21
36
34
24
23
27
29
25
17
8
8
17
13
0
0
13
25
39
64
82
82
73
57
56
52
41
43
55
66
64
56
58
65
72
82
84
75
64
55
64
71
73
68
43
21
16
7
-5
-17
-20
-9
2
3
-1
1
11
26
34
36
36
43
54
53
59
75
87
89
81
64
60
73
85
100
108
116
134
147
147
146
148
152
154
139
114
105
108
101
86
80
74
64
56
44
40
48
44
41
45
51
43
40
42
39
27
20
11
7
12
20
23
11
-6
-22
-21
-13
-11
-7
-4
-1
5
21
38
49
50
65
84
84
77
88
101
106
108
104
100
89
82
81
77
76
69
49
37
33
25
25
41
57
65
45
35
44
65
72
74
64
44
43
48
38
40
48
42
33
24
18
4
4
16
9
4
5
8
11
17
13
20
23
22
32
48
56
51
40
39
58
75
81
74
59
54
59
60
58
53
36
24
24
18
19
22
10
-10
-28
-34
-19
-9
-2
-3
-7
-18
-21
-10
16
32
28
33
44
67
83
83
74
71
67
61
67
71
66
64
60
60
66
64
53
50
44
48
50
43
43
42
38
42
36
22
20
18
2
-4
0
16
33
33
34
33
27
28
26
19
21
25
5
1
8
19
39
42
37
52
58
48
54
75
84
83
76
72
74
75
73
64
56
53
55
59
66
73
70
59
52
56
64
55
42
43
48
50
51
49
53
58
51
48
58
55
41
36
40
54
60
55
45
39
58
82
80
68
60
52
45
43
39
40
49
64
71
65
55
58
68
70
68
65
68
70
68
66
65
66
51
24
17
33
50
51
35
9
3
12
22
24
23
22
22
22
17
8
11
23
20
9
16
33
41
37
28
25
36
57
68
54
53
57
52
48
38
34
42
54
61
67
56
48
52
60
69
66
65
68
72
75
75
77
88
89
81
74
76
81
81
91
102
104
99
86
70
65
66
58
48
35
27
19
4
11
38
41
22
9
10
8
17
37
49
35
16
5
9
20
26
26
29
36
37
52
59
34
22
28
33
24
20
28
37
36
40
41
36
26
21
9
5
4
5
16
23
17
10
10
13
22
33
37
48
58
56
40
38
43
41
41
50
55
43
34
41
57
51
41
43
51
70
84
76
68
75
84
84
81
72
70
74
82
73
65
67
68
60
53
51
50
57
71
74
70
67
64
71
84
75
64
65
72
70
65
58
52
37
33
40
40
33
29
36
35
43
56
56
48
42
52
59
56
49
36
36
59
80
89
80
57
50
56
64
64
74
75
68
64
59
65
65
66
65
52
37
35
37
36
36
19
6
10
20
23
34
36
25
24
27
40
39
21
11
22
24
12
16
32
37
27
23
28
48
61
68
75
80
70
60
49
40
35
41
41
35
41
64
76
73
69
67
55
41
40
50
59
66
58
58
80
91
89
74
59
52
50
50
42
37
32
35
48
57
54
51
43
54
69
53
44
53
59
59
52
41
42
65
91
102
86
73
82
89
85
81
71
70
80
82
81
85
85
73
59
57
57
41
29
34
44
52
52
51
54
52
33
17
25
35
23
1
-5
0
4
9
16
28
49
60
61
65
80
91
99
97
93
100
105
99
93
104
107
107
108
120
121
107
87
75
83
101
97
75
54
40
22
9
6
0
-3
5
21
27
25
23
28
28
16
12
17
12
8
8
11
20
22
11
4
3
9
9
10
13
20
19
12
8
12
35
51
57
54
49
52
57
67
70
65
53
60
71
75
70
64
59
53
44
36
18
18
25
34
37
42
44
36
20
3
-6
-10
-20
-29
-30
-13
-18
-28
-30
-10
3
1
-7
-14
-22
-20
-11
-9
-5
9
20
23
24
26
37
66
91
97
85
88
100
86
68
74
93
101
87
69
65
68
69
57
44
49
57
67
72
69
67
72
82
89
91
88
86
97
80
50
36
37
39
50
59
57
54
65
71
80
82
72
61
54
52
57
64
60
48
36
41
60
84
69
34
23
25
32
39
48
53
54
66
83
90
99
92
74
66
69
81
85
72
56
44
35
38
55
65
64
55
51
43
42
50
66
76
80
75
72
72
76
85
88
85
69
57
52
52
55
54
40
20
6
0
-8
-5
1
-5
-6
-2
-7
-6
4
21
34
40
42
56
76
83
84
89
87
77
70
53
38
38
39
51
61
53
51
60
49
25
12
16
21
5
-7
-3
6
12
16
24
37
39
36
36
27
22
32
40
40
38
27
25
40
49
51
49
44
43
41
39
43
65
82
88
91
98
100
97
100
118
113
91
88
91
90
82
70
70
80
89
93
89
87
89
89
85
76
70
73
81
71
64
57
50
26
8
4
10
18
8
-3
-6
0
8
18
18
17
28
42
38
25
17
17
21
20
26
29
22
25
40
54
65
68
66
57
59
65
56
53
50
24
8
27
42
43
42
43
45
50
54
70
81
82
87
92
82
58
42
43
58
72
82
102
102
64
34
33
43
56
55
48
42
39
40
51
56
58
56
40
22
23
41
51
48
36
33
35
36
42
40
34
44
57
61
59
55
53
44
37
35
37
44
55
56
44
32
27
40
48
44
37
34
27
26
36
37
37
44
54
52
58
72
58
48
54
67
73
77
71
57
52
41
34
40
38
23
13
17
23
23
29
28
25
24
23
37
68
99
100
86
73
80
89
76
57
48
51
54
56
70
73
64
61
68
68
65
59
59
53
27
8
4
12
24
20
11
21
42
52
39
25
25
34
36
38
43
53
69
80
64
44
37
36
41
44
44
50
56
66
74
67
50
32
21
22
28
29
35
48
55
55
55
51
48
38
24
23
28
25
25
44
71
66
36
26
42
56
58
55
56
51
48
52
54
42
33
35
40
38
37
52
75
102
118
124
123
112
103
107
101
87
72
59
58
57
44
37
39
48
54
59
67
66
50
36
28
26
22
24
27
37
51
52
42
36
43
60
70
51
34
34
28
32
43
65
80
74
77
90
100
92
75
67
69
73
74
66
55
59
68
68
65
58
60
69
75
80
88
84
82
80
76
73
71
70
67
52
37
22
12
6
4
3
-4
-4
8
19
23
21
10
2
-2
11
39
53
33
6
1
16
26
16
6
18
29
33
26
21
24
35
45
59
73
81
85
99
102
89
71
66
80
74
66
72
82
84
64
41
36
27
19
12
7
4
7
20
24
20
13
12
10
7
-3
-9
-9
-13
-5
7
6
-1
5
29
50
56
58
59
70
87
100
96
81
75
85
86
68
57
52
43
32
22
25
37
44
54
49
24
17
24
37
27
17
6
5
7
3
-1
6
18
35
41
34
22
20
25
44
66
83
87
74
71
71
64
67
87
84
64
43
33
25
20
9
7
17
34
58
71
58
51
44
37
42
66
74
68
53
53
57
58
52
37
28
27
24
19
24
32
33
26
17
17
36
48
37
19
9
18
24
20
19
27
39
49
52
56
58
61
73
86
98
100
90
89
101
103
99
90
81
70
70
81
85
88
88
87
91
97
90
98
102
97
89
81
72
69
65
60
54
41
35
39
48
50
40
22
13
10
9
19
33
42
51
48
53
72
73
59
50
51
49
40
37
35
27
19
20
23
27
37
49
51
50
48
42
48
58
54
39
33
37
41
36
22
20
23
26
21
21
36
39
26
7
-4
-8
0
7
12
17
10
9
10
6
3
-2
-12
-11
5
29
54
66
71
73
72
65
57
55
57
53
65
81
81
64
41
35
42
58
61
69
75
69
61
59
58
60
77
89
86
81
74
73
70
60
50
41
43
56
49
19
6
4
6
27
41
36
28
22
28
40
27
11
19
32
36
35
18
2
8
24
39
32
23
32
43
56
65
67
69
70
68
66
65
70
82
99
102
103
101
98
93
89
84
76
73
81
90
96
99
96
83
76
70
61
60
50
51
65
74
59
42
35
38
53
65
60
57
64
72
74
64
44
40
44
53
55
56
53
39
32
38
45
40
27
23
27
25
12
6
10
20
28
33
32
32
34
37
40
41
48
56
67
71
70
74
84
76
68
72
89
82
59
55
51
51
64
70
73
69
60
74
85
74
53
37
37
41
42
52
68
82
90
82
57
37
34
34
22
8
3
-3
-5
4
9
10
8
0
1
20
32
17
-2
-6
1
10
13
13
10
9
21
36
42
42
53
67
74
82
83
80
83
98
106
105
97
85
64
54
66
72
68
66
65
66
66
61
69
72
68
60
50
38
38
36
29
25
22
18
25
41
51
55
57
57
55
49
36
33
43
45
39
42
53
56
50
53
68
88
100
90
86
92
99
96
82
66
59
59
57
59
57
39
25
35
53
54
48
55
59
53
51
58
65
65
69
75
81
73
53
38
39
49
56
60
70
91
101
83
48
32
35
49
56
59
48
37
28
25
24
19
3
-9
-8
-5
-3
1
10
22
24
11
-2
-2
8
5
0
7
17
20
29
43
52
58
51
41
37
35
24
17
33
57
70
65
54
52
67
80
74
57
51
57
55
44
42
41
38
26
20
27
45
54
50
36
29
22
20
35
60
61
44
28
24
28
33
32
34
41
49
40
32
34
43
43
43
50
54
70
77
60
54
69
84
89
73
58
65
83
91
96
93
84
74
75
80
77
74
69
65
59
50
48
35
28
42
41
27
21
16
16
18
17
16
21
34
50
57
58
54
50
58
76
74
54
55
70
74
83
88
81
66
51
39
33
24
10
5
4
6
2
-8
-10
2
12
12
18
24
27
26
18
17
32
41
41
33
28
28
23
20
22
25
32
43
58
70
72
70
67
58
48
41
50
71
84
65
37
26
36
48
54
50
54
64
60
57
59
71
76
73
69
66
65
64
72
90
102
103
114
124
114
102
100
89
67
58
69
71
67
58
48
25
17
26
39
48
36
29
34
36
38
35
36
39
40
41
50
65
68
59
51
41
32
24
28
27
23
22
33
48
48
41
50
69
86
86
84
83
72
50
39
43
42
45
57
61
56
44
29
17
10
24
50
68
81
88
90
102
108
88
71
71
69
58
49
50
55
60
61
60
67
74
75
67
55
58
58
40
20
7
-4
-7
-1
-8
-25
-38
-33
-14
-3
-1
-13
-28
-21
-7
-1
0
-3
-3
-4
-14
-28
-23
-1
20
35
33
34
49
60
66
70
81
101
116
119
121
131
139
136
119
118
138
153
139
128
124
130
132
121
105
89
89
100
101
88
82
84
80
81
85
80
73
72
70
74
76
74
72
66
66
70
64
54
42
34
35
25
16
12
19
24
23
18
7
-4
-14
-21
-19
-7
16
25
19
-4
-17
-14
-18
-14
-18
-27
-44
-44
-22
2
9
10
9
5
0
-4
-12
-20
-8
9
17
10
10
18
27
36
49
68
73
71
73
85
90
86
86
83
81
76
69
73
87
99
102
98
86
84
84
83
82
75
69
60
50
48
58
66
56
41
41
44
44
42
41
41
44
54
65
71
72
68
64
56
45
49
54
53
48
40
49
65
67
56
53
60
53
40
36
38
51
64
69
73
73
82
98
102
90
69
41
26
32
34
38
40
36
32
24
26
38
49
58
68
75
65
52
57
57
44
36
35
28
23
33
42
50
56
52
48
48
43
53
74
75
53
33
37
57
64
51
41
40
42
48
50
54
57
53
56
69
67
50
32
24
24
22
22
28
25
17
12
13
11
7
1
-3
4
12
17
11
5
-3
-10
-3
8
17
21
25
32
35
37
40
44
41
32
28
55
68
56
48
52
57
55
45
36
29
34
37
34
29
38
45
41
38
51
70
81
77
71
58
35
26
35
39
40
37
26
17
17
27
44
57
66
67
58
50
44
44
59
85
96
91
83
80
87
86
81
82
88
88
83
73
48
35
48
59
50
21
12
18
18
12
8
12
22
26
29
35
28
20
20
32
40
49
57
56
54
60
65
71
70
68
71
64
55
58
64
67
71
80
88
91
92
90
82
74
81
83
80
70
49
36
37
38
33
21
11
10
16
23
25
11
-4
-2
16
40
50
37
25
37
55
55
53
56
60
69
72
61
57
66
70
70
73
83
93
101
96
88
88
91
90
83
69
66
73
81
80
73
65
56
64
65
64
54
39
27
27
32
34
19
-3
-7
-2
-3
-6
1
4
3
4
17
32
36
33
33
27
22
20
22
28
34
33
33
36
39
48
41
25
16
13
24
39
53
59
69
67
67
70
65
66
61
57
65
66
60
68
76
72
61
57
58
56
52
49
52
54
43
33
23
22
35
49
58
55
42
36
40
51
41
23
33
51
54
44
44
57
67
67
60
57
44
35
39
55
72
88
88
74
64
56
61
74
84
85
80
75
