48
54
61
67
70
81
89
96
93
89
81
74
68
55
51
52
43
38
40
45
52
50
41
29
19
7
9
21
21
7
-4
-7
-10
-17
-18
-10
0
6
4
2
3
0
-8
-8
-3
6
8
5
6
16
22
22
24
36
56
73
86
99
104
85
73
81
85
81
71
72
81
88
98
104
106
104
90
73
70
72
66
51
36
21
13
18
18
17
12
12
10
10
11
11
7
-1
-8
-10
-11
-3
8
10
9
16
27
39
51
55
50
51
59
71
89
105
122
139
145
134
124
129
129
120
117
119
114
104
96
82
59
48
41
40
49
54
40
26
23
26
24
8
-7
-19
-27
-35
-41
-43
-37
-28
-29
-21
-2
12
17
16
19
35
48
54
71
90
89
75
72
80
85
82
87
101
98
89
92
87
76
69
67
73
73
72
72
76
82
81
70
61
57
41
35
36
26
24
28
33
40
48
48
35
23
27
40
29
20
34
49
55
59
59
61
70
77
80
72
70
81
90
88
80
72
64
48
41
42
51
65
87
96
67
44
43
53
66
71
67
55
53
51
42
35
39
48
52
44
36
25
24
28
27
19
16
19
26
38
43
53
60
59
68
74
74
58
34
23
40
60
71
69
64
65
53
26
20
43
68
74
57
27
10
12
22
23
9
-2
1
5
18
38
42
42
43
41
42
51
54
54
58
57
55
64
80
92
93
89
81
71
74
84
81
75
71
59
50
38
41
55
59
48
34
35
51
64
68
75
81
66
41
26
22
18
8
3
16
49
71
66
35
11
16
24
27
36
36
32
39
66
81
73
74
82
72
60
69
92
118
124
116
107
113
120
120
117
114
114
116
108
96
87
86
85
83
74
74
82
77
60
48
40
39
29
11
2
-3
-14
-24
-24
-19
-20
-27
-38
-52
-54
-33
-10
-8
-6
1
4
10
7
3
16
29
39
43
51
57
69
80
84
77
83
90
84
72
84
100
100
98
100
103
100
96
92
97
85
69
66
59
53
43
33
25
25
28
28
29
27
25
36
41
37
32
32
37
39
37
35
39
42
35
35
52
72
89
105
106
98
88
88
98
103
93
85
84
76
74
70
65
52
44
43
43
39
34
37
41
40
38
39
36
22
7
4
10
12
18
25
27
16
-7
-18
-13
-5
4
10
21
39
51
60
64
60
60
58
60
55
44
40
38
45
54
55
58
50
37
38
32
11
1
2
6
11
12
11
8
5
4
4
6
12
21
33
39
36
26
23
33
51
58
56
53
52
49
40
37
42
45
48
50
57
66
59
54
56
58
51
39
33
35
41
54
59
40
21
27
44
56
51
43
48
40
29
28
21
11
13
10
8
16
22
35
42
50
60
65
51
33
29
38
51
68
73
75
84
88
98
105
112
105
87
59
58
67
72
86
98
92
83
84
85
82
71
65
61
64
52
43
53
64
55
41
36
26
23
36
44
45
38
23
21
25
25
19
11
16
26
45
53
50
52
44
38
40
41
38
35
37
42
48
53
58
60
60
66
73
81
74
54
43
50
60
59
52
60
72
53
39
42
53
60
64
64
68
70
65
49
41
52
51
43
53
64
59
54
52
42
32
19
16
16
21
27
25
17
7
2
-3
-3
3
0
-2
3
5
12
24
28
23
12
10
25
39
36
34
40
54
51
44
44
51
45
50
54
57
73
86
72
59
59
58
66
71
69
58
51
50
49
52
65
72
76
74
70
66
61
64
58
56
65
56
36
17
8
11
12
3
-1
-1
-1
3
8
12
17
17
9
7
17
32
35
29
27
16
17
32
41
49
58
66
56
52
69
72
57
54
60
65
69
77
89
93
99
89
77
83
88
83
83
91
104
115
114
105
101
105
108
104
98
93
87
71
54
51
52
48
39
37
39
29
21
32
50
66
61
44
39
41
41
39
32
20
9
9
10
9
4
5
12
8
-2
-2
1
6
13
26
37
43
42
50
65
67
66
59
57
58
64
67
68
60
57
65
76
91
105
120
132
122
106
104
116
130
134
124
113
101
90
86
72
57
49
48
48
38
22
6
-5
-12
-13
-6
3
7
8
5
-1
8
23
26
21
11
18
33
40
50
55
56
55
55
61
66
57
53
65
76
74
75
87
105
128
134
129
122
119
115
99
81
73
72
69
64
54
50
35
20
21
25
24
18
11
16
22
24
18
10
9
18
24
27
18
-2
-8
-3
4
-5
-18
-20
-17
-4
9
21
36
64
76
68
55
52
65
81
85
81
77
81
88
91
86
76
75
80
87
88
83
80
80
73
61
59
65
59
37
8
-1
6
2
-20
-34
-28
-23
-18
-6
6
24
37
48
59
67
60
57
59
57
54
51
54
51
40
37
51
58
59
64
72
84
85
70
56
55
61
64
49
35
44
65
80
80
59
49
51
60
66
64
52
32
11
7
11
19
24
26
21
16
19
25
32
34
38
48
43
32
25
27
36
53
72
80
81
88
91
101
107
104
101
112
122
117
112
109
107
103
106
105
90
83
84
91
86
74
77
97
112
108
98
77
56
40
18
2
7
12
9
3
2
20
34
18
-5
-13
-6
9
16
17
26
44
59
65
55
41
39
50
66
73
65
54
48
52
68
81
73
65
75
98
117
118
108
100
82
70
84
107
121
107
87
71
57
53
55
49
34
17
2
-5
0
-9
-25
-25
-18
-6
0
-2
-9
-13
-10
-7
-7
-9
-12
-17
-14
0
26
38
27
25
39
59
74
82
90
112
115
92
81
84
96
98
93
88
87
96
107
108
97
75
57
42
32
24
18
12
6
8
7
8
4
-5
-6
-1
-6
-20
-24
-25
-11
7
20
34
41
41
43
49
57
68
82
87
84
80
86
92
86
82
90
103
112
106
105
102
97
100
104
103
97
89
85
84
81
73
66
60
59
52
49
55
51
36
24
20
11
1
-5
3
13
19
22
34
40
48
54
57
59
59
56
54
59
70
76
81
81
81
81
73
61
52
53
58
55
44
40
42
36
21
19
26
24
19
16
8
9
21
39
50
44
37
32
27
27
27
22
19
22
36
49
49
37
27
28
33
34
25
24
36
49
53
49
41
38
36
33
33
40
55
58
38
18
21
44
54
43
26
21
35
45
39
23
12
22
26
26
26
28
25
21
19
16
4
-12
-29
-35
-19
9
29
36
40
48
60
71
70
69
73
82
83
84
97
98
85
80
76
84
96
93
83
74
81
91
93
90
89
97
91
82
77
76
72
68
61
51
43
35
19
8
7
13
16
8
7
7
9
16
17
18
28
42
57
67
74
83
77
66
64
66
59
59
68
74
72
71
71
82
91
102
105
105
119
120
100
86
81
71
60
49
29
19
19
16
0
-13
-20
-20
-23
-20
-14
-13
-17
-20
-20
-9
-2
-4
-10
-4
6
16
22
25
26
38
57
71
73
56
49
57
68
80
83
83
84
86
92
96
82
66
56
54
48
35
33
38
38
39
55
65
55
44
38
35
37
42
44
37
27
28
29
26
36
42
33
22
20
20
20
12
5
8
24
44
54
49
41
42
40
41
53
45
42
60
81
89
81
65
55
55
61
65
60
56
57
59
70
80
80
83
86
87
87
84
71
57
43
35
25
19
24
35
23
6
2
2
5
10
11
12
21
21
37
49
28
16
16
21
24
21
22
36
53
64
67
69
70
69
67
69
81
85
85
86
86
88
88
97
99
84
76
81
76
67
64
73
86
86
76
72
80
73
52
32
21
10
2
2
1
-1
3
12
18
18
20
22
27
33
27
19
19
36
50
48
37
32
33
37
43
55
67
73
72
76
77
84
101
120
130
129
114
100
101
97
76
69
66
54
58
66
61
60
53
35
21
19
21
16
6
5
8
4
0
6
21
22
9
2
-4
-17
-35
-45
-44
-29
-8
-2
4
21
42
58
64
70
89
96
81
60
52
65
88
93
90
90
92
99
97
100
109
117
116
112
114
117
120
105
80
67
66
65
56
48
42
41
35
23
12
11
17
21
33
55
75
81
71
69
81
80
66
60
64
64
56
52
50
48
42
41
53
51
49
54
65
72
72
68
72
83
87
92
96
80
55
37
27
27
21
11
18
32
34
33
34
39
40
41
43
48
39
23
17
11
1
-1
5
12
23
32
37
41
48
55
51
42
51
64
64
58
54
52
48
42
44
48
52
61
57
37
18
11
13
25
32
40
48
42
44
44
33
16
4
7
16
28
36
25
22
27
39
49
49
45
49
43
36
29
34
37
39
50
60
61
68
87
115
116
96
72
70
88
100
88
70
64
72
80
80
74
76
86
93
96
81
59
58
69
82
80
67
61
57
50
41
25
16
12
7
0
-6
-6
-5
-6
-8
3
20
22
27
37
48
58
65
53
40
36
38
54
77
88
85
86
101
107
109
117
119
118
106
98
85
66
49
50
72
84
83
70
58
57
53
48
39
32
23
21
9
1
-3
-6
-10
-18
-29
-30
-27
-22
-11
-19
-26
-17
2
-1
-24
-37
-35
-21
-5
9
12
12
19
29
41
58
67
66
68
74
76
80
81
87
102
114
117
109
100
100
105
120
139
133
113
104
101
87
77
71
56
37
27
34
36
12
-6
-10
-7
-2
-2
-3
-9
-12
-12
-6
0
1
-3
-1
8
10
17
26
33
26
29
60
87
83
73
83
104
122
118
105
96
99
117
133
141
145
138
130
117
117
122
118
104
92
92
97
86
66
43
26
12
8
4
-9
-35
-52
-66
-66
-58
-60
-69
-68
-55
-30
-18
-23
-25
-12
-7
-3
3
10
27
44
51
52
57
74
86
84
83
84
88
97
102
106
118
131
134
132
131
123
117
105
102
100
97
102
98
68
39
20
10
12
17
7
-6
-12
-22
-25
-8
6
13
16
7
1
-3
-1
-3
-2
12
23
34
50
66
70
73
72
66
67
67
74
83
83
82
81
87
98
112
122
130
122
115
117
123
120
116
114
113
118
129
122
103
83
60
43
25
5
-9
-24
-38
-49
-55
-58
-53
-43
-36
-28
-22
-11
-7
-6
5
7
11
24
19
1
-10
-13
-7
6
21
36
41
48
58
68
73
82
92
105
123
140
146
139
132
124
122
115
99
88
101
121
114
88
77
80
82
73
58
43
36
33
34
36
34
21
9
6
3
2
4
10
17
17
19
22
20
8
-3
-8
0
10
25
40
44
51
54
66
83
71
54
60
74
72
72
73
75
86
102
115
112
98
90
104
117
114
108
112
115
108
91
77
64
52
49
52
53
37
6
-11
-10
-7
-8
-8
-4
6
11
11
10
4
-3
-4
2
9
27
37
26
18
25
41
53
54
54
55
55
61
72
67
67
81
106
117
88
57
52
55
56
52
45
43
44
39
26
23
25
24
26
34
39
42
40
29
24
28
33
26
18
17
24
21
12
13
24
42
55
52
52
56
59
60
55
54
59
72
76
73
71
72
74
85
99
103
96
84
80
81
81
80
72
61
60
66
50
36
42
55
51
29
20
16
5
-6
-6
0
4
8
3
-8
-22
-22
-11
-2
8
20
32
42
38
22
24
37
42
36
35
43
43
43
56
68
73
68
65
70
80
72
67
68
76
85
80
71
58
44
36
36
35
37
52
67
60
37
10
9
24
26
16
1
8
28
38
35
35
34
34
38
48
50
39
32
26
18
11
19
34
53
65
53
48
54
56
54
56
65
76
84
86
89
89
97
106
104
92
89
84
87
96
103
112
112
108
121
118
97
77
60
44
24
8
6
17
24
23
25
28
20
16
11
0
-7
-8
2
2
-2
1
-5
-11
-5
1
1
-5
-3
11
26
32
26
34
49
68
85
91
91
88
84
85
89
97
105
116
115
108
113
119
117
105
106
124
116
103
102
101
88
61
37
32
39
41
34
23
17
12
16
18
22
27
29
27
20
6
-2
1
7
11
16
18
20
24
35
41
36
25
19
17
12
7
20
44
53
38
35
43
54
53
44
51
59
55
55
58
65
61
43
26
26
36
43
50
42
34
36
39
44
54
53
40
26
10
5
11
11
9
5
5
19
49
83
90
84
83
86
87
98
105
104
114
130
132
131
123
109
104
90
73
75
81
76
73
72
67
60
52
52
59
58
52
45
54
69
65
64
66
65
54
48
42
44
44
42
49
67
70
53
32
25
34
37
32
24
25
32
32
32
33
34
34
32
34
42
54
53
50
53
59
66
68
65
65
70
73
71
72
69
68
82
89
84
74
57
51
49
45
52
66
59
44
40
44
42
38
35
36
36
37
39
42
40
38
45
59
64
61
72
76
71
64
56
51
42
29
25
25
16
13
32
38
28
16
9
12
23
34
49
64
60
52
54
58
58
52
43
44
39
21
8
13
34
38
34
44
54
49
44
50
58
66
59
52
53
52
44
41
38
34
37
41
39
38
37
34
29
23
18
10
10
16
20
19
24
32
33
20
26
36
22
2
5
17
19
20
25
35
49
64
61
57
49
43
50
55
51
42
38
45
60
72
72
57
50
54
56
55
65
70
68
74
72
49
36
44
65
69
64
65
67
58
56
59
53
34
16
13
32
38
20
8
16
23
26
24
27
43
53
42
32
25
25
23
21
28
40
39
38
42
44
65
96
105
107
99
87
92
101
105
106
103
112
117
109
101
90
75
65
55
48
39
28
24
26
23
19
24
36
48
52
48
41
38
48
54
55
55
49
34
22
23
22
8
1
10
28
35
24
13
11
17
20
23
33
41
52
67
67
53
43
50
60
64
60
53
43
44
53
53
44
38
32
26
24
23
23
26
40
56
65
69
64
58
66
60
49
43
42
49
53
38
18
6
18
33
34
24
25
33
36
37
38
41
40
26
20
26
44
53
42
20
6
6
19
35
49
50
41
32
21
22
22
19
32
38
40
43
50
54
54
51
52
58
70
84
97
98
86
73
67
64
73
86
82
69
60
67
72
80
84
80
71
70
72
70
67
72
75
75
83
96
98
89
85
81
84
92
82
71
77
77
67
58
43
25
17
17
22
25
34
33
26
26
24
16
6
1
5
19
28
35
36
27
23
27
35
32
29
36
40
43
44
53
55
49
43
44
45
52
56
66
88
108
105
89
81
80
92
112
113
107
104
104
101
92
86
75
69
57
58
68
69
60
53
50
41
23
12
16
18
23
18
3
3
17
26
23
9
4
9
11
7
8
9
19
26
21
12
11
16
17
24
41
39
23
17
26
44
66
85
89
85
77
72
75
77
83
86
87
90
100
106
91
68
53
52
52
40
17
-4
-3
-4
-6
-1
10
16
20
24
20
21
29
25
11
6
16
36
57
71
67
51
44
56
72
69
64
60
55
50
50
56
61
58
51
51
51
54
58
59
72
91
101
97
96
106
115
105
85
64
44
33
24
22
25
32
28
35
42
45
41
36
28
34
35
28
28
37
32
23
24
33
41
25
10
16
28
35
27
21
22
26
33
37
41
42
49
49
48
55
53
40
41
51
55
59
60
66
56
49
41
36
39
53
57
49
44
38
33
38
29
18
17
21
23
35
53
59
56
52
50
55
57
50
41
49
56
54
54
64
75
84
84
74
72
82
87
86
81
77
85
89
86
73
64
56
54
64
73
85
96
104
104
74
38
32
41
50
54
58
57
55
51
49
55
56
50
41
34
36
43
52
54
64
66
64
68
68
57
52
58
76
80
71
56
52
60
73
70
66
58
49
41
34
26
25
37
42
39
26
25
29
34
37
33
33
37
43
53
45
28
21
25
26
22
19
18
23
38
41
48
48
44
50
53
55
68
80
73
57
45
48
59
66
60
58
56
56
59
59
68
59
45
45
39
28
33
38
42
48
38
29
29
25
23
26
24
22
18
9
8
21
36
44
38
20
7
2
4
11
26
36
28
22
26
33
37
35
28
25
43
66
71
60
41
25
20
20
20
17
16
20
33
32
18
7
18
25
23
23
28
32
42
58
49
40
45
56
67
67
67
72
75
71
64
60
65
66
69
80
85
89
83
67
51
52
66
70
73
73
57
38
22
17
10
11
4
-5
-3
-1
7
17
22
18
9
10
19
25
29
23
13
12
26
49
67
75
81
80
80
83
92
88
71
61
60
65
71
73
86
101
105
106
100
83
71
66
65
69
80
86
96
89
72
59
56
56
65
72
71
65
55
58
65
52
52
49
26
28
51
57
45
36
17
4
9
12
18
23
23
16
7
11
19
19
11
12
20
24
24
25
33
41
54
65
68
74
80
66
50
52
64
65
45
27
26
36
48
50
48
51
66
67
56
52
48
38
36
35
32
42
57
66
57
48
42
38
28
27
26
22
16
23
32
32
35
44
35
24
36
56
68
69
71
71
66
61
58
54
49
42
41
42
43
52
58
55
45
36
26
19
4
-1
11
20
17
19
29
18
1
8
25
38
50
64
60
56
68
88
99
100
92
86
82
82
85
87
93
99
104
108
115
112
92
75
75
80
70
61
59
51
40
50
52
50
50
49
35
24
18
18
26
28
26
21
21
28
43
53
53
55
60
57
40
21
20
37
42
45
56
60
59
53
59
81
81
69
59
48
38
32
27
26
23
17
7
1
5
9
18
26
35
34
29
36
39
41
41
39
39
39
34
23
22
26
38
37
40
57
64
56
57
65
64
69
80
89
106
102
84
73
56
56
75
86
83
75
71
70
67
67
60
48
40
50
53
50
52
52
53
64
67
76
83
82
87
92
72
51
39
25
19
18
8
3
4
13
29
42
55
60
58
56
56
57
59
64
72
76
70
64
64
69
70
60
50
44
52
52
42
35
28
28
37
50
61
52
23
17
32
40
42
36
28
35
51
56
44
28
33
48
50
44
48
53
49
40
34
36
41
52
64
65
66
73
74
70
69
67
71
90
99
76
52
48
64
76
68
53
40
36
35
25
21
27
37
42
54
55
34
11
9
6
-2
3
19
27
33
34
32
36
52
59
65
57
40
24
27
40
51
59
66
68
64
52
50
53
52
44
48
55
73
89
92
88
60
38
34
39
49
52
44
40
36
20
8
19
28
35
39
40
40
44
55
57
49
42
44
56
65
60
57
67
74
83
83
74
72
83
93
96
88
76
85
99
92
83
91
106
106
102
108
118
118
108
88
74
74
83
86
81
67
54
41
40
50
52
57
58
51
40
37
35
34
34
37
42
50
45
34
26
32
33
37
42
41
48
41
23
17
19
28
39
44
50
54
59
54
43
48
57
56
42
37
32
18
13
19
17
18
23
23
12
2
-5
-3
-2
4
24
27
20
26
48
56
59
54
43
39
37
40
55
75
73
58
41
36
44
49
44
41
40
43
49
54
60
55
37
20
12
18
39
65
70
65
57
69
75
70
64
43
19
12
29
53
53
35
25
29
38
35
25
22
24
29
39
44
42
40
40
33
24
27
29
25
21
20
28
40
41
55
68
68
68
72
88
92
77
73
70
57
54
56
53
51
48
40
34
35
41
41
42
48
58
65
58
43
27
21
28
44
55
51
40
40
39
11
-11
-11
9
27
36
43
48
49
48
54
68
75
72
68
69
60
38
24
38
52
49
38
32
33
28
18
16
29
28
19
21
27
38
45
55
68
66
50
36
25
32
48
49
32
17
10
13
20
22
26
25
25
34
37
27
21
32
44
41
34
33
35
37
38
32
27
35
45
58
56
42
27
20
21
24
27
38
42
37
38
38
29
28
36
44
59
69
55
41
48
52
42
34
34
45
67
80
80
70
66
72
70
56
51
53
56
58
57
52
52
53
56
74
80
67
58
59
60
61
68
71
70
59
52
52
56
50
33
24
29
36
35
43
55
57
57
58
58
64
71
74
64
50
55
61
58
57
60
64
58
66
75
84
88
84
70
58
67
81
81
67
55
67
86
90
80
65
52
38
34
38
44
52
55
67
82
89
87
75
61
57
54
44
43
55
56
40
27
24
33
37
25
11
7
16
26
35
37
39
43
40
25
20
27
36
38
41
42
43
50
55
59
69
73
72
72
71
57
38
33
42
49
37
27
26
28
36
44
43
48
49
43
35
28
27
28
29
32
25
32
37
38
40
45
55
64
67
66
60
71
89
107
106
82
64
65
72
72
58
44
40
51
67
76
69
44
28
36
55
69
71
56
44
48
58
73
74
67
55
45
48
57
60
58
48
40
48
58
59
56
53
57
60
55
50
51
53
51
43
35
38
49
50
48
49
52
57
54
40
35
41
53
53
49
52
60
57
54
65
58
48
51
68
70
60
55
52
57
64
68
71
64
52
44
52
67
73
77
77
73
72
68
60
53
43
38
39
40
33
25
33
40
50
39
23
17
18
26
34
34
33
37
38
41
55
64
70
70
65
66
69
72
72
76
85
96
84
54
36
28
27
33
36
42
43
38
39
25
6
6
17
19
12
7
11
22
23
20
19
21
23
18
7
6
19
23
21
23
26
33
40
48
50
54
67
67
60
56
48
38
40
45
41
40
48
57
65
57
48
37
32
40
51
45
42
42
34
16
-4
-17
-11
-5
0
4
16
29
34
32
39
49
60
74
68
50
38
34
34
42
59
73
65
52
57
65
59
56
64
60
56
56
65
72
82
80
65
55
57
64
72
80
90
92
64
35
26
22
28
37
41
50
57
50
40
49
59
64
57
55
57
65
68
69
80
90
102
102
98
96
89
86
77
70
69
64
59
64
70
74
71
69
71
59
32
16
16
19
18
11
13
25
37
34
24
11
4
7
19
37
41
27
25
28
24
21
28
38
38
34
39
52
50
49
50
49
42
34
24
18
13
23
33
33
33
38
41
40
41
41
35
34
37
38
36
38
58
69
58
44
42
42
48
52
53
49
40
28
20
25
50
52
38
37
41
49
54
53
52
54
48
43
48
51
43
28
19
16
26
40
39
26
22
26
37
40
40
48
60
70
55
39
37
37
42
45
33
25
33
28
26
53
74
59
51
54
57
50
33
25
29
35
33
34
34
39
38
28
32
43
64
72
71
65
59
51
40
50
64
67
64
66
67
41
20
21
28
39
52
58
56
50
42
41
44
44
41
26
17
23
40
48
43
45
57
66
66
64
59
56
54
66
73
69
57
54
56
64
66
59
56
56
56
55
59
70
70
59
52
38
27
32
38
38
27
25
35
44
53
58
65
69
66
59
65
65
56
54
57
58
67
70
59
51
54
52
40
40
44
51
58
70
75
66
50
44
49
56
52
40
44
53
53
54
55
44
37
37
32
26
24
19
20
26
25
21
29
36
34
34
29
21
17
22
34
40
51
64
58
53
51
48
49
44
40
34
25
28
37
37
32
22
20
24
23
25
41
59
67
60
55
58
70
86
96
80
56
64
84
88
77
68
64
57
56
59
60
64
58
57
64
65
64
69
76
74
68
60
66
65
55
54
61
74
76
64
52
32
18
27
45
56
60
66
64
57
50
45
45
44
50
48
34
27
25
18
17
28
43
44
34
26
32
38
28
23
34
49
57
43
24
17
10
8
10
29
48
41
32
39
52
57
71
65
55
56
55
54
64
61
61
57
42
40
50
51
51
37
8
0
17
39
52
48
37
45
41
24
17
23
42
59
58
52
56
59
57
52
50
49
32
9
12
38
57
70
69
66
57
57
64
53
39
43
51
50
50
58
66
73
88
92
88
76
71
70
64
66
59
51
54
60
67
71
73
66
59
60
69
73
67
64
71
68
43
22
21
34
49
49
44
44
40
33
35
42
45
43
49
50
45
42
40
41
45
55
65
65
61
72
86
91
87
81
80
76
80
81
73
72
80
91
104
100
90
86
81
53
37
42
57
53
36
27
27
32
40
51
51
48
44
43
50
43
36
27
23
25
32
28
20
20
27
34
26
24
28
37
