57
51
40
34
37
42
49
66
80
85
83
64
55
82
103
105
103
88
98
144
172
152
118
112
125
149
171
171
145
122
135
165
192
197
172
132
115
130
132
115
107
114
102
77
61
58
54
43
50
58
54
41
35
41
58
56
21
-8
-20
-12
6
27
45
58
66
83
113
124
122
116
104
96
86
89
102
101
104
107
114
113
105
102
129
160
154
139
121
98
102
118
123
131
122
84
52
48
51
27
16
27
22
8
-10
-12
-4
3
6
3
-3
2
18
34
55
58
43
35
45
66
83
88
85
81
82
81
75
83
75
48
43
70
81
57
40
54
74
109
120
96
72
72
83
82
64
38
34
28
10
6
21
35
20
0
-2
-4
-10
-28
-34
-41
-65
-85
-81
-62
-52
-43
-36
-24
-26
-41
-51
-38
-20
5
20
18
10
4
-4
-3
1
-7
-21
-28
-10
28
53
56
51
41
36
26
21
25
25
16
26
42
36
28
38
40
34
9
-28
-39
-10
12
13
13
12
2
-12
-21
-35
-50
-45
-42
-37
-24
-13
-8
-5
-17
-41
-59
-56
-59
-53
-50
-46
-23
10
36
43
44
25
1
19
55
58
34
2
8
40
59
77
108
108
84
72
65
61
60
64
66
69
49
18
20
39
41
17
-12
-22
-3
16
8
-4
-8
-18
-42
-54
-37
-13
-6
-19
-41
-53
-34
-6
7
5
-3
-3
0
8
10
11
10
16
28
33
48
75
84
77
93
122
119
99
85
83
81
59
48
57
73
84
93
112
114
100
83
73
60
61
70
82
98
74
40
29
29
18
-4
-21
-20
3
41
59
39
11
1
9
20
16
-5
-11
9
44
64
69
72
76
74
54
39
42
52
57
59
66
83
89
91
91
85
80
83
83
60
44
33
25
25
19
6
4
-3
-29
-46
-50
-44
-38
-36
-40
-44
-40
-26
-17
-1
9
-10
-39
-43
-33
-10
-5
-7
5
9
19
35
41
44
42
40
18
-4
-6
10
35
58
67
58
55
56
52
44
40
27
6
-13
-20
-10
0
-2
-23
-38
-35
-20
-9
-13
-12
2
16
9
4
20
25
23
36
48
48
40
44
57
64
74
85
81
77
99
120
131
132
113
90
87
92
98
105
112
86
60
69
86
103
113
108
85
67
71
75
81
76
60
49
52
66
48
18
7
0
-7
7
34
42
40
38
38
33
34
53
69
82
91
97
97
105
118
106
81
59
59
69
76
83
89
86
76
68
69
69
55
49
52
57
61
81
97
99
101
116
121
120
128
121
91
68
59
52
32
24
32
27
26
22
20
10
6
18
33
34
24
26
28
26
22
8
0
-1
-4
-2
3
18
42
69
71
69
71
75
76
82
98
117
130
135
138
140
151
165
169
168
168
169
167
151
118
82
61
59
51
37
36
33
18
4
3
13
5
-29
-52
-43
-26
-7
11
24
24
19
12
20
39
66
87
84
72
53
42
60
73
60
59
67
67
75
85
85
99
104
103
98
101
117
118
97
85
104
112
96
89
86
65
52
50
50
41
29
26
38
44
35
23
24
41
60
57
41
41
53
58
59
74
73
61
55
54
65
70
64
57
65
67
71
85
84
58
41
50
51
38
37
56
75
81
73
64
50
45
51
55
56
57
60
51
36
32
45
65
66
55
52
44
33
17
11
32
57
75
60
29
10
12
33
55
76
85
80
66
67
80
88
86
80
89
102
105
115
103
75
56
41
36
21
5
5
18
33
29
26
35
36
34
33
36
40
37
37
49
56
44
34
40
50
52
43
35
44
72
86
84
81
85
92
84
69
60
58
59
57
57
70
83
89
96
86
76
64
58
56
42
38
33
26
21
6
8
25
28
27
25
26
19
17
24
38
37
25
26
35
36
44
60
74
71
65
58
54
51
49
53
51
51
55
70
75
75
88
100
97
98
105
113
106
99
88
58
28
21
19
16
16
16
10
1
1
10
11
0
-23
-38
-37
-22
-11
-3
9
8
10
25
39
42
53
67
67
56
45
48
48
45
59
75
57
29
21
36
67
68
43
22
16
22
39
45
27
12
18
23
26
22
11
4
-7
-13
-5
1
7
6
6
20
18
-10
-30
-21
5
20
27
37
52
80
91
86
70
68
77
85
86
89
105
114
104
101
92
89
87
81
76
82
73
68
65
58
50
42
34
28
38
56
49
34
28
33
37
54
60
52
39
33
42
71
81
60
51
72
86
84
76
81
87
97
100
100
122
149
147
137
141
132
109
101
104
119
115
102
108
112
81
52
54
87
98
58
27
22
26
25
11
-4
-6
-10
-3
4
4
0
-2
-9
-18
-11
16
35
48
60
70
70
51
37
32
35
45
51
48
60
84
100
106
114
117
104
86
71
60
65
76
89
82
55
42
57
74
70
55
39
32
33
38
40
48
48
40
44
50
40
25
22
28
41
34
20
25
36
44
53
64
60
52
53
68
84
89
80
64
56
53
49
48
56
69
82
97
98
87
68
71
72
70
70
66
51
33
24
22
18
21
21
16
22
33
34
32
33
54
72
72
71
60
39
45
58
34
3
6
33
67
85
76
74
71
68
77
85
89
85
69
61
76
97
112
108
99
93
100
104
97
82
75
80
84
81
80
71
53
36
8
-7
-4
0
-2
-6
-27
-57
-56
-27
6
16
4
11
25
32
35
34
34
45
67
82
87
90
90
87
88
83
74
72
71
69
64
61
68
55
36
42
53
51
34
18
19
32
32
21
19
24
33
40
26
9
6
17
28
22
16
13
27
48
55
51
45
52
51
32
19
21
35
52
41
32
33
41
52
60
66
70
77
82
87
88
84
85
89
85
77
74
74
81
88
88
58
26
18
23
22
22
27
40
53
44
33
28
22
11
5
12
28
33
25
26
28
27
28
51
60
50
37
36
55
82
71
49
44
49
44
41
39
44
56
66
65
64
80
69
38
29
34
33
36
44
48
36
23
19
19
25
39
52
51
34
33
52
60
54
44
32
22
22
45
73
73
57
43
49
64
69
65
59
74
89
91
87
59
33
25
25
36
54
66
56
57
74
80
64
50
50
55
59
64
74
82
82
73
53
43
45
43
40
40
38
27
37
48
50
64
74
68
58
58
51
49
43
29
22
20
21
10
-7
-2
28
53
44
23
17
20
13
16
18
3
-7
-8
-13
-21
-7
12
23
23
21
32
54
60
48
45
69
75
65
52
45
44
50
53
61
75
87
99
93
87
81
75
74
60
64
68
58
40
23
12
11
16
8
8
22
36
39
36
27
25
27
40
64
57
21
-2
-3
7
24
39
55
60
61
68
75
81
61
40
40
50
55
54
60
72
68
65
84
105
108
97
86
72
59
65
80
92
89
69
57
54
53
49
37
27
23
27
28
36
50
53
35
17
17
34
56
59
53
42
20
19
26
23
19
16
21
36
52
74
85
74
71
69
65
69
74
66
56
57
57
44
49
58
65
71
73
65
67
72
76
65
35
29
48
53
50
42
34
27
16
1
-1
4
6
0
4
7
8
16
26
40
52
49
34
29
35
35
34
32
24
9
13
26
36
49
64
58
44
49
54
67
82
81
75
74
80
89
89
81
75
85
76
70
76
85
85
89
87
80
73
65
58
59
53
32
4
-2
13
33
24
9
13
18
23
34
40
40
35
33
43
43
33
39
64
60
29
3
2
18
25
41
55
66
76
85
85
90
103
104
90
85
87
96
100
89
71
54
44
51
60
52
33
25
41
49
23
2
6
26
34
37
52
53
39
27
20
12
10
8
26
42
42
26
12
22
37
36
35
51
66
56
42
40
44
49
56
68
68
67
70
72
80
85
73
56
56
66
73
72
48
24
24
39
58
59
39
22
26
44
56
55
35
21
32
42
52
52
49
56
60
56
60
65
53
43
52
65
71
69
58
45
33
34
41
43
57
72
71
61
61
67
57
50
51
55
51
33
25
40
50
39
43
68
86
90
57
32
33
43
49
40
25
12
21
32
34
39
50
51
39
26
29
38
36
41
55
59
55
44
23
21
36
39
27
17
21
42
61
76
69
55
55
73
86
74
65
71
81
80
82
76
73
69
60
66
82
85
85
87
92
76
65
60
55
57
66
53
33
20
8
5
5
11
25
12
-6
-13
-26
-35
-38
-41
-50
-43
-36
-40
-26
7
36
28
12
17
34
52
60
69
70
71
52
42
59
83
83
75
84
91
108
135
150
134
123
128
121
97
80
85
106
113
106
82
50
37
37
43
26
1
-2
2
9
8
1
1
18
25
13
2
1
-2
-11
-10
3
9
11
20
16
1
-11
-8
4
28
48
60
70
71
81
106
123
118
99
85
84
86
84
69
59
69
80
93
101
100
96
85
71
48
28
33
40
49
57
59
66
59
38
24
35
50
34
-5
-7
24
26
17
23
35
41
44
51
61
87
98
85
77
82
71
58
51
43
51
65
76
84
86
75
69
57
58
86
97
97
102
106
88
56
39
45
53
53
52
52
51
33
18
7
17
33
13
6
22
11
-5
0
8
17
19
12
9
23
41
55
52
41
32
34
48
59
59
43
38
65
84
60
52
59
76
99
112
107
87
59
45
58
68
60
59
52
38
32
26
17
9
21
37
44
57
70
71
56
49
50
57
52
37
29
12
-2
3
12
13
17
25
52
73
77
74
72
72
81
83
72
60
58
72
99
106
90
66
50
64
84
71
50
38
33
18
16
22
27
21
8
8
24
40
40
32
28
40
48
44
48
42
40
53
59
67
70
74
73
75
58
38
44
54
50
41
44
44
42
48
43
41
52
68
69
54
52
64
56
38
25
26
27
26
26
26
26
34
42
39
36
34
41
51
37
24
38
70
84
73
64
53
48
39
28
25
35
49
39
34
27
25
42
49
40
37
39
44
49
53
55
52
37
26
26
41
48
28
19
22
4
-7
2
19
27
26
28
33
29
39
45
42
58
81
74
65
61
70
81
90
90
84
89
100
113
101
98
113
123
108
74
70
84
88
81
59
43
34
36
64
97
107
90
83
98
117
108
73
51
54
53
42
33
25
20
6
-8
-12
-17
-17
-8
5
12
0
-24
-22
-13
-21
-21
3
29
36
27
22
27
51
70
82
74
54
38
34
49
66
81
90
92
68
44
52
54
56
57
55
53
55
54
43
35
48
51
36
19
18
21
26
9
-9
-21
-33
-49
-45
-23
-5
5
12
22
25
21
12
9
18
23
27
27
26
26
40
68
74
61
42
44
66
84
88
68
40
37
53
55
34
23
48
70
77
80
72
66
54
52
58
71
58
24
13
25
37
42
38
40
48
41
32
36
54
69
75
67
65
59
42
23
36
64
70
51
38
52
81
100
103
91
88
92
91
83
67
66
81
86
72
56
67
72
64
43
45
56
41
34
41
41
36
42
50
50
42
37
40
58
59
40
27
28
37
44
32
5
-1
12
27
28
24
12
8
11
22
42
56
53
49
57
66
66
69
82
92
100
114
105
71
58
71
82
75
68
60
58
56
52
54
65
81
88
74
59
57
74
86
72
56
43
44
61
53
24
3
-1
3
3
1
3
20
41
49
43
51
59
71
88
97
82
89
107
123
124
106
90
86
82
66
49
53
70
73
64
48
33
29
40
35
18
7
7
17
17
1
-5
2
11
8
7
10
18
35
27
10
10
32
41
40
32
22
23
36
51
53
45
52
69
66
54
41
37
38
43
55
60
73
74
67
61
58
64
70
67
69
69
57
51
55
55
54
51
37
21
29
39
36
26
18
22
44
71
96
81
52
43
55
68
74
81
80
81
86
86
80
68
67
77
83
76
80
90
97
93
102
114
104
83
85
114
115
86
54
38
39
42
34
16
1
6
33
56
53
28
7
3
2
-2
6
32
50
41
20
7
10
19
38
61
60
57
67
83
93
90
72
61
59
74
100
113
105
91
102
120
109
88
80
83
96
103
96
77
75
74
58
51
52
49
32
4
-2
3
0
-10
-25
-25
-12
-8
-4
-9
-17
-4
16
21
19
13
7
-3
-7
2
13
24
35
27
12
3
10
34
52
60
71
91
114
117
118
132
148
153
146
139
124
121
121
122
117
93
83
73
58
49
27
12
5
-11
-26
-34
-14
-4
-14
-34
-51
-51
-30
-17
-22
-27
-22
-4
22
44
48
39
36
40
49
60
69
70
70
71
76
82
85
83
71
57
42
40
50
75
104
103
96
103
119
116
98
74
66
70
71
66
56
35
12
5
5
4
-3
-9
-18
4
38
24
4
9
28
48
41
23
13
17
27
37
34
40
59
73
68
57
60
74
86
85
76
72
81
89
86
84
73
57
39
28
26
32
50
59
58
64
52
27
6
4
10
22
18
-5
-12
6
36
42
18
-10
-23
-23
-10
-3
-4
-1
0
1
12
40
61
56
41
34
45
72
86
89
86
80
75
75
80
88
99
96
81
67
70
96
114
114
104
86
58
54
66
81
75
56
44
52
55
50
41
43
52
52
41
28
32
38
39
34
23
25
41
53
51
43
48
55
60
82
104
107
89
86
102
115
99
75
84
97
103
113
129
124
88
66
76
91
87
84
76
65
58
69
69
45
12
4
20
42
52
43
29
25
22
21
18
9
6
9
10
-11
-37
-49
-39
-21
-10
-1
11
26
50
66
71
66
58
60
64
67
72
74
82
85
83
87
98
105
117
129
108
85
76
82
86
81
65
69
86
70
34
41
75
75
53
38
26
9
-5
-8
-2
5
7
2
0
11
52
74
59
25
-3
-9
3
27
42
41
50
54
56
68
80
90
92
86
69
55
65
73
68
50
39
40
43
52
70
73
67
71
90
102
96
70
51
50
58
53
42
44
44
39
38
39
32
35
40
33
19
20
34
36
35
26
25
32
39
34
32
42
56
56
54
61
51
32
25
27
18
3
9
33
21
-13
-23
1
25
25
17
0
-18
-8
25
53
69
56
24
9
25
49
54
50
42
37
41
43
38
51
74
91
101
100
92
71
44
36
36
48
58
65
69
70
69
81
97
97
86
88
84
55
19
6
13
13
5
-1
5
20
42
61
37
-1
-14
-12
-13
-3
11
33
51
71
85
93
105
108
98
68
66
88
109
115
105
91
88
90
84
82
89
92
85
77
70
61
69
67
68
81
87
91
84
49
18
8
17
16
1
-4
1
10
22
25
21
21
21
9
1
0
-8
-14
-19
-13
5
33
48
33
13
41
77
80
67
59
54
55
60
69
77
85
89
98
101
100
106
114
107
97
73
49
43
57
77
76
56
36
25
26
40
35
19
16
19
27
38
40
33
22
17
36
56
54
40
40
45
59
66
53
41
37
33
28
38
67
73
55
38
34
42
56
67
59
57
73
97
116
133
146
144
141
149
160
141
100
74
71
80
82
67
42
50
59
66
76
65
34
7
-21
-43
-54
-50
-8
5
-25
-52
-40
-10
8
12
12
23
41
50
39
32
36
41
44
45
49
53
71
92
102
92
75
60
53
56
57
55
65
83
73
43
26
21
16
23
28
23
19
19
33
48
48
34
25
18
22
20
17
22
26
21
9
5
7
17
38
52
59
69
75
73
69
75
87
91
87
85
84
86
84
84
87
89
83
80
82
87
82
58
49
44
29
12
-1
-1
6
2
-12
-13
-10
-14
-20
-28
-39
-40
-34
-25
-33
-41
-35
-18
6
18
12
10
18
32
49
66
74
81
88
84
66
66
82
86
80
80
75
73
76
88
98
92
82
74
72
60
56
53
37
24
27
37
26
8
7
17
16
-2
-7
8
43
54
28
8
23
37
29
23
24
35
33
24
28
48
59
65
65
70
66
66
69
71
71
70
60
61
89
106
101
89
85
70
59
65
70
68
70
81
89
84
66
54
56
34
9
17
24
3
-19
-19
-18
-24
-24
-8
22
36
23
21
38
54
54
49
43
52
56
51
52
60
65
76
101
114
107
89
92
103
92
81
73
73
80
72
58
40
26
33
48
42
27
8
-8
-8
-11
-24
-33
-35
-35
-27
-9
16
18
-4
-11
-8
-2
9
11
18
28
34
26
24
32
43
57
65
68
69
70
71
75
71
73
76
71
61
60
64
60
58
53
54
65
75
88
88
66
52
69
73
51
39
41
40
45
55
44
36
37
23
12
16
19
23
27
34
43
58
67
54
37
38
39
41
52
66
72
74
81
84
88
98
93
92
97
100
93
92
92
83
57
42
43
35
23
20
19
27
42
42
43
48
43
35
34
41
36
10
-5
-2
16
38
56
65
72
71
74
80
86
99
105
100
90
86
84
85
86
82
69
60
58
59
72
81
76
65
58
55
58
66
48
36
53
68
68
59
44
34
27
33
35
35
34
37
38
48
67
76
86
89
73
49
35
24
21
29
38
33
35
43
52
54
48
39
42
43
51
59
71
60
52
52
53
58
69
64
65
68
60
43
22
8
13
23
8
-7
1
21
22
9
17
23
16
6
20
32
23
12
11
7
11
26
50
74
84
77
69
73
74
73
67
58
52
48
44
53
80
101
100
88
74
75
82
90
102
102
91
91
90
60
53
66
68
52
43
51
49
38
38
48
48
21
3
-7
-17
-9
-5
-5
-5
-7
-20
-21
3
35
60
55
25
12
26
39
38
23
12
25
45
53
54
56
58
70
76
71
67
72
91
114
115
105
106
113
103
89
82
86
90
84
65
50
39
25
18
21
20
19
26
33
37
43
58
50
27
36
32
16
4
2
2
0
-7
-21
-36
-35
-13
5
17
19
26
40
57
68
69
69
76
89
84
58
49
56
60
58
61
71
74
67
68
67
55
52
51
56
68
74
60
42
37
43
57
72
76
77
59
37
22
19
25
48
53
36
34
44
59
88
92
82
69
69
91
90
73
67
60
55
64
69
58
57
70
73
66
68
82
86
83
85
87
77
71
60
51
51
58
72
68
59
64
56
48
52
43
18
1
8
35
58
64
49
36
28
33
48
48
40
49
52
50
42
48
44
44
54
64
69
71
83
85
91
107
100
73
68
71
65
57
58
60
58
57
58
48
34
38
48
42
34
36
42
25
16
16
17
7
-5
-26
-40
-22
1
16
21
20
24
36
37
42
51
66
77
65
39
39
58
81
85
76
77
102
116
112
92
85
77
66
67
76
91
101
93
75
75
96
101
88
72
57
44
41
42
34
24
17
10
21
24
20
18
17
16
9
7
8
-7
-13
-3
0
7
19
24
20
2
5
27
40
32
33
51
39
9
8
29
41
54
74
85
73
71
80
87
85
85
80
76
76
77
80
77
65
49
56
67
54
22
2
0
8
17
8
1
5
12
25
53
72
59
38
19
17
26
25
23
32
40
38
43
57
70
73
69
74
81
72
57
58
70
92
105
85
64
84
106
107
100
82
75
80
75
66
49
39
34
26
32
26
7
0
3
-2
-14
-14
-26
-37
-34
-26
-14
-6
0
0
6
18
33
54
75
72
56
57
66
64
60
54
49
54
69
72
72
83
99
98
98
113
135
140
144
128
100
90
108
132
134
102
71
67
68
74
88
88
75
64
55
52
49
41
26
17
5
-4
-19
-55
-66
-35
-6
-6
-28
-49
-44
-29
-10
1
-1
-5
12
52
70
56
36
27
36
57
69
65
64
51
48
49
43
39
52
65
60
60
69
64
57
70
83
82
80
85
83
80
76
97
121
128
104
82
83
86
83
87
100
107
104
98
91
81
60
39
20
7
-11
-20
-9
3
17
25
22
25
41
53
53
43
48
55
57
60
56
34
10
-3
12
32
35
39
52
58
64
71
69
52
39
32
23
29
53
74
80
70
67
59
50
42
51
69
71
55
45
42
52
77
86
88
74
61
60
51
38
33
35
41
40
27
23
28
28
8
-7
-8
-13
-19
-1
16
17
3
-8
-4
6
11
25
48
44
27
18
22
26
36
48
56
60
60
54
42
42
44
58
81
89
83
73
69
70
75
92
102
74
41
26
22
17
22
32
33
27
9
-2
3
11
8
4
7
10
3
-5
5
19
20
23
28
39
65
91
104
118
129
123
109
102
93
84
76
89
103
87
70
82
103
114
106
96
93
100
96
85
86
102
117
105
82
54
38
28
18
10
0
-6
9
24
18
4
2
5
4
-5
-24
-33
-24
-35
-44
-36
-9
3
4
7
21
27
32
27
25
39
58
70
71
67
56
44
49
60
82
100
98
82
73
74
73
80
91
103
104
97
84
73
70
77
74
59
49
38
49
68
59
32
16
12
8
3
7
10
12
24
40
51
43
21
13
39
68
71
66
59
55
50
52
56
57
56
69
87
87
82
77
76
92
116
119
113
119
123
105
76
69
76
80
65
41
26
11
0
-7
-3
16
29
36
29
24
16
7
11
19
17
10
12
23
38
34
11
12
36
42
40
42
53
66
71
72
83
87
74
61
49
54
74
81
74
58
55
61
56
40
34
44
69
76
64
50
42
35
27
21
5
-14
-20
-9
1
2
-2
-2
4
18
19
26
49
51
38
27
26
37
51
58
60
69
72
73
67
66
66
65
71
85
88
69
54
59
75
97
105
92
80
69
68
66
49
27
28
32
11
0
11
34
42
39
22
7
3
-2
-10
-6
-12
-19
-4
10
17
18
21
28
32
45
64
54
42
37
38
43
44
36
40
69
96
107
117
124
124
119
104
99
112
123
140
141
130
128
129
133
120
90
68
57
44
32
39
50
42
33
24
22
20
-2
-25
-24
-1
10
11
1
-6
-5
9
43
77
74
51
48
51
51
50
49
52
56
72
83
86
88
99
117
121
113
107
108
106
102
97
98
93
98
102
96
74
84
108
113
99
81
60
57
44
19
8
9
12
22
36
39
11
-4
7
23
24
24
33
29
34
38
35
35
40
55
68
71
54
35
32
44
59
54
53
55
56
56
53
51
39
37
57
72
80
83
73
71
73
74
68
54
52
60
69
65
45
22
3
-3
1
10
20
22
21
17
8
-6
-25
-23
-18
-27
-29
-11
4
5
-11
-18
8
22
23
33
28
27
41
51
71
97
106
100
88
76
77
80
69
69
87
90
75
69
72
84
92
75
41
28
43
52
52
58
67
60
52
53
43
19
-1
4
29
38
42
54
57
58
50
43
49
51
38
20
29
34
10
-5
-3
-4
-11
-13
-8
9
39
52
44
42
52
71
85
69
54
68
80
75
69
57
56
57
54
53
55
57
54
44
45
59
80
90
82
58
38
24
28
34
29
21
10
11
32
35
34
52
82
99
80
55
40
26
17
11
22
51
72
70
60
54
43
36
38
42
42
44
60
71
68
71
67
58
53
35
21
36
53
58
67
72
68
61
55
51
52
49
48
50
50
39
24
23
41
55
55
58
56
38
33
40
61
76
70
64
76
68
50
54
69
83
86
56
40
41
43
45
49
38
21
8
-1
-8
-1
19
32
32
27
25
35
56
73
77
76
70
66
70
80
76
76
71
51
39
50
65
68
64
59
65
69
73
67
65
75
80
69
57
64
85
93
71
49
41
25
11
3
-1
0
6
18
19
18
28
49
55
56
57
57
55
43
37
52
76
86
74
71
74
86
97
93
99
98
86
86
85
85
83
68
69
92
103
91
86
72
68
72
73
80
90
97
86
74
58
27
4
0
1
-9
-24
-33
-27
-27
-25
-28
-29
-34
-27
-17
-7
-6
-10
-6
10
26
25
17
16
33
58
83
88
76
83
102
103
98
103
105
114
135
151
156
165
164
149
139
134
121
106
91
89
91
92
80
43
24
35
42
32
11
10
9
4
-2
-7
-12
-8
-2
-4
-13
-27
-28
-35
-35
-23
-19
-13
-13
-20
-12
-7
-7
-3
7
10
10
12
27
38
38
44
61
75
91
104
99
86
77
80
80
81
84
80
82
92
102
108
102
74
59
58
48
43
32
19
12
-1
-14
-25
-36
-45
-45
-34
-27
-36
-46
-43
-27
-2
8
-4
-20
-10
25
58
59
40
24
21
33
44
43
33
36
41
39
52
66
68
71
59
50
56
89
115
106
91
88
88
90
89
82
72
71
69
56
42
43
50
48
44
50
64
66
56
32
10
13
