37
36
44
50
48
41
38
38
40
36
24
27
57
81
85
75
65
68
75
75
76
92
104
99
85
82
97
119
123
112
104
115
124
114
92
74
67
72
81
76
73
71
65
57
49
28
8
0
4
17
34
29
13
13
33
35
20
17
28
44
51
54
65
73
75
77
76
69
60
60
66
68
68
72
96
112
100
90
98
109
103
84
76
77
81
68
50
40
41
42
36
26
20
9
10
21
32
36
26
18
19
22
32
35
29
13
8
17
12
-2
-5
8
21
24
35
49
58
57
52
51
56
68
80
81
70
64
59
49
36
37
48
72
82
66
42
32
28
35
41
43
42
42
39
34
20
7
8
13
26
38
50
52
41
33
32
37
39
43
51
61
71
74
68
60
60
72
81
86
90
89
91
101
103
106
107
102
99
101
106
108
108
101
80
67
66
73
82
83
72
59
59
60
49
37
37
35
21
9
9
19
26
24
20
24
41
50
44
48
52
59
73
69
49
44
56
58
49
34
29
41
50
43
49
64
56
38
32
36
45
48
38
39
37
25
25
35
50
58
43
28
32
36
40
48
48
51
57
69
71
51
26
19
28
44
53
48
38
29
28
37
43
36
24
26
28
29
35
42
38
23
16
11
2
-2
4
10
17
17
10
18
41
52
41
26
28
37
36
25
27
38
51
56
44
25
18
25
36
39
40
36
33
29
36
50
71
85
85
69
51
39
38
48
52
54
44
24
20
27
29
32
36
38
41
39
36
38
38
34
26
24
32
36
35
34
35
35
37
39
37
40
39
36
39
43
49
52
43
37
37
48
68
83
85
86
81
70
70
73
75
68
53
45
54
65
61
59
57
54
54
58
71
84
85
72
70
82
85
76
67
55
53
49
45
57
67
70
60
52
54
66
70
69
71
75
66
51
41
36
33
25
20
17
19
19
17
1
-7
-3
6
9
20
32
33
25
21
20
26
24
7
2
5
17
32
38
44
52
43
26
20
23
33
43
54
56
53
64
83
87
71
59
61
64
60
59
65
69
69
66
64
57
57
65
53
43
52
59
60
56
43
28
33
37
41
44
56
74
93
84
68
70
75
81
83
82
73
53
37
34
36
45
54
55
50
37
28
27
27
24
21
21
21
19
12
24
52
49
22
13
29
48
52
41
37
41
41
44
54
68
84
81
60
51
51
56
64
64
60
70
81
82
65
44
41
59
80
80
73
74
73
67
60
55
45
48
52
44
40
49
56
51
53
69
71
64
59
65
68
66
67
69
73
69
65
68
70
64
52
49
53
68
66
49
42
45
53
53
40
37
53
56
43
37
35
32
32
28
23
18
20
26
35
37
52
67
64
52
54
69
75
67
54
55
64
53
38
41
58
72
67
59
54
51
64
84
90
84
73
68
58
48
38
35
34
38
49
51
44
33
19
10
11
11
8
7
7
12
29
51
61
68
57
43
40
49
56
60
54
38
25
34
36
37
43
49
41
45
55
64
65
60
66
68
64
51
37
33
34
35
49
51
27
6
6
12
22
33
33
33
34
34
36
33
32
34
42
51
50
48
48
39
41
44
49
53
57
65
69
71
82
87
87
98
100
92
92
89
92
105
112
107
96
84
77
73
70
80
88
84
73
69
67
58
48
38
28
21
32
41
33
23
24
22
26
44
52
34
21
41
76
84
65
49
49
58
66
68
74
72
64
53
56
57
59
65
70
70
72
67
51
45
49
55
67
64
38
19
17
17
4
-5
-8
-13
-25
-35
-29
-20
-14
-23
-35
-40
-29
-11
-5
-10
-6
6
26
42
50
68
85
89
96
99
88
86
80
60
65
74
76
74
74
74
72
73
73
61
39
22
20
26
33
32
24
20
20
24
25
13
1
16
54
69
52
41
48
60
71
84
91
98
102
96
77
69
69
82
93
103
120
129
131
124
106
90
86
83
87
99
87
67
61
65
55
43
38
26
16
4
-1
3
0
-10
-12
-3
-2
-9
-21
-29
-34
-21
-3
8
21
26
22
8
4
6
10
18
39
51
40
39
64
90
103
103
100
100
107
119
115
105
105
108
108
105
104
90
72
70
84
96
96
84
67
58
53
38
26
16
-1
-6
-2
-3
-2
0
-5
-10
-7
-9
-25
-28
-7
16
36
54
59
49
42
52
60
66
73
91
107
99
84
87
97
102
102
99
98
97
89
72
53
38
29
29
26
18
16
23
21
17
2
-14
-19
-14
-18
-13
-8
1
3
-2
-11
-12
1
9
11
19
27
37
49
58
60
72
82
84
81
69
69
82
85
75
70
74
76
75
75
76
81
85
85
81
80
73
68
66
68
68
61
55
50
49
42
33
19
7
-5
-3
21
39
41
38
41
51
43
28
16
6
18
34
40
49
58
68
72
70
68
70
74
84
92
81
69
59
53
60
71
70
64
56
48
39
35
33
32
26
22
17
26
40
39
25
17
20
27
40
51
54
39
19
12
23
41
45
48
48
41
38
42
52
54
56
55
58
67
70
73
76
83
80
74
84
99
91
59
32
26
41
36
12
-3
-6
-2
-7
-27
-34
-21
-13
-10
-5
-8
-11
-12
-12
-2
6
13
25
40
57
57
51
56
71
82
80
68
66
71
72
74
72
69
74
81
67
58
74
89
88
77
70
80
101
108
91
69
58
54
50
51
49
25
5
9
28
41
27
3
-4
1
0
-3
3
9
7
3
1
10
35
50
51
38
19
13
33
50
55
52
51
55
57
59
65
64
66
71
75
81
71
54
45
55
76
88
86
74
65
57
59
73
82
77
75
73
56
54
61
51
34
32
34
23
19
26
28
17
4
6
23
19
8
17
21
20
24
45
72
82
76
64
56
59
67
64
50
44
57
72
75
84
88
87
91
96
85
66
43
43
66
72
69
56
34
9
1
0
-5
-19
-27
-27
-23
-19
-20
-28
-23
-13
-7
4
10
18
36
48
49
68
87
82
69
69
85
96
89
85
86
90
100
108
106
91
80
74
86
102
108
115
117
121
120
107
98
99
101
103
98
86
84
85
76
67
55
37
21
8
4
5
4
0
0
-4
-1
9
22
26
16
-2
3
18
19
10
4
-2
1
4
8
26
42
54
66
66
73
99
117
120
128
121
120
132
149
147
123
105
112
121
121
121
122
122
112
100
88
67
44
44
51
36
17
-3
-17
-23
-29
-33
-37
-49
-67
-73
-58
-34
-17
-3
1
-7
-11
-6
-1
3
5
6
18
37
49
56
60
64
72
89
106
120
136
152
160
152
139
140
141
144
146
145
139
131
129
121
91
52
24
13
1
-10
-8
-8
-18
-21
-22
-26
-40
-37
-8
17
20
16
2
-1
8
12
12
12
20
35
50
53
56
70
80
82
85
89
86
92
105
104
92
87
85
77
84
103
104
96
97
96
91
86
65
49
54
66
64
49
28
16
8
16
17
4
-7
-4
2
1
-2
2
9
4
-4
-6
-2
5
16
28
42
56
64
61
64
71
90
106
104
93
82
64
60
82
102
121
128
129
123
108
91
88
86
84
82
76
68
51
35
23
18
24
38
27
10
8
6
8
16
20
26
26
16
1
-8
-10
-6
2
17
35
35
20
8
3
8
19
22
12
8
18
35
57
77
84
75
87
106
106
90
92
99
96
98
102
98
91
101
107
103
96
85
74
70
74
74
66
52
40
27
20
12
3
-3
-5
-9
-9
-4
2
6
7
7
7
9
18
16
8
20
35
37
34
38
40
39
48
53
57
58
57
65
66
54
37
20
12
22
29
32
34
38
49
59
65
68
74
81
88
92
81
57
44
53
50
26
6
0
-1
2
11
18
24
41
58
69
84
104
112
107
102
106
117
122
113
88
68
55
58
61
52
43
38
33
41
55
58
59
60
54
52
52
49
44
37
35
43
55
52
41
39
48
42
10
-5
-2
17
37
44
44
40
35
42
68
82
77
73
72
67
59
56
65
76
84
75
66
68
83
101
108
119
137
153
155
136
108
98
101
96
76
54
33
24
23
18
21
26
23
18
6
-3
-14
-34
-40
-40
-37
-37
-39
-44
-43
-25
-5
13
19
3
1
16
10
4
11
28
49
60
71
76
71
71
81
85
76
64
54
64
73
76
83
88
89
90
83
73
77
82
75
67
57
54
58
65
65
66
57
44
36
25
21
23
24
22
32
44
53
43
33
32
35
38
34
22
24
37
48
45
50
54
59
56
52
51
55
59
64
75
84
72
61
65
68
74
86
91
87
84
82
74
66
56
53
60
67
60
53
43
48
52
41
16
-2
-7
-9
-8
-8
-12
-23
-28
-23
-9
1
-1
-13
-14
3
11
9
7
21
38
42
42
44
54
64
64
67
67
70
71
64
57
65
76
88
92
89
83
73
72
77
76
71
59
35
25
33
35
34
29
21
17
20
17
10
6
-5
-11
-19
-26
-25
-13
-7
-7
-7
0
5
18
37
36
23
24
28
27
25
32
39
44
50
69
93
96
83
71
80
99
117
125
119
112
112
112
108
102
92
87
88
89
84
73
64
51
53
58
67
45
8
-6
0
-1
-11
-13
-5
5
9
8
9
12
21
29
40
51
43
34
36
50
60
65
70
73
71
73
80
84
87
84
81
87
101
91
75
69
54
36
28
34
40
40
35
33
33
26
20
17
16
12
27
38
27
18
21
28
34
39
54
73
82
57
36
40
51
61
66
59
58
53
55
58
55
49
39
35
42
54
56
58
57
54
50
48
57
60
57
57
71
86
96
107
91
56
40
42
52
52
41
29
28
32
35
40
42
43
48
39
26
21
23
43
57
56
57
55
50
44
41
40
42
52
57
56
52
52
56
76
103
116
105
91
88
100
104
99
97
90
80
67
52
40
48
60
67
67
72
82
89
85
72
60
42
35
36
37
40
39
26
12
13
25
44
67
72
64
54
57
76
80
60
43
35
48
65
71
64
52
49
51
53
57
69
73
72
70
60
54
58
64
68
80
76
66
58
53
44
45
52
42
16
-1
0
4
20
39
39
23
8
5
18
34
39
34
22
17
16
18
28
41
43
48
65
84
89
84
81
80
82
59
34
25
35
45
43
34
29
37
38
32
19
4
1
16
26
32
35
35
21
9
18
34
38
28
22
20
25
26
16
21
33
36
36
44
48
40
33
28
37
42
36
35
40
37
34
43
65
77
80
74
69
73
84
80
73
71
58
43
38
45
59
67
66
70
73
68
58
52
52
56
58
65
70
67
65
60
59
58
64
65
56
55
64
69
68
40
16
9
18
28
41
39
38
51
59
60
56
53
59
58
53
55
58
61
73
90
109
109
101
97
100
100
100
92
87
85
70
49
44
54
49
38
34
34
33
29
25
13
-1
-7
-9
-7
-2
-5
-8
-3
4
3
4
10
23
33
37
39
38
34
36
44
59
58
37
25
36
48
56
52
40
34
38
39
38
38
48
60
68
67
59
49
37
38
52
67
61
38
22
40
65
60
49
48
66
74
65
57
64
54
40
41
43
43
35
32
42
44
37
37
41
53
69
75
74
68
50
42
51
67
85
69
40
36
42
48
50
54
66
70
59
51
56
74
72
55
49
49
38
17
7
17
22
26
29
32
34
24
21
28
32
33
42
49
44
50
58
73
84
89
93
98
100
90
74
68
68
73
75
66
50
55
74
74
68
67
64
56
51
48
35
22
18
19
19
22
34
35
27
22
17
11
11
12
13
16
12
12
26
45
42
11
-3
18
42
50
55
57
57
69
84
99
107
102
87
83
96
100
99
91
77
72
69
76
84
82
76
70
69
68
61
55
40
27
25
32
38
50
43
43
48
35
36
42
41
28
24
33
42
52
59
65
66
57
51
55
58
65
60
57
52
45
49
56
67
73
73
72
75
81
77
68
48
28
34
37
26
19
17
11
4
3
6
20
26
35
43
33
17
16
11
6
4
8
20
24
19
21
34
36
27
24
33
53
55
50
49
49
42
38
38
41
38
38
45
59
74
84
81
73
81
85
85
85
85
74
66
56
42
29
36
53
54
44
43
38
34
39
40
29
26
32
32
28
38
53
56
57
64
70
72
70
67
65
56
51
50
45
45
55
55
44
41
49
69
77
68
56
44
37
35
32
20
12
17
26
37
38
33
25
25
33
40
50
57
61
64
58
59
58
53
49
55
66
71
77
69
48
40
43
37
32
36
43
42
36
37
40
37
26
22
26
36
39
40
41
41
44
52
48
37
32
27
28
36
25
7
7
20
32
33
18
8
6
10
21
25
25
34
39
45
50
54
54
48
48
60
82
92
87
77
76
84
91
96
86
75
71
85
97
83
68
73
72
52
39
43
44
41
39
32
36
45
35
16
10
11
6
-1
0
2
-2
-2
5
11
17
17
17
20
22
23
39
59
66
66
68
82
97
91
75
57
51
57
75
90
98
96
88
86
91
112
125
129
115
99
91
87
80
71
70
71
67
61
57
44
28
21
23
23
19
20
27
26
28
36
32
12
5
5
3
3
5
8
16
24
35
35
22
13
12
17
23
37
51
70
86
77
70
75
87
99
100
99
103
103
99
101
105
101
96
90
84
85
86
86
86
82
71
56
41
33
35
40
49
51
43
39
34
28
21
13
17
19
18
23
32
33
33
23
21
24
32
39
48
53
60
69
64
56
53
53
66
81
76
73
69
56
51
55
66
72
68
66
68
65
66
69
58
44
41
36
35
42
38
21
9
21
43
59
55
39
32
35
48
51
34
13
7
11
13
9
8
20
35
41
37
20
6
8
20
27
28
28
28
23
13
11
23
51
80
91
92
85
76
82
100
122
132
124
117
113
98
81
70
64
51
35
27
39
51
53
50
33
16
6
4
11
12
0
-5
1
8
12
16
22
28
25
22
19
18
10
13
25
24
16
12
19
26
27
26
26
18
22
45
59
55
36
22
27
44
61
68
60
57
66
75
80
76
72
68
70
72
69
64
54
52
58
59
58
50
37
27
25
23
26
37
50
58
65
65
58
52
50
54
56
53
52
54
57
59
60
59
57
50
37
28
33
37
39
43
49
49
58
61
58
52
51
58
65
54
41
37
43
51
51
59
73
72
54
38
28
28
39
57
66
53
37
32
42
53
53
54
58
70
83
89
68
51
66
89
97
89
83
74
64
56
50
37
29
23
12
12
21
42
66
58
55
67
67
52
33
24
40
67
71
53
41
48
55
50
34
38
61
81
74
68
66
70
73
72
72
82
84
76
75
87
99
99
81
66
66
73
71
60
52
43
38
34
27
23
17
11
12
21
27
25
18
7
-2
-10
-12
-2
6
0
3
22
39
52
43
33
32
39
44
52
61
73
76
71
68
70
75
80
70
56
48
45
58
56
41
40
44
48
43
42
42
52
57
57
59
66
75
73
52
25
22
23
18
16
12
19
40
48
39
43
53
58
65
69
80
93
83
67
59
69
74
66
59
60
50
27
29
55
75
83
82
77
74
80
87
82
65
52
53
59
50
33
43
61
53
29
12
8
19
40
54
55
55
49
27
18
23
35
38
40
53
61
59
48
33
33
42
39
27
37
51
50
37
39
54
57
52
56
73
74
69
67
70
74
64
50
51
60
67
68
57
50
42
33
28
27
20
12
9
2
3
11
19
22
27
34
41
33
12
9
4
0
2
13
34
45
52
49
43
49
52
51
45
43
43
50
54
52
51
49
42
44
53
48
40
41
44
41
35
28
25
27
36
40
34
16
0
-4
-2
7
16
23
26
22
12
9
20
34
39
42
44
49
60
81
86
73
64
60
69
83
96
112
103
80
66
64
65
77
84
71
61
65
64
58
58
64
57
45
41
54
58
44
28
10
8
12
16
10
11
22
29
36
39
32
20
26
42
49
45
42
38
45
55
54
53
64
64
45
36
38
44
42
37
38
50
64
64
59
60
64
67
77
86
81
72
55
43
41
41
34
20
6
-3
-3
3
11
21
22
20
28
49
65
74
83
96
104
105
98
86
87
97
97
92
101
105
104
87
60
40
37
49
51
39
28
33
32
26
26
28
27
33
35
54
76
81
77
87
87
84
88
72
37
22
35
64
67
55
51
51
49
44
45
53
52
48
49
57
58
52
45
35
24
24
35
48
52
48
50
59
69
69
55
51
57
57
52
53
58
61
60
55
37
20
10
16
21
28
32
24
32
40
36
37
49
49
34
25
12
11
22
28
42
42
32
24
33
39
38
38
53
80
90
84
80
74
67
71
66
60
65
65
54
51
53
64
68
56
44
43
53
60
59
65
70
72
71
64
55
54
51
39
36
34
25
17
8
5
7
22
28
22
18
21
32
41
53
49
37
38
52
70
86
88
68
44
51
66
67
55
51
49
43
49
58
65
70
71
55
38
35
42
48
42
39
39
36
27
22
17
18
23
27
32
32
35
48
54
50
50
52
43
26
24
39
67
84
73
66
70
67
54
56
84
96
77
51
41
57
68
67
59
66
80
72
56
43
43
43
34
29
37
43
51
37
12
9
18
13
5
0
0
12
27
40
50
36
32
38
44
50
51
57
65
68
60
55
52
54
64
70
74
87
84
66
55
54
58
60
56
57
59
58
53
41
40
54
70
80
60
53
64
75
83
73
58
43
39
42
52
54
42
34
33
41
42
48
57
59
56
60
66
69
72
73
73
72
59
51
42
38
37
36
38
52
67
73
69
55
43
38
37
49
53
52
55
54
42
34
26
22
22
28
38
33
24
26
38
41
45
49
48
52
53
49
42
26
20
25
33
39
38
36
44
64
64
57
51
50
48
34
22
17
11
12
11
12
28
48
50
39
25
24
33
38
33
19
12
19
25
22
19
24
32
35
49
69
68
57
51
43
41
45
55
52
29
25
39
52
56
41
21
18
29
48
57
56
41
25
18
18
26
35
39
53
58
56
51
44
38
28
25
37
61
74
77
82
90
101
107
100
73
58
67
81
80
59
45
50
66
87
98
80
52
36
38
49
50
43
28
28
44
55
54
44
49
59
64
57
51
24
5
7
23
39
49
56
59
54
43
28
25
39
57
76
71
57
58
61
64
58
53
40
26
28
38
42
44
58
69
58
53
56
64
70
75
85
81
69
65
67
64
51
44
49
53
53
50
50
48
34
23
23
26
32
44
59
66
67
64
60
53
48
48
50
54
54
52
48
37
24
16
10
10
12
18
18
19
20
17
11
16
28
48
54
54
56
54
51
51
56
54
52
65
65
50
32
19
18
34
43
36
23
25
43
60
53
38
36
45
58
59
51
44
40
41
41
43
43
36
32
33
42
50
43
48
68
87
87
75
66
66
61
58
59
68
74
74
69
67
72
72
68
67
59
51
45
54
66
66
71
84
87
87
84
74
60
41
26
21
11
8
11
19
21
11
4
1
10
22
21
12
16
22
27
41
55
59
53
50
49
44
37
20
2
-4
-2
6
22
37
44
56
56
41
35
43
54
52
42
43
52
60
60
44
34
44
54
56
58
53
45
43
33
23
34
55
75
80
70
65
59
54
43
39
48
48
38
32
33
32
26
24
33
42
48
40
36
35
27
18
11
18
32
50
59
60
68
65
57
58
68
74
86
86
80
68
65
71
73
77
88
77
64
72
85
90
86
70
56
54
60
72
72
57
43
42
61
73
66
53
51
58
66
71
85
89
73
54
42
43
51
48
37
43
73
85
68
55
51
54
48
37
35
49
66
73
73
80
81
69
55
53
45
43
51
51
42
32
25
26
25
25
34
41
37
34
36
33
33
38
50
58
60
65
65
53
40
34
29
37
55
61
55
52
44
40
42
44
49
55
65
65
60
69
71
72
80
82
85
92
88
69
66
76
86
72
53
42
45
64
75
80
76
67
48
36
37
38
40
44
32
10
5
16
35
45
41
36
34
32
32
38
48
40
28
21
20
13
4
8
26
39
37
35
44
57
56
48
41
54
76
75
66
60
67
72
71
67
60
59
66
68
68
66
59
50
44
40
29
23
23
21
23
34
36
25
25
32
33
33
36
45
51
52
65
67
53
43
42
48
49
50
50
44
39
34
39
52
53
51
51
44
37
36
38
41
42
44
55
67
80
83
70
57
50
48
54
58
51
45
49
43
42
43
45
40
26
20
25
27
33
55
76
67
49
49
56
54
52
57
67
73
64
54
60
72
77
76
69
59
57
42
24
18
21
25
36
48
58
67
59
48
35
28
34
44
55
59
59
59
65
75
72
54
42
50
60
60
54
44
38
35
34
28
29
34
37
36
32
25
20
11
11
22
32
39
36
33
34
41
53
55
53
55
66
75
77
70
67
58
57
61
53
41
49
52
45
32
5
2
16
27
36
44
56
60
57
50
41
33
27
37
54
74
87
74
60
69
87
92
81
72
69
68
58
42
28
28
37
51
67
75
76
74
69
57
55
65
73
73
58
44
40
39
35
40
51
56
49
41
41
50
55
54
50
35
20
18
24
26
27
34
36
42
54
64
53
49
53
57
53
50
50
50
36
23
21
20
19
23
34
43
50
54
68
76
75
68
53
28
16
11
22
38
49
45
35
28
32
38
40
43
40
24
12
12
24
38
48
50
48
52
54
53
53
56
59
59
57
48
42
54
59
54
48
53
65
66
54
51
55
59
57
53
49
45
40
33
36
38
38
41
42
44
50
42
38
39
27
16
12
21
32
37
37
35
29
20
19
24
27
22
20
24
38
44
39
28
23
27
39
44
49
56
55
38
21
11
21
39
44
43
37
35
44
56
55
48
49
58
51
23
0
0
12
27
36
33
25
19
9
8
6
1
0
2
4
13
27
37
38
48
69
90
75
45
44
70
96
86
64
58
84
113
104
76
75
91
92
76
65
51
33
38
64
75
74
65
58
68
66
56
53
52
52
45
35
32
40
45
48
52
59
64
54
44
42
36
40
50
51
55
67
71
70
54
40
36
36
38
51
58
59
75
87
74
55
53
61
67
68
66
55
41
41
52
57
58
53
48
51
48
37
28
24
26
39
40
39
44
42
36
39
43
40
34
24
24
25
22
23
32
25
21
25
35
39
33
35
43
58
72
71
51
42
51
58
57
50
40
40
49
51
40
32
28
29
32
28
32
43
64
73
81
83
74
61
60
68
71
82
84
81
70
57
52
52
50
48
50
50
37
23
32
48
52
57
59
56
55
55
56
69
70
51
42
45
52
56
56
44
33
29
40
55
66
67
59
54
53
54
59
59
66
77
91
85
73
83
105
112
98
85
72
65
68
87
98
74
51
49
57
60
60
57
59
64
66
66
61
51
49
44
36
33
28
25
25
24
25
24
16
10
16
24
40
48
41
39
39
42
52
37
12
4
19
38
48
44
41
42
52
74
90
87
71
57
57
60
65
57
56
64
73
83
83
81
83
89
87
89
101
92
75
59
54
57
59
66
73
81
83
86
82
72
58
43
38
38
37
39
44
48
51
58
59
51
41
37
37
43
52
52
55
69
64
43
37
36
32
25
29
40
49
50
43
52
60
58
53
56
66
70
66
55
51
57
49
32
24
32
33
16
-7
-17
-13
-17
-12
2
22
28
22
13
5
8
6
-8
-17
-10
1
20
28
12
-7
-20
-18
-9
-8
-10
-2
10
9
7
7
10
8
0
-3
0
5
7
5
-1
-6
-2
8
22
25
32
35
36
35
23
8
-5
-6
6
20
23
16
11
20
33
53
60
54
42
40
52
66
76
83
77
68
58
56
51
45
42
29
26
45
69
65
42
25
20
17
13
12
12
8
20
38
36
19
10
19
24
19
16
23
34
42
50
50
44
51
58
56
45
50
70
84
69
43
22
21
26
26
26
26
24
26
28
27
22
