11
8
26
39
43
56
77
89
91
96
81
64
68
87
101
89
77
80
85
85
82
76
71
72
74
65
52
41
29
34
38
38
41
58
77
85
65
45
42
49
54
59
68
66
56
61
70
75
67
52
49
49
41
34
32
32
35
26
33
43
56
58
50
33
7
-13
-25
-39
-55
-61
-68
-67
-49
-28
-19
-33
-51
-53
-49
-51
-50
-34
-43
-69
-70
-51
-25
-22
-27
-37
-42
-38
-13
4
10
22
21
3
-4
5
21
28
29
28
24
28
28
39
50
57
59
50
40
45
67
83
74
52
36
25
26
36
39
41
44
36
34
41
40
44
65
75
84
88
91
99
92
93
113
131
145
155
145
122
114
118
129
132
131
135
130
118
112
97
83
85
93
96
49
9
17
42
52
48
38
36
59
77
72
54
23
17
22
21
16
12
23
42
51
45
44
52
69
108
137
123
115
134
160
167
152
134
130
136
152
169
163
134
101
75
66
60
58
65
57
55
56
51
37
33
42
48
48
26
3
1
12
24
33
34
48
67
74
71
69
69
73
70
66
81
97
100
113
121
125
135
140
133
123
121
134
146
120
96
93
100
96
81
70
61
53
48
40
33
21
7
11
37
34
7
-10
-23
-26
-18
-12
-11
-2
7
11
16
17
22
33
37
59
76
71
49
36
43
71
90
87
83
82
83
101
121
131
131
120
118
123
120
105
101
106
104
98
90
83
75
76
74
65
50
39
19
8
5
-5
-14
-19
-21
-13
-13
-20
-18
-27
-43
-42
-35
-34
-27
-7
6
17
29
49
65
64
56
66
86
92
76
66
82
100
87
77
93
117
129
114
93
97
106
103
101
91
83
76
75
80
90
93
97
93
85
77
86
103
104
67
34
38
54
53
43
35
22
10
18
35
36
24
22
41
58
73
73
52
38
37
26
22
33
34
20
-1
-4
11
5
2
16
35
56
65
55
58
73
77
59
38
38
51
66
76
85
85
76
71
67
40
11
5
10
10
6
18
34
35
34
40
55
71
75
69
67
69
65
59
71
71
64
61
64
53
41
38
37
39
56
65
58
60
69
85
97
101
101
99
100
99
97
90
77
66
64
75
85
76
59
49
51
55
48
39
33
11
8
20
32
38
49
58
59
49
51
67
72
66
67
66
57
58
56
54
51
42
34
37
50
61
65
58
57
54
50
43
58
83
77
51
39
44
51
51
43
35
37
48
53
48
41
43
54
58
44
28
24
10
5
10
23
34
41
51
58
55
52
56
52
49
44
28
18
21
28
36
37
52
69
80
74
66
66
69
71
70
71
82
90
93
96
85
81
90
96
81
57
44
39
29
28
34
25
20
19
19
18
19
25
33
32
19
20
44
60
53
42
54
75
80
69
75
82
67
68
80
76
73
65
50
44
49
52
60
69
70
69
72
82
89
87
86
90
93
101
100
90
80
64
55
44
32
18
-3
-24
-26
-30
-42
-40
-25
-25
-34
-29
-20
-11
-7
2
12
25
33
35
27
35
45
51
48
44
53
73
82
76
80
86
93
99
92
92
88
82
84
73
68
64
56
58
80
87
81
54
26
22
29
27
10
-8
-20
-22
-19
-5
11
27
24
9
0
5
8
11
23
40
41
26
16
20
36
43
42
36
29
36
38
34
35
50
64
69
66
48
44
49
51
37
28
24
17
10
-1
2
22
29
5
-19
-12
0
8
22
35
28
10
1
8
18
5
-4
8
38
56
67
66
58
60
71
80
82
101
107
86
71
74
84
77
57
32
24
34
40
51
53
40
28
24
34
39
28
10
12
36
54
50
45
39
26
29
38
41
27
4
-3
9
32
39
28
25
49
68
59
53
65
83
97
91
83
74
67
59
57
50
35
32
43
55
55
51
60
57
35
36
55
58
42
13
0
4
12
16
8
7
26
43
43
38
50
58
58
58
55
57
58
69
77
74
69
68
55
42
40
43
48
35
20
22
25
24
25
32
35
35
18
2
10
26
35
33
18
12
23
27
28
40
48
28
7
1
10
27
37
38
33
28
40
58
70
68
56
48
51
61
64
56
43
39
52
73
90
88
82
87
98
91
75
54
44
57
69
70
65
57
71
75
67
57
53
57
57
53
52
55
53
50
44
41
48
65
86
100
93
87
92
88
71
40
18
18
34
43
60
77
75
69
69
67
57
56
55
65
68
61
57
59
53
28
11
24
45
32
12
6
5
3
4
4
5
19
32
36
42
54
61
54
48
49
54
39
27
25
19
19
28
29
17
9
22
45
61
67
59
51
50
52
49
55
70
72
64
64
74
80
60
51
48
48
49
45
38
35
41
42
32
28
34
27
26
40
57
61
43
17
3
4
6
8
20
28
29
24
9
1
1
3
8
29
53
65
75
82
81
76
69
73
91
118
124
106
88
83
87
89
84
81
74
76
77
69
72
88
88
80
64
48
35
24
23
29
27
22
18
5
0
16
21
16
5
-1
10
32
38
32
22
18
18
20
20
24
17
12
10
16
33
52
54
53
52
52
58
44
25
22
28
43
51
39
19
19
28
43
51
40
34
29
34
43
41
24
34
61
74
61
23
-4
-6
-4
-8
-20
-28
-12
1
-1
5
22
28
28
23
24
34
45
57
74
84
82
76
69
65
60
69
75
59
41
37
37
32
26
28
39
60
67
65
59
55
50
49
56
67
72
82
87
87
86
84
72
60
59
64
64
68
60
44
40
52
56
50
40
43
60
60
72
55
20
0
4
17
40
57
59
52
37
21
19
27
41
43
28
11
4
7
9
2
-4
4
16
8
2
4
7
5
8
18
16
2
-12
-21
-21
-13
-12
-13
-2
13
26
40
51
52
50
49
45
43
32
17
21
32
33
28
28
38
54
56
53
54
55
44
33
32
48
64
68
67
66
64
73
80
74
71
67
69
84
107
123
119
100
88
88
89
106
99
72
54
48
39
40
41
39
25
18
19
27
23
10
3
-4
-3
-3
-1
17
33
44
49
49
52
50
49
60
73
74
70
59
54
36
21
23
38
52
54
49
38
38
43
48
55
74
93
104
103
89
88
102
118
130
136
117
91
76
66
70
83
86
84
75
90
104
98
86
84
74
65
57
56
58
58
57
55
54
57
74
81
66
49
36
39
56
66
76
85
93
100
91
90
102
112
109
97
80
72
77
80
75
96
119
121
104
84
74
67
61
67
57
39
28
24
27
35
48
51
38
24
9
1
3
20
26
11
6
25
37
28
28
29
24
19
19
21
18
17
12
19
33
34
24
27
35
38
44
58
67
61
60
61
60
52
43
54
65
61
44
35
33
36
32
20
16
22
33
33
23
28
29
32
34
33
48
64
60
48
48
51
60
73
75
76
84
96
91
75
60
58
61
64
69
64
41
40
52
43
18
-2
-7
-8
-19
-20
-6
-4
-1
-6
-20
-28
-29
-21
-1
17
21
16
12
19
40
55
56
48
25
20
23
23
24
27
38
51
50
42
49
57
59
66
67
77
90
89
77
56
40
33
9
-17
-25
-10
6
7
0
-3
-6
-8
0
3
6
12
21
21
9
-2
-3
5
12
3
-7
5
33
49
36
21
24
36
44
60
82
84
82
85
96
113
125
132
131
121
116
124
128
117
102
85
76
64
38
24
25
22
8
7
12
17
4
-18
-34
-25
-3
16
21
25
25
17
-2
-19
-9
-8
-24
-26
-10
9
21
17
5
12
35
52
64
67
58
60
69
72
58
49
51
52
42
32
32
34
32
22
24
36
35
39
55
54
42
44
42
28
20
-1
-24
-19
-10
-17
-14
-6
0
2
2
9
20
27
36
39
42
48
66
97
99
60
44
44
34
35
48
39
21
22
39
45
40
44
38
13
-3
-14
-20
-12
-10
-17
-19
-22
-33
-50
-54
-40
-20
-9
-4
10
34
24
18
23
29
39
39
33
19
4
-9
-7
1
1
0
3
3
-1
1
11
20
22
20
20
18
22
27
36
27
28
40
41
28
19
16
11
5
4
5
6
16
33
38
40
48
52
43
42
55
59
64
70
72
69
67
57
43
40
52
56
29
6
1
0
-4
-9
-20
-29
-39
-49
-50
-49
-59
-69
-65
-71
-74
-69
-69
-57
-38
-18
-19
-25
-27
-29
-36
-34
-20
-4
9
17
11
3
3
19
32
38
35
41
45
43
50
53
52
60
66
54
44
56
88
118
128
117
108
123
141
148
144
131
123
122
113
96
80
69
70
65
49
37
36
43
48
43
51
54
40
27
36
64
81
69
51
44
43
42
36
32
32
27
27
35
25
21
21
16
9
0
-5
10
20
22
32
25
7
-9
-27
-24
-5
-3
-11
-33
-43
-29
-9
6
22
25
17
3
-2
6
11
12
20
25
23
21
42
64
66
67
69
76
96
107
121
130
113
104
112
116
123
135
122
102
98
121
148
151
135
121
123
134
130
101
84
91
88
67
49
28
16
24
48
61
65
55
43
28
22
21
13
12
22
34
36
27
21
28
48
50
41
33
37
44
40
36
38
45
50
57
67
69
60
56
67
81
90
91
85
85
88
96
100
92
91
99
107
109
109
105
102
99
89
85
98
91
69
58
60
67
84
103
106
107
114
132
134
125
122
124
122
120
122
131
141
146
145
134
130
120
114
105
105
121
137
137
135
139
151
169
172
153
132
124
136
145
147
150
145
131
121
125
147
144
105
87
98
108
113
107
101
115
148
155
134
113
113
121
132
132
125
114
92
84
98
112
119
132
139
119
92
96
117
131
116
91
88
118
128
102
72
60
66
69
66
57
55
57
57
44
29
35
45
48
44
41
38
38
49
55
45
33
17
13
27
45
53
39
27
12
-3
-8
-8
-6
-9
-26
-44
-40
-23
-3
20
35
50
55
39
28
33
26
13
5
-2
-1
8
18
11
5
7
8
7
7
7
9
35
67
77
72
71
85
109
120
89
57
54
68
72
69
72
81
86
86
90
96
97
93
86
80
69
58
54
41
9
-7
-11
-21
-27
-33
-43
-58
-54
-35
-6
11
32
44
42
29
19
11
11
18
34
52
56
56
82
108
118
119
118
139
170
165
144
149
168
181
192
194
188
177
164
181
210
229
232
226
212
200
188
179
176
171
148
123
108
98
85
74
70
65
52
41
36
40
56
77
93
96
75
68
71
73
74
73
71
73
72
70
85
106
105
81
67
66
75
91
104
109
118
136
157
169
183
203
204
184
163
144
129
113
93
80
57
34
21
6
-12
-24
-26
-34
-39
-43
-51
-58
-74
-83
-66
-41
-40
-42
-36
-36
-43
-46
-36
-22
-13
-9
-4
0
4
8
24
53
60
53
52
67
86
102
105
100
88
82
71
50
38
48
42
23
12
16
21
22
6
-6
-14
-24
-33
-40
-50
-57
-71
-82
-90
-85
-76
-86
-92
-98
-101
-94
-84
-81
-81
-68
-51
-35
-21
-13
-8
6
20
22
27
50
66
69
69
81
101
114
116
114
115
136
155
162
153
131
115
121
135
130
115
91
83
100
128
140
139
132
131
133
128
122
133
144
138
140
139
139
144
136
135
138
144
140
135
131
130
131
155
172
181
182
178
154
129
113
112
115
118
112
102
90
86
82
72
58
55
49
48
58
67
65
59
58
64
67
74
87
88
85
85
87
80
76
75
85
97
105
122
124
102
96
104
114
116
113
104
87
82
88
93
91
85
76
67
67
70
71
73
66
51
42
36
19
7
6
21
40
38
24
12
12
21
33
38
32
16
6
7
23
43
51
43
39
55
70
71
70
66
55
60
81
97
106
104
101
98
103
128
144
133
108
89
72
57
49
37
39
39
34
34
25
12
9
8
17
28
25
18
12
8
12
20
32
38
32
32
48
53
58
64
53
49
60
58
44
38
38
42
43
44
54
56
45
50
57
64
59
52
55
54
44
51
64
61
54
51
58
70
74
85
88
81
75
65
44
40
45
50
52
59
61
67
75
73
59
50
41
37
39
43
52
59
59
61
64
59
60
67
56
56
69
67
53
54
72
90
99
96
85
86
92
87
67
58
75
84
66
36
35
49
45
32
20
22
28
38
29
20
21
26
26
17
9
6
-8
-35
-50
-56
-59
-49
-36
-34
-44
-60
-68
-65
-60
-57
-51
-43
-39
-37
-36
-49
-62
-69
-72
-77
-74
-60
-51
-53
-54
-42
-26
-19
-20
-13
-13
-40
-67
-66
-59
-75
-102
-121
-114
-107
-114
-107
-91
-81
-75
-71
-62
-57
-53
-46
-42
-49
-57
-55
-43
-40
-43
-37
-27
-38
-41
-20
6
16
2
-8
1
3
-5
8
20
13
3
-7
-19
-25
-29
-22
-19
-25
-21
-20
-27
-35
-44
-56
-72
-89
-89
-74
-59
-68
-84
-83
-73
-60
-52
-43
-36
-29
-26
-26
-21
-9
-3
-19
-49
-53
-33
-8
-3
-22
-42
-55
-42
-13
-3
0
0
-7
-5
-3
-4
4
17
21
19
2
-17
-18
-8
1
10
20
20
7
-4
-11
-19
-27
-28
-40
-65
-74
-70
-62
-69
-71
-60
-46
-36
-37
-37
-45
-44
-12
12
22
24
38
55
59
57
41
28
36
54
81
84
51
23
19
19
10
0
1
3
3
13
28
41
50
50
43
36
28
34
48
49
51
49
50
60
57
51
52
48
45
43
41
49
52
58
77
102
105
82
66
66
69
71
84
97
105
96
86
96
117
122
104
93
103
106
115
120
113
106
106
116
132
144
148
154
155
147
144
149
156
161
157
160
164
173
182
196
194
181
183
189
194
197
202
215
228
232
233
242
236
232
231
234
241
228
227
232
226
227
232
227
232
242
231
218
208
196
184
182
188
198
198
193
192
187
178
168
170
171
167
167
163
156
164
171
168
162
169
180
180
171
165
165
169
168
164
150
122
105
109
122
132
133
118
89
68
80
87
71
51
44
40
41
37
24
16
6
-5
-10
-11
-11
-13
-14
-9
-3
-4
-8
-17
-22
-24
-20
-9
2
9
11
17
20
12
9
18
26
22
11
12
34
64
82
89
88
81
70
74
96
114
101
75
72
90
107
109
113
117
118
118
120
124
139
148
139
135
134
137
145
145
146
122
107
120
132
138
137
133
132
132
134
137
131
122
119
112
120
138
153
160
153
145
133
132
144
148
147
146
146
148
132
99
77
84
83
70
68
74
90
103
96
83
65
51
60
82
92
92
86
76
81
82
80
72
64
56
67
72
53
36
35
49
66
76
87
99
113
118
107
103
117
134
131
129
121
114
106
104
104
101
98
102
99
86
85
92
89
83
82
90
103
113
114
84
54
59
76
71
57
48
43
55
73
81
73
71
73
73
64
53
51
44
40
39
32
18
20
39
58
71
68
55
41
27
25
32
36
18
-2
-9
-6
-6
-9
-5
-1
2
0
-4
-13
-28
-39
-34
-14
-5
-5
-5
2
10
16
4
-12
-18
-14
-14
-20
-26
-25
-33
-45
-51
-41
-19
0
0
-9
-23
-37
-37
-30
-28
-36
-43
-38
-25
-26
-28
-26
-39
-39
-33
-36
-34
-26
-33
-45
-57
-60
-65
-74
-83
-69
-45
-29
-24
-11
6
5
2
18
41
55
44
34
25
32
43
51
43
33
27
26
20
28
40
19
-1
5
24
44
58
54
41
26
16
19
40
48
36
37
41
27
9
7
24
43
56
67
67
72
84
80
68
59
58
66
54
40
48
60
69
68
56
55
44
27
24
26
21
18
20
20
24
33
38
38
41
56
67
64
54
49
37
23
22
25
43
53
53
51
41
34
27
17
5
3
11
37
57
66
70
80
89
104
109
91
71
57
53
50
53
70
84
77
60
56
64
59
61
70
69
72
76
91
92
83
86
112
120
112
109
117
123
120
113
114
105
102
106
103
83
72
74
82
82
87
92
96
89
86
96
104
103
99
86
74
67
56
54
64
80
76
66
56
50
42
44
39
17
2
1
7
8
6
-2
5
5
-7
-3
6
16
27
37
41
33
19
10
17
22
19
7
-8
-8
-1
10
12
-5
-18
-10
-7
-13
-21
-18
3
12
12
24
33
23
10
17
24
28
37
39
41
35
32
38
39
35
35
37
35
33
23
21
27
40
37
20
19
37
53
64
66
59
45
38
35
40
59
71
74
65
48
36
41
66
84
85
86
91
89
80
74
85
91
85
85
104
128
114
82
57
52
65
81
72
60
59
64
68
64
54
58
66
64
61
59
65
70
66
66
66
66
65
64
54
54
67
67
56
50
45
49
42
33
37
50
54
58
70
88
102
97
74
60
53
55
67
65
51
50
53
55
55
54
51
42
43
53
43
26
21
32
25
4
8
20
7
0
12
26
29
28
27
25
24
21
24
37
39
36
27
10
7
12
25
53
75
86
82
72
73
88
102
96
80
59
52
60
69
73
65
55
65
67
44
23
23
36
34
20
17
19
17
9
6
9
21
33
34
25
32
34
23
18
20
23
20
20
24
23
28
37
26
12
10
16
16
23
33
38
42
38
34
35
26
19
11
2
8
19
11
12
20
17
0
0
19
26
25
23
25
34
51
58
57
55
52
50
58
64
54
39
25
22
40
67
69
60
57
59
58
60
71
73
81
87
89
96
108
108
91
87
87
83
84
87
101
100
77
65
59
42
20
16
20
22
26
23
20
23
32
39
41
29
11
6
16
24
25
26
38
28
9
7
24
38
39
44
60
75
76
84
97
112
124
123
107
91
72
66
69
75
75
76
82
70
52
39
38
33
21
22
22
22
17
12
0
-10
-17
-8
-2
-9
-24
-25
-10
-2
4
20
36
35
25
18
22
32
35
40
56
66
54
53
52
49
38
27
33
54
80
81
73
69
67
58
49
45
53
53
38
26
22
25
28
33
38
36
27
26
28
20
2
-6
0
-2
-12
-11
-1
0
-6
-6
3
-4
-18
-21
-12
-3
18
39
52
51
49
51
54
56
55
60
70
75
66
54
54
68
80
76
73
74
69
59
51
38
19
5
8
19
22
19
12
5
5
4
-2
-4
-3
-6
-2
10
20
25
23
19
26
34
38
42
48
40
42
54
61
58
50
43
26
10
11
19
21
26
22
12
20
39
53
52
49
56
59
51
56
65
51
36
40
50
51
52
53
55
59
58
57
52
53
51
39
39
52
58
41
21
19
38
60
64
48
38
41
58
82
85
74
67
65
58
45
34
42
55
65
67
56
59
69
72
77
69
60
68
57
40
40
42
41
33
6
-20
-20
-7
10
37
37
28
27
26
20
12
21
35
27
17
27
49
53
41
37
49
57
54
58
57
45
53
67
70
69
69
67
57
54
56
57
50
33
24
19
18
22
10
-10
-25
-23
-25
-25
-14
-7
-9
-10
-2
3
7
10
-2
-19
-27
-24
-7
-3
-10
-6
7
25
35
40
53
52
42
40
48
53
54
56
59
64
58
57
64
75
89
92
87
81
81
84
92
89
81
76
76
56
40
38
32
28
39
43
48
61
73
74
69
58
56
67
73
69
64
67
86
91
91
88
68
52
58
81
103
115
103
80
69
76
86
85
80
75
76
75
76
77
75
67
54
43
38
29
26
26
23
26
35
36
38
41
44
53
66
70
67
58
60
66
68
56
50
53
53
42
28
37
54
53
45
34
27
42
56
55
53
59
71
72
65
56
52
52
59
64
57
59
74
90
87
68
52
54
61
54
40
29
34
40
36
34
42
35
24
21
26
37
45
44
39
41
50
51
42
35
34
36
50
67
73
69
66
66
68
61
54
52
56
49
38
25
26
53
66
57
51
45
41
34
24
23
24
23
34
49
55
60
66
61
56
44
37
49
51
40
37
37
43
42
29
28
28
27
40
53
44
37
42
52
65
70
57
52
66
76
57
35
32
32
22
18
25
38
41
42
45
53
51
49
57
65
59
64
69
76
84
75
57
53
65
74
69
57
68
75
81
72
60
58
67
66
61
69
64
43
28
33
42
42
33
24
33
50
59
64
59
64
66
59
54
50
48
50
53
59
64
60
53
38
34
35
34
25
17
9
12
19
26
40
45
37
32
34
38
40
33
25
35
42
44
50
45
39
44
56
56
43
36
33
28
26
24
32
33
27
27
32
32
34
36
48
54
43
43
57
59
57
57
66
66
54
53
59
59
55
59
76
84
76
65
57
67
69
73
80
77
72
67
70
90
90
70
56
52
42
37
39
42
40
34
40
57
64
55
55
56
53
56
53
39
28
25
17
12
24
41
45
43
44
41
41
38
40
53
53
42
34
29
35
42
48
49
37
28
40
57
65
57
51
42
40
28
26
33
38
42
48
45
35
22
11
9
10
7
8
18
19
19
28
35
36
24
11
7
10
22
24
18
21
21
2
-11
-6
9
26
28
26
20
12
13
18
17
13
24
36
35
34
36
35
23
7
3
6
12
19
11
3
-2
3
3
-4
-5
-3
-6
-12
-8
7
12
12
22
29
45
54
52
55
64
65
58
52
39
27
16
12
20
33
49
55
56
58
56
55
64
70
67
59
59
56
45
38
37
34
24
23
36
41
36
40
41
39
39
43
50
54
48
48
55
56
58
65
69
67
57
64
81
76
57
36
21
20
28
36
39
40
32
24
27
26
19
19
25
34
41
42
42
36
38
53
70
81
83
74
72
76
82
84
75
60
52
53
65
68
68
73
83
90
93
96
90
88
87
82
72
65
58
60
60
58
59
64
68
68
64
57
51
51
58
55
44
44
53
66
66
61
56
52
53
64
64
57
42
20
7
20
34
35
22
6
-6
-11
-10
-23
-34
-19
5
22
20
11
10
10
22
35
48
60
60
39
21
20
35
44
42
35
33
36
35
37
41
43
37
29
33
38
48
61
69
51
34
42
56
58
61
60
48
40
52
68
64
44
39
51
70
81
76
72
76
89
71
38
21
33
50
44
32
26
32
37
43
55
59
57
52
45
38
32
28
34
32
26
25
25
21
19
32
24
12
22
42
42
18
-4
-9
-3
1
-8
-13
-14
-13
-5
2
-2
0
1
11
23
11
0
2
11
10
1
-7
-11
-14
-11
-6
-9
-25
-35
-37
-42
-43
-35
-20
-7
2
5
7
11
4
-12
-13
7
16
5
7
19
18
17
9
6
4
-7
-26
-42
-49
-49
-40
-28
-21
-21
-20
-18
-26
-29
-24
-25
-40
-57
-61
-67
-69
-58
-36
-33
-42
-41
-33
-24
-9
0
0
4
7
16
20
19
24
20
9
9
18
23
18
5
-3
-1
-2
-3
7
24
37
49
57
71
76
64
56
68
73
66
60
59
56
49
41
40
40
35
36
43
55
69
69
59
51
44
51
64
74
80
81
85
82
85
100
107
103
76
53
50
55
51
38
32
28
28
22
17
20
35
48
49
54
65
73
100
123
132
130
123
114
97
81
69
71
65
53
59
65
58
43
27
32
40
41
40
38
42
56
69
77
80
70
70
83
102
124
121
104
98
92
84
75
73
76
85
91
91
90
92
85
75
66
54
42
38
41
50
41
24
13
12
17
13
2
-5
-5
-12
-29
-40
-39
-36
-36
-35
-34
-53
-88
-110
-113
-114
-121
-125
-113
-78
-57
-70
-69
-43
-25
-24
-17
-1
3
4
20
48
66
69
68
81
103
103
92
101
120
122
123
132
137
129
116
119
133
130
122
118
116
112
101
100
105
113
107
102
102
104
89
75
81
88
93
97
100
109
124
131
122
109
97
96
108
121
112
113
118
113
104
77
37
16
22
34
26
19
19
10
12
28
41
44
40
27
16
5
-2
6
19
19
21
9
-12
-9
6
21
37
43
42
40
35
25
26
38
56
68
68
83
92
98
106
118
121
118
115
116
120
128
139
152
154
160
176
187
186
160
133
130
124
123
128
129
130
147
156
149
141
145
152
146
124
112
101
103
109
117
117
105
92
92
105
101
70
52
55
68
67
66
70
72
69
66
70
80
90
89
70
57
56
55
55
60
64
65
54
52
51
42
21
7
6
16
18
-4
-21
-20
-14
-22
-33
-35
-22
6
12
-4
-9
-3
-5
-18
-20
-11
5
13
11
2
-2
-7
-21
-28
-18
-1
1
-10
-29
-35
-49
-65
-73
-86
-92
-88
-88
-103
-114
-106
-103
-138
-171
-194
-225
-254
-265
-266
-269
-276
-278
-263
-254
-277
-306
-322
-328
-326
-324
-329
-333
-330
-324
-308
-295
-315
-343
-358
-353
-337
-332
-344
-346
-349
-348
-342
-343
-339
-324
-309
-298
-298
-295
-268
-248
-241
-225
-198
-157
-138
