21
27
26
0
27
40
49
41
43
56
59
57
52
38
26
25
27
37
50
53
49
49
52
57
52
40
41
44
52
56
66
51
28
35
51
56
52
50
60
76
83
73
54
39
37
42
42
37
38
44
49
51
53
52
53
56
53
40
25
18
22
34
32
24
28
37
26
19
29
49
53
52
60
64
52
41
37
26
24
28
33
36
34
29
37
48
50
53
64
72
73
72
77
76
74
83
87
75
58
51
51
53
40
18
6
5
18
29
35
42
37
26
34
51
64
58
55
45
43
54
67
68
68
71
72
64
36
12
22
37
34
21
1
-2
20
49
57
60
64
59
50
58
72
59
32
7
1
8
21
36
42
36
26
20
23
23
9
4
4
3
-13
-24
-20
-27
-24
-26
-35
-4
18
21
39
58
71
76
82
83
86
96
100
88
73
59
55
55
65
89
92
72
64
61
60
58
52
50
54
48
36
49
70
82
81
54
19
20
50
68
61
54
58
66
65
51
22
10
21
26
27
32
43
59
72
81
71
67
66
58
50
58
70
69
57
53
64
73
70
70
72
66
60
52
28
20
22
49
71
67
58
53
32
-9
-25
-38
-76
-72
7
42
-17
-57
43
119
162
247
291
315
371
425
455
486
532
552
553
548
576
610
626
631
635
641
621
609
603
583
549
539
551
550
520
456
419
433
453
418
346
283
250
241
236
232
226
203
183
162
124
98
83
58
21
-24
-69
-93
-130
-165
-186
-187
-196
-248
-315
-356
-374
-402
-425
-454
-489
-513
-525
-551
-589
-616
-611
-593
-590
-602
-603
-618
-627
-604
-571
-546
-530
-545
-554
-537
-505
-484
-482
-477
-453
-423
-413
-413
-408
-378
-345
-323
-300
-295
-289
-264
-246
-228
-221
-221
-205
-172
-149
-139
-134
-113
-87
-60
-43
-44
-45
-34
-18
-12
-11
-19
-6
16
20
17
20
17
27
44
57
51
42
40
54
86
101
85
70
86
118
139
164
176
173
171
165
146
140
156
170
179
176
157
151
162
176
176
164
151
141
145
149
153
154
150
160
170
161
153
168
189
181
160
154
162
165
152
135
141
160
164
152
135
118
108
104
91
76
85
114
150
155
150
148
150
150
147
144
147
153
152
153
161
165
131
89
86
104
115
105
89
87
104
129
136
123
119
129
129
123
116
113
103
98
108
130
134
125
118
105
86
72
89
121
136
122
101
104
117
125
123
114
83
55
49
65
87
99
104
96
72
42
27
13
2
2
