57
81
106
109
87
85
106
115
105
100
99
93
89
75
59
48
55
75
81
72
73
84
87
88
96
88
81
70
68
64
55
58
59
54
50
49
54
64
57
51
55
66
70
70
60
54
57
67
68
56
49
38
35
42
53
54
49
42
48
49
53
53
40
25
33
43
44
43
53
52
44
28
0
-23
-29
-26
-9
5
20
33
38
40
44
52
49
37
32
38
52
52
36
19
23
35
41
53
59
52
38
42
60
70
56
41
51
80
102
99
87
68
49
49
44
32
34
43
53
54
48
43
67
91
87
67
56
54
56
64
73
89
97
103
113
107
87
71
65
52
55
77
86
83
80
77
58
41
44
58
59
49
43
56
74
85
64
35
24
26
39
49
42
28
38
65
71
45
25
23
29
36
52
59
55
52
59
60
40
21
12
21
44
70
71
58
57
43
21
26
53
52
24
6
2
21
42
56
51
40
41
44
60
73
77
80
66
51
51
55
64
76
75
59
53
60
60
53
54
54
65
69
58
53
54
55
55
48
41
61
83
81
75
68
42
32
28
34
39
42
49
0
53
57
57
48
40
34
20
16
26
44
58
55
51
55
64
60
56
53
39
24
25
35
42
49
56
65
75
82
70
66
68
64
40
17
8
17
23
5
-25
-40
13
77
76
8
-82
-70
9
44
34
55
113
201
291
359
426
458
470
481
500
544
557
586
609
669
740
743
695
661
681
728
742
666
615
662
716
709
668
630
572
545
501
433
402
379
375
352
321
320
324
300
326
332
290
216
180
178
194
202
177
123
77
52
60
74
64
24
16
-21
-49
-49
-57
-106
-161
-195
-221
-251
-265
-289
-300
-325
-380
-439
-473
-458
-452
-500
-570
-616
-635
-638
-645
-699
-733
-742
-754
-744
-737
-763
-771
-744
-744
-791
-802
-749
-682
-711
-747
-730
-699
-699
-692
-650
-604
-599
-586
-550
-509
-460
-422
-443
-470
-458
-422
-362
-297
-263
-253
-251
-227
-181
-132
-125
-164
-168
-136
-90
-38
-28
-54
-54
-24
16
27
38
73
72
60
81
84
56
51
53
59
99
109
92
98
113
131
123
88
81
124
166
161
140
116
138
179
214
226
204
181
164
163
193
211
195
197
196
203
203
200
193
198
217
247
247
219
195
212
224
233
243
245
212
171
178
197
189
181
201
205
181
172
180
201
212
192
160
156
170
182
188
196
180
155
148
153
170
195
212
196
169
160
160
164
163
161
161
166
164
165
