37
40
61
75
64
56
57
51
26
11
22
43
53
44
40
66
99
105
87
68
68
76
66
56
59
60
56
59
67
56
52
70
92
96
60
44
45
40
35
32
24
16
28
48
56
67
65
59
58
43
25
16
19
36
51
54
50
44
45
34
25
24
33
42
43
28
34
56
70
74
84
80
64
36
19
42
64
56
43
40
35
32
38
38
36
42
32
24
42
65
74
61
42
42
54
69
73
64
36
25
36
42
49
60
81
75
48
13
10
21
1
-24
-18
20
57
69
54
42
43
42
39
39
48
56
57
48
34
35
36
35
39
52
64
67
58
36
35
51
58
56
41
34
33
23
19
21
26
36
49
43
48
50
39
37
24
1
1
17
12
-5
-10
2
13
34
38
17
4
17
41
65
67
54
37
22
10
25
49
56
53
49
41
52
70
73
71
76
87
77
65
53
49
49
57
65
68
71
73
83
87
73
42
34
56
72
66
35
22
33
67
98
85
60
57
65
69
72
70
61
51
64
76
70
74
72
54
65
80
56
4
-61
-94
-83
-67
-75
-26
65
133
93
32
61
150
228
259
292
355
417
444
465
515
565
556
551
562
593
624
634
656
682
680
628
599
596
585
576
572
576
587
576
528
490
496
505
0
487
449
422
393
347
292
272
266
244
215
208
186
117
89
102
123
121
86
38
20
11
-11
-36
-36
-13
-10
-27
-58
-72
-57
-55
-87
-130
-169
-204
-226
-209
-200
-228
-281
-333
-361
-391
-418
-437
-471
-508
-523
-525
-536
-578
-625
-641
-643
-652
-667
-685
-698
-698
-681
-662
-657
-664
-682
-689
-652
-626
-611
-606
-617
-615
-588
-564
-545
-526
-508
-488
-469
-444
-407
-385
-393
-395
-370
-328
-301
-291
-274
-247
-227
-194
-171
-173
-154
-131
-123
-114
-69
-22
-22
-41
-50
-24
21
42
36
40
52
59
65
72
84
83
82
88
113
124
116
113
128
134
138
146
157
177
182
183
187
197
193
197
215
213
200
203
217
221
214
212
213
198
196
208
210
196
187
218
245
232
205
195
198
198
203
210
204
199
201
228
230
201
186
187
194
193
182
187
198
194
187
193
185
164
149
149
149
148
147
147
165
194
203
196
188
180
173
172
185
189
184
172
160
166
163
149
130
123
128
121
118
132
154
179
188
179
163
139
138
164
165
144
122
120
133
138
135
108
82
76
83
73
73
77
72
80
101
112
96
83
85
88
85
84
86
85
82
56
48
60
60
