39
48
54
45
51
70
75
72
75
89
93
91
87
61
52
59
70
72
67
54
39
51
77
90
75
59
55
54
56
60
60
56
54
64
72
70
55
35
12
11
24
45
68
66
41
28
26
37
39
20
1
5
22
36
56
74
64
33
27
43
53
51
41
33
39
49
51
44
36
24
23
20
25
52
65
52
43
55
59
44
34
41
49
48
27
7
2
16
25
36
39
44
59
71
75
76
56
25
25
48
64
68
52
48
59
54
42
42
41
34
33
32
24
28
26
18
20
32
35
40
54
59
55
53
57
65
51
35
39
49
44
36
37
40
40
38
40
43
50
55
53
42
38
33
33
38
38
35
42
68
80
71
53
22
-6
2
41
68
68
64
68
80
72
67
74
80
74
56
43
41
65
87
80
73
86
86
68
59
70
80
76
59
40
22
20
21
25
33
36
34
42
53
54
51
42
32
25
28
34
28
16
18
41
67
82
76
59
56
64
70
66
49
37
52
89
112
113
89
64
71
89
85
41
4
12
28
33
24
17
22
22
29
76
98
50
34
50
48
35
73
123
160
193
229
320
405
476
536
518
404
405
518
569
566
540
523
529
508
540
624
652
616
577
592
629
679
688
660
602
548
540
550
536
492
469
453
426
388
385
378
336
300
298
298
274
229
199
194
182
131
80
73
67
45
21
-6
-33
-62
-108
-134
-138
-152
-202
-273
-314
-334
-348
-394
-446
-474
-484
-509
-551
-595
-642
-661
-665
-670
-670
-662
-659
-662
-675
-691
-706
-706
-677
-646
-650
-680
-683
-657
-633
-611
-595
-582
-565
-548
-526
-489
-453
-430
-430
-434
-422
-388
-344
-309
-293
-298
-291
-260
-235
-242
-234
-206
-186
-195
-194
-168
-151
-152
-139
-105
-83
-77
-71
-45
-24
-21
-13
-7
2
17
32
49
65
69
68
82
97
89
86
75
64
44
42
48
66
87
100
108
124
148
152
160
169
178
197
214
213
200
212
224
227
216
202
212
217
208
208
205
195
178
171
0
182
184
187
202
210
199
188
183
180
182
188
195
205
216
214
214
220
213
198
196
197
182
172
171
178
184
200
221
210
186
178
185
194
178
162
148
133
117
106
121
157
198
202
184
160
146
150
161
154
146
146
150
136
115
115
132
151
155
130
102
116
133
119
115
120
129
124
118
132
148
150
149
139
116
82
42
35
51
80
104
105
88
67
53
56
59
53
41
38
44
53
61
73
82
61
50
51
