53
64
65
48
23
18
22
24
17
13
19
28
25
24
22
18
26
54
71
65
51
51
56
53
44
34
26
35
37
27
25
27
28
26
29
48
54
43
38
35
35
35
48
59
60
56
54
40
24
12
16
34
54
59
50
35
33
49
57
43
25
20
19
19
26
35
45
57
58
56
54
60
67
60
48
38
36
35
37
38
35
29
24
16
6
-1
0
26
57
60
36
10
17
38
37
17
8
27
54
65
61
60
72
86
75
53
53
70
81
80
81
83
82
73
70
69
64
50
35
36
48
61
84
96
87
72
56
56
61
59
50
37
33
56
77
68
43
29
28
33
49
58
66
72
74
65
48
39
40
42
40
35
35
39
29
23
44
77
86
56
33
37
59
66
41
23
27
48
66
73
60
39
24
6
1
16
34
38
37
36
39
44
43
41
58
81
85
73
64
67
64
27
10
21
48
58
36
33
48
65
65
50
42
48
43
27
17
28
51
59
66
68
71
80
77
60
52
53
56
42
21
27
54
90
124
109
52
2
5
36
42
26
37
55
56
68
51
19
28
20
-21
-25
34
86
109
104
86
12
-26
-28
-7
0
-25
22
120
164
180
216
261
311
312
275
322
429
484
464
458
466
482
530
536
532
0
562
600
629
601
599
608
580
572
540
505
518
514
492
520
546
535
477
375
304
299
331
343
316
281
249
231
226
248
250
213
150
89
82
99
91
67
18
3
11
3
-21
-43
-52
-37
-41
-76
-120
-132
-105
-98
-130
-153
-154
-158
-179
-210
-260
-280
-291
-307
-332
-358
-373
-417
-483
-548
-593
-609
-590
-581
-602
-635
-660
-669
-664
-658
-645
-659
-683
-690
-673
-649
-647
-637
-604
-587
-588
-583
-565
-542
-531
-525
-526
-530
-514
-462
-421
-404
-381
-340
-308
-307
-302
-277
-257
-244
-236
-229
-213
-202
-201
-189
-166
-124
-92
-78
-77
-85
-97
-90
-68
-26
-1
2
4
8
29
33
34
24
32
49
66
69
75
97
103
84
86
100
102
105
119
138
153
153
171
177
157
164
182
193
200
208
203
196
202
219
220
205
184
183
192
185
197
240
272
247
199
181
184
196
216
219
203
185
193
205
194
177
168
167
186
211
210
182
165
186
216
229
232
224
216
216
228
231
209
171
167
182
193
198
193
187
176
153
139
134
130
131
132
136
156
167
153
147
145
144
140
147
152
164
184
184
169
162
153
152
152
139
137
136
133
140
145
139
134
130
135
134
