45
61
68
60
56
49
57
66
57
53
55
45
32
27
25
25
37
42
22
1
-10
-30
-43
-42
-50
-65
-72
-65
-36
-6
20
27
35
53
87
114
123
124
114
92
82
74
70
75
83
81
81
75
72
71
59
42
49
60
60
57
59
70
68
43
32
43
70
88
92
72
55
55
51
53
58
52
49
59
65
65
71
77
75
74
60
48
54
59
53
50
54
60
65
60
56
54
56
54
44
39
34
38
54
58
53
65
80
82
77
70
55
49
54
57
53
45
40
37
40
28
24
32
20
9
17
36
42
33
23
26
38
43
40
36
37
27
16
4
8
27
37
32
33
39
49
50
48
48
55
58
61
56
45
51
56
52
42
42
51
60
70
71
65
60
58
40
26
42
74
92
87
67
58
65
59
68
88
98
90
82
73
59
54
55
58
66
68
76
86
75
53
34
28
35
36
35
36
45
55
50
42
35
28
25
26
37
41
50
48
33
41
76
89
73
44
33
42
41
21
9
19
53
82
72
60
54
52
66
82
82
58
33
11
16
43
48
20
4
26
54
39
26
38
28
32
48
48
41
36
21
16
26
36
34
38
53
54
49
36
27
33
38
53
68
58
42
42
57
71
76
68
45
38
58
70
60
0
54
56
65
68
54
52
54
61
64
53
49
40
28
32
35
44
41
22
9
17
32
38
48
53
54
59
72
72
67
65
36
17
16
26
38
28
-3
-46
-66
-26
19
-1
-45
-45
-4
20
25
5
-13
50
99
144
236
352
427
443
464
490
516
555
599
631
628
650
691
691
708
716
725
672
572
571
600
599
632
641
599
609
605
553
530
505
442
426
456
425
363
299
250
257
264
249
200
145
122
140
156
164
140
96
59
43
23
9
1
-10
-37
-93
-135
-162
-188
-203
-212
-229
-241
-243
-282
-326
-330
-298
-305
-353
-393
-414
-397
-376
-410
-471
-516
-545
-567
-587
-615
-629
-630
-632
-653
-713
-741
-727
-715
-724
-722
-731
-742
-717
-689
-664
-659
-659
-638
-619
-605
-582
-565
-561
-546
-514
-472
-438
-434
-418
-385
-359
-345
-325
-297
-257
-205
-170
-153
-148
-145
-119
-88
-97
-116
-90
-54
-34
-26
-28
-19
-3
24
50
54
51
39
34
35
56
81
90
98
105
113
108
100
100
117
132
146
150
133
135
137
140
177
196
195
208
214
212
215
229
242
251
242
218
212
208
208
234
250
232
217
226
245
251
237
224
208
198
189
187
184
183
195
194
