102
103
92
100
114
113
91
86
103
113
92
77
73
61
55
60
71
75
91
105
98
69
42
37
51
59
60
58
50
37
19
12
20
32
41
49
59
75
80
48
5
-17
-6
5
8
10
17
25
40
51
65
65
41
32
42
50
52
51
52
37
21
21
33
43
41
34
34
32
19
27
50
51
38
33
38
52
64
59
52
49
41
56
84
87
55
33
43
61
56
36
26
35
37
37
39
48
40
35
32
29
29
34
38
52
64
57
40
27
37
39
19
8
25
53
57
39
23
27
39
57
77
70
51
43
52
59
55
34
10
7
28
44
48
66
88
98
98
97
96
82
68
68
66
56
80
116
122
98
56
32
28
36
35
32
49
56
56
60
76
92
102
99
89
89
96
88
72
66
67
65
54
41
28
26
25
18
34
36
10
3
24
52
84
80
56
65
71
51
48
24
39
112
163
215
289
345
386
427
465
519
578
579
599
619
640
624
536
517
535
561
565
535
537
567
578
568
545
503
477
453
419
401
389
380
368
348
327
279
242
237
231
214
212
208
184
146
117
106
90
66
38
8
0
18
29
8
-46
-86
-98
-99
-83
-73
-105
-149
-173
-196
-245
-292
-322
-347
-375
-409
-466
-507
-514
-492
-481
-493
-521
-545
-557
-578
-593
-589
-574
-553
-546
-554
-555
-551
-545
-524
-507
-504
-507
-506
-493
-475
-459
-435
-410
-408
-418
-404
-370
-333
-317
-311
-297
-284
-281
-273
-260
-246
-222
-189
-178
-156
-137
-139
-145
-136
-134
-129
-103
-88
-90
-81
0
-49
-19
-7
-17
-33
-44
-43
-11
22
17
4
23
71
104
101
85
71
80
85
89
103
105
98
114
136
141
151
152
138
128
136
146
136
119
107
90
88
86
57
35
28
35
58
93
141
176
192
192
199
220
229
216
213
215
212
214
230
226
186
150
148
168
186
178
167
177
180
176
178
172
166
164
179
192
202
196
169
138
123
135
161
168
148
107
98
115
133
128
121
125
117
116
137
154
150
129
114
120
140
140
137
138
120
85
71
90
109
109
80
64
73
89
87
83
89
89
85
90
103
113
117
104
98
103
104
92
87
91
101
102
99
100
88
71
66
56
59
81
85
58
44
58
80
92
80
57
59
58
57
65
68
73
81
69
49
37
39
51
67
59
40
40
59
68
50
43
28
18
32
34
28
33
52
69
85
89
86
80
70
60
52
38
37
33
44
80
87
67
55
58
69
76
68
41
