60
88
96
0
72
61
56
52
59
71
66
54
69
91
84
64
55
54
45
36
43
65
77
85
74
70
70
66
51
33
26
40
53
41
38
57
69
58
43
36
34
32
25
27
27
18
8
20
38
36
34
27
10
7
18
26
28
32
23
32
48
42
23
21
37
33
16
13
25
18
2
0
11
37
50
44
39
40
40
36
24
19
19
20
22
27
41
58
56
42
43
54
67
80
68
37
38
59
67
61
64
71
75
74
75
75
67
53
50
50
57
64
58
42
34
41
51
68
77
57
25
28
51
59
51
42
50
60
71
83
85
82
69
43
28
28
39
42
49
48
27
2
0
5
16
34
51
60
59
44
48
67
74
59
48
43
41
34
41
44
25
17
40
73
82
58
45
44
49
44
54
72
73
56
39
33
53
74
76
60
52
44
34
24
25
36
50
56
53
48
42
39
36
34
42
56
43
22
37
73
84
74
69
56
42
34
37
52
64
56
52
56
56
45
37
40
43
54
61
57
66
74
80
58
57
74
73
70
57
45
68
103
123
107
83
58
48
44
24
19
4
-12
-17
1
37
48
25
33
29
20
37
60
74
98
151
235
347
358
310
289
361
432
420
432
474
499
521
541
554
518
486
536
570
541
539
547
548
555
567
539
487
438
422
404
370
379
394
360
320
298
301
289
245
210
193
200
226
204
146
112
115
116
98
68
40
24
0
-18
-19
-38
-85
-125
-142
-146
-163
-196
-235
-279
-322
-376
-439
-474
-484
-501
-519
-547
-566
-564
-554
-563
-579
-597
-610
-612
-610
-596
-582
-581
-562
-541
-554
-580
-585
-593
-595
-586
-577
-566
-538
-506
-487
-466
-420
-359
-298
-268
-258
-248
-241
-216
-203
-202
-194
-163
-138
-129
-115
-103
-93
-73
-45
-37
-49
-50
-27
-7
9
22
7
-7
8
36
59
71
67
59
74
90
96
96
107
132
164
167
130
106
117
144
162
170
164
165
179
179
177
166
157
162
170
172
165
170
196
219
202
160
138
135
134
132
129
137
141
121
129
145
151
144
123
117
121
123
135
160
162
149
140
140
151
162
153
124
109
131
155
171
167
152
146
145
145
144
150
179
185
167
156
167
168
160
144
135
131
123
134
134
117
105
104
82
67
85
96
88
81
77
82
77
75
100
105
64
43
66
101
121
108
89
100
117
119
114
101
83
60
42
44
65
74
84
89
84
92
109
105
103
108
119
129
121
116
107
102
