64
66
58
55
54
54
55
48
49
59
53
42
49
44
28
20
20
38
60
68
58
51
57
64
73
75
52
38
38
34
26
29
48
59
51
26
13
13
18
19
27
37
36
37
43
38
24
20
27
36
37
39
43
51
66
60
43
38
39
38
41
42
50
66
73
64
51
39
29
32
33
33
41
50
45
50
60
67
67
55
42
52
74
89
87
75
80
86
96
99
91
83
71
75
86
90
87
81
72
67
75
86
76
70
64
54
48
41
39
41
44
49
57
75
81
76
74
67
59
55
58
70
71
51
34
34
39
48
54
54
52
40
26
23
29
34
33
36
34
29
37
54
60
53
42
40
34
22
20
35
52
55
56
56
54
54
53
57
58
53
39
29
24
23
26
34
36
34
50
67
49
17
1
2
12
28
32
26
34
55
68
65
67
48
21
17
33
43
37
26
38
66
86
83
65
49
43
49
58
60
52
57
64
48
39
36
21
12
22
39
41
38
39
44
58
69
50
32
49
75
89
82
67
59
57
56
57
59
72
76
57
60
83
75
52
24
7
5
4
7
26
5
-50
-7
56
44
9
-17
-8
-13
-11
19
73
149
245
329
344
340
381
452
506
489
413
411
482
539
553
563
564
576
618
637
0
608
579
554
565
565
520
474
461
474
472
432
402
409
432
420
374
321
293
285
274
249
225
200
176
170
163
152
138
89
40
29
50
54
27
-2
-21
-27
-44
-57
-69
-94
-150
-233
-296
-317
-333
-371
-428
-473
-501
-513
-509
-507
-510
-525
-553
-573
-580
-587
-588
-572
-574
-584
-589
-589
-580
-569
-573
-582
-573
-549
-523
-497
-465
-467
-474
-467
-453
-439
-424
-406
-386
-361
-344
-333
-294
-260
-250
-250
-230
-204
-183
-170
-178
-180
-169
-158
-134
-114
-103
-89
-82
-77
-86
-82
-55
-27
-13
-11
-6
-2
4
27
60
85
81
66
65
83
98
101
98
96
100
105
112
119
117
118
131
125
115
128
161
183
176
155
155
166
170
149
122
128
139
164
172
168
172
186
195
196
182
155
144
136
129
130
137
141
139
139
138
133
123
124
140
160
176
183
170
157
165
173
184
182
151
144
153
154
155
140
131
145
155
153
148
149
162
166
161
160
167
162
135
128
145
166
172
163
162
181
196
181
164
154
140
125
147
165
155
130
119
117
114
123
120
115
104
106
129
128
118
125
113
106
105
92
92
92
84
84
96
114
113
81
56
50
56
64
56
