91
91
92
89
74
51
43
60
81
82
70
66
58
49
56
66
65
58
43
28
37
49
50
39
34
52
76
80
58
50
53
51
33
25
35
52
68
70
80
83
72
65
66
74
76
84
86
80
56
42
53
75
75
51
20
6
16
20
17
21
13
-8
-8
24
40
39
42
40
32
22
19
33
49
40
28
20
4
-6
-6
1
7
10
17
10
10
32
37
26
21
22
38
53
42
39
42
40
42
44
36
35
44
43
43
38
18
6
20
45
60
58
52
54
73
83
76
61
48
39
35
43
66
82
84
81
71
73
90
93
91
76
58
50
34
23
43
70
66
48
28
26
35
41
39
42
55
53
44
51
58
56
53
51
52
52
50
44
49
53
45
53
59
52
36
27
25
10
4
20
44
54
45
38
42
51
44
22
8
9
17
25
41
38
16
-9
-12
17
36
34
32
35
44
57
59
58
70
86
102
99
87
90
105
113
84
72
109
144
108
74
102
120
57
-21
-74
-78
-85
-46
19
3
-35
-8
24
75
198
168
-5
-36
9
33
124
258
280
227
250
375
484
555
600
609
600
601
662
640
672
721
608
538
486
384
377
396
400
384
363
339
313
327
352
339
299
293
314
345
308
233
168
135
136
167
181
186
169
117
0
55
43
84
90
59
11
-33
-41
-22
-13
-17
-36
-73
-99
-125
-146
-146
-158
-189
-210
-216
-245
-278
-296
-301
-328
-385
-428
-435
-427
-445
-492
-539
-566
-568
-580
-581
-557
-550
-577
-597
-589
-562
-530
-522
-545
-557
-538
-487
-441
-422
-439
-436
-401
-380
-376
-372
-392
-408
-378
-330
-295
-267
-246
-245
-243
-226
-206
-189
-173
-148
-110
-72
-55
-60
-60
-42
-25
-9
7
32
26
27
49
57
61
70
80
88
99
106
97
88
87
69
54
68
116
154
170
161
162
192
216
230
230
210
185
178
183
187
192
186
195
202
194
179
165
149
149
161
152
160
187
200
188
182
184
186
169
152
144
134
128
139
160
166
153
134
130
136
137
106
97
120
152
167
167
172
178
164
154
160
163
147
132
138
151
156
154
139
119
115
125
132
122
132
149
148
146
148
146
140
153
154
132
116
120
130
129
114
91
91
106
100
85
80
77
86
100
113
129
139
136
108
72
70
106
136
132
100
71
66
67
69
66
50
33
34
49
66
70
70
73
74
70
52
44
41
32
34
45
48
53
68
69
55
43
26
18
36
59
58
36
19
16
28
50
55
43
