57
42
25
25
40
55
49
32
29
53
72
68
55
41
35
33
35
35
37
32
26
35
38
29
23
41
65
72
66
57
56
53
42
34
29
23
19
28
53
72
69
60
58
56
52
53
56
52
37
25
22
26
24
16
9
7
7
12
12
3
-9
-21
-34
-44
-55
-50
-26
-4
19
41
67
93
98
90
100
100
97
96
98
102
101
89
82
71
68
64
76
90
86
75
70
60
57
59
60
60
71
90
100
93
88
73
55
49
48
43
41
44
42
48
57
60
58
65
73
76
75
76
73
58
53
61
65
70
77
70
65
66
73
66
42
35
41
36
23
18
19
23
25
28
37
39
48
43
24
8
9
12
11
9
12
20
37
49
33
11
5
21
43
48
33
32
53
70
75
72
60
44
37
39
41
53
65
54
40
37
51
69
69
60
68
73
76
80
71
72
72
68
74
75
59
37
32
37
43
48
41
40
36
29
33
33
36
53
66
67
58
51
54
60
65
71
73
59
57
66
64
56
52
50
43
44
64
75
76
73
72
68
72
80
74
70
68
61
51
51
56
50
42
33
22
22
24
5
-13
-2
16
38
64
56
70
117
141
72
67
164
229
170
66
124
282
363
388
403
423
461
504
539
553
551
547
549
0
566
582
577
560
539
564
599
588
562
537
528
535
520
474
411
360
360
370
359
337
312
289
272
250
229
215
186
156
141
129
102
82
57
18
-17
-39
-55
-60
-66
-82
-114
-149
-182
-201
-218
-248
-290
-326
-340
-356
-395
-445
-478
-493
-502
-503
-494
-500
-535
-564
-573
-586
-598
-599
-583
-565
-564
-568
-557
-542
-537
-538
-535
-513
-482
-466
-451
-443
-440
-422
-393
-371
-361
-359
-345
-324
-313
-307
-289
-259
-235
-225
-215
-205
-185
-170
-167
-155
-148
-147
-139
-124
-98
-76
-59
-42
-24
-5
13
22
24
19
6
7
22
32
36
57
80
82
84
98
113
105
96
100
113
113
93
85
88
103
121
139
145
137
135
148
154
150
152
160
169
186
203
187
156
145
154
169
179
184
189
198
199
200
210
209
181
167
173
188
197
196
187
186
196
186
166
145
131
124
118
107
89
64
42
23
7
1
5
28
57
82
106
125
146
177
184
176
182
200
199
182
163
149
150
160
155
147
136
137
160
177
163
122
86
88
104
100
80
70
80
96
117
124
122
118
107
92
86
88
90
105
120
128
124
115
100
90
88
82
54
45
69
93
100
97
100
99
