61
41
50
81
115
128
114
97
87
85
83
84
89
84
66
51
54
57
57
48
29
23
24
38
50
51
57
70
66
59
58
58
59
48
27
17
19
23
25
32
38
42
36
27
25
23
37
43
39
35
32
28
25
25
32
40
33
18
12
21
37
52
54
54
59
59
48
25
4
1
13
43
66
70
58
56
58
58
52
43
40
39
42
49
51
49
48
42
44
54
59
54
45
43
48
58
69
81
83
59
35
34
51
66
59
35
16
-1
-3
12
32
39
39
37
38
35
25
22
32
42
42
36
35
34
32
42
51
40
23
11
5
16
28
28
32
37
50
54
44
42
54
66
64
54
53
44
25
10
12
33
58
70
59
50
56
69
81
84
82
69
55
53
66
74
66
42
37
42
49
49
48
49
49
36
27
36
41
33
11
-2
8
33
52
67
69
59
42
35
35
32
19
-9
-54
-82
-82
-75
-81
-82
-69
-49
-30
-23
4
48
76
85
91
103
109
106
96
76
59
37
19
29
49
48
34
41
71
88
90
89
96
99
101
99
108
124
129
117
102
88
61
35
48
87
104
93
82
75
72
69
68
68
66
58
50
48
54
69
82
74
54
36
38
56
65
51
35
13
-2
2
13
24
22
18
10
13
27
39
0
35
21
12
18
39
55
44
22
11
16
21
32
27
23
38
56
59
51
45
48
40
25
17
9
6
8
12
18
23
33
40
48
49
50
43
28
18
16
16
8
-13
-29
-29
-28
-2
27
18
-13
-39
-52
-56
-41
43
119
145
177
232
282
333
376
424
423
394
458
506
531
600
652
665
676
685
684
694
722
757
771
755
722
680
633
598
584
584
567
529
503
488
460
425
388
349
317
289
268
262
253
224
189
161
131
123
128
113
70
27
16
13
-7
-43
-85
-131
-183
-232
-258
-267
-283
-315
-357
-410
-452
-475
-492
-523
-572
-619
-633
-619
-626
-658
-677
-677
-677
-678
-679
-684
-690
-676
-660
-648
-637
-635
-633
-622
-616
-605
-584
-561
-546
-535
-508
-468
-440
-435
-425
-409
-388
-363
-331
-298
-279
-268
-261
-249
-235
-226
-210
-185
-161
-138
-123
-109
-90
-72
-61
-60
-54
-43
-38
-30
-12
1
5
9
18
33
57
92
114
109
93
84
91
117
135
124
116
125
138
144
152
154
144
136
141
163
171
156
147
164
186
194
180
165
166
189
210
209
194
177
169
168
164
153
154
165
181
192
183
168
163
169
177
168
150
149
164
178
176
156
156
