34
55
51
49
50
33
5
-17
-13
3
18
32
35
35
33
27
25
32
49
67
70
61
53
50
48
59
71
54
28
7
9
43
76
85
91
106
97
69
56
69
73
59
40
19
9
6
-10
-35
-60
-81
-83
-90
-103
-71
-3
27
7
16
43
59
65
58
52
55
70
93
116
128
119
104
81
58
54
55
65
89
102
102
105
104
86
60
53
64
72
80
80
65
48
26
26
37
36
25
18
7
1
12
22
11
13
10
10
17
13
8
8
28
42
41
42
42
28
13
17
21
27
35
45
67
87
92
84
73
71
64
56
59
59
66
61
56
56
67
69
59
53
53
54
60
77
49
-4
-19
-3
20
21
7
2
9
32
51
51
28
0
-5
20
35
21
9
22
48
59
53
48
49
56
81
86
67
56
57
54
53
56
59
53
49
50
64
76
69
54
49
42
37
41
52
50
40
43
60
84
98
86
81
90
106
119
124
119
134
151
121
83
83
152
194
161
117
86
60
48
80
106
113
80
10
-21
10
49
20
-13
16
65
23
11
67
116
133
87
76
92
101
107
156
259
380
452
453
441
457
484
517
551
547
512
521
564
588
584
571
548
528
486
470
468
469
458
422
395
394
386
370
344
326
306
285
274
263
250
236
0
213
179
138
108
89
59
28
8
-7
-28
-35
-57
-132
-200
-219
-228
-259
-297
-327
-339
-321
-306
-332
-405
-467
-485
-484
-490
-518
-550
-563
-534
-507
-514
-529
-529
-523
-508
-497
-490
-484
-474
-466
-446
-428
-411
-401
-381
-373
-353
-330
-327
-331
-341
-334
-310
-278
-264
-251
-233
-219
-199
-196
-198
-184
-174
-168
-151
-123
-101
-81
-70
-59
-36
-27
-36
-22
-9
-8
-7
-5
-2
-5
-10
-8
2
12
34
59
74
80
75
80
102
119
106
70
40
51
88
118
123
113
106
114
120
145
162
140
114
102
98
103
107
123
148
140
119
109
109
116
136
124
119
135
139
132
135
147
156
156
148
145
136
136
137
137
138
130
120
137
149
130
118
133
128
109
106
120
120
85
28
2
4
6
19
38
42
56
102
156
173
170
176
172
183
187
180
171
166
177
179
164
148
139
144
154
171
187
164
105
74
67
84
109
123
123
121
130
144
140
124
107
81
68
70
70
70
76
89
108
89
48
54
97
108
81
51
37
35
41
57
82
91
91
82
74
85
90
86
59
32
20
6
1
16
28
41
53
51
29
6
-1
23
65
86
65
38
32
42
