57
52
33
19
32
57
69
64
52
42
37
33
34
41
48
50
48
39
36
38
48
53
51
43
42
53
69
82
80
66
42
35
43
54
53
39
35
33
34
34
28
26
23
20
17
17
24
34
35
32
26
34
40
37
26
19
17
22
35
42
38
28
24
26
24
27
48
66
68
53
37
51
75
76
59
54
58
71
82
81
69
54
40
34
32
29
28
23
22
23
19
9
10
21
40
52
55
66
73
74
69
61
58
50
34
29
34
34
33
32
27
23
20
22
43
67
66
45
33
35
49
66
73
70
69
71
80
83
68
54
50
49
53
57
65
71
74
68
53
36
32
35
44
45
32
29
43
58
61
49
33
36
45
49
41
32
22
24
39
50
53
53
53
50
41
38
41
43
44
32
17
22
34
33
20
-4
-26
-29
-10
11
23
25
35
59
84
99
103
100
91
93
101
100
89
85
90
98
97
88
82
86
90
86
83
74
59
54
59
70
83
89
86
85
84
84
75
60
44
43
49
42
38
39
39
41
49
44
44
56
65
51
41
53
60
56
45
37
34
34
27
22
16
10
11
20
20
3
-37
-56
-43
-53
-52
-7
16
-36
-45
26
75
24
-57
-25
65
148
230
304
368
393
407
456
535
565
549
536
0
555
583
617
668
683
648
604
576
553
546
531
513
508
499
458
433
412
378
354
344
336
307
265
236
219
213
208
187
144
92
68
64
66
58
54
27
-21
-60
-91
-119
-151
-194
-237
-289
-316
-324
-337
-374
-421
-449
-458
-477
-515
-542
-552
-554
-563
-562
-547
-526
-522
-532
-536
-531
-522
-522
-520
-502
-484
-482
-486
-471
-440
-418
-402
-385
-369
-360
-370
-371
-358
-338
-311
-289
-263
-241
-220
-202
-183
-167
-163
-165
-158
-145
-123
-106
-87
-75
-68
-49
-34
-27
-22
-18
-8
2
10
18
23
25
32
43
61
74
75
75
86
100
105
114
131
145
145
130
121
130
136
132
124
122
124
128
135
154
169
176
163
151
156
164
172
181
178
166
156
145
136
134
130
121
112
99
101
113
118
123
132
136
146
149
137
141
160
169
161
141
139
147
149
149
148
141
125
118
128
139
145
138
129
119
120
128
132
131
135
138
132
118
117
117
108
107
113
117
122
129
132
144
152
151
146
137
134
135
129
122
119
121
105
82
71
72
83
90
96
88
85
91
104
114
105
87
76
70
55
54
61
66
54
39
36
44
60
80
76
60
64
81
98
98
