33
12
-1
-3
9
20
17
16
21
27
32
32
40
54
69
70
71
77
81
73
54
38
33
24
20
23
40
67
69
52
48
52
50
44
51
70
65
40
36
48
50
53
43
18
18
28
22
16
20
32
37
37
19
7
0
-12
-9
7
12
18
25
21
32
49
52
51
53
49
48
52
53
73
89
88
86
74
66
67
57
68
82
84
84
68
50
57
76
68
53
52
65
83
76
53
39
53
76
74
45
43
58
60
49
32
38
52
56
50
36
32
35
40
48
43
44
51
50
35
22
21
39
56
59
64
52
38
32
23
22
40
48
40
34
32
40
51
48
37
32
43
52
39
18
1
7
20
25
24
26
11
-5
2
26
50
58
58
50
45
44
40
45
52
44
36
26
27
37
41
36
37
53
67
56
41
53
61
50
39
42
61
87
98
91
75
70
73
69
56
42
25
32
54
52
43
37
40
50
37
32
32
40
61
71
58
57
100
115
71
51
66
106
121
80
48
61
83
51
-4
-9
7
29
22
12
29
65
72
24
-14
3
-10
-27
-5
37
60
41
38
51
100
217
199
72
145
345
410
390
370
364
429
500
455
466
534
519
485
548
594
554
539
541
569
581
548
519
521
534
585
617
566
464
385
356
372
0
422
437
373
353
379
379
321
267
275
291
245
139
69
73
92
107
90
33
-49
-73
-61
-69
-98
-123
-139
-178
-257
-297
-311
-339
-380
-433
-474
-497
-507
-513
-540
-582
-614
-628
-630
-625
-632
-647
-652
-651
-652
-652
-661
-632
-600
-610
-635
-644
-616
-566
-533
-523
-507
-473
-452
-449
-444
-422
-371
-342
-328
-293
-278
-284
-289
-267
-232
-199
-186
-161
-117
-107
-109
-87
-69
-58
-58
-56
-37
-43
-28
9
37
28
21
18
11
2
-12
-1
35
60
45
36
64
84
84
99
130
139
134
122
115
128
137
121
108
115
138
139
122
113
117
121
120
123
138
156
170
170
162
162
168
180
193
192
170
166
189
216
210
181
180
181
183
195
184
136
102
109
135
160
177
171
169
166
169
184
182
180
173
146
105
107
137
171
192
179
166
180
184
165
140
144
146
134
132
124
120
167
196
146
98
103
119
140
150
151
151
132
104
99
113
103
89
86
86
92
103
115
114
88
58
53
69
83
90
89
89
101
72
51
49
39
32
41
67
83
74
66
76
92
98
92
75
71
77
91
88
88
106
104
80
70
85
98
85
59
55
71
80
80
80
80
