21
13
17
18
10
13
36
35
10
8
39
52
34
22
20
35
66
89
92
82
55
42
51
65
67
21
-11
4
36
49
39
36
54
73
66
56
64
74
85
75
44
39
45
54
70
70
53
37
22
6
-6
1
2
-29
-76
-85
-83
-82
-60
-28
-3
11
33
42
41
55
69
83
96
97
90
84
89
93
88
71
57
70
81
80
81
72
60
48
40
54
73
83
91
102
99
83
76
90
101
90
76
72
65
42
38
56
67
45
35
48
60
69
70
66
51
49
64
57
42
42
51
64
57
43
35
37
49
48
38
34
43
65
60
24
-12
-26
-3
19
17
7
3
17
26
25
44
60
52
52
59
59
49
38
39
60
54
28
23
33
38
40
42
57
57
48
54
58
55
53
52
58
53
51
58
59
54
39
24
17
20
26
40
51
41
23
23
37
33
17
11
25
38
17
-4
12
44
57
64
69
87
107
103
91
107
107
75
52
43
39
49
75
93
83
52
41
81
138
128
83
43
58
96
82
54
43
35
34
40
37
13
12
12
20
43
42
39
25
-4
0
8
48
99
135
161
147
131
185
298
379
400
386
362
377
411
443
490
503
483
475
477
531
615
657
643
605
597
617
619
605
592
576
557
537
516
525
553
536
0
469
418
375
345
330
329
309
274
258
249
230
203
185
162
119
81
42
-2
-18
1
26
-6
-85
-138
-161
-186
-242
-293
-330
-363
-403
-438
-471
-499
-529
-574
-616
-632
-642
-644
-650
-663
-660
-647
-649
-674
-696
-699
-685
-669
-664
-641
-613
-602
-596
-584
-565
-542
-532
-516
-493
-461
-418
-394
-385
-375
-360
-341
-317
-315
-317
-299
-267
-247
-231
-200
-165
-146
-148
-148
-137
-142
-138
-113
-91
-85
-88
-90
-81
-56
-25
-7
10
32
43
56
66
65
49
34
37
41
43
64
96
98
76
81
70
66
64
65
87
120
155
179
172
167
171
176
170
161
161
176
181
176
181
177
177
194
204
208
184
155
139
135
155
186
200
182
170
179
188
196
200
179
148
140
139
117
98
96
100
88
65
38
38
54
83
118
149
161
150
149
169
198
218
228
232
235
226
215
218
220
194
169
171
170
155
153
162
177
203
208
185
160
136
136
152
155
141
125
128
129
115
108
119
120
107
105
123
137
120
98
100
114
117
114
101
84
80
85
74
54
43
37
26
36
56
76
90
81
74
91
90
68
42
40
56
51
48
54
57
54
65
56
33
21
16
16
