26
34
28
22
11
16
35
54
57
51
40
40
51
51
48
44
49
51
51
49
57
70
61
37
22
27
35
42
56
64
65
66
70
82
89
89
75
49
28
22
19
25
38
51
67
73
74
73
76
88
101
103
99
86
75
80
75
73
80
90
100
89
61
39
27
35
51
60
53
35
16
4
11
33
43
53
57
59
49
40
48
55
60
69
76
75
55
29
12
7
6
9
18
27
32
27
33
35
23
9
11
27
48
48
36
27
21
24
20
5
-17
-17
7
34
38
27
27
34
27
23
27
39
51
61
72
72
70
75
74
57
40
29
26
32
34
37
41
49
64
76
86
86
82
67
48
38
42
48
51
54
50
36
26
33
38
36
37
49
55
57
66
66
55
44
39
42
36
19
11
25
39
37
24
11
10
20
24
22
21
21
28
39
42
41
42
49
49
37
26
27
35
34
32
37
44
42
39
49
60
60
56
56
57
60
72
85
84
72
68
72
81
82
72
59
50
45
57
69
69
67
66
69
71
76
85
90
87
59
34
48
68
67
68
68
42
42
105
168
166
136
169
209
235
290
332
331
325
338
385
491
602
636
635
634
642
672
692
695
701
679
651
634
609
578
545
496
437
402
412
436
420
395
0
390
410
412
405
387
355
314
282
268
262
248
235
199
153
118
108
116
113
83
44
6
-27
-54
-83
-117
-146
-171
-189
-201
-230
-262
-281
-299
-324
-365
-421
-475
-513
-541
-581
-599
-598
-595
-614
-642
-653
-652
-659
-676
-698
-710
-706
-678
-650
-641
-649
-653
-635
-613
-594
-582
-571
-556
-540
-520
-491
-470
-457
-444
-427
-407
-378
-349
-333
-324
-312
-295
-265
-230
-202
-193
-190
-173
-146
-136
-134
-120
-102
-76
-55
-44
-37
-23
-4
9
13
19
27
32
33
40
65
92
112
108
101
103
107
104
101
105
108
112
120
138
155
155
145
136
133
130
140
164
178
178
166
153
153
164
173
185
200
213
220
215
212
210
202
193
181
176
177
180
180
179
187
200
198
186
180
172
176
197
217
224
204
187
179
172
182
192
181
161
154
163
161
151
147
150
154
149
138
131
128
125
124
132
148
156
147
128
116
115
130
139
129
112
109
115
117
121
130
128
124
123
114
104
100
103
108
117
129
128
106
87
88
106
119
112
97
98
114
122
117
102
90
85
81
73
67
71
81
86
86
88
92
98
90
80
65
59
69
68
54
49
55
65
64
56
56
