43
48
58
58
42
39
45
54
58
67
70
64
58
64
60
49
39
28
20
18
22
33
44
42
27
17
17
26
36
28
32
34
33
24
17
26
37
27
11
13
36
55
64
53
52
73
99
103
82
53
49
61
71
69
64
70
84
81
56
28
22
37
52
52
41
43
56
72
76
71
68
71
75
73
58
44
34
19
12
10
19
32
35
34
38
42
24
9
9
21
32
41
42
42
49
57
58
50
41
33
18
5
16
34
53
53
43
39
33
23
23
22
19
25
43
58
60
44
25
6
0
19
55
84
98
104
109
113
103
97
97
92
83
67
56
48
39
32
24
23
34
39
36
34
45
64
67
48
38
41
48
52
60
65
61
60
64
51
38
33
27
26
33
41
42
34
37
49
52
55
56
39
25
32
38
44
45
38
28
27
33
28
18
11
18
36
43
39
37
38
41
37
34
34
33
25
20
17
9
7
17
24
27
29
29
25
36
42
37
26
32
51
75
87
83
74
80
101
116
100
72
55
50
40
24
39
65
41
9
-6
24
72
69
97
131
173
182
176
218
316
433
460
442
482
625
711
721
721
743
796
792
720
697
713
720
729
705
652
667
697
678
620
570
549
540
502
460
453
456
452
440
416
0
386
346
281
231
224
225
226
209
166
114
101
112
89
32
-7
-11
-20
-50
-105
-157
-181
-186
-213
-262
-326
-380
-413
-437
-458
-477
-507
-555
-601
-619
-630
-668
-724
-761
-779
-775
-771
-782
-803
-810
-811
-820
-826
-817
-785
-756
-754
-756
-731
-706
-691
-678
-665
-642
-602
-563
-532
-505
-497
-485
-452
-408
-372
-347
-330
-313
-290
-258
-235
-234
-231
-209
-183
-166
-150
-134
-114
-90
-72
-56
-42
-36
-36
-35
-22
4
26
41
64
97
132
140
123
109
114
125
132
123
117
122
136
154
176
183
184
182
179
183
196
209
211
201
197
198
198
189
183
186
200
215
214
200
187
180
182
184
182
176
172
177
188
200
180
149
139
152
165
170
168
169
169
167
178
197
200
194
186
186
186
178
163
147
138
147
152
146
146
160
176
180
171
154
149
160
178
188
192
195
200
203
200
185
168
160
160
163
177
188
188
184
176
165
162
155
148
138
134
138
149
141
130
121
123
131
131
115
97
89
100
108
113
117
106
87
74
76
86
89
84
87
89
85
72
65
64
66
73
71
59
54
44
43
38
23
28
54
71
61
39
29
40
61
80
87
85
85
