52
55
26
21
40
54
49
34
28
38
61
74
56
27
5
4
12
11
10
22
41
55
58
53
40
19
11
21
29
36
34
36
44
59
84
115
114
83
68
76
87
85
65
35
24
34
45
43
32
44
72
41
-12
-25
20
39
2
-21
-19
-9
-11
-2
57
130
163
192
203
200
249
315
388
450
437
412
516
635
676
678
684
693
663
648
679
679
667
657
616
584
586
579
562
549
507
468
466
458
421
376
344
325
315
299
260
228
224
205
180
150
130
123
118
102
77
53
40
20
-12
-41
-72
-100
-134
-169
-173
-177
-201
-230
-258
-285
-329
-350
-362
-386
-411
-429
-430
-428
-459
-493
-494
-486
-498
-513
-545
-571
-563
-540
-536
-521
-493
-489
-499
-499
-513
-530
-529
-513
-490
-459
-453
-484
-492
-462
-424
-414
-433
-433
-392
-344
-325
-323
-302
-278
-264
-252
-234
-220
-237
-257
-242
-199
-168
-155
-155
-155
-136
-101
-68
-44
-61
-74
-55
-60
-72
-61
-51
-42
-29
-11
2
7
18
44
74
101
108
86
69
75
88
99
100
89
100
139
157
140
109
99
112
134
144
134
140
172
186
169
152
161
164
161
161
165
178
194
178
166
192
187
154
116
134
185
209
198
195
197
192
187
184
161
136
136
138
135
153
181
161
137
150
161
155
150
137
120
104
90
96
115
121
92
68
80
0
117
160
171
157
136
133
148
137
117
105
84
61
55
60
51
41
32
5
12
44
65
76
96
108
117
133
135
153
194
196
172
164
165
144
115
115
137
118
87
80
91
114
132
137
116
90
87
86
77
73
84
90
82
70
83
104
105
89
96
90
66
43
54
60
53
65
70
53
57
58
65
56
42
35
45
44
19
16
22
21
42
58
59
36
10
20
49
67
67
68
72
68
52
43
40
35
44
59
67
56
41
54
76
69
26
9
28
56
66
64
39
27
36
58
92
96
77
76
89
75
52
42
54
69
52
37
41
36
42
50
34
16
11
35
44
27
16
32
53
43
28
28
41
58
65
54
43
38
39
49
65
69
49
34
44
82
92
85
71
55
53
70
72
61
67
64
53
61
81
68
41
42
57
60
68
75
64
65
69
65
53
48
60
71
71
69
77
104
113
75
40
34
44
64
83
93
93
88
85
83
89
99
98
97
97
88
72
58
49
38
50
58
51
51
44
41
48
64
70
53
41
48
45
52
64
70
72
69
68
73
86
86
64
45
43
50
59
55
48
51