80
67
54
49
42
28
29
27
17
27
43
37
22
23
45
57
41
23
35
60
71
48
32
36
21
4
1
18
33
28
32
48
61
69
68
70
68
60
59
73
86
85
88
96
86
65
51
56
74
83
82
72
71
84
105
121
104
85
73
57
56
68
69
68
58
50
42
43
50
56
50
26
23
26
11
6
7
4
-2
-10
-4
5
19
43
57
25
-2
0
12
33
39
27
19
18
8
7
18
29
38
34
18
6
17
25
37
43
41
43
40
29
35
53
75
93
97
91
87
77
68
51
36
28
20
7
-13
-28
-34
-34
-24
-18
-8
8
42
74
89
101
114
133
132
104
76
68
70
76
82
77
70
71
86
96
86
65
55
56
66
75
85
73
61
68
64
41
28
26
33
45
58
59
57
75
99
92
57
33
34
53
73
73
50
48
53
53
38
18
22
35
49
72
83
74
68
69
66
52
41
28
40
65
70
51
40
40
42
57
61
54
64
88
100
88
66
55
60
71
66
43
49
51
42
43
42
39
34
17
-4
-8
-5
1
17
28
39
50
35
24
22
22
58
86
61
48
54
39
21
24
4
-14
-20
-25
-19
-6
12
52
71
24
-9
5
5
40
130
195
215
231
288
373
448
460
417
408
434
443
464
528
0
579
579
566
588
621
627
598
584
566
571
605
613
593
565
541
505
464
443
458
427
385
364
353
340
321
300
280
257
246
261
269
246
205
178
167
164
116
59
25
25
42
72
66
18
-23
-33
-24
-20
-38
-65
-72
-58
-56
-86
-123
-153
-169
-178
-188
-199
-198
-214
-248
-283
-314
-370
-419
-446
-484
-524
-539
-530
-536
-565
-603
-638
-659
-678
-693
-690
-674
-651
-637
-638
-654
-661
-649
-634
-625
-614
-615
-614
-590
-581
-583
-571
-546
-509
-468
-436
-422
-413
-396
-358
-327
-316
-297
-261
-249
-251
-237
-199
-178
-194
-203
-186
-166
-149
-125
-99
-81
-53
-27
-26
-29
-20
-7
-4
4
20
36
57
74
74
87
98
81
70
88
106
115
124
122
93
70
76
118
165
180
161
144
164
188
186
169
157
172
203
225
215
209
214
209
201
210
213
199
188
197
217
209
172
149
139
150
165
177
186
201
211
194
178
180
177
168
179
188
192
193
184
180
165
152
145
140
138
120
128
156
176
182
179
169
163
161
172
193
192
187
189
183
165
148
139
163
169
141
124
135
145
137
113
102
124
140
144
148
146
138
144
152
166
171
165
169
173
164
138
114
112
