58
65
67
60
48
40
51
67
85
100
103
103
109
117
108
88
71
64
56
54
59
58
49
41
43
49
51
50
54
57
54
43
35
32
23
17
13
16
18
21
21
24
27
24
18
27
40
48
38
25
19
22
27
25
10
-1
3
7
3
3
9
16
11
7
7
11
19
22
21
19
20
25
34
37
35
33
23
16
17
17
22
32
38
41
48
48
49
48
38
34
32
26
26
25
22
13
9
9
17
21
19
12
10
9
21
37
49
53
53
44
35
36
48
53
51
41
38
41
44
38
37
41
44
40
39
42
44
50
55
66
68
68
72
75
73
66
59
64
68
71
71
72
76
76
73
68
65
59
54
48
40
39
48
57
65
60
56
52
43
36
27
25
35
48
55
53
49
43
28
20
33
51
55
52
52
58
64
65
65
64
67
73
84
91
98
101
105
100
90
87
83
75
60
50
52
55
49
37
24
24
36
49
49
52
55
54
41
29
23
19
22
33
34
34
43
43
32
20
18
22
26
34
36
36
39
42
40
34
39
55
67
64
51
43
36
27
20
17
24
37
38
34
38
44
40
33
36
39
34
27
25
24
21
16
19
34
48
52
44
39
39
40
48
42
33
25
24
22
21
27
44
60
0
57
53
56
68
83
90
82
64
57
57
60
60
54
49
44
54
58
53
45
41
33
24
24
26
24
18
16
21
33
38
39
38
41
42
48
44
37
32
29
41
58
59
43
27
26
29
37
42
43
40
23
4
-2
-5
-13
-29
-49
-70
-85
-87
-69
-34
-6
10
34
66
97
107
105
103
114
124
119
103
97
90
81
71
66
59
55
57
59
57
49
44
50
53
53
53
56
55
55
64
72
71
64
52
45
48
51
51
50
49
43
44
50
54
56
60
66
60
48
32
33
49
69
75
74
68
57
51
49
50
52
48
43
42
42
50
59
64
52
34
10
-9
-29
-36
-11
26
57
69
81
98
116
123
121
115
98
81
84
105
120
122
123
122
120
116
115
116
114
112
108
106
119
146
150
135
120
121
131
133
124
124
132
134
129
119
115
106
74
43
43
54
48
41
44
48
51
45
33
12
-2
-9
2
25
40
39
32
24
22
19
16
19
25
32
33
25
25
37
45
38
28
33
37
34
28
27
17
-3
-14
-13
-6
-4
-6
-6
-5
-8
-13
-8
7
9
2
-2
-8
-5
5
10
3
-6
-2
3
-1
-11
-21
-20
-14
-8
-1
5
9
19
25
16
-1
-7
-10
-8
-2
4
6
8
10
2
-7
-9
-5
2
2
-2
-3
-8
-8
-2
4
3
-1
0
6
13
12
17
25
32
27
27
27
26
39
53
59
60
67
72
68
56
54
57
51
38
43
56
61
55
52
57
67
71
59
45
40
43
43
42
43
38
36
40
53
70
82
84
77
70
66
66
68
60
49
41
39
40
37
33
39
48
49
41
38
42
50
43
35
26
16
13
22
28
44
51
52
55
53
39
33
36
35
34
38
36
22
16
11
17
28
44
52
51
51
50
51
53
55
49
45
54
60
57
44
34
28
35
39
32
23
24
27
38
49
48
49
65
71
58
48
50
52
49
43
44
52
54
60
66
57
45
34
39
50
41
26
26
35
38
32
25
27
33
43
58
60
51
43
38
35
26
10
4
4
0
-18
-45
-70
-81
-72
-53
-28
-6
4
17
35
52
56
58
72
85
87
85
77
61
57
60
67
81
87
82
73
70
69
72
71
64
57
64
66
57
51
53
64
69
69
67
56
40
29
37
60
72
65
55
50
43
44
44
45
48
41
37
39
52
65
70
77
82
59
35
23
26
34
35
25
18
20
25
32
37
41
43
42
35
28
27
0
28
37
41
44
50
53
51
41
32
20
11
10
12
19
19
20
25
32
25
20
27
43
51
49
50
51
55
59
65
70
67
53
40
41
53
56
44
32
17
12
11
18
27
26
23
18
19
24
35
38
51
72
76
57
44
44
49
51
55
58
60
56
54
50
43
44
52
56
55
50
41
44
53
50
42
38
37
40
41
33
21
21
24
25
32
38
48
54
52
49
45
44
44
41
37
32
22
19
29
49
49
37
43
57
68
72
67
59
50
40
43
45
40
39
53
58
49
40
44
64
66
54
41
39
44
49
43
36
32
37
48
51
48
43
42
52
53
40
33
44
60
60
44
32
29
29
32
38
45
38
34
44
59
64
52
36
32
33
41
53
53
41
37
42
49
51
55
56
45
37
28
21
13
6
3
17
41
60
60
50
50
58
58
40
28
32
44
55
59
60
54
41
38
39
42
40
36
36
41
42
39
35
26
19
18
23
26
25
23
25
26
23
22
24
32
36
39
40
37
39
48
55
55
52
43
39
40
48
55
59
64
58
44
37
35
39
40
36
32
32
36
35
33
29
29
39
48
40
36
50
72
83
72
51
37
49
64
71
72
67
67
69
74
84
82
73
65
55
51
56
68
71
66
58
51
42
42
51
49
36
24
20
28
44
64
71
67
59
57
59
68
69
64
50
26
7
-4
-6
-13
-36
-57
-73
-71
-52
-36
-33
-36
-24
7
35
42
43
51
60
76
96
107
107
98
89
83
83
86
87
83
82
83
82
72
67
70
72
66
64
60
59
67
70
70
70
74
77
76
67
57
57
60
72
74
72
73
70
65
64
60
59
60
65
57
44
42
55
65
57
52
51
55
60
58
53
54
59
66
67
61
56
49
38
26
27
27
22
21
24
19
7
2
11
29
43
49
52
54
51
42
42
48
43
42
50
52
48
39
34
39
56
74
73
56
50
52
54
55
51
42
38
39
44
55
52
37
27
36
35
29
32
36
50
51
38
28
27
33
36
40
43
39
36
41
52
66
74
81
81
73
61
53
42
41
43
39
34
22
18
16
19
21
18
20
27
34
32
27
32
35
37
29
23
23
21
27
39
38
39
52
69
72
58
55
68
81
83
72
64
64
61
58
51
37
28
25
25
24
26
26
33
35
36
44
55
59
55
43
42
49
49
51
43
34
34
43
56
0
58
54
48
38
33
32
28
27
25
24
13
-1
-8
-14
-11
2
16
19
6
2
19
48
65
59
55
53
53
53
43
42
54
69
70
61
53
40
38
43
51
55
55
43
37
44
59
64
64
68
71
65
54
51
48
38
32
38
49
52
42
24
23
35
40
42
50
53
43
36
36
39
38
33
34
39
41
39
35
28
20
16
16
16
13
21
32
36
28
21
8
-1
-1
4
10
23
39
55
68
71
67
66
64
66
70
67
66
64
55
40
27
32
44
60
70
65
42
29
34
40
48
48
41
38
36
40
57
76
86
83
75
64
50
48
56
64
64
60
65
67
65
66
68
70
67
60
52
42
40
44
53
55
51
48
51
54
54
42
28
29
40
53
44
32
27
32
28
22
22
22
20
12
17
35
57
70
69
71
81
80
68
54
45
44
35
12
2
-6
-10
-12
-20
-29
-38
-37
-28
-23
-12
5
22
42
69
83
80
68
67
70
69
65
57
51
40
41
50
59
75
81
75
61
57
60
57
50
51
65
70
65
64
70
75
70
59
55
69
88
96
87
77
77
82
89
92
87
83
88
100
102
96
86
80
80
82
87
89
84
76
74
70
60
58
67
72
70
65
57
56
52
41
37
26
21
25
25
21
12
11
22
27
26
24
32
42
49
44
42
41
39
45
68
76
66
54
54
56
50
40
25
16
21
37
51
53
45
34
34
34
23
16
23
33
32
29
27
27
25
12
6
3
8
21
26
25
16
12
24
38
49
49
41
28
22
21
25
27
29
48
59
67
66
54
42
40
49
60
75
84
85
86
85
76
70
70
74
75
81
83
75
58
42
36
42
55
53
41
37
38
32
21
6
0
9
20
20
22
22
16
9
12
20
24
25
23
22
28
45
66
75
72
61
64
65
67
68
59
55
57
58
54
55
64
65
55
41
37
42
48
42
26
24
32
35
41
51
49
41
41
51
55
56
55
51
45
51
65
66
59
55
54
65
74
82
84
87
88
76
58
56
68
70
64
58
65
66
60
65
69
71
71
68
67
67
58
56
59
60
57
55
51
50
42
37
34
37
41
50
55
53
38
19
17
24
32
33
25
23
32
50
64
53
35
27
29
27
21
21
24
26
28
29
34
41
49
49
40
40
50
49
28
12
12
17
20
22
32
36
35
36
41
58
77
82
66
41
32
33
0
41
57
69
68
59
54
42
20
12
25
34
25
5
-5
1
11
18
17
16
16
10
6
8
17
23
24
33
49
55
51
48
50
52
52
49
42
41
50
51
45
43
44
49
38
28
25
24
23
26
29
35
38
48
57
66
67
68
65
57
55
56
58
68
74
72
66
56
48
39
38
27
4
-18
-34
-52
-65
-55
-34
-19
-9
4
28
59
77
82
85
90
86
80
73
71
75
81
76
74
74
73
80
88
93
91
87
80
72
66
66
70
76
85
88
82
64
50
64
85
92
90
88
80
72
77
82
75
71
65
57
53
50
50
52
51
41
40
48
52
51
45
49
51
44
37
28
27
32
38
42
40
41
45
41
43
45
43
41
38
29
28
35
40
32
20
21
23
19
19
22
26
25
18
16
9
7
4
7
21
42
50
37
25
19
21
27
39
52
52
52
49
40
37
44
56
57
52
44
44
53
57
66
60
50
42
38
33
26
26
32
34
36
36
36
38
49
58
65
65
64
59
60
60
58
56
53
42
33
27
35
40
53
55
54
58
58
57
52
43
40
41
40
43
45
43
41
38
33
33
38
42
49
56
58
53
42
40
41
42
53
67
73
74
70
57
48
50
56
54
50
42
48
55
54
41
38
50
66
66
57
64
75
73
57
48
44
50
50
43
41
48
48
35
22
23
29
35
40
53
59
60
64
57
54
44
38
44
55
61
59
51
35
22
20
22
22
20
24
37
43
49
49
48
51
44
39
43
58
66
56
51
54
60
67
54
44
49
44
48
43
39
36
36
34
33
39
44
41
27
25
29
38
40
35
28
26
32
29
25
34
48
54
54
51
48
43
48
52
66
74
65
50
45
53
52
51
54
60
71
76
71
61
55
56
58
50
42
50
55
53
42
41
52
54
52
57
60
56
52
51
60
85
102
104
99
90
81
73
70
68
65
61
66
57
45
39
34
21
1
-6
4
20
23
19
17
12
20
32
37
38
37
38
36
34
34
34
35
44
48
43
42
40
32
25
32
41
49
44
41
43
49
49
41
36
38
52
66
67
60
65
70
66
55
45
39
36
25
9
-2
-8
-21
-39
-54
-66
-54
-36
-21
-7
12
43
72
90
92
92
88
81
82
91
99
106
115
115
113
106
92
86
80
71
70
73
75
76
68
64
71
70
65
68
72
68
60
64
69
72
75
69
0
60
57
59
59
64
65
51
27
16
13
11
20
34
39
35
32
28
37
43
39
25
20
22
22
22
27
35
33
25
25
36
41
48
54
50
42
41
56
72
68
64
67
64
57
61
61
53
42
38
39
37
32
24
27
39
43
39
27
9
-2
0
12
41
67
75
67
53
49
42
32
24
19
8
11
25
33
28
25
23
24
22
16
12
17
34
52
60
58
55
52
51
58
70
71
66
54
43
39
40
40
36
37
42
44
49
43
32
19
16
19
22
34
49
54
44
27
22
38
64
85
80
52
23
8
11
22
26
26
37
52
66
72
72
83
88
76
52
42
67
105
120
106
81
66
67
72
69
60
56
58
64
65
58
57
58
53
43
40
51
54
44
36
29
37
56
68
67
56
33
16
20
29
32
22
20
32
48
55
40
26
24
26
20
10
5
11
17
9
-2
-1
18
34
33
23
19
22
26
33
21
5
1
-6
-8
-5
-11
-25
-26
-17
-10
-13
-23
-21
-12
-9
-5
4
8
7
8
16
18
22
32
33
28
29
27
29
36
38
33
26
25
22
19
19
24
29
27
21
16
10
19
28
29
37
55
71
67
55
54
64
68
73
82
82
74
75
80
77
71
69
74
82
81
68
45
41
59
82
84
70
54
54
70
91
101
96
85
82
81
76
72
70
77
88
92
90
91
96
88
82
82
84
70
56
55
54
55
66
71
71
57
38
27
34
49
61
72
81
81
72
68
65
65
70
81
86
85
82
76
83
83
74
67
59
53
48
42
50
66
75
68
54
55
52
44
42
43
48
49
50
48
41
44
52
54
44
21
-4
-24
-39
-52
-60
-65
-56
-39
-19
1
21
51
83
101
105
103
99
84
71
67
67
70
73
70
66
60
67
72
74
71
74
74
67
59
58
60
57
54
54
55
53
45
42
40
34
37
53
66
64
54
53
58
65
70
72
72
69
61
59
57
58
57
43
35
27
36
56
75
84
76
66
61
59
56
56
67
69
49
34
36
44
50
52
44
35
35
36
37
49
57
52
39
35
45
52
51
53
57
60
66
72
65
51
43
42
44
56
69
72
64
57
55
55
58
68
72
74
71
67
60
54
44
36
35
48
52
40
28
23
22
16
9
9
10
16
20
21
17
11
10
8
5
5
13
25
29
40
52
53
56
55
49
51
59
64
58
55
58
59
56
52
48
49
0
54
60
59
48
32
21
20
33
41
56
66
72
65
52
48
45
37
28
29
26
25
33
39
38
28
26
33
38
43
42
32
22
27
38
40
35
35
38
35
27
27
33
42
55
69
76
74
68
58
53
54
55
58
58
55
52
52
64
67
61
61
65
69
73
72
68
70
68
64
69
71
65
48
35
43
51
49
36
26
24
33
43
43
43
43
38
36
34
28
35
39
35
26
27
34
37
40
42
44
43
45
53
58
57
50
38
34
33
36
37
29
22
36
48
40
33
38
60
73
66
52
41
32
21
25
28
24
20
27
42
50
50
38
29
39
51
56
59
53
43
42
48
52
54
50
48
41
41
43
51
44
27
20
27
34
27
21
18
21
27
32
27
32
32
24
18
21
33
41
38
29
24
28
38
37
37
40
43
49
54
58
58
49
44
48
52
54
59
66
66
69
67
50
35
35
37
54
69
72
64
43
35
40
50
60
65
60
55
60
70
72
67
72
84
75
58
50
49
51
42
25
13
-4
-23
-35
-34
-21
-12
-8
7
40
80
105
116
113
105
99
97
102
106
105
105
100
93
90
85
81
83
76
64
51
50
59
61
57
56
53
45
43
42
45
67
85
77
65
65
69
64
50
38
33
28
28
29
32
39
49
51
48
39
39
38
36
38
39
38
33
33
38
48
52
48
38
35
32
29
37
53
55
42
18
-6
-11
-3
16
43
71
77
67
65
75
75
68
54
36
26
23
28
40
51
44
25
9
8
12
20
33
41
43
38
25
21
34
44
44
40
33
26
36
42
37
26
25
34
36
24
19
25
33
29
32
35
41
45
35
18
16
22
16
10
23
42
51
43
41
40
48
53
59
65
60
52
45
39
34
32
39
49
54
66
73
71
67
66
56
52
58
72
69
58
45
39
41
45
56
74
87
80
64
56
65
73
73
67
64
65
67
67
65
56
48
40
38
37
36
40
51
55
59
65
60
54
48
51
54
50
54
66
69
70
75
82
83
81
74
72
60
50
49
55
56
52
45
41
32
29
35
35
36
33
32
22
17
24
34
37
38
35
25
26
26
26
26
36
50
53
49
37
38
44
56
60
54
44
49
60
64
59
55
50
58
73
70
56
53
51
52
66
80
83
69
55
44
42
43
49
53
52
36
26
38
43
49
59
58
43
28
33
43
55
73
84
0
73
68
74
80
68
58
59
67
70
67
60
59
59
56
51
41
34
29
34
42
48
44
44
49
51
48
39
36
36
43
52
50
35
25
27
41
57
61
54
42
35
36
42
50
45
42
42
41
43
49
50
51
56
70
84
87
73
65
66
69
59
60
69
72
70
60
56
60
56
52
59
75
83
72
60
57
59
59
58
57
53
42
25
1
-24
-45
-67
-74
-65
-53
-44
-33
-10
10
27
50
83
96
83
71
73
84
89
85
86
92
98
102
99
92
84
75
74
77
81
74
64
54
53
52
50
48
59
67
68
70
68
67
67
70
75
74
74
75
83
75
67
60
55
53
52
38
28
26
22
24
24
20
11
19
29
36
32
21
19
18
12
12
18
24
36
40
36
42
54
60
57
48
40
41
43
49
40
25
9
8
26
48
48
38
34
39
40
37
38
33
18
13
24
36
32
34
50
67
70
57
53
57
58
52
54
67
74
67
49
27
21
24
34
45
55
60
55
49
43
42
41
38
33
27
25
27
38
36
26
23
33
42
48
44
37
28
25
27
25
26
39
58
69
60
48
38
37
42
43
41
36
35
43
50
51
48
35
25
32
35
33
37
48
42
37
40
54
71
81
83
80
72
72
84
86
71
54
53
66
75
75
67
53
44
42
38
37
44
54
64
65
60
69
75
69
50
37
43
57
61
65
66
68
64
52
45
44
51
59
58
52
49
51
56
64
69
69
71
74
76
74
72
72
71
71
68
65
58
55
68
75
81
84
76
69
70
76
82
74
58
39
33
35
35
27
13
7
19
34
43
42
27
19
24
40
48
40
35
25
20
18
19
18
16
32
45
54
58
59
67
72
67
58
58
57
49
48
53
59
60
58
53
50
48
50
54
58
56
54
57
59
52
35
23
22
25
28
32
39
60
68
48
32
35
42
42
25
12
24
38
38
42
49
44
44
49
44
42
44
66
72
53
44
54
69
66
65
60
50
43
40
48
80
49
-11
-17
7
23
17
-2
-10
-3
33
67
52
36
43
54
53
44
39
37
41
58
66
42
20
10
1
-20
-39
-57
-67
-69
-58
-38
-20
-4
16
37
49
52
61
80
91
99
98
89
81
84
102
109
90
75
81
96
104
100
73
57
58
69
85
92
86
83
86
85
88
88
90
96
88
80
82
92
97
89
74
65
58
61
69
72
68
68
0
72
68
54
42
37
28
33
50
69
68
60
64
68
56
49
53
53
43
34
35
50
65
48
26
33
43
45
38
36
50
60
68
67
68
67
64
60
51
36
36
53
66
58
43
32
17
16
24
33
26
24
26
35
39
32
21
20
24
40
59
72
72
52
33
20
22
26
24
28
37
35
26
28
42
58
66
67
73
74
69
60
60
58
57
66
74
80
80
71
67
68
70
71
70
64
60
53
49
44
44
44
39
37
48
54
51
48
38
29
35
44
42
22
16
21
38
40
28
27
41
51
53
37
20
18
25
37
35
33
38
33
19
7
12
20
22
13
11
18
25
25
25
20
2
-8
1
20
36
35
27
32
39
52
52
43
40
32
12
4
5
11
21
35
52
54
53
49
42
44
53
53
52
50
49
52
58
75
82
56
49
52
56
59
58
53
49
54
70
85
91
99
89
72
65
66
71
80
81
74
76
76
68
64
70
75
81
86
90
86
81
80
83
91
103
102
90
84
77
69
61
60
60
64
70
76
75
69
77
88
67
28
13
21
32
34
37
38
39
44
51
60
68
65
56
50
45
39
34
34
32
22
13
19
21
16
12
16
19
21
22
21
25
36
38
36
34
34
40
43
42
48
66
80
81
69
64
65
66
67
66
60
52
42
44
57
66
60
53
48
43
39
36
42
57
67
64
57
56
52
42
41
53
53
43
40
43
40
28
10
-10
-21
-25
-35
-46
-60
-66
-49
-22
-7
2
20
50
73
88
96
89
80
75
73
69
65
69
82
87
77
66
69
80
85
89
96
93
86
81
75
71
68
70
74
74
81
83
76
87
112
107
91
85
92
102
97
87
87
90
97
96
90
88
84
74
76
84
83
74
68
60
45
25
11
12
17
21
22
33
40
38
33
26
26
28
27
23
28
40
49
52
38
23
25
26
21
20
26
40
36
24
21
20
17
17
16
17
21
28
44
51
26
4
4
18
39
42
32
26
29
32
29
33
40
41
43
52
59
60
52
39
33
35
35
35
38
42
42
44
51
55
66
65
56
58
60
50
28
17
19
28
41
58
71
70
66
60
54
50
58
73
81
80
69
49
35
37
40
38
40
49
56
51
36
32
39
51
54
49
36
29
34
37
37
33
28
28
38
54
65
64
57
50
48
59
77
83
83
90
100
101
92
85
77
60
56
60
0
64
64
64
60
51
40
43
53
57
51
39
35
33
39
49
52
53
55
57
51
40
36
34
26
19
16
21
37
51
51
41
33
39
42
40
38
43
41
35
38
53
60
61
52
37
32
38
53
56
41
25
16
16
19
26
28
21
22
22
21
24
33
37
33
34
44
54
52
45
42
37
41
49
55
69
69
52
39
33
29
39
43
41
38
40
44
39
29
25
33
43
53
51
43
44
52
48
41
39
44
65
72
66
57
49
42
38
37
34
22
9
-2
-4
4
18
23
18
11
12
13
7
7
17
25
28
27
35
52
74
83
73
64
64
66
68
70
72
58
42
45
56
61
59
51
44
49
52
48
51
64
57
48
44
44
45
48
52
55
57
54
52
58
66
64
56
48
27
0
-14
-23
-29
-42
-65
-77
-87
-90
-83
-60
-33
4
39
67
74
80
88
101
103
104
108
119
122
117
115
114
117
113
103
102
115
120
115
102
93
91
90
90
98
105
106
100
90
86
80
75
89
99
89
71
58
54
50
44
42
41
42
41
34
25
24
33
35
33
27
24
17
7
6
18
33
39
42
40
39
38
38
38
49
70
83
69
49
37
27
10
6
16
21
23
33
49
57
60
57
49
40
34
26
24
25
33
41
49
54
59
68
70
72
69
58
53
61
70
71
65
58
60
67
67
57
54
59
55
44
37
27
27
44
66
80
74
56
44
43
44
48
51
64
73
71
68
64
55
40
35
43
60
71
69
54
35
28
37
48
49
52
58
77
90
80
57
39
43
64
81
91
89
86
82
75
73
73
72
67
67
71
72
68
55
51
54
56
59
57
51
48
39
33
25
26
41
55
59
57
53
49
48
42
27
17
12
25
45
53
40
27
24
24
29
36
41
51
56
57
56
53
41
35
40
53
50
43
45
44
40
41
44
43
49
56
60
67
66
55
52
56
57
41
23
10
17
27
36
38
43
55
58
51
40
36
36
32
25
26
42
53
48
35
37
41
43
42
38
24
12
9
23
43
53
54
50
42
37
24
16
23
35
40
39
33
25
21
26
41
48
37
26
32
49
56
54
49
39
24
19
27
38
43
48
44
41
36
32
37
42
45
51
54
53
50
42
39
49
64
68
58
54
58
58
57
52
36
32
44
58
67
67
67
65
51
34
25
27
35
43
59
71
68
59
60
68
69
65
0
55
48
41
41
50
55
56
65
74
77
69
55
44
41
50
60
60
51
40
39
44
51
52
58
70
73
69
52
34
24
19
9
-8
-29
-44
-51
-50
-50
-53
-67
-91
-117
-107
-43
43
118
155
169
182
208
227
230
214
188
171
176
196
229
251
256
245
230
228
251
266
257
245
250
262
261
247
241
246
245
219
196
195
219
236
215
178
162
167
163
137
109
97
97
96
80
50
27
22
28
32
1
-36
-26
6
16
-2
-20
-36
-45
-98
-99
-37
-11
-27
-43
-40
-42
-57
-54
-27
-5
-11
-40
-53
-38
-17
2
11
7
9
17
1
-21
-25
3
33
19
-19
-33
-14
-1
-4
-25
-39
-39
-27
-8
-1
3
18
24
9
-9
-9
0
-3
-14
-5
21
40
44
50
52
43
29
12
-1
-2
20
43
43
20
-7
-25
-24
-6
7
9
3
-7
-18
-4
12
20
16
8
3
16
35
49
48
39
32
32
28
22
20
25
27
33
41
42
39
38
34
37
37
24
22
25
23
12
0
-7
-5
6
16
11
8
10
17
20
19
9
4
5
16
27
40
43
37
22
10
5
5
12
22
20
9
6
12
22
16
7
2
0
7
24
39
39
24
23
26
32
36
37
37
28
22
27
28
23
19
16
10
7
1
-4
-2
5
19
32
35
26
19
20
39
53
57
50
42
51
59
59
52
49
53
65
71
71
68
54
40
44
49
48
51
52
50
57
68
70
60
57
60
74
82
72
57
55
60
69
73
75
69
64
60
60
64
66
64
54
50
56
61
58
55
53
57
65
67
64
51
43
44
48
49
42
44
53
54
56
66
72
69
59
52
43
43
55
72
91
100
83
50
12
-4
1
10
17
35
49
51
54
49
43
58
70
49
0
-8
28
54
48
33
25
13
4
20
40
37
25
18
16
11
17
23
22
19
25
32
27
21
11
11
19
27
34
29
20
11
18
23
26
36
51
57
45
26
18
17
18
13
9
1
-5
-9
-26
-54
-59
-40
-23
-24
-19
10
54
83
93
103
108
101
91
96
100
100
93
81
80
85
86
88
87
89
91
90
89
96
97
89
96
101
102
103
96
84
76
80
85
89
90
89
85
70
60
66
68
58
53
64
71
69
74
81
75
69
72
82
81
67
64
76
91
92
83
76
76
81
80
73
65
54
48
51
58
67
69
65
51
44
45
40
28
24
39
56
61
52
43
37
32
27
28
26
26
39
57
73
0
77
73
64
51
54
59
50
39
33
35
38
37
36
40
52
58
54
43
44
52
58
65
65
57
56
52
51
57
69
74
67
60
57
60
67
65
57
49
52
59
57
43
37
41
44
48
42
38
34
35
39
42
39
44
61
77
81
80
75
71
69
69
67
60
53
49
41
27
22
24
26
23
37
55
55
50
44
45
48
49
51
57
57
53
42
39
40
41
41
40
43
51
53
44
41
51
59
64
58
48
32
24
28
39
49
43
32
33
38
35
25
22
34
53
64
64
57
58
52
41
36
36
42
52
59
69
69
59
55
54
58
69
72
55
41
43
53
49
33
27
33
39
45
49
42
34
28
33
43
52
53
54
56
55
53
59
70
66
65
84
92
87
74
68
65
58
50
42
39
38
38
39
42
41
38
51
61
57
56
71
93
100
74
29
1
4
34
64
64
44
55
82
90
73
45
26
25
36
41
36
27
35
51
53
34
7
-9
-14
-12
-2
6
10
13
12
8
5
7
12
24
35
36
32
35
33
25
26
33
34
28
24
20
10
17
27
33
32
34
44
52
39
27
33
40
43
42
38
34
26
24
24
26
35
43
49
54
56
55
55
55
64
72
72
61
52
45
49
49
40
22
7
-4
-18
-36
-54
-56
-41
-19
-3
1
4
21
54
87
112
116
113
102
85
58
33
20
28
57
92
117
117
106
105
105
90
68
59
73
90
84
50
33
54
84
84
58
26
10
36
82
105
98
76
59
40
21
24
41
50
42
36
40
56
68
64
59
67
75
73
59
42
34
28
28
35
45
54
53
48
37
24
22
25
34
39
42
42
42
41
51
61
65
56
51
43
41
45
50
49
40
36
40
51
58
59
60
61
64
58
61
64
59
59
53
53
50
44
54
68
71
70
76
96
108
116
119
114
101
99
98
83
65
54
57
64
67
69
71
71
70
64
51
34
26
41
66
82
86
84
81
86
89
85
72
67
65
67
72
86
96
92
84
75
74
72
67
59
60
66
68
67
57
49
50
55
60
72
75
75
85
98
99
85
68
56
43
42
53
58
54
48
53
56
50
38
36
34
27
32
38
39
37
24
21
24
35
49
55
52
40
32
22
21
26
28
26
28
39
52
49
37
36
48
49
52
55
51
50
56
65
57
44
35
37
42
48
51
54
53
52
52
53
52
50
53
59
58
0
56
51
39
24
20
25
34
32
25
27
41
54
65
53
28
8
6
17
32
44
56
54
45
36
26
25
28
38
42
36
28
28
24
21
23
34
39
42
54
61
57
35
12
7
3
7
24
39
37
27
29
39
42
40
39
41
40
38
38
36
35
37
41
39
41
60
68
51
26
16
25
51
55
38
25
34
49
60
58
48
34
24
27
36
41
40
28
26
40
52
43
34
34
41
48
43
35
32
40
55
58
54
51
54
60
60
51
50
52
50
49
49
52
54
50
50
58
70
74
76
82
85
80
73
76
74
69
66
64
54
45
32
10
2
-5
-25
-45
-50
-39
-24
-3
19
40
60
82
97
106
115
118
114
109
106
102
107
115
119
117
108
101
101
112
120
116
104
107
117
121
118
101
90
92
88
74
66
67
70
68
58
44
38
39
41
38
37
35
33
28
27
25
18
11
16
27
38
36
25
12
6
11
28
37
37
33
34
32
35
39
37
28
24
20
12
13
27
43
39
28
27
32
40
52
44
33
25
27
32
35
27
12
6
16
36
49
51
43
27
19
29
40
41
40
41
45
48
39
32
32
28
24
25
25
28
34
38
43
50
38
33
40
48
45
40
37
37
35
29
34
36
34
40
53
55
44
35
32
39
64
81
81
75
69
64
64
61
53
44
48
45
43
45
52
57
58
65
66
64
61
55
48
45
48
49
56
66
70
75
81
81
76
67
53
43
42
50
53
59
64
65
71
73
67
59
60
67
72
77
76
71
60
56
57
54
34
17
22
32
27
26
33
34
36
32
18
5
1
0
3
5
3
4
3
1
16
33
34
23
21
37
48
50
57
65
60
64
70
67
53
42
51
59
59
52
45
38
25
24
25
26
36
44
51
51
50
45
39
37
50
60
67
60
54
49
43
43
43
40
37
41
48
44
43
45
52
66
82
88
92
98
96
88
87
76
71
72
75
81
86
92
86
75
73
75
74
58
45
43
48
55
64
66
66
73
85
90
82
71
64
51
48
37
32
38
38
32
20
21
36
48
42
33
33
35
40
41
37
37
50
55
37
12
10
27
33
25
23
22
24
27
22
20
28
39
44
48
54
66
67
66
66
60
59
56
53
42
39
38
37
45
55
59
61
61
60
55
57
68
76
82
77
71
66
59
66
73
70
64
60
65
64
58
53
41
0
28
17
-1
-21
-41
-60
-75
-74
-58
-35
-11
5
12
25
48
58
71
84
84
77
69
70
76
74
69
71
71
70
72
69
66
59
54
55
55
54
44
28
28
48
60
60
49
33
33
41
43
41
39
34
36
53
67
59
50
42
35
28
32
39
49
51
43
38
43
51
53
54
56
55
54
54
52
53
61
59
59
64
68
72
69
53
48
55
66
80
85
87
87
84
74
75
85
74
56
49
39
37
42
45
52
53
53
56
65
68
67
58
52
50
55
66
59
53
56
60
60
52
50
57
66
64
58
57
67
68
58
52
45
32
16
11
32
48
54
55
56
57
56
52
44
43
49
48
44
48
52
54
52
48
39
38
41
39
37
36
39
52
65
69
56
45
44
49
37
22
18
19
36
51
54
51
50
42
34
21
1
-5
3
11
25
35
36
39
44
44
40
36
37
40
44
53
60
58
48
39
42
42
43
48
43
39
37
43
51
51
49
42
36
35
37
28
21
20
20
18
16
7
0
0
10
19
16
13
27
39
41
41
44
53
66
74
69
65
71
84
81
59
50
50
54
53
45
42
56
70
70
59
45
40
48
57
65
65
68
72
66
55
50
48
51
54
53
41
37
48
58
64
56
51
57
68
73
72
60
48
48
61
75
76
77
86
99
101
86
67
54
55
70
90
102
98
84
83
82
82
72
58
49
44
52
68
70
55
49
52
64
67
60
54
38
22
16
17
20
23
32
41
38
35
33
32
38
52
61
66
59
54
54
53
48
40
33
28
39
51
52
51
57
69
72
60
49
44
44
45
44
45
44
44
40
36
38
39
28
25
29
36
48
50
42
33
32
33
21
17
26
38
45
50
51
58
57
44
36
33
26
13
-4
-23
-50
-84
-107
-105
-90
-74
-57
-39
-22
-2
25
50
50
51
65
74
75
68
66
73
85
87
84
80
67
56
64
75
85
96
103
106
100
85
77
83
90
88
73
67
69
67
60
61
68
59
38
24
36
53
60
57
57
64
61
54
44
50
58
50
37
37
44
53
55
56
65
67
59
52
53
58
65
65
65
65
57
49
50
54
50
43
27
16
21
35
43
45
43
42
39
34
36
50
61
60
52
51
64
66
67
70
67
49
25
18
26
38
50
58
59
55
48
37
29
28
33
40
40
38
37
38
43
56
56
48
41
40
34
29
40
48
0
44
41
38
34
26
25
26
28
32
24
18
22
28
27
21
22
32
35
34
26
23
33
37
38
49
67
76
77
80
83
86
87
82
60
41
34
57
88
93
90
82
73
73
86
87
69
56
70
84
75
64
60
66
60
58
71
86
90
89
86
73
50
33
27
26
27
32
36
44
45
34
23
23
33
42
36
23
17
24
37
41
44
43
35
21
5
-2
1
6
19
34
28
23
22
27
33
29
28
34
39
38
36
28
24
34
50
61
56
45
45
49
50
49
41
39
40
33
26
35
43
42
33
24
25
28
27
22
17
18
25
35
39
37
32
19
10
11
24
36
40
40
40
45
50
44
38
33
24
36
49
45
50
57
57
50
50
59
72
75
70
67
72
75
71
67
68
65
66
81
82
73
64
56
48
37
32
39
51
57
57
49
35
33
40
51
49
38
36
49
56
53
49
50
56
64
74
86
84
73
68
67
67
67
66
75
97
101
88
76
73
71
68
65
65
71
74
71
69
65
53
39
33
36
40
40
39
38
35
35
34
25
10
11
32
44
40
36
39
39
33
32
40
49
44
38
23
8
-6
-17
-26
-38
-45
-49
-39
-28
-21
-11
-1
13
35
51
49
38
36
42
56
67
72
73
73
68
65
76
91
97
91
88
97
92
72
60
71
84
84
77
73
73
74
75
80
85
87
87
86
91
91
80
70
68
73
86
89
85
72
65
61
60
53
51
51
44
43
39
35
23
24
41
54
53
43
36
25
24
26
26
33
38
40
34
22
26
36
37
40
42
41
28
18
16
21
32
42
48
43
43
51
54
38
24
28
38
42
43
43
41
37
40
44
38
19
12
24
44
50
41
37
35
40
53
67
75
81
72
60
66
72
73
75
82
76
71
69
70
67
58
43
36
37
34
33
34
39
40
42
52
59
60
67
72
65
44
39
45
49
42
39
51
66
69
66
58
58
56
54
52
48
50
59
67
64
52
38
33
35
41
48
49
44
44
50
53
51
49
53
56
54
67
77
77
66
54
57
59
56
55
54
55
55
53
43
35
40
51
48
33
27
32
26
12
6
9
8
3
9
36
55
56
42
21
12
22
27
25
28
38
42
42
40
41
44
48
52
53
43
35
37
43
49
41
38
39
44
49
38
28
20
17
22
25
21
9
3
7
23
39
42
37
34
35
35
37
42
0
56
70
73
72
70
65
53
43
34
25
27
33
26
20
19
20
21
27
27
25
39
59
64
56
55
57
54
53
54
57
65
65
59
52
56
69
88
104
112
112
102
89
87
84
81
73
58
48
38
27
36
54
69
73
68
61
60
60
56
48
52
65
72
70
60
56
53
52
57
65
64
56
58
70
73
74
72
73
86
88
74
61
53
48
56
64
56
58
71
76
70
57
50
42
44
52
60
70
77
89
92
89
80
71
69
76
86
87
80
70
66
64
60
58
50
34
19
11
6
-4
-21
-28
-13
7
23
34
50
77
96
102
98
96
96
91
84
76
74
82
82
72
70
75
88
104
102
82
69
69
69
67
65
57
43
41
51
60
61
64
70
75
76
73
66
66
87
92
75
71
82
81
60
49
43
45
51
52
54
56
53
39
33
42
53
54
55
54
53
51
51
44
38
29
27
36
39
43
58
67
57
42
37
36
38
36
39
50
58
57
49
41
39
39
34
29
36
56
82
77
43
-1
-34
-36
-17
16
43
59
64
65
68
66
56
53
40
19
17
39
72
91
76
53
39
36
42
42
44
43
41
48
58
60
69
73
71
84
102
112
107
88
57
43
60
84
96
90
69
50
44
50
51
29
5
-8
-10
1
-3
-28
-50
-39
-26
-35
-55
-66
-57
-45
-38
-50
-59
-61
-66
-73
-73
-65
-55
-45
-35
-24
-11
1
-1
-12
-17
-4
8
11
9
9
21
35
40
40
34
21
21
26
29
35
42
40
34
34
39
49
48
34
25
24
16
10
22
43
58
53
39
50
69
60
42
44
54
54
49
51
55
43
34
40
50
40
34
42
64
71
67
55
49
49
64
73
71
64
56
56
56
52
41
35
39
51
51
48
51
53
50
51
52
45
38
40
49
52
48
41
52
68
74
72
74
80
83
80
70
60
59
59
64
64
59
58
57
56
56
60
58
54
51
50
49
49
57
72
81
67
51
49
49
48
55
68
80
81
71
61
64
73
83
82
75
80
76
71
66
57
51
57
66
57
42
33
27
36
56
66
57
52
50
38
26
32
48
60
60
65
73
81
85
91
86
76
74
71
66
60
55
45
48
51
45
36
28
40
58
74
80
69
57
50
54
59
60
68
76
82
83
82
69
56
50
53
60
60
48
22
5
-6
-20
-34
-43
-51
-42
-22
-4
9
22
43
71
84
74
67
69
77
85
90
0
88
86
85
86
88
88
83
83
88
93
92
90
77
66
67
69
65
64
68
72
77
82
81
75
67
58
66
73
65
52
52
60
51
36
38
50
49
38
33
26
25
24
26
34
40
38
26
12
7
9
12
10
11
11
7
17
38
43
29
25
37
44
42
48
58
65
65
55
55
52
53
58
57
54
53
53
51
43
29
19
16
19
23
26
28
36
39
40
36
36
44
48
45
48
54
59
53
44
50
56
59
59
64
64
56
50
50
48
50
52
49
52
60
70
71
72
70
57
42
41
53
64
65
66
65
65
72
69
53
37
33
37
42
49
43
48
51
51
50
50
59
60
50
44
48
41
36
25
21
26
33
39
45
54
65
59
55
56
57
54
53
57
68
74
77
81
75
66
60
64
68
67
65
66
59
52
48
51
53
57
60
59
66
73
85
87
75
58
53
58
66
71
82
85
74
69
64
54
44
41
35
27
32
41
50
42
27
21
25
32
27
29
37
40
38
38
36
32
27
26
25
22
26
41
50
45
34
25
27
33
38
40
32
21
25
48
52
49
51
52
52
50
54
58
59
66
80
83
71
64
68
71
74
81
75
61
50
44
52
59
57
52
52
52
54
59
65
54
41
44
50
49
44
52
53
51
55
56
50
40
42
48
41
38
45
57
59
53
43
48
58
60
52
44
43
49
50
48
50
56
64
66
60
58
60
58
54
52
49
48
51
58
66
65
52
38
35
53
71
80
71
69
65
52
41
42
53
61
71
69
60
51
40
37
41
44
52
54
56
64
65
64
60
53
34
6
-21
-46
-66
-68
-65
-56
-43
-34
-27
-21
0
33
67
86
82
69
54
44
49
55
60
67
74
86
92
91
85
80
83
87
74
52
44
53
61
67
65
56
51
56
55
50
50
51
49
44
45
43
44
50
45
43
43
44
42
33
21
25
40
53
57
55
52
54
59
64
59
55
54
55
54
55
60
70
67
52
42
41
48
65
70
60
52
49
41
29
20
20
28
26
19
22
22
23
36
49
44
36
28
32
48
60
61
50
38
28
25
17
11
29
58
73
73
64
60
68
68
66
64
65
58
48
36
26
27
41
42
37
29
24
13
8
21
40
41
34
28
24
19
19
22
26
35
41
42
44
43
39
29
18
17
21
21
23
34
39
44
51
53
53
48
34
29
40
52
55
0
53
44
42
39
38
37
32
26
24
24
26
24
18
20
26
35
50
59
52
35
18
16
24
40
56
60
56
51
50
49
49
52
54
59
67
67
64
56
48
44
59
81
86
81
70
60
54
52
57
73
84
76
56
39
32
42
55
52
36
23
27
39
39
34
33
36
34
28
24
21
17
18
32
49
54
51
51
58
68
72
75
83
83
84
87
87
77
75
83
77
65
55
55
60
72
87
96
88
86
88
81
74
82
84
81
81
73
57
52
58
66
64
53
51
59
67
65
55
56
60
71
84
85
75
68
65
69
75
84
76
67
60
54
48
41
44
52
49
38
27
25
24
24
25
33
42
40
34
28
39
55
60
65
71
75
81
87
88
83
86
90
81
66
57
60
60
52
44
51
57
65
69
69
74
80
71
57
50
51
56
64
67
72
75
71
61
59
60
55
54
51
37
18
8
-5
-39
-59
-57
-53
-68
-91
-98
-89
-74
-55
-9
57
114
129
108
90
102
122
124
117
102
82
69
69
77
84
77
57
40
34
35
33
35
42
54
56
45
33
21
27
41
37
19
8
3
0
2
10
16
18
27
40
33
20
19
24
28
27
28
36
42
49
52
53
54
53
51
42
37
38
44
54
66
71
68
65
64
65
64
57
53
52
48
40
42
43
36
32
42
58
59
51
44
41
39
40
40
42
50
52
50
55
67
72
65
55
50
43
40
37
36
43
56
65
66
69
72
69
66
61
61
60
59
65
68
69
61
54
53
50
41
38
36
42
51
57
57
56
45
38
40
52
59
59
51
40
40
43
39
22
9
8
10
21
37
50
51
51
54
55
49
43
51
64
70
65
64
60
64
67
72
73
77
80
83
81
73
70
65
59
64
61
57
54
49
48
43
42
43
45
56
61
56
54
50
37
33
50
74
86
83
70
54
48
49
50
51
59
69
73
73
71
58
56
64
65
70
80
80
73
65
54
44
38
39
39
24
10
8
11
13
16
18
21
25
26
22
12
5
8
28
44
50
49
40
32
27
37
55
67
64
49
50
54
51
50
55
64
68
74
83
80
64
50
51
60
57
51
55
67
67
59
64
67
64
54
41
28
33
48
57
51
43
43
42
34
33
39
42
38
28
25
27
35
38
41
45
48
42
40
38
40
49
56
59
59
61
66
66
69
75
74
68
71
75
72
60
0
58
58
56
53
51
52
54
53
50
52
70
84
86
80
70
61
64
67
70
75
84
92
93
85
73
68
73
85
88
75
58
38
25
27
33
37
44
52
58
59
59
60
54
43
35
35
37
36
20
-8
-30
-50
-65
-66
-58
-50
-33
-12
1
11
36
59
73
68
58
57
58
57
57
59
64
60
51
51
58
59
56
61
68
71
75
85
83
67
50
41
44
44
44
54
61
68
67
53
41
38
39
41
44
51
59
59
53
50
51
52
51
43
35
26
24
34
50
54
54
58
61
64
71
74
70
69
70
68
66
70
71
57
37
34
45
64
60
38
24
27
35
32
27
25
23
21
19
9
7
22
38
40
40
43
40
36
34
34
34
36
33
27
24
21
22
27
35
35
32
32
36
51
50
39
38
49
65
69
59
45
40
49
58
67
65
54
51
54
56
56
55
58
64
64
55
55
58
58
55
42
39
43
44
44
50
55
64
66
64
58
59
57
53
52
56
68
73
59
41
37
43
60
81
85
73
57
52
58
69
80
80
74
68
66
70
73
68
60
52
44
43
42
44
42
40
42
45
42
36
32
25
27
28
26
22
12
12
25
38
39
40
38
33
32
37
43
35
20
7
9
10
11
19
24
32
45
54
55
52
50
52
61
64
56
54
60
56
41
38
50
51
43
41
43
42
42
40
42
41
43
51
56
60
64
61
53
42
40
44
53
64
67
71
74
66
57
68
74
67
56
58
66
76
89
88
81
80
80
70
60
60
57
43
33
39
53
57
57
49
28
10
1
3
8
11
18
25
29
27
28
39
50
48
38
29
19
18
28
44
52
52
55
52
52
58
61
71
82
85
82
74
74
74
72
74
75
80
86
92
92
90
83
73
64
51
45
48
50
65
76
81
77
80
80
69
48
37
38
42
41
34
34
34
32
24
21
18
9
-2
-17
-34
-53
-73
-98
-117
-120
-104
-82
-60
-38
-18
4
34
56
64
66
68
69
64
57
59
66
69
67
65
67
56
56
60
55
52
58
66
69
66
53
40
33
32
37
38
33
37
52
57
60
73
77
76
71
59
50
43
42
43
38
25
26
40
59
71
83
107
128
120
107
106
106
93
75
58
51
52
52
44
43
39
32
35
40
43
50
49
48
44
39
25
10
1
7
22
36
36
21
24
41
49
41
38
44
53
52
50
49
52
54
0
52
52
60
65
67
70
73
74
80
86
82
73
72
80
87
80
58
50
51
57
66
71
70
73
82
87
89
88
81
73
70
68
60
58
61
64
56
52
48
38
26
23
28
34
24
10
16
27
33
39
48
51
54
54
43
33
26
29
34
32
28
38
40
40
41
43
48
49
42
41
41
41
43
48
44
45
45
40
24
10
18
35
51
66
72
69
65
56
50
45
50
52
52
44
36
37
41
39
39
39
41
48
59
65
57
51
51
54
51
38
32
26
26
36
41
42
29
4
-9
1
11
20
21
17
17
20
21
18
16
18
19
17
20
26
33
32
36
44
56
64
65
64
73
89
99
92
84
86
98
102
91
73
76
108
121
98
72
61
58
48
37
34
37
42
45
41
38
34
27
26
34
28
22
17
11
12
19
22
27
32
35
42
50
54
64
66
54
48
44
49
51
51
59
73
81
88
86
72
66
72
81
76
70
66
68
70
72
76
86
90
91
92
90
82
68
64
67
59
49
43
48
49
40
35
29
28
37
50
55
56
58
64
68
70
66
69
80
82
72
70
71
67
48
36
45
57
55
37
22
18
5
-13
-34
-52
-55
-42
-25
-19
-10
9
37
60
74
85
88
87
87
84
77
84
97
98
90
76
74
75
68
57
53
55
60
59
50
35
35
37
32
25
28
33
40
44
51
56
56
56
57
56
56
54
53
52
42
28
20
22
37
52
45
26
12
21
44
64
56
42
39
40
49
54
54
54
55
56
55
49
42
49
65
73
74
60
42
48
70
92
89
70
56
52
56
65
58
57
70
81
77
69
65
59
54
53
54
50
37
24
18
16
23
35
39
50
58
56
49
42
24
4
3
12
23
26
22
23
26
33
38
34
32
36
40
28
22
19
18
23
35
41
36
25
35
45
48
50
58
66
64
52
39
36
45
57
52
39
42
59
72
75
72
67
58
57
67
82
88
88
87
89
90
84
77
72
68
68
68
59
49
49
56
56
48
32
18
10
17
20
20
21
21
24
27
26
25
25
26
28
35
33
38
49
53
48
36
37
39
37
36
38
40
42
32
12
9
24
42
48
39
35
45
55
55
54
55
60
69
76
81
73
69
65
65
69
75
72
57
45
41
35
24
21
21
21
21
24
35
41
49
53
61
66
68
67
55
49
51
56
70
83
75
60
49
42
0
40
41
48
55
65
60
53
45
42
41
39
39
38
36
36
43
52
53
48
38
32
27
37
42
44
48
48
36
25
23
26
26
33
40
48
36
20
29
52
56
51
48
45
48
40
25
12
10
18
25
28
28
23
26
41
53
54
56
64
69
69
61
58
59
72
84
86
84
83
81
75
74
75
69
58
59
69
81
81
70
67
75
89
97
97
90
81
74
74
76
74
59
39
17
-10
-33
-44
-51
-51
-49
-41
-33
-17
3
33
67
87
87
81
76
83
87
84
67
51
40
41
44
55
67
60
60
70
70
55
39
33
37
42
48
49
55
66
68
60
51
48
58
67
60
58
68
80
75
55
43
56
64
49
38
50
66
66
49
37
45
58
56
37
29
44
55
53
44
32
18
9
23
44
52
52
54
48
29
23
26
39
49
54
64
66
55
40
29
25
20
19
22
35
44
48
37
24
27
41
44
40
28
27
33
36
33
21
13
18
21
26
26
24
21
26
43
64
76
73
56
40
38
49
60
73
80
71
68
65
66
72
73
70
64
61
69
76
75
66
58
58
50
33
32
42
51
44
40
41
40
37
40
43
40
42
53
58
56
49
44
53
59
72
81
83
83
76
67
59
56
56
55
52
52
53
49
41
33
22
17
20
34
43
52
55
55
56
60
58
55
58
64
56
52
50
51
44
38
36
35
32
38
44
44
33
19
8
5
18
33
37
36
40
55
70
73
70
56
48
38
37
36
42
54
53
51
52
55
54
51
52
39
33
37
48
57
58
57
50
49
53
59
65
64
64
58
54
45
44
49
53
59
64
64
64
67
65
60
60
66
69
82
101
105
99
85
57
25
-5
-25
-9
33
73
98
116
139
166
183
187
192
200
212
205
197
209
229
242
230
209
201
212
216
210
211
225
234
230
218
205
201
202
199
182
167
168
171
162
141
132
150
179
188
180
156
150
156
148
124
112
109
103
100
93
72
40
13
2
5
1
-5
-20
-41
-60
-67
-61
-55
-50
-53
-69
-81
-89
-106
-116
-103
-77
-65
-82
-110
-109
-82
-75
-98
-105
-87
-85
-117
-150
-158
-148
-155
-173
-156
-105
-65
-50
-46
-27
5
24
28
39
50
48
50
56
52
48
55
65
59
44
37
42
57
65
58
58
74
81
56
34
39
66
76
59
41
49
70
73
69
68
75
87
82
74
81
87
68
28
9
25
49
57
43
22
26
0
56
66
27
-14
-13
5
19
10
-7
-17
2
21
7
-25
-34
-23
-9
-2
-4
-12
-21
-21
-13
-7
-2
2
-1
-12
-25
-42
-49
-44
-39
-45
-53
-54
-51
-38
-19
-1
10
21
24
23
20
24
52
76
71
42
24
20
26
49
66
66
53
37
34
43
55
55
44
33
37
44
52
50
49
57
65
55
36
33
37
44
66
71
67
64
60
54
54
52
49
51
53
51
53
64
67
69
73
87
89
86
84
82
83
84
72
64
59
68
74
66
56
64
67
64
64
54
45
50
53
50
50
54
53
58
68
66
57
54
55
56
50
53
61
58
51
53
57
56
60
71
72
71
69
68
64
59
57
52
56
64
61
45
42
53
66
60
45
40
44
42
38
36
32
28
33
42
51
56
48
35
32
32
37
39
35
29
27
21
10
3
6
12
12
17
24
32
38
37
27
13
4
0
2
9
18
25
28
26
28
36
49
58
65
53
34
8
-25
-44
-25
9
55
74
67
59
67
68
43
7
-23
-37
-41
-50
-51
-36
-13
-6
-19
-39
-57
-65
-42
-7
7
-5
-36
-52
-37
-22
-18
-24
-23
-17
-10
-6
1
5
8
21
38
48
45
49
56
64
73
85
83
80
70
66
82
102
103
99
105
118
119
108
101
98
104
107
100
87
82
87
98
102
96
92
96
97
90
87
85
84
73
65
65
77
91
89
85
89
90
82
76
81
87
80
59
43
40
41
35
26
21
19
18
11
2
0
11
26
37
42
55
77
102
114
105
87
70
73
83
86
87
88
82
72
74
80
75
64
45
44
67
86
99
104
105
105
102
89
72
54
54
64
64
55
53
64
65
64
72
84
83
81
80
69
53
50
52
55
57
53
52
53
51
54
57
55
44
37
40
50
52
49
44
49
57
66
60
55
54
55
48
37
41
58
66
54
38
32
27
26
34
45
44
42
44
42
33
26
24
26
36
43
41
35
34
39
49
41
33
37
45
54
54
54
51
35
12
12
38
60
61
49
40
52
60
56
48
38
32
21
22
32
35
39
56
70
71
66
59
53
49
51
64
69
66
57
57
70
75
72
70
72
76
82
85
81
60
50
53
60
67
66
60
57
49
41
51
51
38
35
49
60
61
53
41
42
56
67
73
88
98
100
99
96
93
93
92
93
103
107
101
86
81
76
69
59
59
69
76
83
77
67
64
68
65
52
43
40
36
36
0
49
68
82
74
60
69
81
77
68
71
76
70
61
59
61
65
64
57
48
38
42
55
61
71
72
59
43
40
44
50
51
56
64
54
34
24
34
41
39
37
40
39
33
28
39
48
53
66
76
84
77
72
60
49
43
53
65
69
69
58
48
50
54
54
48
51
71
82
72
57
51
48
41
35
33
28
34
39
42
45
51
50
48
45
42
29
27
37
43
48
43
39
36
32
24
19
22
33
40
44
49
45
41
37
37
44
55
66
60
49
36
35
35
26
27
38
49
50
53
53
50
52
56
64
64
59
64
60
57
51
42
43
48
43
36
28
26
26
23
19
11
11
22
27
21
20
28
44
61
69
70
66
68
73
70
67
58
43
33
17
-3
-10
-14
-20
-21
-14
-12
-17
-13
5
40
72
82
87
96
97
96
97
98
96
81
67
72
89
101
90
73
57
51
43
43
49
51
40
23
11
2
-9
-18
-17
-4
5
18
33
37
33
35
38
40
37
35
35
25
18
28
41
54
58
58
52
41
38
42
49
52
51
44
29
18
17
32
43
40
35
37
38
42
42
39
48
49
48
43
44
49
43
34
28
33
32
17
7
10
19
26
27
26
28
37
38
34
35
40
45
49
54
59
65
68
68
61
56
49
38
34
38
40
39
40
44
43
48
49
43
38
25
20
22
34
49
56
59
61
59
56
56
61
58
56
57
60
61
60
66
74
77
68
61
59
67
74
85
87
83
76
80
80
81
88
87
85
85
76
54
51
65
65
51
42
38
34
34
41
50
52
51
49
52
64
67
60
49
37
36
44
57
66
60
45
38
38
50
66
77
84
80
69
66
67
70
67
55
53
66
70
64
51
41
37
33
32
37
39
40
36
27
27
34
35
35
34
33
32
34
35
36
42
48
50
54
54
45
36
37
42
49
52
64
73
72
65
64
69
72
75
76
70
57
54
55
60
65
58
44
36
28
23
24
36
36
27
26
38
44
41
36
25
20
24
33
36
36
35
24
18
34
58
60
51
43
42
51
65
60
48
42
49
53
48
33
28
37
40
44
49
43
43
45
44
50
56
64
66
65
66
68
65
66
70
70
59
53
49
45
42
39
36
27
37
50
44
35
35
36
36
42
53
56
55
56
60
65
55
38
35
42
44
38
40
43
49
48
44
41
33
29
36
39
39
39
44
51
0
53
52
52
52
51
52
55
58
56
48
36
26
32
43
44
35
24
19
10
-2
-13
-26
-36
-44
-50
-51
-57
-65
-52
-33
-12
4
23
37
48
67
87
93
99
101
98
89
85
85
88
83
73
72
72
81
96
90
83
83
82
82
72
49
28
26
24
21
32
41
48
53
55
56
53
57
56
52
54
56
58
65
69
71
66
53
42
41
41
43
52
57
61
64
58
57
67
67
60
58
57
72
87
92
91
83
72
66
58
55
52
51
49
43
44
52
59
66
59
51
51
54
42
22
12
18
22
26
22
11
8
6
16
20
12
19
27
28
24
22
34
48
52
38
28
33
42
53
57
59
65
82
97
96
84
82
85
85
85
83
85
85
81
74
67
57
54
58
67
70
68
65
65
66
70
70
66
59
61
64
55
48
52
60
59
56
59
60
57
50
38
29
24
28
38
48
43
35
38
52
51
35
32
38
40
35
32
44
53
59
64
60
58
56
65
75
75
69
64
51
39
41
45
45
50
58
64
57
53
51
56
76
85
72
57
55
56
54
48
49
59
68
67
68
71
70
64
59
56
52
49
49
41
35
40
42
43
39
28
28
37
35
28
25
27
28
33
34
33
27
23
27
35
38
45
51
50
43
41
50
53
48
41
38
36
34
37
49
58
58
56
44
39
39
36
25
20
33
50
56
52
42
39
38
42
48
40
39
48
45
36
29
32
39
42
54
60
58
55
55
57
56
58
65
57
50
53
66
56
38
38
56
67
72
82
109
128
106
72
40
19
13
24
37
56
96
134
148
148
147
149
146
124
98
86
107
138
162
166
162
161
151
136
122
129
147
168
177
169
161
161
178
185
181
179
182
192
199
193
167
151
164
192
208
208
195
180
181
184
176
166
161
140
120
124
149
164
150
117
100
97
82
55
43
53
64
56
32
16
34
50
26
-12
-34
-24
-3
3
-18
-45
-53
-49
-70
-109
-134
-146
-154
-179
-210
-232
-235
-230
-228
-226
-206
-168
-135
-116
-104
-91
-85
-82
-84
-91
-94
-88
-87
-99
-108
-104
-93
-98
-106
-108
-102
-84
-68
-65
-70
-77
-88
-88
-75
-67
-65
-60
-44
-29
-34
-51
-58
-51
-37
-28
-27
-25
-11
6
21
23
19
18
26
39
38
32
35
50
56
51
42
34
26
35
49
44
37
37
40
49
56
59
53
51
51
52
55
60
58
54
50
51
55
53
54
54
44
38
38
0
41
45
44
41
42
51
58
67
65
49
41
44
48
55
53
38
27
25
34
42
48
43
44
44
51
59
65
64
66
73
77
87
89
69
48
45
65
85
92
88
86
91
96
91
89
90
90
87
82
84
88
93
90
85
82
77
80
82
82
86
97
106
105
96
87
83
85
93
91
83
85
84
77
75
72
71
76
74
59
29
8
18
52
97
120
119
117
132
147
145
117
82
57
51
57
68
72
70
67
65
57
48
50
55
65
80
89
83
68
58
60
65
65
59
52
53
61
68
69
73
76
73
69
65
58
55
56
55
50
49
52
56
58
56
54
49
41
33
25
27
36
44
49
43
32
19
23
41
58
73
75
61
45
40
48
58
64
58
58
64
65
65
68
74
73
69
66
57
49
43
42
44
51
57
65
69
61
57
67
75
77
71
58
39
35
50
60
44
26
26
32
26
19
8
8
20
25
23
8
4
8
10
20
33
41
35
25
21
26
33
38
39
38
39
42
48
52
50
48
54
60
68
71
76
84
82
77
84
82
75
71
67
65
74
82
81
81
76
72
70
68
57
50
45
40
35
38
49
60
59
44
38
41
42
41
38
38
41
42
45
51
48
45
54
60
59
58
54
45
45
57
67
70
66
56
54
55
50
42
43
43
43
48
41
23
-2
-20
-3
42
76
88
89
92
96
96
93
89
84
69
50
36
40
53
54
39
19
-1
-18
-37
-65
-70
-50
-23
-18
-18
-10
5
28
52
66
72
74
76
91
100
91
82
71
69
72
70
60
60
68
70
64
67
77
75
59
49
43
42
41
44
50
43
29
24
27
36
44
50
55
59
59
57
59
65
65
60
56
52
50
44
42
45
44
43
44
44
42
45
54
49
32
21
35
52
64
64
56
51
49
56
66
59
48
37
37
42
41
34
27
28
33
38
42
43
38
26
29
40
40
41
51
44
24
8
10
25
44
45
32
25
34
40
39
23
12
17
21
17
12
21
34
40
36
36
36
37
37
27
18
19
37
50
55
55
52
50
53
49
41
38
38
41
49
52
48
40
34
33
43
58
61
50
33
29
37
49
70
88
92
81
66
58
57
58
58
59
59
54
57
72
83
84
84
84
82
74
69
60
60
70
72
68
67
70
69
58
52
52
66
83
88
85
85
85
76
65
