40
42
44
43
41
33
25
33
37
26
16
10
9
9
9
11
9
6
10
16
17
22
34
41
40
23
2
-8
-6
3
13
25
40
51
51
43
48
56
55
52
54
53
44
37
35
27
11
10
29
41
44
48
53
51
44
43
34
25
28
39
51
64
67
66
66
67
72
73
75
76
77
76
74
82
74
55
35
24
20
16
3
-23
-56
-69
-66
-58
-51
-29
-1
35
55
59
60
71
89
97
85
70
74
81
67
51
44
52
58
60
53
35
27
50
76
99
115
122
132
123
101
83
80
81
69
61
66
69
70
74
70
66
60
56
56
53
37
26
32
41
38
33
34
38
39
40
35
33
38
35
23
9
10
34
59
68
60
48
42
41
43
48
55
68
70
65
57
57
67
68
57
53
53
57
67
82
83
72
55
42
40
37
41
49
55
57
45
33
26
36
44
55
52
33
21
12
0
-5
3
20
34
43
49
42
32
25
23
18
11
12
23
32
38
44
52
65
71
72
73
76
83
77
75
68
59
53
41
40
41
49
56
68
80
75
73
83
81
71
84
91
89
74
67
69
72
66
66
69
68
56
44
37
29
28
40
41
27
10
1
3
18
43
57
52
41
39
53
64
65
60
59
57
58
58
59
60
0
51
52
54
50
44
50
58
69
70
65
60
57
52
58
73
82
77
73
80
89
90
73
55
41
27
24
25
33
38
35
34
37
39
39
39
37
33
37
52
66
70
68
59
57
60
52
44
56
67
64
44
34
45
66
76
72
56
44
55
68
75
76
75
71
67
61
56
52
52
53
49
44
42
27
18
23
28
28
23
18
22
26
20
17
18
12
7
12
12
7
4
18
29
36
42
53
66
72
73
68
56
39
26
34
53
71
83
82
72
64
55
53
53
55
70
91
98
85
73
69
72
74
73
73
70
59
55
56
73
80
64
51
44
52
55
56
40
12
4
8
9
2
-4
-4
3
19
34
41
42
50
55
44
24
4
0
18
37
40
36
38
38
22
-13
-56
-74
-59
-23
2
16
37
57
67
87
115
124
124
121
121
134
144
136
117
100
91
89
88
96
92
86
76
57
39
33
37
38
37
26
16
8
16
29
40
41
34
21
21
32
32
29
34
39
39
39
51
72
85
75
54
36
33
43
58
66
67
74
86
84
72
53
43
50
52
49
37
38
55
68
65
59
57
64
69
70
56
43
43
44
42
35
27
26
32
44
59
69
68
55
41
29
24
32
34
18
-4
-22
-17
-1
9
12
21
33
32
22
20
18
11
11
12
11
19
23
24
32
37
22
-3
-12
2
20
38
60
84
99
104
107
112
103
89
71
54
55
54
51
44
44
33
5
-2
7
11
21
18
5
4
12
27
44
58
68
73
74
83
92
101
106
107
98
71
43
22
19
28
33
32
34
34
35
33
27
23
23
19
6
-2
-4
-1
23
59
86
93
91
89
84
70
66
70
69
67
71
66
53
39
28
28
33
34
29
22
9
1
1
6
13
33
45
50
66
72
59
50
44
37
24
21
27
39
53
68
70
64
67
69
60
52
48
56
74
81
68
53
56
71
86
101
105
91
81
74
70
68
70
72
67
56
54
65
76
77
64
43
23
10
12
21
22
22
20
10
12
27
35
26
20
20
25
38
49
49
39
21
8
6
4
-2
-2
4
16
22
27
28
21
28
43
43
34
25
33
53
59
64
69
67
55
44
48
54
51
38
34
37
32
24
27
26
19
17
28
36
32
28
38
42
48
56
66
69
67
66
61
52
51
56
55
52
56
58
48
39
39
40
39
36
33
36
41
42
38
43
41
36
20
-3
0
-23
-40
-50
-45
-42
-44
-50
-52
-45
-24
-3
17
37
51
65
75
73
57
40
35
39
54
65
69
75
85
89
87
82
73
70
69
73
76
69
57
61
69
70
58
50
50
61
76
83
85
85
81
81
90
100
99
87
73
64
65
70
71
58
42
32
25
23
21
24
27
45
64
54
35
34
40
45
57
55
43
37
53
88
99
80
68
67
75
81
68
53
49
56
58
55
52
41
28
22
22
21
27
53
76
84
72
60
51
49
66
77
68
53
54
72
82
71
51
41
38
48
66
80
81
64
41
32
22
28
52
81
98
88
67
45
37
41
51
60
74
75
71
74
76
69
53
56
68
65
60
73
80
70
55
52
67
87
85
65
52
57
67
58
54
61
68
71
72
73
81
87
85
74
59
53
57
66
60
54
52
48
27
11
-6
-13
-5
5
11
18
23
28
24
32
39
41
42
48
50
49
54
55
45
36
28
28
37
54
61
64
58
55
60
69
68
55
48
44
45
43
49
57
61
59
57
59
59
64
70
80
77
64
51
51
64
64
61
71
70
58
55
58
57
54
39
22
20
25
38
44
41
36
37
44
54
51
32
16
18
28
35
39
38
39
49
55
59
59
54
49
43
53
60
58
65
80
80
57
36
20
16
16
24
40
52
40
26
27
36
27
3
-1
11
21
18
6
-1
0
6
11
20
26
26
27
37
45
58
69
67
52
35
19
11
32
51
57
65
61
50
44
48
42
35
26
25
28
40
43
39
42
48
52
60
54
32
12
13
24
38
50
54
60
71
66
39
18
22
40
67
83
82
81
86
83
67
56
54
41
11
-9
-25
-36
-37
-28
-18
-4
0
5
18
37
50
57
73
91
115
135
135
122
104
93
86
73
55
43
49
56
65
71
69
59
53
57
70
72
64
54
48
43
41
40
49
52
49
52
70
80
75
72
67
56
53
48
34
35
49
57
45
41
64
88
85
60
41
40
43
42
41
41
50
68
66
51
37
26
16
9
13
21
37
48
42
37
39
36
26
17
16
17
20
27
38
34
24
21
17
19
24
27
37
58
89
106
104
92
80
71
66
60
57
50
49
50
42
38
48
43
35
33
32
25
22
25
33
36
40
50
49
39
33
28
25
20
26
49
65
68
57
58
64
56
68
89
102
106
105
102
98
97
87
82
85
85
80
73
82
98
107
0
117
129
128
106
82
73
76
70
58
41
25
16
16
10
10
16
18
16
11
19
27
38
45
49
39
26
22
24
27
25
27
36
27
0
-24
-27
-7
2
-7
-14
-18
-10
7
33
53
68
75
81
84
87
84
72
59
48
42
54
60
59
53
53
57
50
41
28
24
26
33
34
29
28
36
44
36
24
37
55
59
55
50
41
35
26
18
18
26
43
43
23
9
20
43
51
29
18
25
48
69
82
82
65
53
45
41
48
44
38
25
20
21
21
22
19
10
5
4
-1
5
11
8
8
12
16
11
11
22
28
37
51
57
52
45
52
55
56
58
54
52
49
42
34
32
34
36
38
32
19
12
24
37
44
56
69
82
98
108
107
93
81
71
70
80
84
76
64
64
66
67
70
73
83
83
76
68
50
37
35
36
37
40
52
67
76
85
89
96
97
89
77
67
72
83
86
88
88
85
70
58
64
66
69
85
97
99
97
96
88
71
45
6
-20
-25
-25
-22
-8
3
16
40
75
105
123
132
132
122
109
106
108
112
99
90
91
96
96
89
82
76
71
70
71
60
41
35
40
49
64
70
66
66
64
54
42
36
33
26
12
3
8
19
28
35
38
38
39
42
49
42
27
16
3
-2
2
7
12
11
5
-10
-18
-14
-11
-9
-11
-22
-38
-39
-17
8
11
6
0
2
6
8
12
20
17
11
12
10
22
38
45
35
27
38
53
65
50
33
35
45
50
44
41
42
44
37
33
33
36
36
32
23
19
21
18
17
12
17
28
42
58
71
71
64
55
41
37
43
44
38
40
55
68
72
69
69
71
72
73
88
112
118
113
105
92
82
80
81
73
70
82
91
97
90
81
76
82
85
87
89
82
71
73
82
86
83
75
64
61
72
72
67
59
57
60
64
60
49
35
26
24
26
27
24
27
33
33
38
43
53
59
59
66
80
97
100
83
56
38
42
54
54
48
44
48
49
49
45
49
48
43
36
35
36
25
10
-7
-33
-46
-44
-17
10
22
25
23
33
43
45
28
10
12
25
32
27
22
26
51
70
70
57
49
48
43
37
36
37
35
24
24
35
51
65
61
57
52
42
43
53
67
86
104
106
101
84
59
50
55
49
36
24
29
32
21
19
18
11
3
-1
3
8
20
26
29
29
28
22
17
9
11
35
44
38
38
44
49
51
44
38
38
37
23
18
26
0
32
23
18
17
18
25
24
20
28
32
22
17
22
29
24
17
7
10
18
21
20
10
10
18
22
27
36
52
54
41
44
60
76
73
58
52
55
56
49
49
55
65
74
81
80
82
84
71
57
43
50
64
80
90
88
83
81
75
74
73
77
80
81
85
98
112
118
131
131
113
96
83
74
65
41
23
17
3
-19
-43
-57
-49
-42
-50
-34
7
64
102
102
100
105
112
112
112
107
98
91
93
100
104
103
103
113
118
113
98
83
70
72
88
105
106
97
88
86
85
82
96
101
89
83
88
91
90
89
81
68
56
45
25
11
19
38
50
40
20
8
3
-8
-35
-58
-67
-61
-52
-38
-18
1
13
16
8
16
20
26
38
48
56
66
68
65
54
44
49
57
57
49
45
44
45
57
65
54
36
22
21
20
16
21
22
12
11
25
33
34
25
18
18
17
17
12
6
-8
-25
-26
-13
-2
1
-4
-6
-6
-3
2
1
-2
4
22
37
48
54
68
81
83
81
71
59
54
60
66
51
25
12
18
29
44
43
32
49
82
91
86
76
71
82
86
77
60
54
54
61
76
80
74
69
60
51
39
39
48
42
33
24
22
34
50
49
40
32
36
45
52
53
50
50
49
57
70
70
64
54
51
55
61
64
57
56
60
65
58
58
59
69
76
73
66
52
53
55
51
52
56
54
48
40
36
35
33
32
28
27
25
27
32
34
33
26
24
25
28
28
27
34
36
36
49
58
52
45
40
38
41
42
51
48
33
26
33
44
60
75
83
80
73
69
61
57
55
50
48
45
40
44
43
37
28
18
4
4
19
29
32
22
5
11
33
42
37
42
55
68
65
55
53
45
34
32
36
44
50
53
66
76
76
71
67
59
69
86
93
88
84
83
83
83
89
92
93
96
96
88
81
70
69
74
68
58
54
43
32
27
37
49
51
39
28
33
44
48
33
11
11
28
58
73
67
59
53
53
64
69
73
76
73
67
58
54
51
53
59
66
71
76
84
85
84
81
80
86
80
60
54
64
74
76
71
66
57
54
54
48
28
11
12
16
3
-17
-29
-42
-53
-56
-46
-39
-26
-9
2
18
50
76
87
81
76
76
75
65
48
42
55
68
75
76
77
73
70
77
85
92
102
98
89
88
82
76
84
103
121
129
120
103
86
73
70
82
92
89
80
73
82
89
86
74
66
65
66
51
0
35
29
33
35
32
23
8
0
4
17
27
38
36
19
0
-8
-2
4
20
41
36
8
-13
-18
3
28
38
36
36
39
40
52
60
55
43
44
51
56
60
68
64
51
38
41
50
51
48
39
37
38
37
26
21
24
28
26
23
19
19
22
27
26
25
23
22
24
27
20
16
19
25
21
12
5
19
35
36
28
27
27
29
42
59
60
49
37
40
57
67
69
67
68
83
107
120
121
116
108
112
106
100
92
87
91
93
90
81
67
59
60
60
57
60
68
71
74
65
53
50
50
55
55
44
45
54
60
61
64
71
80
83
83
76
69
70
76
81
69
64
67
73
69
60
57
57
59
52
40
49
58
53
39
33
41
42
35
32
28
23
10
0
1
17
32
39
45
51
43
28
23
28
24
10
10
24
40
52
57
57
52
39
25
19
19
11
16
28
43
53
49
48
44
41
43
51
53
57
48
38
42
45
49
43
40
34
33
33
28
25
27
28
28
33
38
41
36
26
13
9
20
41
56
45
23
11
10
11
10
10
10
11
18
18
16
18
18
21
35
48
56
60
57
56
58
58
58
67
73
75
73
70
66
67
74
71
54
36
32
40
54
56
51
41
41
45
48
51
51
42
37
39
41
41
34
13
10
17
23
33
37
29
26
36
50
50
40
34
33
25
32
42
52
60
70
72
58
43
39
58
77
83
77
73
80
88
99
107
101
80
66
60
52
48
54
54
33
-4
-30
-38
-36
-38
-39
-40
-36
-26
-18
-19
-10
17
51
81
90
76
57
56
68
73
71
65
68
84
90
82
67
67
67
64
59
54
53
59
76
85
73
60
61
74
100
117
119
114
103
93
86
75
66
57
52
44
48
51
52
49
42
41
40
34
26
22
24
27
25
18
18
25
32
33
37
40
38
44
61
71
69
55
49
55
82
90
72
49
48
65
86
100
91
73
60
67
82
84
71
55
57
59
55
56
60
61
59
54
49
43
42
42
35
28
29
39
43
44
44
43
38
32
26
33
29
27
26
21
11
5
-1
6
20
20
7
-5
-11
1
17
22
24
25
36
44
50
41
37
38
54
73
81
80
72
71
75
80
82
81
83
85
84
81
81
76
68
53
37
34
39
44
51
54
53
48
37
32
24
24
36
43
40
28
21
26
40
54
59
67
76
87
87
81
71
58
51
53
58
51
41
0
45
54
59
66
66
69
68
55
48
42
48
48
34
35
50
58
58
54
52
43
32
22
22
19
23
37
36
22
10
12
21
27
26
17
7
5
6
11
21
24
33
41
44
42
37
34
28
21
16
19
24
21
11
17
37
64
77
76
57
44
53
64
73
85
96
88
74
66
57
56
56
58
65
67
74
89
85
66
44
36
34
38
36
36
36
34
23
19
18
24
32
22
7
0
6
27
42
44
38
33
37
43
42
43
44
44
49
58
59
52
45
39
39
44
54
67
74
66
49
38
42
56
58
48
35
28
32
37
38
48
55
61
70
75
80
85
86
83
74
64
54
51
44
36
28
20
22
33
34
33
28
27
36
51
67
77
70
59
69
71
67
69
73
70
57
41
26
26
37
57
69
67
69
74
77
81
76
71
58
51
44
37
11
-13
-27
-27
-26
-33
-21
1
9
6
9
22
36
42
41
52
66
81
91
90
87
86
85
89
98
90
74
66
67
69
58
39
39
48
60
68
66
59
52
45
44
49
52
49
41
35
43
64
72
83
92
99
90
80
75
73
68
64
59
56
53
49
51
51
44
41
39
40
40
37
33
19
8
6
11
33
50
49
36
21
6
-4
0
10
25
25
26
28
28
33
34
25
16
12
20
25
26
25
34
37
33
24
33
41
55
74
85
89
86
75
64
60
67
76
91
89
75
56
38
24
24
26
35
40
34
18
8
7
6
5
10
22
27
24
21
25
37
39
34
36
40
33
21
17
25
49
57
56
55
54
54
56
70
88
92
83
70
58
57
60
56
65
82
87
83
72
68
69
73
69
67
66
55
44
44
53
50
40
44
58
65
56
59
74
82
71
48
34
35
48
72
88
99
99
89
85
82
72
48
26
32
42
50
39
32
37
40
32
32
41
56
70
81
86
82
84
98
109
112
105
113
119
120
96
55
25
13
9
4
5
11
11
18
12
7
2
-1
-1
-4
-19
-30
-24
1
24
32
23
8
5
8
13
23
26
42
69
84
74
69
76
70
51
43
53
66
74
84
88
92
99
97
93
98
90
88
91
92
90
96
91
83
74
66
56
49
49
35
7
-13
-21
-13
2
13
13
9
6
9
18
12
11
23
38
49
44
37
32
35
38
37
38
37
39
40
42
54
60
61
59
59
66
74
77
76
70
67
70
66
59
60
67
72
73
0
71
80
87
86
80
71
60
49
48
56
64
58
54
50
39
33
26
26
25
21
13
17
17
8
3
6
11
11
8
16
27
33
37
51
55
48
28
9
4
7
4
-3
-10
-21
-17
-5
2
6
12
36
82
124
138
137
138
139
137
136
141
133
116
103
99
89
84
88
96
90
75
51
29
36
42
38
34
23
21
20
21
28
35
34
24
12
-2
-13
-19
-20
-19
-17
-8
0
20
26
33
37
29
23
26
37
43
42
50
59
64
65
65
60
66
76
84
85
80
68
59
59
67
74
87
99
106
109
106
92
85
84
75
57
52
56
52
45
42
37
39
50
51
41
25
9
3
1
2
8
17
19
18
19
27
40
45
48
41
38
43
57
64
55
48
38
37
42
48
43
48
50
44
39
29
22
23
35
54
55
40
32
27
28
23
8
3
4
5
1
1
3
5
-1
-6
-1
8
26
41
53
58
55
39
26
26
26
22
19
16
19
20
26
41
54
56
51
43
44
52
59
73
75
67
60
64
58
48
39
42
49
56
67
71
70
73
71
66
64
71
86
96
92
89
87
77
65
60
72
83
81
52
17
6
19
34
39
40
43
48
65
84
85
72
51
28
20
37
54
53
51
42
37
43
68
88
91
83
77
82
88
85
72
69
76
83
83
85
96
103
101
89
86
86
84
81
81
72
66
65
69
72
71
58
52
52
50
49
49
50
40
32
33
38
43
51
55
53
38
34
42
53
54
50
41
33
25
24
20
20
39
58
71
70
59
57
66
67
67
70
76
87
88
89
89
89
84
76
77
73
70
71
74
69
53
38
21
3
-12
-25
-21
-8
3
5
1
-8
-5
7
8
6
6
10
17
12
11
17
24
28
25
24
22
21
24
21
24
44
65
86
102
96
74
59
60
67
67
61
67
74
76
82
82
77
74
75
83
81
72
56
36
12
9
12
9
4
-1
-18
-45
-76
-104
-107
-87
-57
-38
-34
-22
6
35
53
66
71
81
87
90
97
97
86
82
85
82
72
71
80
83
82
82
88
98
97
89
75
74
85
92
92
89
91
97
90
69
55
65
71
64
43
37
50
59
66
58
56
52
39
29
35
48
56
50
37
39
43
39
35
37
44
53
58
64
67
72
81
86
90
91
91
91
96
97
97
97
100
107
108
104
112
114
99
87
86
92
107
116
107
98
98
88
76
72
64
42
0
21
10
8
10
25
39
37
20
0
-6
0
3
-4
-19
-23
-13
0
9
16
10
7
8
7
12
28
25
11
10
19
21
23
24
24
21
11
9
23
41
58
74
92
109
119
109
96
88
88
90
85
73
65
59
66
67
59
48
28
20
20
34
44
38
26
24
23
12
6
12
25
34
28
11
-1
7
28
45
43
27
11
2
4
12
21
25
24
20
22
26
29
37
42
53
65
81
88
86
74
61
55
58
65
65
66
66
68
67
68
71
68
54
37
40
58
74
71
50
26
22
40
53
52
37
27
28
27
33
42
53
50
40
29
26
32
38
44
42
41
53
71
84
88
84
71
58
53
49
43
38
24
17
25
45
69
73
58
48
38
35
41
51
59
70
75
83
87
83
75
67
52
35
18
5
5
8
7
3
4
6
7
12
22
26
26
24
35
49
45
19
-3
-2
10
24
27
28
36
52
54
40
27
26
41
43
37
33
39
53
65
67
53
26
10
11
32
54
67
76
84
84
73
54
40
41
48
43
34
29
34
39
40
42
48
50
58
69
60
44
27
19
18
19
19
12
9
27
58
80
85
83
84
91
96
88
76
51
24
21
36
51
53
40
24
4
-25
-53
-69
-72
-56
-26
8
45
73
86
98
108
114
112
98
99
116
123
123
125
124
124
118
102
83
69
59
54
56
57
51
48
45
40
38
40
42
43
49
53
58
59
56
44
35
37
57
66
55
51
51
40
32
28
41
68
83
74
56
45
59
80
97
97
77
67
74
96
114
118
106
97
89
88
90
76
60
53
56
56
57
59
60
60
56
48
37
32
23
10
-1
-9
-13
-7
5
12
17
20
27
26
18
16
17
12
7
9
5
-2
1
6
11
23
27
32
27
24
23
19
10
0
3
28
56
68
70
70
65
64
65
70
69
67
55
33
22
38
50
52
53
55
48
34
27
27
26
32
42
54
56
53
50
49
48
56
67
68
58
43
37
48
56
52
40
36
32
25
32
42
60
69
53
35
35
51
61
59
55
56
59
75
93
103
98
74
54
41
39
43
54
55
34
4
-5
2
6
7
11
17
9
4
6
9
7
10
21
26
24
27
38
44
42
39
38
27
22
26
36
40
36
41
60
64
51
41
40
44
42
32
34
53
66
64
69
87
100
97
89
87
84
82
82
74
64
55
55
50
36
29
39
48
0
37
24
19
17
24
43
68
74
68
70
84
89
87
85
76
65
43
32
32
39
44
38
33
34
34
34
37
38
36
41
42
43
44
55
67
59
56
67
80
84
76
67
69
85
99
98
89
76
64
53
51
45
39
38
39
37
40
48
42
38
39
51
67
65
42
26
24
27
41
57
66
64
58
49
35
26
25
25
21
21
25
33
36
38
36
32
32
33
32
37
51
65
70
57
45
42
49
57
70
81
89
89
76
69
65
55
39
36
43
52
53
50
37
21
4
-8
-17
-35
-49
-43
-33
-38
-59
-66
-51
-33
-10
9
43
80
104
112
104
97
97
100
99
89
88
96
106
115
116
108
102
105
124
137
133
119
102
91
98
106
106
98
86
80
68
54
33
18
18
33
48
53
48
36
22
21
29
37
32
18
23
32
33
39
44
44
41
38
37
38
38
33
26
32
40
41
39
40
45
54
56
56
55
54
55
52
44
50
55
53
50
43
37
28
33
39
50
64
76
76
68
66
74
69
59
48
29
34
49
51
49
38
32
32
38
38
34
29
33
37
44
53
52
48
38
36
28
18
12
19
33
39
40
39
48
54
49
36
32
39
48
38
26
27
32
41
58
71
75
68
50
48
59
76
81
65
41
36
48
59
65
64
49
26
32
52
69
68
56
39
25
24
26
28
25
20
21
32
44
52
45
42
44
53
61
69
65
48
39
39
42
44
39
35
35
40
49
66
73
69
57
40
27
28
41
53
61
76
89
87
71
58
77
98
104
91
69
49
49
59
65
58
58
61
54
28
3
-2
9
21
20
11
16
23
24
24
18
3
-1
5
21
43
55
48
39
27
17
24
50
64
60
52
41
39
50
65
67
67
75
80
72
57
45
49
53
58
69
66
68
75
73
65
58
64
70
75
73
67
59
57
50
41
35
35
36
42
44
39
34
28
29
25
24
36
50
52
40
28
33
39
42
51
55
51
37
33
42
52
53
50
45
50
55
55
51
41
35
39
40
35
32
36
35
34
26
16
8
7
8
11
10
19
32
43
53
64
70
71
68
69
73
74
72
77
91
99
90
68
50
36
27
35
39
41
36
25
20
29
52
60
57
56
53
53
60
57
38
16
3
4
17
19
-1
-25
-28
-20
-13
-8
7
52
97
107
91
76
72
65
51
38
34
42
55
56
48
42
56
68
68
57
0
50
41
38
51
59
53
45
43
38
26
20
10
-3
-20
-23
-13
-3
9
16
20
26
27
11
-1
-7
-1
17
40
57
64
64
67
61
51
41
50
56
61
71
76
73
82
97
96
82
72
69
72
75
75
72
69
68
70
64
45
41
54
73
81
72
60
60
66
64
55
43
38
38
38
39
39
34
29
36
44
49
34
20
18
19
21
27
40
52
52
54
64
64
50
48
52
48
40
50
59
70
73
55
41
51
66
74
86
89
87
84
76
60
50
56
66
69
68
60
54
51
51
50
43
42
50
45
36
33
38
42
53
61
61
52
43
48
52
50
40
32
36
48
52
44
37
35
35
34
38
42
52
60
64
52
34
32
38
51
65
73
75
75
74
67
51
35
28
35
42
43
44
53
60
60
60
59
58
58
55
52
45
37
25
23
23
22
17
18
16
21
32
33
39
42
37
38
37
39
48
56
59
52
52
66
86
98
91
81
71
72
90
96
86
87
99
106
103
84
68
72
80
75
70
80
87
66
38
21
19
23
20
26
53
59
41
20
16
26
40
50
52
43
35
28
22
21
25
27
25
35
43
49
43
40
48
52
48
40
34
29
25
33
39
41
36
26
33
51
64
75
87
91
88
67
49
45
53
50
36
21
21
33
51
68
84
90
84
70
59
56
56
64
65
56
48
44
58
72
71
54
38
35
36
42
54
61
68
66
57
51
57
69
54
37
37
34
38
53
66
74
87
96
89
85
88
82
66
53
41
29
27
38
37
19
1
-20
-41
-57
-66
-72
-81
-75
-60
-43
-25
-12
4
22
40
53
58
68
81
75
65
50
38
28
28
34
51
71
73
65
60
72
93
114
108
82
57
57
72
84
75
55
38
33
32
32
26
24
26
32
26
25
35
42
45
57
59
48
37
37
50
65
57
36
18
9
4
-5
-11
-19
-21
-21
-17
6
29
38
24
11
5
-1
-2
5
12
21
28
39
44
40
38
50
50
22
1
10
35
64
84
82
65
53
55
58
53
50
53
65
71
82
85
76
60
53
56
59
70
72
59
53
42
36
42
55
60
66
69
72
84
107
122
107
85
80
71
66
66
64
52
41
44
53
61
71
82
85
81
70
58
48
42
43
49
54
55
55
55
66
85
104
123
122
103
88
91
100
98
75
58
50
54
66
75
75
68
58
51
48
52
56
58
58
55
0
51
44
38
33
37
54
67
66
51
35
38
61
88
91
72
44
34
40
54
57
48
34
41
56
56
45
44
48
50
54
50
43
44
50
52
44
41
36
24
25
38
49
56
67
71
64
55
41
32
35
38
38
40
43
44
54
58
50
29
17
17
26
36
35
35
28
19
24
34
29
23
28
54
75
88
89
76
65
61
64
67
68
61
50
42
48
56
66
60
57
53
44
26
16
27
41
49
49
53
73
86
90
89
77
54
34
21
18
21
37
56
66
59
43
19
9
6
4
13
21
17
7
7
13
13
11
9
19
33
40
27
16
13
26
40
48
51
44
43
43
39
41
43
50
50
48
58
72
72
70
68
60
58
60
65
59
53
59
72
69
55
41
38
43
48
55
74
88
76
49
38
45
53
49
35
25
24
32
44
51
42
27
10
-3
-19
-29
-41
-45
-42
-38
-28
-9
17
43
67
82
97
103
102
105
108
116
117
113
102
89
84
85
87
90
91
87
92
91
84
82
84
89
89
88
83
64
52
56
64
60
56
50
50
44
27
11
8
20
38
50
42
35
36
40
35
33
39
55
69
67
59
53
51
56
57
64
69
70
66
56
52
56
53
42
32
24
19
20
33
49
59
71
82
86
87
82
69
64
54
53
59
71
80
74
67
59
59
64
44
23
22
32
37
28
22
12
7
1
2
10
16
21
26
32
26
16
18
27
36
40
49
57
65
64
52
43
40
40
42
44
43
51
58
50
29
27
50
73
75
66
56
58
64
60
52
36
16
2
6
17
29
38
34
21
16
25
32
22
32
55
75
85
73
51
36
41
53
53
40
19
6
20
40
55
67
67
66
68
72
72
65
54
52
49
43
41
50
64
73
75
72
71
71
65
56
49
28
5
1
11
38
59
68
65
58
51
40
36
33
16
-8
-23
-6
28
59
59
34
9
-7
-22
-26
-9
11
26
34
24
12
18
38
52
38
18
9
11
11
7
5
-1
-5
-2
20
56
82
93
102
105
106
101
89
60
23
3
22
53
70
72
51
21
6
10
20
27
35
36
35
27
23
32
39
41
42
52
68
81
88
88
72
57
57
74
98
113
133
155
156
138
113
92
85
76
71
81
101
112
99
80
67
80
116
146
163
170
165
151
138
133
125
112
87
73
84
105
101
67
26
0
-1
23
55
76
84
90
97
85
64
41
0
23
0
-5
19
51
68
74
87
114
129
123
109
98
85
73
58
29
-1
-4
23
57
65
49
35
32
22
17
17
34
54
64
56
60
59
38
3
-33
-58
-69
-70
-76
-92
-93
-57
-9
20
28
20
13
33
64
85
88
84
71
51
34
27
37
50
56
61
70
75
98
116
115
100
84
75
74
74
80
90
105
117
123
114
91
80
82
100
116
121
113
96
82
64
51
50
60
83
97
98
87
70
44
18
2
19
49
66
66
69
90
107
96
58
26
3
-4
-5
-9
3
48
91
115
123
115
96
86
73
45
24
25
34
42
42
37
39
43
53
70
81
76
74
74
71
49
18
-3
-1
18
36
51
57
59
73
87
72
33
-2
-11
0
11
17
8
-4
-5
2
5
18
37
45
42
37
38
37
25
6
-3
-4
3
28
56
81
86
84
73
64
41
23
25
40
48
54
64
71
77
81
74
65
59
64
59
55
51
51
55
56
56
50
38
28
12
4
2
-1
-5
-10
-17
-13
-18
-24
-29
-28
-33
-39
-37
-33
-28
-35
-41
-36
-26
-20
-19
-21
-19
-5
0
-4
-12
-17
-5
8
13
25
40
42
39
42
54
59
65
61
55
56
57
58
60
66
70
68
54
41
37
35
37
38
25
13
16
25
24
19
26
34
34
22
17
27
36
36
35
32
37
51
58
53
43
50
43
39
42
44
43
50
61
64
58
65
76
83
76
76
85
90
88
83
85
85
87
93
101
104
102
91
71
41
35
50
52
41
25
17
10
9
13
18
6
-12
-24
-18
-3
10
24
45
66
70
61
44
27
24
41
54
56
57
57
71
92
100
91
74
49
33
39
54
54
37
27
27
26
39
68
102
130
139
133
114
97
82
73
84
101
105
92
68
52
48
36
21
27
38
39
36
34
33
34
34
25
10
2
8
28
53
65
70
74
68
55
52
58
59
51
49
51
39
40
59
77
82
76
74
72
71
65
48
32
20
6
-12
-33
-43
-39
-28
-29
-36
-21
17
58
88
99
89
73
56
52
48
45
51
53
43
39
45
60
68
57
41
24
9
13
24
21
29
45
58
70
81
87
76
58
50
57
70
70
66
53
41
39
39
36
25
21
20
25
41
59
74
80
69
52
35
32
44
69
88
83
59
44
36
28
22
9
8
22
32
32
32
22
16
22
28
28
24
26
43
55
54
50
39
28
28
38
50
54
65
69
74
84
91
98
91
0
84
81
84
87
84
71
57
43
40
44
41
34
27
40
59
64
53
52
58
54
48
55
85
118
132
122
102
83
73
64
45
34
28
25
11
11
35
57
59
49
33
25
28
32
32
36
40
38
32
26
28
36
39
39
45
52
64
80
82
73
69
65
61
65
66
52
49
53
43
25
11
6
10
13
27
49
59
67
67
70
69
64
51
34
26
29
39
51
60
68
71
64
52
38
20
1
-4
12
35
49
50
44
41
41
42
37
32
29
35
51
67
73
68
56
38
26
25
27
35
42
51
51
45
42
34
22
7
3
9
12
17
20
23
20
6
8
23
35
34
32
40
43
36
37
36
20
-1
-12
-7
3
23
50
67
70
66
57
53
44
28
19
20
19
17
26
40
49
48
40
37
40
35
27
32
29
18
19
36
41
43
52
54
48
41
40
38
39
44
57
67
69
69
76
87
91
88
74
60
60
68
66
54
49
35
23
24
27
28
35
49
59
58
49
37
33
38
43
40
32
21
24
29
23
22
28
37
49
58
66
72
76
81
89
107
102
76
64
50
49
59
85
104
105
103
90
71
66
82
102
116
118
103
84
85
97
102
100
103
106
99
85
90
100
98
89
75
56
41
38
42
58
87
96
75
55
50
52
44
34
23
12
-10
-42
-62
-74
-66
-54
-44
-41
-41
-29
-1
32
44
51
60
76
82
85
96
107
116
106
97
93
93
100
113
116
106
113
131
141
139
129
120
116
105
84
67
60
58
56
51
48
44
48
41
37
40
43
44
36
28
29
40
39
35
32
37
43
35
21
11
7
12
25
27
18
7
7
17
24
22
25
34
39
34
29
36
38
33
33
45
57
58
54
49
44
37
32
26
37
55
66
64
57
56
57
57
55
43
34
26
17
20
38
43
35
20
12
9
4
3
6
11
23
23
20
23
27
38
52
55
49
40
37
39
36
28
29
29
33
54
88
102
91
82
80
70
64
59
58
70
71
60
56
58
57
60
65
68
54
37
24
24
35
38
48
58
64
60
64
66
56
41
28
11
3
-4
-6
2
20
35
29
8
-2
-8
-9
0
25
53
67
75
86
90
92
98
98
96
82
64
54
51
42
40
43
53
55
52
45
40
42
56
76
88
92
98
92
98
98
84
65
55
53
51
44
41
42
35
29
27
16
-4
-19
-24
-26
-23
-14
4
26
49
66
0
67
65
71
73
58
42
32
29
34
37
45
51
44
32
21
21
24
25
27
38
48
54
52
49
43
35
28
33
42
51
59
71
74
69
55
48
44
51
54
56
68
81
84
83
82
75
59
38
16
-3
-17
-20
-14
-8
2
5
3
3
9
11
13
33
49
42
25
24
36
45
56
65
58
42
42
50
38
17
9
18
23
22
18
16
20
22
17
12
16
12
3
-9
-18
-21
-20
-11
-7
-13
-18
-4
17
25
33
37
26
17
7
3
11
20
19
26
34
42
43
26
5
-7
-8
-8
-8
-2
5
10
16
9
11
17
12
6
3
9
18
22
25
33
35
29
23
27
38
51
59
59
54
56
61
60
57
67
80
85
84
77
73
83
89
80
65
59
55
41
23
0
-17
-19
-19
-18
-11
-7
2
19
48
82
105
123
136
136
129
122
121
119
113
101
103
107
108
113
118
114
100
100
112
116
115
113
112
113
121
134
138
139
120
99
101
113
112
107
114
119
125
123
109
93
91
85
73
64
67
74
75
65
50
42
42
45
54
70
82
87
87
76
58
43
38
40
45
53
55
55
68
80
81
73
77
87
80
59
55
69
87
97
98
99
96
86
86
89
96
91
89
91
96
97
106
124
136
136
134
128
119
108
90
82
87
85
69
54
56
71
72
55
32
10
9
20
38
51
49
45
43
50
68
73
58
41
36
36
32
35
45
43
38
34
38
48
51
50
42
41
51
55
60
72
88
101
100
84
69
66
71
82
89
90
80
64
49
38
42
49
43
32
18
17
26
34
26
25
25
28
26
23
19
6
-7
-11
3
23
39
43
40
40
44
37
23
23
19
5
5
18
35
40
44
52
48
42
45
51
59
70
71
67
54
49
51
52
48
41
34
23
16
9
10
17
17
12
16
24
29
33
32
33
28
25
28
36
41
42
51
56
49
24
6
18
40
44
39
34
29
23
23
34
51
67
70
68
65
71
70
60
57
57
60
77
104
123
124
117
109
115
116
108
113
112
103
98
92
87
88
87
73
67
58
51
54
56
55
61
69
66
57
41
24
22
32
48
57
65
58
50
55
57
52
48
43
43
49
51
49
41
39
40
44
44
41
37
35
34
41
58
55
39
25
24
37
64
89
98
87
77
61
43
36
33
33
34
34
38
42
45
50
50
44
41
37
21
10
20
33
40
45
48
44
44
0
50
58
67
72
70
72
75
71
61
58
56
55
55
48
42
42
42
39
34
32
33
39
52
52
41
39
43
52
65
73
80
75
64
51
52
50
40
22
5
-8
-12
-17
-26
-49
-70
-86
-90
-76
-53
-33
-24
-17
11
44
54
55
60
80
88
86
86
86
82
76
73
70
65
59
53
51
53
68
75
68
52
44
50
52
53
53
56
65
61
45
40
39
42
48
48
41
32
32
41
50
56
53
48
45
41
35
25
12
0
-11
-21
-25
-22
-18
-8
-2
-4
1
7
17
22
33
41
57
69
65
53
51
52
48
43
52
58
55
42
35
34
40
51
53
51
44
35
24
20
8
0
0
9
28
40
40
50
59
65
54
48
41
32
27
36
55
68
60
42
25
27
43
58
70
75
72
72
72
80
75
61
44
38
45
65
86
97
90
84
74
66
56
55
58
53
42
41
52
74
91
97
96
85
77
80
82
72
56
43
43
56
65
64
59
68
75
67
56
56
55
49
45
58
73
83
87
89
88
82
83
82
76
75
65
49
48
56
65
66
58
59
64
57
44
38
42
48
51
52
55
59
68
67
49
26
17
24
43
54
53
45
37
35
42
54
59
56
44
27
18
17
23
27
34
36
32
27
16
4
4
10
23
42
61
80
89
88
84
81
81
70
60
58
68
76
84
100
108
106
96
84
76
65
56
43
42
54
64
55
37
16
1
6
17
19
12
8
6
8
11
12
17
22
28
28
20
10
3
-3
4
34
65
77
80
75
72
59
42
36
39
41
44
54
68
81
77
58
34
16
6
7
11
18
21
24
24
22
20
21
25
19
12
21
39
54
59
59
54
48
43
44
52
56
55
51
39
28
24
25
33
37
38
26
7
-13
-21
-7
13
21
11
8
12
18
17
20
32
44
53
48
28
25
39
58
74
85
83
71
64
69
68
55
40
36
41
41
38
40
40
35
26
25
32
37
40
36
28
29
38
39
36
32
23
19
18
17
1
-18
-21
-33
-56
-81
-86
-71
-43
-23
-8
13
49
75
85
87
92
101
105
100
93
92
91
87
83
82
84
82
81
83
86
88
84
74
73
74
71
75
84
83
75
74
76
75
80
85
84
77
74
72
69
67
65
59
61
74
77
70
54
42
41
48
49
49
48
39
34
34
38
41
48
50
43
39
39
42
49
53
49
42
40
38
38
50
60
58
50
0
50
57
58
49
43
42
32
24
26
18
5
7
11
12
11
4
-2
9
22
22
10
9
25
40
59
65
52
43
58
73
70
66
55
34
19
13
29
74
118
121
88
55
44
59
97
120
96
65
67
96
123
124
92
64
60
83
103
101
81
69
69
75
76
69
60
64
83
99
101
100
98
89
80
71
69
71
71
65
65
69
65
57
48
51
69
77
74
67
65
68
65
57
55
71
93
104
87
70
69
71
84
97
96
72
45
34
35
43
54
51
41
35
37
50
59
57
39
22
21
27
33
22
16
18
22
32
33
26
16
-2
-5
-7
-12
-13
-7
-4
-8
-13
-20
-13
-3
6
18
25
21
16
13
20
20
11
12
20
21
21
25
34
44
49
42
34
22
17
9
10
16
19
18
7
3
11
24
24
21
21
26
36
41
32
20
26
44
54
50
33
20
24
25
16
10
20
26
26
23
12
7
19
39
48
44
44
41
40
38
35
27
27
33
35
33
33
36
38
39
41
45
53
64
65
51
37
27
20
16
16
19
24
25
25
13
5
9
17
16
12
10
7
11
19
7
-2
7
26
44
51
45
45
45
39
44
65
75
77
75
77
71
60
59
66
82
92
90
88
91
92
82
77
81
83
81
70
57
48
45
58
83
105
116
112
105
104
105
107
99
92
91
76
50
27
20
16
6
7
16
33
55
80
106
132
152
155
150
148
147
146
140
141
145
147
140
133
130
128
129
130
119
101
76
70
71
71
75
82
88
89
92
103
104
89
69
52
49
64
72
69
50
23
9
0
1
12
36
66
84
73
54
51
66
82
75
57
37
23
18
19
22
20
18
26
40
48
39
27
38
54
60
56
44
25
9
12
24
21
9
-5
-20
-19
8
38
44
36
16
-3
-19
-27
-29
-35
-33
-17
1
9
19
36
52
52
41
32
28
28
29
33
33
27
19
10
5
19
41
52
33
17
7
4
9
10
12
22
27
27
34
50
64
66
59
66
60
49
51
61
57
49
54
73
96
103
106
105
89
74
58
49
42
42
40
40
40
51
68
80
70
61
53
44
43
54
74
91
92
92
88
70
51
37
26
27
51
74
86
85
72
50
32
35
49
45
32
17
6
7
21
41
53
52
38
25
24
37
52
54
38
21
13
21
41
55
49
34
32
40
52
53
42
34
36
39
38
35
38
56
76
85
82
71
0
64
59
59
60
58
49
39
50
68
82
89
89
75
68
70
72
67
61
69
77
75
68
55
40
27
33
52
76
97
108
117
122
124
115
99
76
52
39
57
85
96
90
90
100
104
97
75
60
54
45
38
27
17
33
56
67
53
42
41
33
16
6
10
34
67
96
103
98
84
72
69
50
13
-7
3
41
75
90
96
92
82
67
45
27
11
10
9
10
22
42
40
22
21
22
18
5
-9
-23
-23
-6
12
37
61
74
73
56
37
34
36
32
23
22
32
50
65
53
22
2
-2
-4
-17
-21
-7
18
36
42
48
54
54
42
36
40
42
53
59
51
42
38
25
6
-6
-4
-7
-27
-60
-77
-72
-50
-28
-12
5
18
26
41
56
70
75
72
72
73
72
68
67
67
60
56
53
57
71
83
84
83
100
119
121
101
70
54
52
58
71
77
76
66
53
50
58
82
99
99
75
37
17
36
71
96
98
83
76
83
80
68
57
50
44
38
26
25
43
56
53
48
41
45
48
34
16
-4
-10
3
19
18
8
2
-3
-6
0
8
9
9
16
26
40
44
51
44
36
27
22
22
23
29
34
29
25
32
40
50
45
34
28
25
23
21
5
-7
-1
17
32
44
54
57
68
75
73
58
42
33
29
37
45
48
45
53
64
67
57
56
69
83
90
86
72
58
41
28
24
38
57
66
69
67
70
73
72
74
74
74
83
93
105
114
116
108
91
82
72
77
81
68
65
72
85
97
99
96
75
50
37
43
60
69
65
68
75
84
82
76
85
98
97
85
72
56
51
49
51
53
50
51
54
56
67
71
57
36
28
32
32
40
52
48
39
43
53
55
49
53
68
65
54
59
72
75
72
67
54
49
52
54
56
56
57
51
40
28
27
37
35
21
4
-2
1
19
39
35
1
-24
-27
-10
9
27
48
55
58
72
87
82
60
44
35
26
32
42
43
35
32
43
64
67
42
20
13
12
17
26
40
51
51
44
37
25
20
26
40
52
42
29
32
40
41
26
5
-3
1
17
41
52
38
17
6
12
21
36
48
53
58
66
59
50
42
36
23
11
12
37
67
89
92
74
44
19
2
1
22
51
69
71
72
77
71
60
59
65
64
56
53
50
53
65
70
73
73
66
56
49
41
36
35
41
60
77
77
70
73
91
96
73
43
24
22
32
45
44
22
-7
-38
-59
-71
-65
-50
-29
0
-6
19
38
49
67
97
117
121
121
124
120
99
74
66
72
76
58
28
11
26
57
77
72
48
25
32
50
64
65
56
43
36
35
39
43
51
56
69
80
74
58
48
55
67
64
43
32
27
24
8
-17
-35
-35
-10
16
37
50
54
59
68
70
56
39
24
21
27
38
52
68
83
89
89
86
84
75
67
59
50
37
40
56
73
75
56
34
28
36
32
18
7
12
12
10
-2
-34
-69
-83
-76
-60
-39
-22
-5
1
10
23
23
6
-12
-26
-34
-42
-59
-69
-56
-38
-28
-29
-41
-58
-70
-83
-101
-114
-131
-141
-152
-147
-131
-132
-156
-188
-211
-214
-217
-238
-261
-281
-291
-297
-314
-333
-338
-328
-316
-308
-306
-309
-297
-277
-265
-276
-294
-294
-268
-232
-218
-226
-229
-229
-226
-220
-201
-168
-149
-141
-133
-114
-101
-101
-106
-93
-76
-43
-2
22
29
25
13
18
37
56
69
89
123
157
169
168
162
170
197
203
180
167
171
186
198
195
194
197
193
186
185
184
182
179
177
169
163
165
173
186
200
202
194
194
196
199
200
193
193
199
203
199
194
192
185
177
170
180
195
202
199
187
179
182
192
203
218
228
229
227
219
202
187
182
196
202
199
189
186
195
195
183
167
154
154
153
144
134
144
164
181
176
153
144
137
135
136
133
122
114
117
131
122
114
118
122
129
134
137
137
131
122
120
119
115
117
120
132
133
121
118
115
117
124
133
137
133
123
120
115
112
108
113
122
133
130
121
122
131
124
93
44
3
18
81
137
155
145
139
161
186
188
166
135
115
109
113
131
148
140
123
104
86
73
74
87
101
106
103
97
87
83
83
85
87
91
102
102
91
85
83
74
59
49
36
26
20
3
-20
-42
-60
-68
-55
-29
-8
8
22
37
55
70
75
67
54
53
56
58
51
42
54
71
76
74
72
69
65
58
57
56
59
71
86
97
87
71
59
61
71
73
73
75
74
68
67
60
56
60
66
66
59
57
55
53
59
67
68
61
66
75
75
58
42
49
60
66
69
72
74
74
65
51
43
42
51
64
65
60
57
52
48
43
37
34
32
34
41
45
39
34
40
43
44
44
52
58
60
66
64
49
27
20
35
58
66
52
38
42
54
64
70
68
68
66
65
69
64
43
21
5
12
32
48
61
67
66
74
84
83
77
73
67
59
52
53
65
75
85
84
70
58
64
64
66
75
88
89
87
83
83
82
75
68
0
67
75
84
83
82
86
88
81
70
70
75
84
87
85
75
68
65
59
57
66
77
76
72
67
64
64
58
53
45
51
65
74
72
68
69
69
67
69
71
67
61
66
67
67
68
64
51
37
40
49
53
49
45
65
74
64
50
60
76
73
54
42
40
42
49
52
54
59
58
52
48
41
36
39
43
34
21
24
36
39
35
41
56
67
58
44
45
48
39
40
43
43
44
55
64
66
59
52
41
41
36
24
20
26
39
43
40
39
39
43
48
51
53
45
33
27
36
42
42
37
33
39
42
28
17
10
20
37
52
58
70
85
93
100
91
70
51
52
64
65
53
42
44
52
60
68
66
69
68
56
38
21
18
22
22
21
20
17
7
0
-3
7
28
44
36
16
9
20
26
21
7
-1
-3
5
8
10
0
-9
-3
13
22
20
24
40
49
44
51
65
68
68
59
50
53
64
69
69
68
68
64
66
74
80
75
70
71
64
60
68
68
59
55
58
66
61
55
49
37
27
20
10
2
-4
-11
-24
-44
-61
-75
-77
-65
-45
-28
-12
7
40
59
64
66
65
61
59
56
48
40
50
66
72
71
69
76
88
93
92
82
69
66
65
66
82
97
87
60
54
67
84
88
88
86
83
81
72
64
50
49
59
70
70
74
70
53
42
52
66
67
57
45
36
25
26
33
29
18
7
4
12
28
35
33
20
17
18
18
18
20
25
28
28
29
35
41
41
37
32
29
36
44
48
48
48
42
38
36
35
28
27
27
21
28
45
54
51
35
25
29
32
34
41
51
52
51
50
43
38
33
33
33
26
20
13
20
22
33
38
38
40
48
55
60
59
51
41
48
58
59
52
52
59
66
59
55
69
80
74
68
57
51
60
73
76
69
58
50
51
59
71
81
87
86
81
71
65
60
58
59
57
57
59
59
57
53
52
52
57
64
60
67
70
61
48
40
50
57
57
50
49
52
48
39
32
29
37
50
59
64
56
44
42
44
42
36
26
23
24
21
20
24
27
29
29
33
39
55
71
71
64
57
53
35
6
4
18
25
27
32
34
38
38
42
42
32
25
24
26
26
26
27
34
44
56
59
54
53
57
60
66
67
69
66
58
52
53
58
60
65
65
64
59
57
59
59
66
68
61
56
52
44
42
51
65
70
61
40
25
26
28
32
29
27
36
51
65
61
53
0
45
40
39
44
55
66
74
80
67
53
45
39
35
38
49
52
41
23
7
19
37
35
22
20
29
44
53
52
43
39
33
38
56
61
55
38
23
17
21
28
36
39
37
36
35
33
37
42
45
52
53
54
52
50
48
48
55
58
66
66
66
69
68
