43
70
81
71
49
41
56
59
42
32
37
43
57
68
68
64
53
38
19
12
27
33
13
-5
-10
-22
-44
-60
-61
-54
-43
-34
-18
-1
32
64
70
75
82
76
68
71
84
82
72
72
72
71
71
66
56
49
48
50
64
73
75
69
55
40
35
39
42
41
52
71
82
83
82
70
60
60
60
58
59
54
50
49
45
42
50
53
44
45
56
66
70
80
74
67
70
80
70
56
39
36
44
43
49
64
59
37
25
33
40
52
57
56
56
72
85
77
58
40
44
66
74
80
76
67
55
61
71
61
57
75
82
66
44
45
60
64
45
28
18
24
42
50
35
32
44
52
35
18
36
58
58
49
35
37
53
53
44
43
64
88
86
57
42
56
58
37
16
13
17
22
26
25
23
40
74
84
64
26
6
18
34
39
27
7
8
32
48
44
43
54
44
29
28
41
53
67
66
48
41
65
76
61
49
43
50
43
28
22
26
34
37
37
40
64
87
90
74
66
72
85
85
74
44
26
49
82
82
52
34
33
23
16
24
45
60
64
50
42
59
87
81
48
36
37
36
39
38
25
24
40
58
58
48
35
35
50
61
39
7
16
42
57
55
58
67
58
44
51
58
59
64
72
72
50
20
19
43
73
73
60
65
75
81
69
60
57
52
58
81
92
81
64
56
60
73
80
67
56
56
53
50
54
42
28
35
51
56
54
51
35
21
22
27
23
19
19
10
4
4
11
2
-7
-3
11
33
48
43
27
9
7
19
20
24
39
42
20
6
23
42
42
37
34
34
36
34
32
42
59
71
73
64
57
61
67
53
33
28
34
27
37
44
38
48
75
103
97
76
77
91
100
97
87
80
71
87
104
97
87
81
60
45
40
24
25
64
97
99
57
11
0
10
8
-11
-30
-50
-69
-70
-52
-27
-13
-22
-29
-8
35
72
87
85
81
97
117
114
103
102
93
74
72
84
89
70
39
35
49
75
100
108
90
61
61
82
75
50
37
39
48
70
99
90
51
19
22
41
56
58
55
57
61
65
65
57
53
66
91
89
70
72
80
73
65
45
28
24
32
42
48
48
54
43
32
35
51
55
55
48
40
53
67
71
73
52
22
16
20
20
17
9
-1
-4
6
17
23
33
37
45
52
54
58
59
67
69
59
41
0
38
50
61
52
24
16
36
53
43
39
65
90
98
86
72
59
49
38
37
40
38
32
26
38
57
71
83
96
124
155
147
85
23
19
41
59
55
37
37
64
83
87
89
81
60
37
20
33
52
55
50
41
37
36
35
34
27
18
8
8
16
20
25
38
54
51
41
49
41
39
66
66
37
26
49
65
53
41
25
6
13
21
21
23
38
54
54
56
54
56
59
54
66
85
89
86
91
100
101
89
73
80
85
75
69
85
103
103
100
96
92
87
74
58
37
34
50
64
66
64
52
34
25
40
60
52
41
41
52
54
56
60
56
40
19
20
22
21
32
49
44
34
33
29
20
27
50
61
61
49
49
58
58
71
81
69
55
59
68
57
36
27
44
57
43
21
28
57
43
12
4
16
33
45
58
66
66
72
65
50
44
55
53
43
48
57
37
12
22
43
50
51
49
56
69
67
61
55
44
34
24
32
45
52
48
42
57
70
59
42
40
53
54
50
42
38
24
22
38
50
45
32
27
40
51
42
25
9
7
24
41
42
21
8
19
43
53
57
56
39
20
41
74
66
48
44
43
36
35
48
52
44
41
35
18
10
12
-8
-36
-34
-23
-28
-25
-10
5
8
10
32
59
84
102
100
85
74
68
69
85
89
61
27
20
39
59
70
80
89
90
98
101
99
92
82
56
34
29
41
43
39
38
54
74
75
64
42
43
69
96
98
75
53
52
53
38
22
19
35
35
5
-3
18
39
67
77
67
52
50
58
59
34
0
-2
18
36
57
65
56
45
32
23
22
21
21
24
44
68
64
29
17
26
23
11
10
19
22
35
49
52
48
44
50
50
39
17
6
24
36
35
34
33
38
53
54
54
58
43
32
39
42
27
22
26
38
40
28
8
12
43
66
73
65
50
53
64
68
64
51
32
29
50
53
37
29
38
36
35
56
71
60
53
61
67
61
57
57
68
72
84
90
91
89
75
64
52
54
73
83
80
73
67
76
92
86
84
87
103
102
88
90
97
102
107
99
70
58
80
99
84
50
19
10
21
23
23
35
43
40
38
40
50
59
60
64
55
40
38
40
33
26
16
-4
-13
-9
-3
1
2
2
6
25
37
32
25
25
13
1
9
17
5
4
23
42
38
16
3
20
40
52
48
41
39
52
68
67
73
87
75
56
44
41
44
43
40
42
0
49
69
72
75
90
93
91
91
91
87
88
87
89
82
61
40
24
33
52
67
65
56
57
61
58
64
51
42
38
37
51
74
88
83
60
41
44
56
51
26
24
42
66
64
48
48
64
69
53
44
52
55
51
53
64
58
57
51
37
21
12
6
2
12
32
54
53
28
25
41
56
52
41
26
16
25
34
35
40
42
54
68
74
82
84
73
56
60
82
68
40
27
37
54
60
64
52
42
43
45
48
49
45
42
34
26
28
35
37
38
38
36
52
76
97
86
50
26
36
42
22
-11
-42
-60
-66
-56
-29
-11
-4
9
36
68
93
102
102
100
88
75
71
76
91
91
73
67
74
83
81
71
66
53
40
42
64
83
83
73
57
50
59
80
83
58
34
25
34
42
53
55
48
42
42
43
59
76
65
41
36
44
55
59
72
75
51
9
-23
-18
11
42
49
27
21
25
26
17
10
12
17
25
25
22
26
44
66
77
75
54
37
26
23
37
48
41
36
40
66
88
91
70
41
36
36
28
51
75
69
48
51
53
42
40
52
69
69
44
17
7
5
2
34
57
22
-25
-12
37
83
106
136
193
250
275
249
294
385
418
454
470
477
506
551
635
723
749
716
680
690
725
732
710
666
641
633
597
566
577
572
551
531
500
448
401
365
344
325
306
306
340
310
243
215
193
170
165
130
68
34
29
54
59
29
-1
-19
-18
-26
-49
-85
-103
-91
-100
-122
-165
-204
-216
-226
-264
-309
-343
-355
-373
-403
-441
-481
-499
-517
-515
-505
-521
-540
-554
-572
-566
-555
-572
-599
-584
-540
-533
-558
-594
-602
-568
-521
-492
-497
-504
-492
-476
-469
-454
-439
-438
-453
-458
-436
-395
-357
-358
-378
-350
-302
-277
-264
-257
-260
-254
-235
-205
-187
-186
-193
-172
-137
-125
-121
-109
-93
-93
-117
-106
-72
-54
-35
-35
-42
-23
20
48
40
23
22
42
57
59
52
51
55
70
98
113
122
125
120
122
139
163
155
134
130
140
156
165
168
162
150
151
156
152
145
167
195
193
176
165
166
181
192
178
172
169
163
169
166
162
169
177
170
171
185
184
178
173
169
162
167
182
185
192
209
218
209
199
196
189
194
181
167
166
169
168
164
177
181
167
167
187
186
172
148
129
123
136
146
129
112
103
107
119
118
106
102
112
119
115
108
102
103
113
116
122
129
131
138
139
129
117
112
108
117
112
100
104
134
140
101
54
33
32
39
28
1
-7
-14
-25
0
-20
8
56
91
100
98
96
105
129
123
107
104
98
82
68
80
97
92
70
59
65
64
53
59
80
84
85
88
86
82
85
80
70
83
84
69
69
84
96
88
85
77
69
54
41
42
48
53
60
68
76
85
80
66
68
89
96
71
57
53
48
44
42
40
35
18
-3
2
24
37
28
16
21
43
57
44
35
40
55
54
40
42
52
57
55
40
44
57
57
66
83
89
57
25
20
43
84
97
80
67
59
55
51
45
39
50
65
70
56
43
48
64
73
61
39
27
39
40
29
34
51
56
56
59
53
44
48
51
40
19
6
11
29
38
54
59
64
81
96
86
67
57
52
36
36
53
65
55
51
59
64
57
54
56
65
73
67
61
71
81
87
82
58
53
67
72
64
58
64
71
67
54
42
33
40
55
58
52
24
-3
8
50
72
86
102
104
92
84
89
91
71
43
36
42
70
101
107
82
69
66
59
54
50
54
43
48
70
90
81
43
22
43
72
64
40
17
-4
2
25
41
48
52
64
71
70
71
69
51
24
16
10
7
6
7
11
21
34
44
48
37
20
12
24
25
19
25
51
69
67
51
53
71
82
85
84
74
65
53
51
59
81
92
80
51
29
27
35
41
49
56
54
43
39
41
48
44
51
70
72
71
75
89
76
55
37
26
24
24
25
20
12
16
19
21
29
40
41
26
17
20
26
37
45
65
73
56
35
39
45
27
16
4
-7
-4
2
-2
2
8
7
18
35
34
35
37
48
73
92
89
76
53
34
42
58
60
56
52
37
21
23
50
55
54
44
26
36
56
58
52
52
48
51
64
77
76
69
55
37
44
68
72
67
76
80
72
73
76
52
8
-12
-12
-19
-36
-52
-75
-85
-56
-33
-44
-57
-51
-29
-4
25
27
13
36
74
81
61
54
65
61
56
70
93
90
70
65
76
96
88
76
89
88
81
76
67
42
24
17
21
35
34
33
36
40
56
81
93
69
42
45
72
93
90
77
67
52
35
24
17
27
45
44
41
39
49
66
59
37
19
19
32
29
20
17
20
22
13
5
5
9
11
18
37
40
44
59
64
67
83
93
85
66
59
61
56
49
49
55
64
57
35
20
27
42
51
54
58
58
58
54
44
38
44
44
40
57
67
58
48
51
60
64
49
29
32
39
43
48
48
45
39
32
21
6
5
23
42
59
50
24
0
32
58
67
40
5
-1
33
69
68
38
34
52
54
37
32
43
59
64
55
39
41
53
64
60
56
56
58
60
59
59
58
56
58
56
39
24
21
26
49
71
70
59
71
82
66
38
34
41
40
43
49
54
68
80
83
65
48
41
37
32
42
64
81
84
80
75
76
82
55
13
5
29
55
69
80
68
38
26
35
41
32
19
21
44
84
107
105
91
80
76
82
84
64
50
39
35
52
60
48
29
25
25
25
24
24
18
22
26
25
29
37
48
56
59
70
73
60
45
38
33
32
50
66
61
56
64
76
84
72
56
45
27
11
24
34
34
39
41
53
67
75
76
66
53
41
27
21
23
28
48
64
59
41
24
32
45
44
27
17
36
59
65
45
21
12
20
37
35
21
24
43
55
58
58
56
58
58
34
4
0
24
41
40
29
41
54
54
60
80
91
82
52
55
82
85
71
65
64
58
56
56
45
58
84
81
59
54
64
71
81
85
77
66
53
61
69
58
59
66
68
70
43
11
16
45
67
49
16
-11
-26
-29
-29
-26
-17
-21
-27
-4
36
66
82
88
73
43
53
86
117
136
124
106
83
68
67
65
54
56
71
70
58
55
60
71
70
43
24
27
27
42
59
54
36
23
24
33
37
28
27
42
45
39
35
42
49
33
20
33
53
71
74
57
40
51
73
72
38
7
4
9
24
42
49
54
57
44
33
34
35
40
38
44
67
68
51
50
73
75
44
19
24
40
56
58
50
43
39
35
36
44
57
53
42
41
29
28
43
45
34
27
26
36
36
34
38
44
41
33
34
39
52
52
35
12
11
24
38
52
56
37
26
43
58
60
64
56
52
51
44
32
20
28
40
49
52
52
48
56
77
83
70
69
66
70
75
64
56
64
68
74
83
82
82
81
91
104
112
114
109
107
97
73
60
54
67
77
81
75
65
58
59
64
52
40
42
60
65
65
57
40
38
42
40
38
49
42
26
26
33
35
39
37
43
64
70
53
11
1
28
48
49
53
52
48
52
69
68
48
36
45
65
56
37
32
42
50
35
32
35
27
16
10
28
42
43
37
34
39
40
28
12
4
11
20
17
24
33
21
21
37
37
23
17
24
40
35
35
50
67
73
76
89
96
90
74
58
61
80
85
76
59
41
39
49
52
50
61
73
71
74
84
100
103
83
59
0
50
53
66
82
90
81
50
28
34
51
67
69
66
65
58
57
66
60
53
52
60
72
80
86
77
50
25
23
34
41
37
27
40
45
39
38
41
33
25
28
32
36
25
17
17
36
72
89
70
42
33
48
69
59
38
27
42
66
66
50
38
36
43
57
41
5
9
55
91
97
71
54
57
69
72
60
53
54
49
34
8
-8
-11
-20
-35
-55
-61
-55
-44
-23
8
42
65
80
85
84
87
87
80
65
60
57
52
53
74
99
102
87
69
72
73
65
65
73
64
43
45
59
64
55
49
39
33
27
41
55
54
37
26
32
21
12
17
18
26
41
55
64
59
43
36
41
45
50
54
53
61
73
70
65
52
37
33
32
32
39
40
34
52
69
65
48
41
48
50
55
53
34
11
10
21
26
9
-18
-4
12
4
1
3
13
39
53
41
33
44
54
52
54
45
34
37
52
59
55
41
16
-2
8
42
71
59
35
24
55
87
83
70
64
54
60
73
66
51
57
58
33
11
26
52
57
48
23
10
32
64
83
76
57
58
67
59
57
58
50
41
50
53
54
66
68
58
70
85
76
64
43
25
34
56
75
69
56
49
39
52
71
71
51
27
39
69
80
82
69
50
43
51
45
28
42
83
92
85
82
74
64
57
60
66
65
72
60
43
50
66
73
72
64
52
48
24
4
26
60
66
56
49
29
23
23
22
26
26
17
9
18
38
50
49
56
56
49
43
39
43
52
48
37
36
44
60
72
72
55
33
27
35
52
71
73
48
17
13
34
56
59
48
22
10
22
27
38
53
68
71
51
38
44
54
49
41
43
58
74
76
69
54
50
53
74
92
68
36
25
34
39
27
12
22
39
35
33
48
60
81
75
54
45
58
80
84
76
61
53
58
59
45
35
28
40
56
55
34
18
27
34
26
32
44
54
57
54
41
37
28
26
21
8
4
20
36
38
53
64
54
36
17
26
60
90
113
114
89
55
51
58
67
70
58
43
39
37
44
58
70
80
73
81
86
64
36
36
66
92
93
67
41
40
27
11
1
-24
-61
-88
-71
-34
-7
3
17
28
32
60
101
106
96
75
65
64
59
53
51
49
49
52
51
26
23
43
68
90
88
68
58
66
85
91
93
85
74
81
80
64
53
48
43
43
49
41
33
48
56
50
36
25
33
29
16
19
32
38
40
41
0
44
52
52
51
41
39
51
45
41
40
48
52
52
57
65
61
54
48
42
42
50
51
38
29
41
70
73
55
49
55
57
61
61
40
24
40
52
48
44
41
34
19
9
10
2
1
18
36
45
43
36
36
50
69
81
73
59
45
45
45
34
11
3
7
9
9
11
24
38
39
37
55
89
83
41
12
5
23
36
22
1
-2
10
33
52
59
60
74
90
86
83
88
71
56
57
65
75
84
73
51
34
28
20
18
25
41
61
68
52
42
54
70
75
67
64
88
108
89
57
44
50
65
61
42
35
38
48
58
68
66
53
41
40
43
43
41
48
53
51
51
56
49
34
36
53
68
59
48
45
53
66
69
56
32
18
28
56
71
65
54
59
85
96
82
65
53
41
48
54
38
35
40
42
41
35
50
61
67
60
45
43
56
84
98
65
45
53
56
50
39
29
35
44
60
74
71
58
54
54
53
57
61
57
52
50
54
64
55
48
48
50
55
55
55
43
33
34
40
35
22
9
-7
-2
25
56
69
69
57
39
11
4
11
23
32
37
59
54
21
4
18
27
26
19
16
28
50
67
60
42
26
26
38
35
35
56
80
81
61
43
34
36
43
54
64
50
38
35
27
23
27
21
6
7
20
38
57
54
38
34
40
51
43
35
45
59
53
43
48
61
81
82
70
56
42
43
65
96
112
88
60
59
74
75
54
24
19
16
-1
-19
-28
-40
-43
-40
-43
-37
-20
-19
-28
-21
12
54
80
82
76
82
96
104
96
81
72
66
70
86
87
81
75
73
69
64
75
85
76
72
74
74
61
53
55
67
67
54
52
50
39
32
42
60
74
68
65
72
66
57
55
55
57
56
58
73
92
105
97
70
53
53
58
49
37
42
51
58
76
92
88
72
72
71
56
52
53
48
49
48
48
37
37
54
70
70
53
57
84
92
92
92
87
85
76
60
55
66
74
71
58
40
27
17
11
18
36
48
21
4
22
43
48
42
42
44
50
43
26
20
23
19
12
23
37
34
13
3
11
24
35
54
64
37
21
37
53
54
50
43
45
55
71
80
65
66
69
42
21
25
43
48
40
39
48
50
53
50
37
42
59
53
38
36
39
50
45
45
58
58
36
38
67
83
80
56
34
27
34
41
37
36
43
49
39
36
55
74
76
74
61
39
33
54
68
53
41
53
66
0
60
52
28
6
-1
11
39
59
67
51
43
38
29
32
28
21
20
26
35
50
37
21
16
18
19
33
53
39
6
9
50
67
64
60
54
52
45
44
48
42
39
40
48
45
40
41
44
33
4
3
22
53
57
43
36
32
27
25
26
36
53
69
58
36
26
33
40
38
35
35
29
32
38
59
96
101
77
43
23
29
33
21
12
36
60
45
5
-12
3
33
42
41
37
35
38
38
45
39
27
20
9
18
33
41
40
21
20
33
39
32
24
27
36
49
66
71
75
74
65
64
72
92
105
113
103
86
76
82
102
112
101
80
56
55
81
106
117
106
90
88
80
56
44
51
51
45
44
37
35
44
41
23
24
39
51
55
70
97
89
55
27
9
0
-9
-25
-37
-45
-59
-67
-59
-49
-52
-65
-54
-10
51
101
122
125
118
105
104
99
85
71
65
59
65
74
90
100
91
69
48
34
26
29
53
75
74
60
55
64
74
68
67
73
69
59
64
70
67
66
60
53
50
56
70
67
38
4
-11
6
37
34
5
6
51
85
82
71
57
53
39
20
4
-1
5
21
27
35
52
60
54
40
37
52
59
55
58
70
81
89
65
33
28
38
34
32
35
28
34
36
25
23
35
45
37
25
52
81
76
65
59
57
43
20
20
24
34
57
80
90
85
68
43
39
58
71
71
80
85
80
77
74
69
48
25
16
28
57
85
75
54
39
52
73
80
67
58
58
58
68
76
77
72
76
89
108
121
101
57
38
43
58
64
77
65
55
122
162
112
84
116
107
103
152
164
172
243
279
314
353
363
378
407
450
474
513
581
619
603
587
600
586
585
585
557
553
578
584
555
492
456
409
370
343
323
330
339
320
310
322
322
284
200
147
139
144
155
163
170
162
135
112
96
82
68
29
-9
-37
-72
-85
-53
-22
-13
-22
-36
-52
-72
-86
-105
-133
-147
-179
-233
-278
-299
-323
-356
-379
-421
-451
-475
-497
-500
-498
-514
-538
-561
-541
-538
-572
-590
-589
-589
-581
-565
-555
-579
-609
-596
-542
-514
-514
-494
-460
-435
-423
-427
-436
-429
-404
-372
-340
-313
-298
-295
-281
-263
-253
-257
-243
-218
-214
-214
-202
-188
-172
-152
-121
-92
-93
-102
-98
-75
-43
-21
-17
-18
-17
-24
-38
-21
8
16
38
42
25
26
40
56
65
41
23
34
68
90
96
109
119
121
134
140
137
122
115
135
163
161
145
148
167
182
193
196
192
184
202
228
204
179
0
183
192
179
156
152
177
189
181
188
194
168
162
156
141
149
155
146
145
163
187
205
196
163
133
128
149
152
116
87
82
70
66
65
68
65
58
73
104
145
184
202
201
188
183
188
204
212
194
176
163
171
192
186
169
162
155
139
122
113
106
113
139
172
180
155
149
153
145
129
107
92
82
82
98
112
87
57
70
102
106
73
60
81
100
116
102
77
77
75
66
71
86
84
72
50
37
43
41
39
53
81
91
77
61
76
103
103
87
85
90
101
132
146
109
80
80
84
84
84
96
99
84
55
38
38
42
48
33
16
10
25
41
43
50
59
74
69
52
37
43
59
51
37
25
12
20
43
65
64
54
48
38
41
58
65
71
76
82
86
87
90
84
68
65
67
68
67
56
53
50
52
55
58
56
48
51
59
66
80
86
69
53
56
70
75
84
86
90
105
120
104
75
50
27
9
5
23
52
58
56
60
58
57
45
21
20
34
27
23
33
37
34
59
85
97
98
68
42
38
35
34
28
24
37
38
35
37
37
29
25
19
6
0
12
37
54
54
49
37
28
35
49
57
56
65
69
64
55
39
18
16
33
33
4
2
18
34
38
22
17
25
33
41
50
59
67
74
105
105
67
53
60
82
91
82
64
51
43
44
43
44
49
54
52
35
22
25
37
61
81
75
60
39
24
26
67
101
83
36
13
26
45
52
52
39
21
8
9
25
41
44
43
45
48
56
66
73
72
60
54
61
71
60
40
28
28
27
28
41
42
27
20
32
56
74
65
42
40
43
44
49
52
64
56
32
20
37
61
70
74
88
100
77
65
64
55
39
26
35
57
85
85
68
51
38
42
53
60
54
51
60
77
83
68
52
51
43
48
54
48
44
37
32
32
29
37
44
56
59
59
65
69
57
18
-21
-26
-10
-6
-33
-74
-90
-60
-22
3
8
8
23
66
99
108
113
128
149
153
144
137
144
119
84
67
68
77
67
38
33
54
72
75
75
74
64
56
82
90
65
34
20
20
24
33
51
56
33
5
1
21
49
45
24
13
10
18
17
17
25
38
33
3
1
26
37
21
23
22
-2
-20
1
42
85
83
57
58
72
67
48
41
51
55
42
35
50
75
84
80
68
50
36
38
44
45
48
53
55
57
74
101
96
58
41
54
66
70
60
40
36
40
36
28
28
23
22
24
0
32
34
33
38
58
72
75
82
82
68
74
84
60
35
34
45
57
49
26
16
10
21
50
68
56
36
50
81
84
60
52
54
42
21
22
51
71
84
82
68
48
58
91
103
91
76
70
81
85
75
71
84
104
116
97
75
71
77
76
53
26
27
44
67
74
82
100
83
36
22
44
50
35
10
-3
3
24
43
44
52
54
59
64
60
55
33
8
-2
6
16
18
10
10
39
58
55
43
27
10
26
45
48
28
20
29
48
44
26
21
22
19
24
25
19
23
38
43
29
19
37
61
59
35
12
25
48
66
75
72
74
73
60
53
54
53
51
52
53
70
89
103
117
102
60
36
26
23
21
24
39
59
70
75
74
64
54
58
65
38
9
16
40
58
45
26
25
36
44
58
65
69
82
89
65
28
37
70
85
72
43
23
38
50
40
33
27
39
52
51
39
40
51
51
57
52
34
27
39
36
23
4
-13
-4
21
38
21
4
4
17
26
26
24
36
45
40
36
49
72
72
56
50
61
75
59
38
54
81
76
48
35
38
42
41
35
28
34
36
25
9
10
35
57
70
71
64
59
70
76
67
51
44
48
52
70
88
99
100
86
82
98
101
89
55
9
-7
2
16
16
-8
-44
-68
-91
-91
-62
-33
-7
2
-4
0
16
50
84
92
71
65
83
93
91
82
70
69
83
88
76
83
88
67
33
23
33
43
56
66
75
87
85
86
99
90
69
55
60
59
54
45
44
39
21
10
22
49
68
66
57
57
58
67
70
55
33
20
28
49
59
49
26
9
4
3
4
9
25
48
51
55
68
80
73
75
76
70
55
26
6
18
32
35
34
36
29
32
36
44
52
56
49
26
26
40
64
73
65
51
41
36
26
18
23
44
52
35
19
29
54
57
50
27
7
10
16
12
17
24
37
41
29
34
50
58
55
44
51
56
54
45
44
37
17
16
32
59
86
92
83
58
52
67
82
80
71
70
69
64
74
89
91
86
82
92
103
115
118
102
74
54
58
64
56
55
72
93
103
99
83
66
64
61
52
28
12
22
50
61
43
20
9
12
20
12
9
7
21
26
22
12
9
12
9
-4
-13
-8
17
49
66
57
44
35
36
45
41
33
40
55
72
70
44
37
40
37
24
18
11
25
43
33
8
11
35
48
45
39
41
48
73
90
68
48
65
86
80
67
58
0
49
43
53
67
83
82
87
97
99
89
86
70
45
23
10
23
44
59
70
75
80
87
91
72
40
26
50
70
59
42
43
57
68
53
28
20
22
35
43
37
24
24
34
39
36
41
49
59
49
29
25
25
18
2
-9
0
19
37
45
51
67
86
85
66
56
56
51
43
45
54
66
64
50
50
73
81
57
39
38
39
28
28
55
80
76
55
49
58
54
53
66
76
91
91
80
66
68
68
57
53
52
67
89
97
83
71
67
70
60
34
10
13
29
27
13
12
20
32
52
70
68
49
32
22
33
49
54
45
38
54
82
72
22
-6
7
36
44
36
10
6
22
26
-2
-39
-44
-28
-29
-42
-52
-35
-7
7
25
67
98
121
137
145
137
130
121
101
74
57
65
69
57
57
74
91
102
93
70
57
64
66
65
60
53
43
36
28
17
16
27
40
50
54
51
39
37
55
82
81
53
33
36
56
64
54
53
64
77
93
98
91
82
72
61
64
66
48
21
12
23
50
71
72
56
40
48
67
75
68
49
37
51
69
66
55
39
27
37
37
16
1
0
-1
-10
-18
-8
9
32
42
38
48
72
85
74
66
56
54
56
64
68
66
69
73
61
38
34
55
60
43
27
18
26
48
36
10
-3
-7
7
32
44
29
3
-13
-11
-2
5
6
8
17
16
17
24
42
68
75
76
87
102
112
118
116
106
96
104
123
118
86
72
82
90
104
109
99
90
98
101
102
92
73
55
54
52
43
34
28
36
26
-1
-9
11
25
10
-1
2
-1
9
41
57
57
58
76
101
98
71
51
52
57
58
52
43
53
82
100
99
93
82
58
42
40
53
58
44
27
20
34
49
39
18
5
16
13
-8
-12
16
25
8
11
28
42
43
35
32
38
40
39
35
23
11
24
43
48
33
11
1
7
22
28
25
34
50
68
66
66
75
84
84
73
65
56
53
49
51
52
48
48
45
42
40
25
19
23
24
23
32
40
37
32
32
34
44
45
41
38
32
24
25
22
6
-8
2
22
21
16
16
21
35
44
53
53
43
40
41
34
33
42
55
70
55
35
44
58
52
33
11
22
59
75
56
39
50
70
69
57
41
42
55
59
58
39
22
22
25
34
36
20
10
35
56
51
50
57
65
66
69
77
87
99
101
89
71
44
43
60
70
60
48
44
52
57
54
56
42
27
35
52
69
72
0
55
34
21
24
24
11
-4
-21
-38
-43
-45
-39
-17
-11
-7
12
38
55
80
102
99
80
72
88
107
106
74
49
43
54
60
57
50
41
52
58
41
21
10
23
52
68
56
45
55
68
73
73
59
36
25
41
52
53
54
56
55
42
32
21
32
58
84
88
88
80
73
74
75
66
38
20
25
38
50
64
55
35
12
10
19
23
27
42
57
72
85
77
57
43
41
38
32
23
33
54
53
43
27
7
1
11
37
69
82
55
44
80
102
87
59
40
33
33
40
35
20
12
18
34
28
0
-7
28
74
66
28
10
19
27
45
54
39
36
44
64
72
66
57
61
66
51
52
72
81
68
51
36
44
58
53
41
40
42
56
81
77
58
48
57
73
76
70
69
73
72
70
57
43
36
25
28
33
28
19
8
28
45
49
44
50
61
60
44
38
66
83
58
41
43
54
49
35
40
57
70
69
49
34
34
55
67
57
59
82
98
93
84
85
85
88
92
87
67
42
26
28
36
38
33
36
41
52
48
26
13
18
16
20
38
38
23
10
17
40
60
54
21
7
21
27
32
41
53
54
58
72
68
40
28
32
35
38
35
32
37
36
32
32
41
48
54
64
36
5
7
29
56
80
96
99
80
50
41
49
61
67
52
38
40
50
48
37
41
43
38
41
52
54
37
26
32
26
5
-2
4
12
22
25
32
27
22
25
38
37
21
18
36
55
56
55
57
58
57
56
65
51
25
40
71
88
82
58
58
73
64
40
28
34
53
61
53
49
54
68
72
58
50
56
73
88
73
44
42
75
112
108
107
121
121
108
114
115
81
51
26
2
0
20
59
72
43
5
-3
17
38
49
51
55
56
42
24
8
-10
-10
4
13
20
25
45
60
59
55
57
54
42
38
44
51
41
17
-23
-61
-72
-58
-60
-55
-21
11
24
20
48
97
129
134
128
122
123
123
122
112
97
86
81
75
75
90
121
140
137
128
124
124
120
91
70
67
74
82
59
19
-13
-13
7
39
66
73
61
57
73
75
67
69
70
65
56
56
49
38
40
28
19
24
36
44
59
53
19
-1
11
22
18
28
56
71
65
54
53
36
11
6
17
34
54
59
48
33
-1
-24
-12
9
19
11
17
19
24
44
41
9
-7
6
24
20
16
22
28
33
35
45
60
71
74
66
68
85
102
112
104
75
55
59
74
0
93
97
59
36
49
53
48
39
35
42
53
59
52
45
60
74
55
10
-2
27
50
49
51
67
66
57
54
56
53
44
49
49
57
61
67
81
92
87
69
43
37
38
43
43
35
37
55
83
82
54
52
70
77
77
74
65
55
68
83
68
53
49
54
60
44
22
29
65
81
55
12
0
20
37
42
40
22
19
37
51
64
72
66
32
9
12
20
20
18
27
48
55
52
45
52
51
32
22
12
2
11
55
69
40
13
17
57
98
98
70
42
37
44
53
54
49
32
25
37
48
48
64
82
72
50
39
40
45
43
33
19
21
50
76
85
86
89
87
73
59
53
58
70
58
24
25
70
93
68
23
13
43
57
35
20
29
33
20
16
12
19
40
56
58
54
54
50
53
67
68
59
54
58
69
71
65
54
55
59
73
81
76
67
56
56
67
67
54
36
26
33
39
42
42
23
10
25
50
40
20
33
41
42
52
45
37
40
32
22
23
37
44
42
40
56
59
38
25
28
39
38
35
32
44
58
64
42
34
42
48
39
39
48
53
52
40
28
34
53
69
51
17
1
1
9
25
34
24
19
22
33
27
23
39
42
38
40
32
17
16
27
41
37
22
6
11
34
53
53
44
49
68
91
106
89
70
56
36
23
24
11
-11
-25
-22
-14
-27
-50
-40
4
56
103
107
89
91
114
116
100
83
76
81
86
96
104
112
90
82
93
107
114
84
54
34
18
28
48
48
44
29
22
36
60
80
61
25
0
20
56
73
60
43
43
73
101
75
38
39
69
91
103
97
74
56
44
52
72
73
56
54
57
64
68
75
73
60
51
49
59
73
72
37
20
34
43
39
24
9
5
10
21
37
38
18
2
5
12
28
41
35
22
17
6
2
11
34
43
27
22
34
40
32
32
40
54
54
41
40
52
56
64
58
49
48
52
50
36
22
17
23
32
42
60
67
58
56
56
41
19
23
45
57
66
73
89
84
71
67
65
68
73
67
56
59
72
74
64
72
96
99
80
61
67
74
65
43
35
55
76
82
74
54
41
60
85
82
70
72
76
76
86
114
120
101
65
43
59
80
86
80
65
43
29
27
28
56
83
66
32
22
37
42
36
33
24
2
-12
-11
3
39
68
66
43
38
66
101
117
121
115
116
147
170
192
242
290
314
325
354
407
448
464
486
518
592
0
629
600
564
565
597
633
661
672
635
619
625
611
627
663
676
617
521
484
502
519
481
426
397
384
381
377
363
346
356
317
249
237
258
241
225
213
168
122
109
144
178
162
108
49
38
42
17
0
-12
-34
-39
-78
-130
-106
-74
-75
-98
-115
-135
-125
-99
-100
-116
-122
-124
-124
-118
-90
-113
-140
-150
-166
-153
-133
-148
-183
-211
-190
-146
-138
-165
-154
-139
-155
-185
-217
-231
-154
-92
-119
-169
-180
-165
-178
-219
-232
-199
-179
-182
-198
-212
-198
-169
-167
-190
-210
-228
-238
-241
-226
-187
-162
-184
-233
-266
-265
-248
-247
-261
-277
-285
-306
-350
-392
-407
-410
-451
-497
-507
-508
-518
-552
-580
-581
-578
-584
-597
-617
-658
-674
-667
-650
-625
-613
-645
-662
-642
-614
-605
-610
-596
-584
-581
-580
-561
-532
-491
-485
-502
-460
-414
-414
-437
-421
-363
-326
-322
-309
-289
-264
-233
-203
-172
-179
-193
-198
-189
-173
-156
-123
-67
-28
-12
5
48
90
122
149
179
205
227
245
256
257
260
256
251
248
241
235
233
246
263
289
321
325
298
279
283
305
301
272
290
336
343
322
306
306
299
289
283
278
257
242
250
281
304
292
267
264
272
280
290
288
262
235
231
237
246
256
260
265
276
280
282
283
282
263
247
250
266
283
262
225
211
217
240
244
227
219
227
235
234
227
226
228
224
208
194
197
198
196
195
202
209
204
210
213
212
205
197
202
197
168
163
179
183
181
181
164
144
133
144
149
137
132
139
152
155
138
134
134
114
108
115
97
83
99
108
88
75
85
102
113
107
84
65
50
54
72
86
87
83
80
80
73
65
56
70
102
116
103
116
145
153
149
146
139
121
115
104
93
99
115
124
120
103
83
69
66
70
76
85
89
71
57
55
58
57
55
43
38
35
32
27
39
52
50
37
35
42
40
38
61
86
71
43
44
64
65
42
41
54
45
40
42
38
49
52
48
36
38
64
80
56
44
69
91
96
87
83
80
64
54
69
80
73
49
33
32
36
44
58
58
45
42
42
39
56
82
81
57
43
55
70
66
65
60
56
59
68
71
68
52
39
42
66
75
65
57
65
69
58
41
42
56
58
53
55
64
70
80
87
92
90
88
84
74
66
65
60
49
33
33
39
57
80
72
48
29
49
84
102
96
68
59
81
81
74
74
69
56
44
50
61
75
75
55
27
13
22
26
42
60
67
51
39
48
60
54
41
36
40
42
41
48
48
33
21
28
21
11
0
28
54
66
54
43
51
54
71
80
66
42
22
20
33
33
16
3
10
27
39
43
50
53
53
49
37
27
40
64
66
49
48
64
67
56
48
34
17
3
-7
-20
-38
-61
-72
-59
-23
3
-2
-3
32
91
121
107
85
66
55
43
38
50
57
68
76
67
48
48
68
88
89
84
72
65
69
71
71
80
97
84
64
65
88
102
102
88
80
84
83
70
57
58
71
86
84
73
70
45
9
4
25
33
23
20
22
29
44
51
33
20
33
25
9
9
17
12
24
28
20
4
4
24
55
60
52
43
48
56
57
38
21
22
38
44
40
39
55
65
54
38
24
18
26
37
33
22
11
21
38
42
44
54
64
76
77
64
44
36
38
64
74
66
49
37
38
36
32
40
41
29
32
48
72
82
67
36
27
35
39
38
36
44
56
53
35
19
24
39
57
66
57
58
69
71
68
75
68
51
51
68
80
77
86
96
83
67
65
61
59
52
35
43
60
66
68
74
67
54
49
41
45
59
69
66
52
48
49
74
92
84
68
57
55
67
72
59
33
22
32
38
50
53
40
32
34
45
70
75
58
55
73
74
49
40
55
60
51
45
50
40
25
32
36
26
24
28
16
9
32
45
35
28
45
57
52
37
21
28
50
60
54
29
26
40
37
26
40
71
83
64
34
19
37
61
65
54
58
57
39
27
33
38
29
3
-12
5
34
49
54
45
29
21
22
37
36
26
23
37
55
52
37
35
49
59
65
69
68
65
60
49
32
33
41
50
70
85
83
68
66
80
76
59
51
48
54
60
66
65
70
81
66
41
27
26
28
32
42
54
64
74
84
80
55
37
40
42
41
17
7
28
37
20
1
-5
10
38
51
38
24
40
53
48
38
48
64
75
71
67
67
69
74
81
74
67
50
48
53
45
39
49
70
76
53
37
40
44
40
34
33
29
17
5
5
-1
-12
-13
-22
-38
-49
-41
-10
-2
-23
-46
-33
20
66
75
76
83
90
101
114
108
103
102
92
92
91
96
97
69
33
26
52
83
87
54
33
38
56
72
69
72
83
84
53
28
48
70
69
57
49
45
56
53
41
43
38
17
11
35
58
74
86
72
66
74
68
59
59
58
49
29
25
37
51
48
33
9
-8
1
40
67
60
56
66
71
67
60
55
49
27
11
33
59
66
54
43
32
16
23
37
43
33
0
18
28
56
68
55
41
32
34
42
44
40
44
56
55
41
33
19
18
29
49
57
61
88
104
87
68
58
56
36
16
22
52
66
55
41
34
29
37
34
18
18
26
34
49
58
53
50
60
64
60
70
71
69
72
74
67
55
50
49
34
9
13
40
72
73
50
37
42
56
69
55
36
48
75
70
54
55
52
40
28
20
23
38
42
32
23
26
50
69
53
32
26
34
35
26
36
53
61
58
60
71
71
61
44
35
34
37
52
70
65
48
42
55
59
53
51
49
39
54
69
60
51
39
33
43
74
101
96
74
54
34
25
34
40
35
33
51
70
74
59
48
51
41
25
27
43
53
49
40
49
65
68
60
52
21
-13
-13
16
42
50
45
57
69
66
40
24
39
58
50
28
28
38
39
40
41
28
16
17
25
34
33
29
42
60
80
73
56
52
57
56
49
40
40
43
55
73
85
73
26
-13
-17
7
27
32
20
24
48
69
86
96
88
66
48
58
75
80
67
44
37
26
22
28
33
37
54
70
64
57
51
51
65
61
56
49
37
40
56
66
56
41
36
44
48
35
29
52
81
98
104
102
96
88
75
59
66
80
85
74
53
42
42
41
23
-8
-43
-39
-12
-28
-51
-35
-4
21
34
38
40
52
59
64
68
76
83
85
77
42
26
38
49
57
55
45
49
52
48
56
74
65
53
54
42
32
29
34
48
58
75
87
86
82
83
75
58
42
36
41
44
49
39
35
44
57
56
50
36
32
53
74
102
113
89
66
74
100
122
133
116
82
54
48
57
68
56
43
41
39
21
4
-3
-6
9
32
41
36
25
32
34
21
0
-13
-17
-23
-29
-11
16
21
13
2
-6
5
33
55
65
52
43
65
84
67
37
32
44
53
38
19
4
10
32
52
59
49
37
38
37
34
21
6
7
20
50
72
81
74
72
54
42
49
51
49
48
44
40
39
50
57
67
69
73
76
81
89
90
86
85
92
97
85
66
37
43
61
55
41
29
28
41
58
85
101
81
65
73
72
51
49
48
33
32
49
68
75
71
65
58
39
24
21
28
42
57
66
59
55
61
73
76
75
65
42
25
25
42
58
59
45
24
28
32
38
65
65
39
33
44
54
58
50
40
39
40
41
49
51
35
35
38
33
32
40
57
70
69
65
67
69
72
60
44
50
64
72
53
27
38
66
0
68
52
44
44
41
56
74
75
65
55
65
74
66
54
55
50
36
32
52
74
84
82
85
69
48
42
42
37
32
25
24
41
35
4
-8
8
36
55
50
27
17
16
17
16
10
8
1
-8
-7
-9
-12
-9
9
19
17
13
21
35
50
28
8
22
25
25
28
32
37
48
51
54
60
65
67
66
73
87
98
93
84
85
87
77
69
60
40
27
48
59
48
27
13
20
49
75
72
54
38
37
53
60
71
77
82
86
82
71
59
60
68
60
43
29
13
-1
-4
-21
-38
-29
-8
3
8
29
61
74
76
69
70
96
124
133
105
82
92
108
82
43
56
86
70
40
41
66
76
81
83
70
56
60
68
56
44
44
51
39
17
13
29
37
43
55
65
64
57
59
56
48
43
39
37
41
32
22
20
21
20
21
18
32
67
90
72
58
64
70
59
40
24
34
40
38
40
50
58
51
28
28
32
8
-12
-17
-6
10
33
54
59
49
45
40
28
26
32
36
40
49
48
27
27
58
76
60
41
49
57
72
86
81
64
36
27
38
51
58
70
56
40
38
28
23
37
57
74
89
90
84
75
68
70
82
91
107
118
117
98
83
76
57
55
53
33
25
42
41
18
-1
11
49
68
55
41
45
59
66
64
55
44
38
50
50
28
27
33
20
2
-1
22
56
72
43
24
43
59
53
41
23
20
33
50
67
66
45
36
41
50
53
43
23
36
68
84
86
85
74
68
71
84
82
56
25
1
9
34
38
40
44
38
22
27
51
50
38
29
12
9
28
48
52
54
58
75
101
113
98
74
75
72
40
32
48
52
52
52
28
0
6
43
42
12
9
49
81
85
68
37
33
49
53
33
5
12
39
42
19
9
25
36
29
19
25
27
26
27
35
50
60
42
37
43
38
36
27
27
40
52
38
25
26
23
-1
-19
-14
9
39
61
55
20
2
-1
-7
2
26
33
20
17
35
70
84
70
58
53
41
19
9
18
33
49
70
84
82
66
68
91
93
64
48
53
55
48
52
71
69
42
16
17
43
48
26
22
42
60
66
58
56
76
87
85
77
72
56
48
52
69
76
82
90
99
106
97
59
28
35
64
82
75
54
39
22
2
-9
-34
-49
-38
-13
8
23
48
76
86
86
89
85
65
26
21
39
64
76
81
68
59
56
56
66
71
70
83
98
102
88
70
82
107
101
0
70
64
68
57
42
37
43
66
71
65
65
60
54
56
61
51
40
42
50
45
32
18
17
16
21
27
28
23
28
51
68
65
40
25
20
20
23
23
24
29
29
23
22
18
5
-12
-25
-18
-4
9
29
64
75
54
32
26
32
19
11
23
35
57
59
42
23
-2
-21
-3
34
56
50
37
39
45
64
75
72
70
81
81
68
57
64
64
54
58
65
50
21
17
43
75
66
44
37
26
24
38
44
45
59
80
76
54
39
42
49
52
28
-2
16
60
90
91
76
64
76
90
88
80
80
74
61
58
59
52
50
57
75
97
99
74
50
36
26
32
43
39
37
40
26
12
23
41
56
64
55
50
51
44
43
40
38
48
65
71
50
25
40
72
84
89
96
84
80
87
85
71
68
82
84
59
54
70
77
64
54
58
50
48
64
67
58
56
75
85
72
74
88
76
49
29
22
16
20
32
35
38
55
41
17
7
5
4
10
19
20
18
19
25
22
25
34
8
-33
-26
20
51
56
52
33
16
13
4
-2
3
11
22
33
43
38
19
16
37
57
54
33
33
55
77
70
59
43
21
17
17
12
8
9
24
49
70
76
65
52
55
70
82
81
77
66
60
68
65
40
25
35
55
67
64
54
59
66
58
50
50
73
84
56
36
37
53
75
82
74
72
73
81
84
82
76
76
73
57
43
40
54
69
77
76
80
73
55
65
74
65
66
82
86
77
43
6
0
10
38
85
115
118
123
135
167
214
234
249
291
353
362
347
387
452
515
547
539
525
500
506
540
547
560
576
585
610
614
576
552
614
694
713
684
652
632
631
656
643
593
538
500
456
449
456
432
370
327
311
315
298
246
215
202
214
217
229
197
140
113
97
83
67
48
39
45
59
44
20
-2
3
-8
-45
-73
-92
-93
-82
-57
-78
-103
-102
-81
-76
-101
-135
-162
-180
-157
-124
-121
-156
-181
-184
-156
-130
-164
-186
-180
-170
-182
-209
-210
-201
-221
-247
-222
-199
-205
-203
-187
-165
-173
-205
-201
-199
-233
-258
-244
-220
-213
-214
-219
-228
-234
-248
-246
-253
-270
-280
-294
-322
-349
-372
-382
-394
-417
-440
-457
-459
-434
-412
-414
-437
-491
-534
-542
-546
-548
-565
-603
-621
-584
-536
-536
-546
-546
-541
-556
-581
-579
-569
-572
-586
-581
-552
-514
-487
-486
-500
-487
-462
-476
-497
-473
-413
-380
-378
-378
-362
-312
-293
-314
-314
-291
-261
-247
-243
-220
-195
-170
-147
-132
-107
-75
-55
-40
-20
0
-10
-6
21
51
42
39
70
106
112
115
129
137
140
148
150
157
173
183
173
182
210
225
220
216
216
218
213
217
220
229
227
233
247
268
284
272
235
233
253
272
297
308
295
274
272
275
277
278
268
274
283
282
281
289
292
284
277
274
273
269
275
291
298
291
290
278
251
225
230
257
258
251
260
257
246
234
237
252
260
259
249
214
182
186
214
219
202
196
195
184
193
213
221
220
212
214
227
210
180
164
165
163
157
164
162
154
137
122
115
98
85
72
73
98
120
118
118
122
130
137
131
118
119
135
137
128
133
131
116
108
113
121
124
123
114
104
107
124
124
97
58
40
49
60
86
89
81
88
103
99
83
69
83
112
121
116
102
96
84
64
53
53
69
88
73
43
54
81
81
61
49
34
24
19
24
44
64
81
89
85
88
87
69
43
37
42
28
17
7
2
-5
-21
-37
-56
-57
-45
-28
3
29
41
64
106
134
123
118
113
103
104
109
104
97
105
130
136
106
80
80
89
89
77
81
97
112
101
71
69
99
112
88
72
88
92
76
60
65
66
64
68
61
43
33
29
33
40
68
80
64
40
38
53
70
56
39
35
42
60
73
82
76
67
70
80
70
49
43
38
32
27
39
55
58
51
38
28
24
23
40
58
50
33
19
18
24
23
39
55
69
86
85
81
75
76
74
59
48
54
59
40
6
0
36
87
112
112
119
133
139
161
187
193
155
118
113
147
182
171
144
122
107
82
56
66
75
61
48
51
56
49
26
22
24
27
37
49
54
44
23
-1
-12
2
36
58
44
27
29
32
36
48
51
48
36
21
34
64
61
28
5
7
13
23
40
43
44
48
48
41
32
24
27
25
18
21
34
27
19
24
27
12
1
3
0
-25
-45
-14
49
81
55
33
45
71
82
92
115
130
128
108
85
73
73
64
32
-3
-17
2
28
29
29
37
32
20
9
7
26
50
37
18
28
42
27
17
20
11
10
29
38
26
22
44
76
91
82
54
36
33
24
28
35
25
12
17
12
10
12
8
12
22
26
27
35
53
59
51
50
48
50
66
76
70
64
57
51
38
38
59
76
68
60
61
65
71
85
98
102
97
104
103
77
52
54
89
106
81
39
32
65
89
75
28
1
7
28
36
23
23
41
58
57
50
56
71
82
66
23
3
18
53
83
76
58
41
35
21
0
3
-4
7
40
58
54
40
32
40
53
55
43
24
18
20
36
57
71
75
56
10
-13
2
28
26
6
1
22
54
76
76
67
50
38
39
56
56
41
39
40
36
34
38
28
11
17
39
50
49
53
45
41
41
26
18
27
29
11
-11
-24
-24
-43
-69
-65
-43
-29
-20
1
32
71
104
130
147
141
136
135
124
108
96
84
76
72
73
92
123
139
130
108
89
84
82
72
57
66
90
99
84
74
87
98
80
58
59
72
58
39
39
43
53
