41
35
32
25
25
28
40
53
64
65
69
75
74
68
60
55
55
56
58
74
92
96
81
60
48
42
49
43
26
16
23
28
19
7
5
11
9
2
-2
-3
-2
-5
-13
-23
-26
-37
-56
-65
-46
-23
-13
-2
21
44
71
86
77
70
81
86
82
82
83
82
90
108
119
115
109
109
109
114
121
144
148
136
129
124
107
83
64
57
55
41
41
40
26
19
17
19
4
-10
-5
16
37
40
23
12
9
5
1
9
24
23
8
3
3
-3
-6
-7
-10
-8
1
12
22
26
35
52
64
68
77
86
84
76
82
89
88
96
101
103
90
73
71
72
76
89
93
88
66
37
34
38
26
12
11
17
27
32
10
-6
-19
-23
-13
-5
6
23
35
37
24
8
1
8
21
34
37
29
19
11
16
36
50
53
48
45
48
43
40
49
72
93
107
109
112
101
84
73
77
72
51
39
45
57
64
51
36
32
24
21
21
21
36
42
33
21
21
27
39
43
49
53
59
58
43
24
28
44
66
85
96
92
93
107
115
117
115
103
87
80
91
113
120
120
121
128
117
88
66
58
59
65
64
64
50
16
10
29
45
48
32
10
1
-2
8
18
5
-5
-3
5
11
19
25
18
3
2
9
20
24
32
28
24
23
23
0
34
42
51
59
69
66
50
35
33
37
49
71
93
85
52
40
50
55
44
35
39
43
43
53
67
65
48
41
48
54
64
59
58
59
64
57
55
55
43
25
16
18
17
7
7
11
16
19
22
24
27
35
34
26
27
37
34
26
21
17
17
19
33
49
58
51
27
20
22
23
20
13
21
35
45
51
67
75
69
58
58
58
52
51
61
72
76
75
73
71
74
72
64
55
52
52
48
49
60
70
64
57
52
37
35
43
33
3
-22
-38
-51
-61
-82
-106
-119
-101
-67
-49
-41
-24
-1
34
66
80
76
80
76
74
74
81
96
102
102
105
112
114
102
81
83
99
103
97
99
113
116
108
102
105
98
97
112
109
109
118
124
129
132
130
116
102
93
87
71
54
37
23
12
-1
-12
-12
-3
10
21
18
4
-2
0
-8
-37
-51
-43
-34
-24
-18
-11
0
10
13
6
-5
-7
1
8
24
45
65
80
81
72
67
67
73
89
101
90
77
75
83
86
83
74
61
64
75
85
80
77
80
68
50
40
44
52
50
26
17
11
16
24
34
27
19
11
10
13
23
24
22
26
25
20
19
23
28
25
11
-9
-19
-5
20
38
41
42
43
52
67
81
76
68
64
53
53
66
73
64
50
39
33
27
34
48
50
37
35
34
32
32
23
9
7
19
37
40
19
4
21
37
34
28
27
33
41
59
72
71
65
58
53
44
48
43
41
40
39
42
55
71
82
88
80
64
57
56
44
39
50
51
41
36
33
27
33
37
34
35
40
53
64
68
72
76
74
72
76
91
113
118
99
72
54
51
52
51
60
70
61
52
56
71
83
86
84
83
70
67
81
88
98
113
119
114
89
58
43
45
58
61
54
37
26
26
34
42
38
25
20
16
6
4
10
22
18
7
11
10
7
17
27
34
37
32
23
26
43
57
64
59
53
53
43
35
28
17
7
20
41
54
48
51
73
84
82
73
73
74
59
38
39
54
59
49
40
38
29
24
23
33
42
33
16
11
23
29
36
40
44
43
48
52
53
55
51
43
39
37
38
27
7
-12
-29
-43
-60
-74
-68
-52
-39
-13
29
71
90
104
105
86
70
64
55
55
54
58
73
84
87
81
69
68
71
54
35
32
38
49
50
48
49
45
28
8
-6
-20
-23
-10
-1
3
4
3
10
7
-2
-3
16
34
38
28
17
21
39
54
66
76
80
72
67
0
66
67
68
67
52
37
37
29
27
29
26
23
32
39
34
23
17
9
12
32
54
72
74
61
52
50
50
38
27
25
21
26
40
48
50
41
27
22
24
32
34
39
53
68
72
72
74
85
86
84
83
76
72
67
54
45
44
53
58
58
60
58
44
29
26
33
38
42
48
53
59
58
59
57
52
54
49
40
41
38
34
32
37
49
52
44
42
44
50
58
64
66
71
76
80
80
71
60
66
70
70
72
73
68
56
54
64
60
48
43
53
66
65
56
53
55
48
36
40
52
53
51
49
44
41
28
20
20
36
49
55
54
38
24
21
25
43
67
81
86
82
80
85
84
70
54
50
54
70
72
56
49
42
35
34
41
41
29
22
22
36
51
51
42
39
40
40
39
36
27
24
19
8
10
18
17
12
19
35
43
33
23
24
27
38
43
37
21
19
34
48
54
53
39
23
7
7
32
57
72
83
87
82
73
74
77
76
65
53
55
65
65
58
55
58
55
44
39
41
51
43
36
42
37
27
38
56
73
67
55
54
64
73
75
72
66
61
55
49
37
20
10
18
21
34
50
58
64
72
80
86
85
80
69
68
75
84
89
85
74
72
73
74
68
71
80
70
52
32
21
9
-5
-18
-26
-50
-70
-69
-53
-30
-19
-22
-25
-17
4
36
50
43
41
54
69
71
59
59
65
66
67
76
82
85
91
92
91
88
89
84
80
87
83
70
65
69
84
86
81
76
65
51
53
50
42
35
27
37
45
44
44
48
48
53
51
34
19
8
4
17
42
59
58
39
24
32
42
42
37
34
33
40
49
51
48
49
60
74
81
82
70
54
55
64
53
33
29
43
52
51
54
65
65
65
69
66
57
52
44
43
45
40
27
25
34
49
57
58
64
68
69
67
65
55
36
19
26
42
51
40
22
18
34
43
55
69
73
80
81
71
60
57
54
59
64
55
45
45
49
54
51
28
18
23
37
41
49
49
50
49
45
44
44
45
41
33
21
22
33
44
51
43
34
32
29
32
35
27
22
33
39
45
67
81
70
44
38
40
40
43
49
45
41
37
41
58
69
65
57
57
57
58
67
70
60
51
55
57
49
49
58
64
54
36
17
16
17
23
36
40
28
21
23
28
35
43
49
44
36
25
21
32
50
55
52
55
64
58
55
56
64
76
90
81
57
45
52
0
73
89
83
60
53
58
56
48
27
8
5
21
36
43
42
36
25
25
27
36
45
45
41
38
40
54
66
61
53
44
40
48
54
64
65
58
50
44
44
28
17
12
6
13
32
42
34
23
21
12
11
22
28
29
25
18
26
50
59
57
48
43
45
49
53
64
67
55
52
60
64
58
54
50
48
37
29
33
36
34
26
38
53
59
58
51
42
51
69
70
56
55
61
61
58
59
55
34
11
-5
-28
-54
-72
-88
-91
-70
-41
-38
-34
-6
33
68
81
76
72
75
92
112
118
106
88
68
53
52
67
80
85
98
102
99
92
92
97
97
92
84
80
88
97
96
87
80
74
77
73
64
53
50
43
40
21
5
2
5
3
-3
-6
-10
-4
17
28
33
29
38
53
67
80
86
84
85
81
68
69
75
90
98
89
74
56
41
52
67
58
42
38
41
58
74
80
74
56
35
21
19
12
7
11
22
24
33
40
35
33
38
37
23
10
20
36
51
55
42
27
27
25
10
-6
-13
-10
11
40
53
48
36
34
41
49
56
67
81
87
83
75
70
68
61
65
80
85
80
76
86
86
76
76
86
88
83
76
82
86
90
92
90
87
80
71
76
93
104
101
90
70
48
35
37
43
38
23
23
39
57
60
50
48
59
66
60
52
48
52
67
76
80
84
85
74
51
28
32
48
60
71
76
74
64
44
41
50
52
50
52
57
57
44
35
34
27
23
23
9
-5
-2
2
0
-6
-9
-8
2
22
40
52
52
43
38
40
41
38
37
50
60
69
72
67
58
56
57
51
33
25
35
50
58
51
36
27
27
34
34
33
27
20
10
8
5
1
-1
-4
-13
1
26
38
34
32
32
33
27
28
35
42
49
48
40
37
40
40
37
38
42
39
38
42
44
51
55
43
34
28
28
37
37
33
28
25
32
39
34
27
32
25
21
23
24
24
26
28
26
24
23
22
24
33
39
41
32
21
22
29
32
25
33
50
55
60
57
56
69
81
83
85
81
71
69
70
84
103
109
107
107
106
98
85
80
75
82
97
101
96
100
115
119
112
102
96
87
70
51
37
7
-22
-40
-55
-82
-104
-110
-102
-84
-57
-29
3
35
55
66
66
55
49
38
25
20
21
25
24
20
17
27
43
51
51
59
74
84
71
58
57
56
55
54
52
57
53
40
37
35
17
-5
-12
-9
0
8
18
28
37
0
43
44
38
33
24
18
19
26
38
34
25
16
3
-6
1
21
32
28
29
40
49
53
48
40
39
39
42
53
65
72
74
76
87
102
102
96
100
114
117
108
88
65
48
35
28
26
37
40
28
21
19
11
4
4
5
4
3
-3
-2
4
-1
-7
-7
-4
4
18
28
28
26
21
20
22
29
50
70
77
75
82
83
73
64
60
67
85
97
92
98
113
119
107
96
98
93
87
86
98
101
102
101
96
89
82
70
53
45
42
39
28
28
44
53
48
44
54
67
73
69
53
38
37
42
58
67
59
56
57
67
74
69
50
35
32
36
55
72
70
57
55
65
74
75
64
52
52
68
86
89
81
74
83
96
99
98
96
86
85
91
97
83
65
59
67
72
67
60
60
54
43
17
-6
-7
-4
0
7
26
55
72
74
66
58
70
90
91
73
51
41
58
83
96
88
76
80
81
75
73
71
64
52
40
38
35
33
35
29
18
1
-8
-3
8
10
6
12
20
26
28
32
36
40
48
41
23
17
22
36
38
25
19
24
27
26
26
25
16
5
9
17
19
18
16
17
19
24
28
38
43
39
42
58
67
57
42
32
28
35
39
36
24
22
17
10
10
19
21
11
12
27
49
60
65
67
67
59
53
56
58
48
40
52
67
80
80
74
74
75
81
76
65
51
52
60
58
56
58
60
70
80
74
80
90
97
97
91
71
37
6
-14
-37
-55
-73
-82
-74
-53
-38
-40
-28
3
42
74
85
86
89
86
82
73
69
71
74
73
71
74
84
92
99
93
77
65
66
87
100
91
86
86
85
89
98
99
98
91
84
74
64
50
38
40
38
28
27
37
51
58
69
74
68
55
50
42
38
43
50
41
40
43
55
70
76
74
59
43
37
38
32
20
20
25
32
28
8
-11
-4
12
21
16
4
3
17
26
27
23
8
-2
-2
17
41
64
68
60
55
56
52
48
48
45
48
59
85
97
90
74
60
57
54
50
53
54
42
36
36
35
35
34
32
35
36
37
49
68
69
50
28
27
33
38
41
41
43
50
57
56
50
40
49
74
85
84
87
90
88
80
67
58
58
58
53
43
48
58
65
65
75
96
89
72
58
68
82
72
48
37
41
40
38
35
24
19
17
16
23
34
28
19
17
20
34
42
42
43
53
67
70
69
51
33
24
24
32
33
28
23
18
20
25
36
0
42
50
43
36
32
33
43
64
66
57
49
48
58
69
61
39
37
57
80
92
90
82
76
73
72
59
36
22
23
37
44
42
44
48
50
60
77
83
71
68
75
80
76
80
75
61
55
55
49
38
32
33
39
55
66
66
68
69
71
66
48
22
18
27
32
27
27
23
19
10
6
5
10
20
28
27
23
20
21
26
34
41
51
53
53
40
32
38
49
44
35
36
49
55
61
58
51
44
50
51
53
64
81
87
85
84
84
84
75
67
51
34
33
42
54
57
58
55
48
49
43
32
26
27
29
39
50
50
40
20
8
7
7
6
11
23
27
25
24
38
53
60
60
55
56
52
44
44
43
42
27
17
0
-18
-27
-24
-17
-8
5
25
44
72
97
97
86
82
81
66
50
38
27
25
33
35
32
23
10
10
20
34
41
38
24
10
7
9
17
25
29
25
23
26
38
53
59
68
76
83
90
96
92
88
80
68
56
56
70
82
89
92
84
67
53
44
35
23
10
5
12
34
48
40
21
6
8
9
6
3
-3
-2
1
-2
-10
-14
-12
3
-1
-9
-12
-6
7
12
19
22
19
1
-11
-8
16
42
55
52
44
41
41
43
45
55
75
87
82
85
90
99
96
80
67
73
86
81
61
64
77
97
101
92
91
99
102
93
82
80
77
72
69
67
72
66
50
43
42
43
64
70
56
49
53
65
69
59
42
35
38
44
51
54
55
42
37
45
56
54
55
56
52
41
27
24
34
42
52
64
57
44
37
35
36
39
38
37
45
51
41
35
37
43
57
65
66
60
59
58
56
51
53
55
53
41
25
16
18
35
55
56
51
56
74
81
69
45
33
36
54
73
83
85
88
81
71
57
43
39
41
50
52
53
54
50
49
59
57
50
49
49
48
52
64
58
48
48
51
51
36
20
23
38
54
54
43
43
43
41
40
37
37
40
43
38
36
42
50
49
42
41
48
48
43
50
66
76
75
58
37
22
17
18
11
7
12
16
12
20
28
35
22
-7
-19
-8
2
7
7
6
5
9
19
28
26
25
26
21
22
22
25
34
54
74
71
58
54
54
67
80
80
72
59
51
49
44
40
36
32
40
51
55
54
54
58
60
64
70
80
90
97
96
96
99
96
88
87
90
97
100
93
91
90
89
75
65
52
27
3
-13
-22
-29
-29
-7
18
36
58
85
100
100
0
100
114
122
113
87
71
70
70
67
61
58
50
44
50
60
71
70
57
48
52
59
60
58
54
43
35
36
40
39
26
18
22
28
23
8
-1
-4
0
13
24
27
38
42
39
37
40
66
97
106
98
96
96
101
114
121
118
107
84
69
66
67
70
68
66
66
52
37
25
10
4
12
21
17
4
-8
-12
-11
-12
-10
-7
-5
-1
-3
-8
-11
-10
-5
5
8
11
21
22
16
16
18
18
9
10
22
39
44
32
7
4
6
12
33
55
61
53
40
41
51
68
82
80
70
70
76
82
75
68
57
61
80
85
74
60
61
69
68
59
56
59
58
57
58
69
74
77
80
72
65
69
69
69
71
68
60
58
67
75
80
72
64
53
53
54
50
50
48
50
57
60
58
64
64
54
48
45
51
55
55
57
58
49
32
20
21
12
1
-3
3
7
5
2
9
18
21
33
51
68
60
42
42
49
45
39
26
20
22
28
43
64
68
64
64
69
83
91
99
90
80
71
71
73
76
87
104
108
100
84
70
58
61
66
52
38
25
13
6
5
17
32
35
33
36
49
54
50
48
44
33
23
21
20
28
44
48
43
49
49
42
39
43
51
66
69
53
37
33
41
55
65
75
80
67
53
51
50
43
38
37
45
66
66
51
38
43
50
44
36
23
13
5
0
8
20
19
21
32
29
13
11
24
35
36
37
42
56
67
66
61
60
67
65
49
33
26
24
21
20
32
43
50
51
53
56
57
56
58
72
93
104
98
77
57
41
34
36
26
11
2
-13
-39
-53
-50
-36
-29
-23
-5
21
42
53
71
88
97
91
85
86
89
87
82
82
92
101
92
85
87
97
108
107
98
86
77
80
86
93
90
84
86
84
72
73
85
97
105
104
105
105
100
96
97
92
82
72
70
56
38
28
28
34
52
65
64
45
24
0
-14
-5
6
6
9
17
24
33
36
26
22
22
26
22
8
3
8
26
49
50
40
26
21
19
13
17
24
24
25
26
25
25
38
44
43
40
38
43
51
51
52
56
59
67
68
55
41
37
39
48
48
36
19
6
5
10
21
28
28
22
20
26
37
52
58
54
51
49
49
54
64
59
50
48
51
43
37
41
53
67
74
64
40
21
18
37
48
45
53
68
80
76
75
74
72
70
70
70
70
65
53
53
56
59
57
64
64
57
57
64
70
75
86
91
0
82
65
49
40
42
43
44
49
50
54
51
41
34
33
48
55
43
34
21
4
-1
1
2
16
39
50
43
38
36
36
28
24
24
33
39
49
64
75
81
68
51
41
38
26
20
25
35
38
40
42
41
36
29
23
24
28
48
68
70
57
43
38
42
51
64
69
69
68
59
43
35
39
41
40
43
43
45
48
58
77
87
76
70
76
88
93
89
77
60
57
69
85
92
83
71
73
80
76
70
53
36
21
20
23
16
12
19
20
9
7
12
27
34
22
9
7
10
25
51
64
57
39
25
33
45
54
64
70
54
37
43
65
80
88
86
71
57
67
87
97
89
70
56
58
77
88
76
72
83
89
90
85
81
81
71
57
44
28
4
-18
-29
-44
-60
-69
-69
-60
-49
-28
2
27
39
42
48
56
70
80
76
58
50
55
59
65
71
80
83
81
75
64
42
36
42
55
58
49
37
32
38
59
74
73
70
71
76
85
86
82
82
87
88
89
89
82
75
75
76
71
50
34
28
32
35
34
36
33
17
2
0
4
5
1
-3
-3
3
4
-1
-6
-4
10
29
41
55
55
43
33
26
21
13
7
5
10
18
26
28
24
24
28
36
38
37
35
39
52
68
73
72
85
104
107
97
98
105
104
92
69
50
43
52
60
58
48
41
45
51
40
25
21
35
51
57
64
65
61
71
83
76
60
49
49
52
66
83
90
86
72
64
65
60
49
32
19
16
23
41
50
49
38
42
64
73
71
77
87
86
75
67
65
65
53
40
37
40
42
48
54
53
44
32
18
20
37
50
48
41
41
42
34
39
52
49
38
33
41
65
70
65
51
48
58
71
67
52
41
49
56
57
58
59
52
51
44
36
36
44
43
45
56
71
74
70
61
57
65
72
80
91
92
73
58
56
51
41
28
32
42
41
40
38
32
23
21
20
27
36
40
33
24
19
10
21
39
55
56
44
33
27
25
32
36
42
48
49
49
42
40
44
45
43
49
51
45
38
28
17
8
16
28
43
59
64
51
37
38
42
37
33
36
49
53
56
60
56
42
32
20
17
16
8
10
18
24
28
32
35
39
38
34
34
33
28
27
27
34
45
53
53
44
53
69
68
51
40
48
55
58
70
80
84
84
84
98
105
100
91
81
76
76
68
57
58
53
32
8
6
13
13
-3
-22
-27
-24
-19
-12
1
0
26
49
59
51
45
58
70
71
68
61
56
52
54
59
71
72
58
52
55
60
69
71
67
72
84
86
90
105
113
105
98
98
101
108
105
85
57
56
72
72
60
55
57
64
69
65
43
16
0
1
20
32
29
24
20
17
17
21
25
22
10
5
10
16
11
9
16
20
17
7
-1
-6
-10
-7
7
23
27
24
21
24
21
21
35
42
37
34
39
43
51
58
55
54
64
69
60
54
48
35
26
32
32
26
25
17
5
3
9
27
51
53
39
41
57
64
59
56
55
58
58
58
53
52
69
81
85
84
83
91
93
80
60
65
70
68
73
82
90
101
105
98
80
64
59
72
88
89
75
51
27
29
42
44
28
19
20
28
33
24
11
16
21
9
1
-2
9
22
26
32
24
7
-8
-12
2
20
26
37
49
51
41
40
43
43
39
37
43
53
60
69
70
72
84
106
130
132
129
116
104
90
76
64
44
36
42
58
67
58
48
32
18
6
-1
0
-2
-6
-10
1
24
33
19
17
26
28
18
10
18
35
43
50
51
52
49
50
57
68
82
91
90
88
80
80
86
91
90
76
59
51
48
57
69
60
48
35
27
25
22
25
36
45
49
43
38
32
20
13
24
43
58
73
75
68
54
51
55
65
72
70
56
50
52
56
51
37
40
51
44
33
33
29
26
38
44
38
34
39
50
58
60
54
53
56
54
54
59
64
55
54
60
58
53
64
67
68
67
60
55
55
60
71
82
84
83
83
82
83
84
87
86
75
56
36
18
22
40
38
12
-12
-27
-38
-45
-54
-55
-45
-35
-14
7
36
51
67
84
100
101
86
75
69
61
59
60
64
60
59
55
60
70
67
51
38
36
38
40
42
44
50
57
69
74
73
77
88
89
83
71
60
54
59
68
68
67
69
75
73
68
60
58
68
73
75
68
51
44
54
68
72
67
54
53
55
52
44
36
32
35
50
58
57
55
52
49
49
57
65
54
43
49
58
72
84
83
70
53
41
49
58
67
72
64
49
49
53
52
50
52
52
41
40
44
39
24
20
25
39
53
57
57
65
65
65
75
76
59
38
32
32
35
36
29
25
35
44
58
68
64
54
45
34
16
19
42
57
55
41
32
36
48
55
53
49
49
50
53
60
65
66
68
73
72
71
72
71
59
51
54
65
67
52
49
53
49
36
44
60
66
58
0
57
58
51
38
48
50
41
49
59
58
44
25
16
20
34
44
41
41
51
67
71
69
60
50
36
37
49
57
65
71
76
73
69
61
42
28
36
50
65
72
72
65
68
84
83
68
59
71
86
90
98
107
101
84
72
75
75
73
77
74
64
55
54
52
39
24
20
22
22
26
36
44
45
38
28
32
34
32
27
25
24
25
26
18
13
18
10
5
5
8
21
37
40
38
50
54
50
51
48
42
50
58
70
80
89
89
88
91
92
82
71
67
60
65
71
75
66
48
28
20
12
8
12
20
29
39
42
27
10
7
11
10
19
35
39
40
41
39
37
17
-10
-22
-10
-1
6
18
21
21
24
40
50
43
35
29
35
49
57
51
36
21
16
13
8
-9
-28
-36
-25
-19
-27
-27
-11
3
19
38
58
77
98
114
114
93
75
70
76
70
50
43
48
48
41
36
28
33
40
37
21
13
19
25
32
40
44
50
56
59
55
58
65
65
66
82
100
105
108
115
105
100
109
121
114
99
99
102
90
72
64
57
48
33
20
17
21
26
26
18
8
3
3
6
18
18
18
21
16
9
9
9
5
0
6
12
18
10
2
-3
-2
7
20
33
43
50
51
50
50
55
58
70
85
75
55
41
54
74
87
84
74
72
75
80
84
88
91
87
80
80
89
101
97
88
82
76
56
38
42
56
67
69
65
54
57
72
77
67
54
44
36
45
60
72
73
69
64
60
68
72
71
77
86
96
96
88
74
57
53
55
59
69
88
98
88
73
65
55
48
43
37
20
-5
-20
-13
-8
-8
0
5
17
23
26
40
51
37
22
16
20
25
21
12
12
24
33
25
17
10
12
12
12
22
27
36
44
57
88
108
108
99
98
107
123
128
116
116
115
103
96
90
83
64
44
50
69
65
42
25
19
22
23
17
2
0
2
2
-4
0
8
11
9
-2
-10
-9
-1
-1
-8
-12
-13
-7
6
9
9
19
25
24
21
19
18
18
19
24
40
54
58
71
86
87
81
71
59
53
51
38
26
25
33
27
19
16
17
24
27
32
38
49
52
58
69
61
49
37
32
35
44
52
64
71
70
64
54
56
61
59
58
57
60
68
76
89
89
88
91
93
97
108
108
87
82
88
97
98
90
101
108
104
92
77
60
55
54
35
2
-24
-49
-66
-81
-89
-88
-72
-43
-19
-3
10
24
40
56
69
67
0
48
37
49
60
66
59
52
54
69
80
80
74
70
71
83
86
81
67
55
53
65
72
64
56
66
68
64
58
42
35
37
36
20
16
19
22
23
36
55
57
35
13
17
32
39
42
43
37
25
24
32
50
57
56
55
52
42
40
55
68
73
81
91
92
88
97
100
76
65
66
76
82
80
76
75
73
65
53
53
64
58
41
32
33
37
54
68
57
53
48
38
41
55
61
53
33
20
13
16
19
27
44
48
35
34
26
16
4
4
19
36
50
60
65
53
42
28
22
21
25
43
53
57
68
82
89
99
92
88
101
117
124
130
120
103
93
93
87
83
74
72
73
72
52
34
34
36
32
27
26
21
33
53
65
64
50
40
44
48
45
52
58
55
44
36
33
28
27
28
33
34
43
53
43
20
19
40
59
64
55
45
40
44
58
67
64
49
36
33
28
19
10
21
27
16
-7
-11
1
25
32
25
32
39
44
57
67
69
57
42
28
22
18
18
36
60
81
84
83
85
81
72
67
64
54
44
44
54
58
66
74
69
