65
53
48
48
54
54
55
54
40
37
40
44
44
44
41
43
61
75
68
61
81
87
70
59
60
61
51
35
33
38
41
41
49
55
57
51
40
32
34
42
51
53
52
38
29
22
4
-2
8
22
17
5
11
35
50
57
70
73
67
66
74
77
64
57
68
73
69
58
52
51
48
40
36
39
43
41
32
23
21
18
19
32
49
53
48
44
50
53
52
52
54
60
71
82
82
73
69
64
56
49
32
6
-17
-42
-60
-59
-39
-25
-26
-21
13
64
112
144
148
132
108
92
88
86
88
86
75
66
67
70
61
50
49
48
43
49
56
58
55
38
23
26
26
9
17
40
51
50
51
52
51
49
45
42
37
29
36
58
80
83
76
68
64
66
70
74
68
50
44
55
66
60
57
57
58
58
69
70
68
65
56
56
53
48
38
37
39
33
19
17
20
32
38
36
32
25
12
3
5
-1
-5
9
26
23
1
-13
-9
2
16
29
51
57
54
45
38
32
19
4
1
10
24
42
60
81
85
80
69
54
37
36
45
56
58
65
60
52
53
52
41
33
37
51
66
81
83
75
66
59
58
56
56
54
41
25
9
7
22
38
45
55
70
69
53
42
56
81
84
69
59
67
74
84
91
86
64
51
56
60
72
82
80
68
41
27
37
42
35
24
32
41
48
44
41
44
45
39
34
34
43
54
58
64
71
81
81
67
50
51
45
38
40
64
82
80
59
41
27
26
24
17
12
16
0
11
10
23
50
72
76
57
39
25
33
52
66
66
65
70
84
92
86
66
53
55
59
55
49
43
39
35
35
40
48
48
49
56
59
65
59
41
28
40
50
38
37
56
71
64
42
27
16
8
18
28
33
36
42
48
44
38
22
25
45
57
54
44
40
42
58
70
66
55
51
50
53
60
61
50
39
29
32
48
66
60
41
27
27
28
11
3
13
28
27
21
16
13
11
11
16
9
3
5
12
24
22
19
18
18
3
-11
-4
18
26
20
12
19
35
57
76
90
74
35
5
-2
-1
-6
-18
-22
-21
-33
-51
-43
-12
3
1
23
67
99
104
96
97
104
109
106
84
44
20
6
0
0
9
23
38
49
50
48
40
38
40
37
35
39
43
44
53
56
44
44
57
66
56
52
56
56
58
65
75
82
83
83
71
69
72
66
59
65
75
84
85
81
74
67
68
76
88
90
84
66
48
33
23
20
21
20
17
17
7
6
12
25
41
44
38
24
22
33
33
11
2
6
12
36
55
59
60
50
29
22
26
37
53
57
53
43
49
68
80
68
57
69
81
74
66
59
67
73
73
68
64
59
64
67
66
58
45
35
24
11
12
27
39
39
32
25
19
21
34
42
48
55
50
41
42
48
51
44
26
13
33
53
55
41
35
40
64
84
91
81
53
42
45
51
53
56
72
92
92
73
69
71
70
60
44
39
48
59
71
70
65
42
23
13
11
11
9
2
0
8
19
32
38
35
38
44
48
41
35
28
29
43
58
57
53
53
56
61
61
66
71
80
84
75
66
69
69
61
55
50
45
42
52
55
58
60
55
41
33
26
25
22
26
33
41
49
48
42
39
36
36
40
37
27
33
48
50
43
39
37
39
43
50
51
56
58
60
56
52
43
42
44
45
49
51
45
35
27
45
66
65
42
36
44
58
65
59
60
64
59
55
61
74
80
76
82
83
82
71
55
44
48
58
66
57
50
44
38
32
27
32
35
38
43
48
38
21
16
32
34
26
28
38
37
24
19
32
44
54
49
35
35
37
33
25
20
18
25
24
19
10
3
-1
-6
-10
-7
-22
-53
-67
-49
-36
-28
-11
16
44
82
107
115
105
91
87
88
90
86
80
73
61
43
34
33
36
40
56
77
87
86
75
66
60
66
68
60
58
64
73
76
75
85
84
74
70
72
69
68
71
69
60
0
55
69
72
60
50
40
42
50
55
61
67
69
69
64
49
39
40
28
20
24
37
50
51
39
32
33
41
40
28
24
21
21
27
36
22
10
6
10
19
33
57
82
93
89
71
54
44
48
55
59
64
70
76
77
86
98
98
77
59
51
41
38
34
25
23
27
25
28
36
35
34
49
67
70
52
25
6
-6
3
21
23
21
26
36
44
56
67
61
48
44
51
59
72
82
73
59
60
73
71
59
65
81
96
107
108
96
84
90
91
84
80
75
72
68
60
56
42
34
36
42
43
40
33
28
36
42
44
41
35
33
23
7
-6
-14
-9
-2
2
0
-3
-6
-9
-1
7
9
22
25
25
24
13
12
18
38
49
25
8
17
34
42
41
32
34
48
59
68
73
72
70
60
58
74
85
81
69
60
56
43
26
16
5
4
18
21
19
21
28
27
21
33
51
51
42
44
48
38
40
56
83
99
87
71
60
50
42
35
26
27
55
84
89
83
67
61
75
83
84
81
75
75
75
83
86
84
75
71
66
55
49
55
65
65
68
67
52
39
41
51
61
84
96
92
88
90
92
91
85
80
76
69
55
53
65
66
57
41
36
41
38
34
44
65
72
68
56
48
51
50
42
50
61
72
75
81
82
73
58
43
38
33
10
-8
-14
-14
-17
-20
-35
-58
-71
-61
-50
-41
-29
6
52
80
87
82
70
61
53
48
54
59
41
26
33
41
42
35
24
18
26
48
55
65
81
86
81
69
56
44
43
50
57
56
50
40
36
42
54
49
34
22
16
11
17
12
17
22
32
39
45
56
60
60
67
70
73
67
60
61
60
58
48
49
52
52
43
25
21
28
34
26
33
40
42
48
52
55
54
51
42
39
53
75
70
55
58
64
55
49
59
73
65
38
21
32
53
57
44
36
33
38
51
60
64
56
38
27
34
49
65
73
76
67
42
33
40
52
49
43
42
43
43
42
42
37
29
33
40
49
57
64
57
41
24
20
28
37
50
66
73
70
54
36
44
58
52
42
39
49
64
58
42
41
41
33
26
19
21
29
36
39
50
55
54
45
44
55
52
37
28
40
55
64
64
58
41
41
54
69
75
50
19
11
24
36
41
35
23
8
-4
-7
-1
6
4
5
18
23
20
13
16
22
26
41
59
60
54
51
53
66
72
66
50
43
45
56
56
43
28
32
42
54
0
59
53
41
33
25
24
27
38
37
21
18
25
38
52
52
40
41
55
61
69
66
52
33
28
40
45
41
41
54
69
77
82
73
69
70
76
76
76
74
66
64
68
72
59
49
59
80
90
93
84
72
69
70
70
52
35
34
35
28
22
24
25
33
42
38
24
8
4
6
5
2
4
12
23
33
33
26
23
23
22
29
39
48
56
69
69
56
42
39
44
55
53
43
43
65
80
80
70
61
50
42
38
25
7
-11
-29
-51
-72
-85
-74
-44
-23
-9
11
41
58
67
69
70
72
77
74
67
65
56
44
45
55
55
51
49
49
49
41
32
22
20
22
29
51
75
87
76
65
54
50
53
61
61
64
60
59
70
80
72
60
66
71
68
58
51
51
52
59
80
87
71
58
67
68
58
53
59
83
107
106
87
77
72
72
71
50
25
21
40
54
52
49
36
22
17
25
36
39
43
40
33
25
27
38
40
23
-2
-17
-10
11
40
57
64
60
53
32
10
17
36
45
39
21
16
21
28
42
52
53
53
54
50
51
56
66
67
64
52
37
28
27
23
12
7
17
27
28
18
6
2
-5
-18
-21
-11
12
36
49
51
51
49
51
64
65
58
55
64
83
98
92
84
74
72
65
68
80
85
71
54
49
51
59
73
73
66
65
59
55
56
66
71
66
59
65
68
76
91
85
67
55
55
50
45
55
38
18
11
20
28
26
16
0
-7
1
6
6
23
42
52
48
34
21
16
21
34
45
54
67
85
112
115
97
76
75
88
98
100
92
87
88
91
98
100
101
89
80
82
92
91
82
84
85
69
57
58
68
66
60
65
61
57
57
59
53
33
16
18
23
25
23
2
-9
-9
-12
-9
2
9
18
11
9
22
36
33
24
23
34
42
49
56
51
38
37
44
57
80
84
61
34
28
41
53
58
69
83
88
86
73
54
42
43
52
53
64
80
73
48
32
33
41
51
43
39
42
50
48
34
29
27
22
22
34
52
68
75
73
77
80
84
83
73
42
-2
-27
-38
-52
-45
-28
-21
-10
3
12
36
58
71
65
57
59
58
58
73
90
89
76
64
53
51
48
38
18
-1
-9
-10
-8
8
29
43
50
53
54
54
51
49
53
67
82
99
101
87
83
88
97
100
92
92
109
130
140
141
139
129
122
108
86
64
64
81
85
68
53
55
61
54
26
1
0
12
23
20
0
16
17
11
2
1
12
33
41
35
12
-1
0
6
1
-12
-27
-24
-10
2
19
33
39
32
23
23
27
32
27
22
18
12
16
13
16
23
35
41
49
59
68
64
52
42
41
44
55
65
69
71
67
44
38
50
54
44
40
37
48
61
69
68
64
64
61
59
65
64
59
58
54
49
53
58
64
52
24
8
17
32
38
39
38
40
57
66
57
49
37
28
25
28
42
57
58
44
40
55
74
82
82
81
69
53
39
34
39
49
56
57
54
44
37
36
43
56
57
49
41
42
54
55
42
34
34
40
42
39
39
42
48
41
37
36
32
23
34
55
72
80
74
67
55
51
55
68
83
90
85
74
72
83
92
97
98
91
70
51
42
38
37
42
52
58
58
52
36
25
27
27
27
39
65
72
64
64
44
20
16
25
34
33
21
19
35
48
48
44
39
36
37
44
68
86
75
55
50
60
81
83
69
58
64
65
69
72
70
49
19
6
11
27
40
43
42
39
50
68
70
67
67
66
51
32
23
38
55
60
56
49
50
58
60
53
43
42
44
59
77
85
88
92
100
91
75
61
45
38
42
51
57
61
51
35
23
11
-4
-7
-5
-2
5
20
36
44
45
40
28
26
29
16
-8
-19
-39
-71
-78
-71
-57
-36
-20
-7
6
25
45
57
59
70
87
106
112
108
113
114
108
101
98
106
104
89
98
105
92
84
90
97
84
74
70
65
72
83
82
74
66
71
84
76
64
65
81
76
60
57
67
71
76
82
80
69
57
54
52
41
35
33
36
39
38
34
38
42
49
60
67
56
50
58
67
70
69
48
27
23
29
33
38
49
52
37
23
21
24
26
28
35
43
38
23
19
16
10
19
39
51
42
49
64
67
65
53
40
41
55
68
64
50
49
58
84
96
81
65
53
48
50
50
43
33
18
26
41
38
35
40
41
36
32
36
50
64
72
69
57
53
53
60
66
54
44
52
55
48
36
13
4
9
10
1
-10
-14
-19
-19
-18
-10
-1
18
38
51
56
67
72
66
60
53
41
33
33
38
40
37
35
43
67
83
74
52
36
41
51
44
42
45
49
43
40
54
81
86
72
75
83
73
71
75
73
61
54
56
54
45
38
38
44
40
28
23
19
28
50
64
64
51
37
36
42
53
53
44
45
66
84
81
81
98
117
125
113
86
68
72
83
73
52
48
0
64
71
53
35
37
43
44
42
41
35
41
61
71
68
61
74
86
73
55
42
35
24
18
10
5
13
33
48
48
40
34
27
23
16
18
36
54
55
36
25
37
59
71
60
42
36
37
45
56
54
44
33
22
23
35
34
22
34
60
64
37
17
19
34
50
60
59
59
60
54
56
56
49
37
29
34
51
65
56
39
28
27
32
27
26
32
35
36
37
34
20
11
21
26
25
34
40
50
57
55
56
71
72
55
40
34
50
65
58
50
49
64
73
67
43
26
22
16
-6
-41
-68
-81
-72
-49
-24
-6
8
35
65
81
85
83
84
91
91
89
89
89
91
84
68
57
52
53
55
67
84
90
88
80
80
80
67
56
59
73
81
75
72
71
71
76
89
88
69
55
54
56
57
51
43
50
57
66
68
65
53
37
27
24
28
36
39
42
44
49
48
40
32
28
36
35
33
37
43
39
32
28
36
39
29
17
10
10
10
6
6
13
25
27
36
45
43
33
27
34
36
28
24
27
35
44
67
81
71
56
55
65
54
38
25
24
23
12
10
22
35
39
39
36
35
33
29
35
48
56
49
35
37
54
72
80
91
104
112
98
84
81
76
61
56
57
52
48
52
67
85
100
90
72
69
80
89
86
65
50
56
68
61
43
27
18
12
12
8
-3
-12
-10
-7
-4
3
17
25
38
40
32
24
24
32
42
56
64
70
82
87
88
89
81
67
67
73
72
64
51
41
49
58
51
37
40
42
51
59
73
87
87
84
93
107
106
97
89
88
71
44
37
35
25
24
23
11
1
-5
-10
-10
-5
-2
1
1
6
18
23
25
29
45
66
69
58
52
48
43
50
60
73
83
77
58
40
35
41
57
71
86
98
105
102
84
72
81
105
128
124
109
106
106
92
76
66
58
66
73
69
59
53
43
28
6
-23
-41
-40
-22
-1
10
10
8
-1
1
9
1
-7
-2
9
22
34
41
40
37
26
24
26
38
50
60
74
84
77
70
64
71
87
90
74
75
101
120
124
116
98
93
102
108
120
129
122
101
81
68
66
69
50
21
10
18
7
-8
-17
-19
-11
-5
-10
-25
-23
-7
8
9
1
-1
4
7
6
5
3
-2
-5
10
40
58
68
71
58
32
2
-12
-30
-56
-73
-61
-38
-10
18
49
83
105
120
129
123
130
132
133
141
139
129
108
92
85
85
85
76
60
52
56
65
0
56
44
40
51
65
49
23
24
39
42
23
10
9
22
28
19
5
-3
4
25
54
83
97
86
73
74
80
74
64
61
75
88
100
101
83
58
56
67
68
59
53
44
37
37
35
23
9
2
6
12
11
19
27
24
20
19
10
11
26
34
28
19
12
17
17
4
-7
1
22
36
42
42
44
53
60
70
69
70
72
75
76
71
73
89
96
84
65
52
56
60
59
54
42
33
32
49
68
72
66
50
48
65
73
65
59
70
66
50
51
60
57
42
37
43
44
34
38
53
60
59
52
40
26
24
36
42
39
41
49
41
28
18
19
32
41
51
57
66
70
71
72
74
72
65
53
42
33
33
40
52
55
57
69
75
71
71
64
51
38
28
35
50
55
59
58
50
43
45
45
44
37
23
8
6
20
33
39
37
38
41
48
57
65
50
38
33
24
22
29
37
37
36
36
34
38
42
45
49
41
28
12
22
48
57
66
74
76
74
66
44
40
43
49
43
41
44
52
53
42
39
48
67
87
91
87
88
90
90
82
68
64
76
88
88
82
66
57
51
35
35
41
42
38
21
8
24
51
53
50
52
58
68
80
88
85
75
65
55
55
60
71
69
65
66
55
44
35
24
26
29
24
11
-4
-9
-2
8
22
36
41
42
48
56
66
70
64
58
67
74
67
56
54
48
38
34
32
35
42
43
36
34
36
27
20
19
24
34
48
64
71
66
59
73
85
92
92
86
76
65
33
-4
-25
-26
-24
-44
-87
-106
-114
-108
-77
-52
-49
-45
-24
6
28
40
49
58
73
96
102
86
72
76
90
106
107
100
101
115
108
81
65
74
97
105
96
76
71
86
103
108
107
107
106
105
101
92
98
106
100
88
72
59
58
58
58
54
43
29
22
22
21
19
22
27
26
18
9
19
36
52
60
57
48
49
49
42
35
40
55
56
50
40
25
20
29
39
37
29
27
36
54
69
66
55
41
22
12
25
44
48
36
22
24
35
33
26
25
21
20
20
18
13
21
34
40
55
67
70
58
45
48
45
50
53
50
45
45
52
58
66
68
64
65
72
70
53
38
41
57
68
73
83
89
85
75
73
73
75
82
85
81
74
75
72
69
67
52
33
23
32
48
37
10
2
11
13
-1
-8
-1
10
19
26
34
33
36
42
43
40
35
36
43
51
50
41
33
32
35
41
41
32
0
28
29
23
22
35
51
56
51
45
54
53
44
43
45
39
22
3
1
9
11
9
2
0
-4
-1
13
33
53
57
43
26
24
32
37
36
35
36
35
36
39
48
44
40
40
40
48
53
57
72
90
104
103
96
72
54
57
73
90
102
98
91
90
89
80
65
53
50
42
49
70
90
93
84
65
54
51
41
40
51
64
71
70
65
61
53
33
27
43
60
56
43
44
56
51
38
39
50
51
42
52
68
67
56
58
74
87
85
80
81
87
81
57
48
56
71
80
74
60
54
67
72
73
68
58
56
54
55
45
22
18
27
26
22
25
33
25
17
13
24
42
49
38
32
21
19
10
4
4
17
21
6
-1
9
32
52
57
53
40
37
41
49
44
35
16
-5
-27
-52
-69
-75
-60
-33
-6
10
38
71
96
108
116
104
90
92
105
108
106
115
121
112
87
73
76
86
80
57
58
71
73
69
74
83
81
73
70
66
57
52
41
28
35
54
60
51
34
22
17
22
36
44
48
59
66
54
48
55
67
72
70
74
67
55
56
59
53
45
43
43
38
25
18
21
25
22
16
6
-1
2
9
12
8
-1
-3
0
4
10
22
27
29
22
11
12
22
34
43
55
71
71
58
51
49
53
64
71
73
67
55
58
72
73
56
49
52
52
52
56
65
69
70
68
55
50
54
50
44
49
51
53
45
36
39
50
56
57
53
52
56
55
56
60
66
68
69
68
64
54
48
44
43
53
64
66
69
73
81
76
76
76
65
53
48
50
57
65
67
61
66
84
98
97
89
91
91
80
67
60
64
54
38
32
40
65
88
91
81
69
51
27
18
7
3
5
8
9
10
4
7
18
21
22
22
24
25
22
17
8
5
1
-5
-6
-4
-6
0
17
25
24
18
12
20
36
48
53
57
66
81
85
74
61
68
88
105
117
112
106
107
103
84
68
66
72
66
55
54
56
49
34
34
40
39
38
32
27
34
26
7
8
22
35
43
52
44
25
8
-1
-9
-11
0
16
16
5
6
23
36
34
21
6
13
28
35
38
38
38
49
60
61
48
43
50
49
53
56
54
51
42
32
27
41
59
77
91
89
73
59
48
35
28
38
58
74
81
65
41
37
38
28
27
51
54
39
35
40
41
38
27
22
25
36
43
53
61
58
54
64
74
80
81
98
117
122
121
109
91
85
96
100
0
86
69
49
22
-7
-30
-38
-20
-7
-6
-1
16
38
54
66
70
67
64
59
54
54
52
51
45
44
43
40
28
18
23
35
38
41
49
35
12
7
17
21
23
22
22
25
32
44
56
55
51
48
49
44
44
44
54
53
44
54
73
83
81
70
61
58
65
72
67
50
54
60
53
33
24
26
27
28
29
39
55
56
48
40
34
20
9
9
22
42
58
64
65
57
49
37
25
28
40
50
51
44
38
34
43
60
60
49
37
48
73
101
113
101
96
102
99
81
71
75
80
73
70
58
50
40
51
69
68
60
70
75
64
48
42
51
57
57
44
39
45
53
55
53
43
34
29
26
26
33
29
32
37
55
75
91
91
81
73
70
73
70
64
59
69
76
74
69
59
55
51
43
42
50
67
75
76
72
56
50
54
50
29
-1
-12
2
29
48
44
35
37
49
61
66
48
33
22
29
49
43
17
-2
-2
10
35
53
58
57
58
56
58
65
69
70
60
44
41
58
76
76
61
41
32
41
66
77
73
61
68
85
87
71
48
22
18
38
55
53
41
37
40
50
54
52
42
38
37
39
41
49
50
52
52
52
53
35
17
12
25
33
29
24
26
24
36
51
51
52
60
77
83
81
72
69
71
80
84
81
82
96
106
91
72
71
73
64
48
35
25
19
12
19
24
32
29
29
37
26
10
5
-3
-11
-23
-21
3
27
38
41
51
58
57
54
41
28
32
44
58
60
65
65
59
58
59
58
59
69
70
80
92
98
100
108
122
131
132
121
109
112
112
99
88
89
82
61
50
40
33
32
43
55
52
52
37
16
11
16
6
-20
-36
-42
-58
-84
-103
-116
-120
-110
-92
-84
-68
-22
20
33
16
9
25
37
36
37
32
34
50
68
72
65
66
87
105
119
135
154
160
149
129
120
131
136
120
87
67
65
68
66
58
48
38
44
64
68
60
51
50
54
64
67
49
32
26
40
57
59
57
66
54
27
9
11
10
5
8
16
29
38
25
21
38
65
81
75
66
55
48
45
54
66
72
69
58
58
67
72
80
86
87
66
54
69
87
84
68
44
36
39
42
53
66
74
84
84
70
42
20
12
11
12
16
25
35
25
11
1
-12
-21
-4
8
8
2
5
21
26
18
18
38
55
49
39
50
75
98
106
112
115
113
115
122
122
119
108
99
102
116
116
116
113
117
131
0
129
102
80
86
100
86
68
65
72
84
75
70
68
67
57
48
48
53
50
40
39
37
37
40
50
59
49
21
11
18
32
39
42
43
53
60
69
80
72
50
33
34
37
32
32
37
28
6
-11
-14
-12
-7
1
1
-9
-13
-9
-2
10
12
10
21
22
13
16
27
51
58
36
3
-4
11
50
80
59
21
11
25
36
32
9
-2
0
39
87
96
69
45
52
81
92
82
49
26
44
60
56
59
71
68
51
36
33
38
41
24
1
-13
-10
0
3
11
24
36
52
64
66
66
56
38
37
52
59
52
33
32
43
58
65
58
54
64
87
102
99
88
88
97
93
81
75
87
86
76
84
103
101
84
76
80
77
74
71
61
68
80
84
80
72
61
58
64
56
44
39
39
38
40
41
43
38
35
33
24
23
29
35
37
45
53
55
52
40
23
7
2
20
43
56
65
55
42
33
27
24
22
13
3
-5
-26
-54
-72
-68
-53
-39
-24
-8
18
55
84
96
97
90
76
60
58
66
64
57
54
50
43
48
54
56
43
35
42
58
66
69
71
67
61
50
32
19
20
33
39
39
33
35
52
67
76
75
59
44
44
67
84
85
85
87
89
82
69
65
66
65
64
49
33
36
33
18
7
8
10
19
37
52
48
36
36
44
56
64
56
41
21
18
19
22
24
38
48
48
54
66
75
73
66
58
51
32
22
43
73
82
72
67
66
69
67
59
50
40
34
34
38
45
52
50
51
40
16
6
11
16
18
21
35
45
36
26
33
26
12
7
5
7
13
22
36
52
64
66
52
52
68
73
68
68
72
75
75
77
74
71
76
86
99
105
101
91
84
82
67
55
56
66
71
60
55
59
65
68
69
64
52
44
43
44
37
26
37
49
51
37
28
34
43
48
41
36
26
36
53
51
32
29
41
43
37
40
51
54
56
48
36
34
36
41
48
44
41
51
56
64
70
72
72
70
66
60
67
72
71
72
75
69
53
48
38
25
22
24
36
43
34
20
7
-1
-5
-7
-4
2
4
12
24
21
26
44
53
38
17
4
8
21
27
32
39
52
49
23
6
18
49
64
51
34
40
52
49
45
52
54
54
54
58
67
69
64
58
57
64
81
83
74
65
48
26
9
6
8
12
23
36
43
42
37
32
28
18
5
5
12
12
0
5
38
60
65
66
67
61
49
38
38
48
0
51
45
50
67
92
107
105
100
107
104
85
69
59
56
59
60
55
64
82
91
90
86
76
74
77
71
59
42
17
2
-10
-34
-52
-65
-74
-88
-101
-99
-83
-57
-26
16
68
103
106
97
91
99
97
90
86
84
90
91
90
98
100
97
96
101
96
82
73
72
74
73
67
67
69
71
61
43
36
44
56
57
56
66
67
57
58
70
67
58
53
49
45
45
48
48
44
42
37
42
52
50
40
35
38
48
55
66
72
74
77
80
84
89
96
99
104
102
82
59
55
66
67
61
59
49
28
20
19
19
7
2
11
24
44
57
64
58
49
39
27
24
22
11
6
1
1
6
13
28
37
36
40
54
68
72
68
56
48
51
48
43
50
64
72
77
84
89
88
75
67
68
67
67
75
92
107
106
89
74
70
72
75
71
56
48
45
55
73
75
64
