20
16
0
-37
-73
-84
-89
-91
-82
-66
-59
-53
-25
10
39
60
86
89
72
60
64
71
75
70
67
84
104
100
84
75
83
86
81
77
69
54
43
49
58
64
54
49
58
71
65
51
49
40
35
32
21
9
22
42
45
54
66
58
43
39
48
54
57
59
65
70
72
68
52
50
68
72
53
33
36
65
85
87
72
64
66
84
92
91
84
66
48
44
60
71
67
51
49
53
56
57
49
25
19
23
19
9
9
24
40
34
12
3
19
38
35
20
20
20
9
11
26
27
18
17
22
25
24
26
41
54
54
50
42
37
40
45
39
37
50
64
61
54
42
35
44
65
64
55
55
64
70
72
70
76
82
72
64
60
67
65
59
53
53
66
71
74
83
86
74
53
40
40
44
55
58
55
55
50
49
54
59
66
70
65
56
56
64
69
60
48
50
53
45
39
36
42
52
51
49
42
34
25
10
7
23
43
52
58
64
56
54
64
81
86
85
83
84
81
72
64
59
55
53
54
41
24
18
24
48
55
50
37
26
34
51
53
48
55
69
74
85
91
76
58
57
65
64
65
76
75
56
48
52
48
42
52
64
66
56
37
35
51
53
43
44
53
53
44
35
29
26
23
26
37
56
69
58
49
33
19
16
20
36
49
59
61
54
39
32
22
11
1
-7
-7
-1
-2
-3
8
19
23
18
8
17
24
16
6
2
6
13
23
27
20
12
7
-6
-11
-8
-7
-4
16
34
39
0
48
49
40
32
34
44
45
36
44
64
55
35
40
71
107
109
81
51
35
37
40
41
39
39
51
68
73
66
64
69
73
87
91
64
37
39
54
70
61
41
36
22
1
-8
-13
-38
-77
-115
-116
-66
-10
17
35
57
90
118
130
123
120
118
108
104
105
100
86
76
84
97
100
100
107
115
99
81
82
88
83
76
71
69
68
69
71
69
67
70
80
82
88
93
76
59
53
49
50
40
36
44
53
57
55
53
55
44
33
35
54
60
44
26
19
22
33
40
44
39
37
50
57
44
34
42
64
69
61
51
37
33
38
48
48
38
40
42
33
26
34
39
35
28
32
26
28
43
58
60
53
44
35
25
20
26
40
38
35
36
32
27
32
32
38
53
54
49
51
49
60
81
82
71
67
71
71
55
51
56
69
67
41
34
51
64
65
57
43
39
45
57
65
58
57
55
68
89
92
85
76
72
66
57
57
60
71
86
90
83
72
74
80
77
65
59
67
74
69
52
48
45
44
43
40
38
49
67
67
56
50
54
56
48
39
37
42
55
54
40
25
25
33
51
67
57
42
26
17
23
40
54
54
41
33
22
5
-13
-20
-11
5
17
20
11
19
43
57
48
24
17
22
36
39
40
49
65
75
82
82
69
49
43
55
70
71
56
42
36
36
41
41
34
26
21
10
5
21
35
36
36
42
41
35
28
25
17
10
10
16
38
68
66
49
48
54
56
51
35
22
21
24
22
21
13
10
9
20
20
6
-2
-1
7
23
36
26
21
19
11
5
-2
-12
-14
-3
4
3
1
5
20
38
41
33
26
29
40
43
35
25
28
38
42
49
53
52
52
55
57
66
69
70
61
54
43
38
40
42
52
66
60
53
56
59
59
58
50
43
50
50
48
66
82
71
59
69
82
96
98
75
59
52
39
23
4
-12
-30
-45
-46
-58
-76
-92
-88
-71
-55
-40
-14
12
39
69
102
114
112
117
129
130
121
107
93
88
81
60
58
70
74
59
40
38
49
55
55
50
54
64
57
49
42
50
60
65
58
58
60
64
68
73
69
67
56
43
38
40
48
58
66
64
64
71
67
53
48
54
67
80
84
82
84
86
81
67
60
71
72
67
50
35
36
56
65
59
54
43
38
28
27
33
39
55
58
43
40
53
61
61
57
64
66
57
40
23
12
10
12
9
3
5
12
12
8
0
10
27
43
53
44
38
36
43
56
52
49
49
40
36
36
28
24
29
42
49
44
55
69
70
60
55
52
43
40
50
56
53
40
25
26
36
43
53
56
42
39
51
57
59
60
64
52
34
22
32
54
64
53
37
34
23
13
27
44
51
51
51
45
40
26
17
21
37
40
25
28
42
41
38
39
33
24
18
18
28
36
28
19
22
36
37
27
33
40
34
21
11
9
19
26
25
21
21
32
34
25
17
9
13
19
16
11
27
33
7
-2
4
8
16
25
41
54
54
51
43
39
41
52
53
53
51
36
19
16
26
38
44
49
55
54
52
43
49
57
68
76
76
73
65
44
35
39
58
83
86
66
45
51
66
64
56
58
55
52
49
53
69
84
86
81
80
80
74
66
57
55
54
52
60
64
51
53
65
68
76
88
88
73
50
39
41
42
42
49
51
53
64
74
85
86
85
85
75
60
50
50
57
69
68
58
57
54
53
42
37
42
42
35
28
40
54
64
68
58
53
67
73
70
66
57
58
80
100
98
87
81
81
89
96
86
67
55
54
52
52
42
21
-9
-35
-41
-50
-67
-83
-84
-65
-39
-21
-4
21
53
76
88
91
91
83
69
69
66
60
57
68
76
77
71
59
57
61
59
50
49
65
81
88
86
71
55
45
41
48
56
55
44
48
54
55
54
65
74
73
68
56
54
70
87
76
60
58
56
50
42
29
12
22
48
50
35
19
7
12
20
19
12
8
16
22
13
2
7
17
20
21
21
19
12
5
12
32
40
38
26
27
34
33
28
32
36
49
65
68
66
56
48
33
17
18
28
41
55
66
68
70
74
71
59
54
65
81
90
96
98
98
92
82
68
67
85
92
82
74
82
90
84
64
41
34
27
28
41
45
51
68
73
59
58
69
68
66
68
70
64
59
60
60
68
73
72
72
74
72
70
73
73
61
44
43
60
69
50
28
38
56
58
45
32
35
42
39
34
34
34
36
43
54
69
69
56
42
34
37
40
26
12
27
35
25
34
50
55
58
58
51
34
16
13
26
39
42
44
39
36
42
52
61
69
61
43
38
40
44
41
35
24
21
36
50
45
38
34
43
48
42
42
52
59
58
54
44
42
40
41
42
37
26
26
49
70
71
58
49
41
49
64
65
59
57
52
52
58
57
56
57
59
69
76
75
60
39
0
37
50
53
36
24
25
41
51
38
17
6
12
25
38
39
28
24
27
32
38
35
25
17
11
10
8
20
39
52
57
54
51
44
39
38
42
51
65
68
65
58
52
48
48
48
53
59
64
59
66
64
56
58
60
60
60
66
70
68
56
44
44
51
52
43
43
48
42
41
43
51
52
41
41
64
84
98
96
86
71
56
50
52
36
3
-17
-26
-46
-72
-92
-81
-55
-39
-34
-29
-5
40
67
81
100
106
105
98
82
68
65
71
82
76
66
52
43
53
69
73
56
44
55
66
56
51
57
64
56
51
44
53
66
73
85
85
73
58
54
54
56
56
49
57
74
76
72
68
59
54
51
53
53
55
69
75
66
56
60
57
53
49
50
65
72
71
72
83
99
103
90
83
75
65
51
42
48
53
52
59
64
64
67
70
69
58
48
39
38
42
54
69
68
55
43
39
38
37
48
52
55
67
77
73
65
55
48
45
52
52
39
27
20
20
25
16
5
7
10
9
4
-3
-1
19
40
50
38
33
27
24
33
40
39
37
40
56
66
72
72
54
41
44
56
74
85
85
70
58
60
67
73
76
70
59
60
65
55
48
53
69
74
67
58
67
81
74
57
50
56
50
27
25
39
53
60
57
48
38
32
28
32
23
19
23
35
38
26
21
32
45
52
43
48
55
64
66
56
39
34
42
45
27
20
33
40
42
49
43
39
44
53
48
39
42
45
48
48
51
54
56
66
67
55
49
48
38
28
27
21
12
12
9
0
6
26
48
59
58
43
28
22
25
39
51
51
51
44
48
53
59
52
35
34
53
74
84
87
68
40
37
52
65
60
41
28
44
67
75
85
82
56
34
34
48
60
68
60
55
54
38
25
37
65
72
55
34
24
28
40
45
53
64
60
68
83
104
116
115
113
108
89
70
75
88
86
82
85
87
88
92
91
84
66
49
42
43
54
65
56
44
48
56
59
59
48
38
48
41
34
37
42
49
42
42
52
60
60
55
55
68
85
69
27
-4
-22
-41
-61
-82
-98
-113
-107
-83
-58
-55
-41
3
53
82
85
83
81
82
82
76
80
81
72
66
59
58
56
51
52
68
91
84
66
60
65
67
68
70
61
52
55
60
64
57
55
57
50
37
36
33
26
28
35
40
34
16
10
11
19
25
20
5
0
18
39
43
36
28
32
39
52
50
32
0
20
25
28
25
20
20
22
23
35
42
42
37
27
21
17
11
11
20
34
55
59
40
11
-5
-4
-2
4
12
17
23
33
32
37
43
40
38
42
45
48
51
50
48
53
50
36
32
36
39
38
37
53
59
57
56
54
52
57
66
57
59
76
96
101
92
83
67
56
53
57
82
105
114
106
102
104
100
84
82
86
91
88
70
64
72
87
87
81
69
66
70
67
59
64
68
64
52
49
51
55
66
72
60
54
56
55
50
49
54
52
52
56
64
76
83
85
84
64
32
12
21
50
71
68
51
49
58
59
52
38
24
23
35
48
41
33
38
41
36
39
50
44
34
27
35
41
42
51
59
55
38
36
41
36
33
43
65
76
82
80
65
50
55
69
67
56
45
40
58
80
75
55
37
35
42
40
27
28
33
35
27
21
21
25
22
8
-1
5
20
32
24
7
2
12
28
29
17
16
23
33
35
26
25
24
32
37
38
33
26
24
22
26
35
35
37
34
36
44
56
57
54
49
43
49
43
41
42
44
54
64
57
43
35
38
42
41
35
32
41
50
49
48
42
39
32
36
50
49
37
40
45
39
26
23
19
19
33
51
65
67
54
42
43
59
64
57
59
73
81
77
74
66
59
57
49
35
37
51
66
74
75
81
81
86
92
86
56
13
-19
-22
-7
-9
-23
-36
-42
-33
-27
-34
-20
16
56
84
93
92
97
107
113
100
84
88
101
104
100
102
116
108
91
86
96
105
109
108
101
102
103
102
104
107
106
98
102
113
98
85
89
98
84
68
71
81
88
89
70
49
41
51
50
35
28
40
55
54
39
34
33
35
35
26
19
9
7
17
26
21
6
3
21
35
27
16
3
-2
3
9
8
16
34
45
51
42
22
22
42
43
28
16
13
22
35
40
52
57
52
42
26
20
27
35
27
24
23
28
36
36
38
42
34
29
32
20
7
3
7
19
19
9
7
13
26
36
36
26
27
36
35
33
33
24
19
18
17
34
54
64
64
66
65
65
68
80
74
71
74
68
45
44
66
75
83
82
71
60
53
51
52
49
45
43
27
23
35
43
37
22
21
34
42
50
44
38
34
28
24
24
20
19
26
38
60
83
70
40
33
44
61
66
60
58
50
41
43
48
48
44
48
48
51
64
74
69
59
57
66
76
82
81
75
59
54
64
70
80
81
0
68
65
67
82
99
99
87
70
54
54
54
48
32
36
64
84
85
75
65
53
36
25
34
54
67
66
57
50
54
67
74
66
43
35
43
67
82
81
73
66
56
53
49
42
54
83
100
98
81
56
28
23
32
36
39
51
66
71
66
60
56
40
22
12
11
25
42
52
49
35
34
41
34
12
-5
-11
5
27
35
32
23
12
3
1
1
3
-2
-7
-11
-10
-2
-3
-9
-12
-6
4
6
2
-6
5
28
39
39
36
43
67
83
89
82
76
83
86
84
80
66
50
52
59
55
48
34
25
28
28
23
28
33
28
29
35
34
25
24
25
26
33
26
13
18
28
50
65
56
42
33
20
2
-19
-30
-42
-57
-73
-93
-109
-100
-65
-28
-10
9
41
73
106
121
123
119
114
108
108
102
92
100
103
97
90
96
92
77
66
66
68
69
69
71
76
84
90
92
83
65
44
45
66
81
89
85
74
64
44
38
35
37
42
41
42
57
75
81
69
49
41
55
72
81
80
80
82
85
86
88
89
89
86
86
88
84
75
85
97
82
65
53
54
60
59
52
43
38
58
90
109
101
80
72
74
74
51
13
8
12
12
16
35
58
59
37
9
1
11
36
50
39
24
33
40
48
53
52
45
53
67
60
54
51
56
68
74
69
51
39
38
42
65
80
67
49
38
39
40
28
17
-1
-11
-8
8
36
45
41
28
24
33
57
76
73
53
42
56
65
57
55
60
56
42
36
39
56
60
52
27
8
18
42
45
35
34
42
54
41
26
48
74
75
55
35
34
56
69
67
59
54
54
48
37
34
43
44
41
36
35
28
21
26
38
39
39
54
71
75
69
65
59
56
45
27
20
34
37
26
24
32
28
20
9
13
24
24
21
20
21
29
40
44
49
48
51
53
44
35
32
33
34
42
53
53
52
50
49
50
54
66
68
57
55
58
52
40
43
52
60
71
72
61
58
61
56
50
48
49
52
52
56
67
70
68
54
50
38
20
11
12
20
26
24
16
12
17
20
17
16
13
3
-2
4
9
19
34
38
34
35
44
48
50
44
34
29
28
26
29
41
52
57
53
40
32
39
52
56
53
51
48
56
58
44
52
68
59
48
48
57
68
66
59
61
64
65
68
60
42
35
28
29
43
52
40
34
39
44
50
57
71
72
58
52
49
49
58
69
60
48
36
9
-24
-58
0
-76
-82
-82
-68
-53
-44
-43
-37
-21
7
39
67
70
59
64
71
85
90
90
75
57
56
66
71
80
82
81
85
82
69
60
57
59
71
88
84
61
56
65
69
72
72
82
101
120
122
114
104
91
70
53
49
50
51
52
41
25
17
17
25
34
40
44
39
26
20
21
32
40
34
26
39
51
42
27
25
27
33
33
39
49
43
29
27
37
52
57
59
55
40
40
60
72
55
35
39
53
56
38
20
20
27
27
24
24
24
28
36
37
36
36
43
52
43
33
32
40
58
68
54
41
49
58
65
56
39
38
54
68
72
65
52
54
59
72
82
71
56
55
65
74
73
64
41
37
51
50
40
40
59
81
81
68
66
57
36
24
34
44
54
67
80
77
64
58
60
61
66
56
41
38
38
40
43
50
60
69
65
60
68
81
85
76
60
48
51
67
83
96
106
105
98
89
87
86
77
69
60
52
45
43
40
44
54
57
49
35
35
39
50
52
50
57
65
73
75
64
59
73
77
68
52
40
33
28
37
49
43
27
22
32
34
27
17
9
17
33
42
41
35
38
50
64
64
60
54
39
25
25
39
51
51
49
50
50
50
50
49
48
44
43
41
43
52
68
69
54
50
59
67
61
56
56
55
52
48
43
48
43
38
44
64
66
54
49
54
57
55
54
51
48
68
96
99
83
60
45
41
43
28
6
-5
11
28
23
9
2
-1
8
25
45
53
43
27
18
21
27
32
35
56
83
88
87
86
71
70
80
83
89
88
72
55
48
52
59
65
66
68
71
75
77
83
86
80
64
54
53
64
70
58
50
55
57
51
41
37
25
16
1
-9
-22
-39
-51
-61
-88
-108
-114
-102
-83
-62
-38
-6
24
57
84
89
83
73
80
82
66
68
84
87
81
73
69
74
85
88
87
88
89
84
65
41
36
64
114
144
134
102
74
68
89
123
134
123
103
84
90
114
116
97
86
99
104
90
71
64
75
101
118
119
104
83
76
92
112
121
112
81
59
66
83
106
108
91
71
52
50
61
70
68
73
81
82
80
73
68
73
69
58
48
42
36
41
49
43
35
34
38
39
27
13
10
8
-2
-7
-3
-1
5
21
44
51
22
-6
-7
4
13
10
-3
-10
0
18
36
49
44
45
56
51
41
41
37
27
28
41
44
53
67
65
55
51
60
75
81
70
56
44
40
43
42
0
38
35
34
40
49
42
29
18
11
13
17
28
33
26
24
34
43
52
58
57
49
42
53
56
44
37
39
54
55
40
25
18
11
9
21
26
18
13
24
39
55
70
69
52
27
22
35
45
49
48
45
39
35
42
51
44
28
10
12
38
58
56
44
28
16
16
18
19
20
24
36
43
48
44
44
56
67
67
60
60
64
69
83
85
75
84
97
96
75
59
40
18
11
26
59
88
99
91
76
72
83
83
81
76
60
36
16
13
20
19
22
17
-5
-17
3
32
44
44
39
41
49
52
37
20
20
27
33
41
58
57
53
40
39
64
67
53
56
71
91
109
114
104
93
89
93
103
106
98
80
69
69
82
85
72
60
55
52
56
64
70
66
42
35
40
52
56
59
64
59
54
58
69
70
72
74
64
49
57
71
68
67
67
58
49
39
35
38
40
40
34
26
27
39
39
32
20
8
-1
-11
-14
-8
3
6
2
-4
-7
-3
3
12
26
42
49
41
38
28
10
-2
-6
-29
-68
-87
-98
-117
-129
-115
-91
-68
-36
0
33
59
73
74
68
66
73
89
100
91
74
80
103
120
123
118
106
88
75
71
60
51
48
44
50
49
38
32
32
34
33
33
23
16
13
7
9
17
24
36
39
36
39
54
69
80
82
68
54
56
71
82
74
59
56
64
67
72
82
81
81
84
76
74
82
86
86
84
75
73
66
50
37
19
5
26
51
53
43
38
38
41
39
41
58
69
66
53
39
43
57
60
52
36
33
43
35
17
12
19
24
29
34
40
50
52
44
34
32
29
26
20
19
26
40
42
34
28
37
48
42
27
11
-2
-3
5
12
24
36
51
59
51
49
60
69
73
69
57
56
56
52
52
53
50
48
53
66
73
76
77
69
60
61
76
93
84
72
76
71
50
34
35
41
51
45
27
19
40
83
97
71
56
64
56
51
40
28
23
19
20
32
40
51
61
58
42
42
57
72
64
39
24
29
59
80
70
61
65
60
34
22
42
67
73
68
68
66
50
36
38
45
53
41
28
33
42
49
35
20
11
20
35
39
25
18
27
48
50
33
23
33
37
38
44
57
51
35
24
32
44
57
54
48
50
51
43
44
50
51
52
57
64
57
60
74
77
71
65
50
35
34
43
52
49
25
9
12
32
41
27
8
-1
2
12
28
37
40
42
36
24
24
35
57
0
70
73
73
66
60
57
48
42
40
41
41
41
35
27
28
34
36
37
28
23
36
54
68
76
74
70
75
74
69
65
61
52
50
44
39
35
27
16
3
-1
7
21
25
22
34
38
33
37
42
40
35
38
48
54
53
43
41
49
55
54
50
42
38
40
49
52
64
76
80
71
53
36
33
28
25
9
-21
-49
-72
-89
-98
-89
-84
-65
-19
24
64
93
114
117
114
104
102
100
96
97
86
74
73
69
61
54
55
58
69
80
82
73
70
74
81
76
67
60
53
42
34
26
29
39
54
65
70
64
52
58
82
91
89
75
59
57
60
53
49
49
48
50
51
53
66
83
82
59
50
56
57
54
53
50
56
80
90
84
74
84
90
86
86
87
86
76
65
51
53
64
68
74
75
72
67
65
61
42
28
27
32
44
53
43
44
59
73
72
74
80
70
65
76
91
82
58
39
50
74
76
54
35
39
70
107
117
90
55
55
80
100
105
100
89
83
87
97
106
107
112
106
104
114
116
90
72
70
76
73
58
54
55
53
54
67
72
59
41
27
24
33
51
70
72
60
56
56
55
56
54
56
53
40
37
34
35
39
38
25
18
21
27
27
35
38
39
36
27
18
12
24
35
39
35
39
48
51
58
70
80
73
55
34
21
24
26
19
20
28
37
34
27
28
28
32
21
2
-5
-3
-1
4
16
26
29
18
6
3
3
12
24
29
35
35
36
36
33
23
12
16
25
34
41
37
25
23
27
29
26
12
9
10
18
28
28
28
33
24
18
19
18
3
-6
4
32
54
52
40
39
45
48
45
41
36
39
49
54
59
52
37
42
55
60
57
40
38
44
43
44
40
28
40
54
64
68
57
44
40
40
48
49
51
59
56
40
33
36
52
69
65
53
48
38
44
65
75
73
58
44
36
45
59
56
53
53
54
54
54
44
37
41
41
36
40
55
70
71
57
37
28
41
58
56
43
50
66
64
57
64
58
50
49
57
66
70
69
67
68
75
77
56
36
26
24
25
38
49
48
24
3
6
16
7
-14
-39
-50
-59
-73
-97
-113
-103
-88
-68
-44
-10
24
38
49
69
84
75
60
64
68
69
75
85
90
91
87
82
88
101
97
90
88
81
72
81
96
103
103
87
69
70
83
85
82
70
68
85
92
74
58
66
76
81
81
74
73
82
85
76
64
45
43
54
0
59
69
82
77
65
64
66
60
52
40
44
60
68
65
58
57
64
60
50
42
42
51
58
55
53
55
66
76
70
50
41
49
51
41
27
32
33
27
33
35
38
42
40
49
58
52
42
40
32
34
39
35
25
26
37
49
53
54
56
64
57
48
56
64
57
56
67
71
60
59
67
72
73
55
33
27
41
67
87
91
91
87
90
100
92
85
75
71
73
82
84
84
96
92
72
58
57
56
52
51
58
64
58
54
44
36
39
56
67
65
49
18
3
24
49
56
60
52
36
33
36
41
48
49
55
68
64
44
36
40
49
52
41
34
42
57
58
56
52
33
24
37
54
61
55
41
41
49
52
57
55
48
37
42
71
91
84
65
44
37
36
37
45
44
35
35
41
38
24
19
16
19
28
33
25
25
28
36
38
33
34
35
42
61
64
43
33
33
37
37
35
39
39
38
27
11
-5
-17
-13
-8
6
18
37
57
57
44
35
36
44
52
49
41
39
38
35
38
51
54
48
40
43
43
43
45
42
43
40
39
41
34
21
17
21
34
40
39
43
53
42
32
23
19
21
12
6
18
27
24
23
18
5
5
18
26
36
41
37
32
39
48
55
71
71
67
66
60
58
59
59
55
48
41
39
50
72
75
73
83
88
88
87
88
83
77
74
74
82
90
93
81
54
36
33
27
21
25
34
23
8
12
33
43
36
18
11
26
22
-13
-52
-70
-89
-116
-130
-109
-76
-51
-35
-19
-3
18
43
59
80
99
92
80
83
103
119
120
104
85
73
77
90
105
114
113
90
82
92
118
131
107
82
83
104
114
102
77
65
70
89
97
84
74
86
97
98
99
104
108
107
89
67
61
66
65
64
64
66
58
43
38
38
36
39
39
37
44
55
64
71
81
93
96
72
50
39
33
41
49
36
19
22
42
56
61
65
59
42
35
34
26
10
11
24
23
11
-5
-18
-10
-4
-7
-6
0
1
9
28
45
38
17
7
12
26
33
26
24
22
18
7
9
20
23
18
8
2
9
33
48
48
39
43
56
60
57
44
29
32
55
87
104
98
86
80
83
89
89
65
28
11
9
16
23
21
11
19
29
39
43
49
58
74
81
68
44
39
54
64
58
51
66
90
91
84
68
50
41
44
49
43
34
38
60
73
67
55
48
49
51
64
76
86
89
85
74
70
70
74
75
70
66
0
65
65
67
64
51
51
48
28
32
43
49
43
39
38
34
27
25
23
28
38
44
51
58
64
59
49
40
35
38
38
41
51
54
58
71
83
87
80
59
49
50
52
55
55
54
60
71
60
42
32
34
40
35
23
21
26
40
52
49
36
12
-1
4
33
69
89
87
80
72
84
100
99
81
66
73
82
84
92
96
75
53
35
24
33
53
71
74
81
87
83
67
52
50
54
55
49
42
33
25
41
42
24
2
1
8
4
1
5
16
35
64
87
83
61
44
39
50
68
70
64
65
73
68
45
38
50
60
57
52
53
55
55
55
51
51
64
70
67
56
54
57
54
56
58
64
64
68
75
82
70
53
40
27
22
8
-12
-50
-82
-102
-116
-125
-122
-108
-90
-60
-29
1
24
37
55
77
91
92
97
97
88
82
74
74
75
76
85
101
102
100
