3
12
12
2
1
5
10
22
27
24
17
17
26
28
22
12
11
12
17
26
35
34
25
13
17
20
13
11
10
12
20
21
27
37
40
40
35
28
28
28
34
39
36
20
3
6
18
24
29
35
28
18
12
12
9
9
18
28
33
27
20
11
11
19
19
13
9
2
2
6
21
26
24
22
27
36
45
52
48
35
21
20
27
38
38
43
58
76
75
56
53
55
49
42
39
39
35
32
33
33
24
17
22
33
44
54
54
45
24
21
37
53
57
59
60
64
69
85
102
105
92
84
83
74
66
67
80
82
81
87
91
89
88
96
105
104
102
102
113
122
122
121
112
87
72
76
102
128
131
120
116
130
134
117
97
85
86
91
83
69
72
80
82
73
57
42
41
49
52
49
50
51
56
69
75
60
38
32
40
58
73
67
60
67
74
76
68
59
64
55
39
33
43
52
42
39
39
28
24
26
34
41
48
49
48
45
45
43
34
13
5
5
6
2
-1
8
28
41
44
42
42
43
45
44
41
43
49
42
34
27
24
29
41
43
35
29
40
50
54
60
68
59
50
39
35
42
52
51
45
33
10
9
21
23
27
40
56
56
44
34
26
18
11
17
28
41
40
23
12
10
4
4
13
23
24
21
23
19
5
5
21
28
37
49
49
38
37
41
39
34
28
29
41
53
64
64
55
42
40
45
43
36
38
49
44
33
23
18
18
18
22
25
22
23
27
38
40
34
0
25
26
28
40
56
64
59
52
41
35
36
27
9
-4
-9
-3
6
-1
-19
-36
-61
-84
-86
-70
-42
-34
-25
-4
27
59
77
74
68
72
73
80
91
92
83
82
86
92
106
107
105
114
116
107
92
83
70
55
49
55
69
72
64
55
57
67
81
85
88
92
98
102
104
104
118
124
107
77
56
65
72
75
80
76
73
69
72
81
81
70
59
59
64
64
65
65
65
60
59
50
42
54
68
72
71
66
67
68
64
56
45
39
37
38
38
39
57
75
54
34
35
40
43
37
25
28
40
50
56
57
56
58
59
55
56
54
50
42
26
13
11
17
21
26
23
7
-10
-11
-1
-2
-5
11
49
80
87
75
65
64
65
68
69
66
60
65
67
70
72
61
45
40
43
53
57
45
34
21
17
24
37
38
34
37
55
71
74
68
67
72
73
68
65
57
48
38
42
53
54
41
28
40
53
50
40
25
23
35
41
38
35
34
39
49
50
33
35
56
68
66
68
74
77
82
85
88
89
85
71
54
50
54
55
59
68
68
56
40
37
40
51
52
50
42
40
48
44
40
37
26
16
16
22
22
20
17
18
18
13
11
17
19
20
17
5
1
-2
8
34
60
68
51
36
25
24
33
55
81
70
48
42
40
29
24
21
21
27
33
37
50
59
59
50
37
41
55
55
51
57
74
87
81
64
52
59
75
74
67
56
53
54
56
55
42
37
49
68
73
60
50
48
49
50
52
40
23
20
27
32
35
48
54
54
48
38
32
34
37
39
48
60
59
42
35
37
38
39
40
41
51
52
44
35
19
7
21
35
33
27
32
23
8
-3
-13
-18
-8
-1
4
11
16
13
21
23
22
27
38
39
33
25
25
32
33
35
32
27
34
34
36
44
59
69
71
76
85
82
70
58
54
65
70
69
57
48
53
64
70
71
66
51
28
18
24
39
57
75
73
70
74
72
64
45
34
17
-12
-50
-77
-84
-68
-38
-10
20
54
80
98
113
116
112
103
99
101
101
100
99
90
68
49
51
55
59
70
74
75
86
100
96
81
72
70
68
70
67
59
59
58
43
36
34
34
40
42
42
44
50
53
52
36
26
36
41
40
37
40
41
38
28
27
39
40
32
24
25
23
12
10
10
5
5
20
32
23
5
-8
-11
-10
-3
8
19
26
33
40
44
38
32
24
18
24
28
29
27
21
0
17
17
32
35
23
16
13
18
20
26
44
59
61
68
74
81
87
88
87
86
77
71
72
73
71
66
64
70
66
59
55
54
57
65
67
52
26
10
17
52
86
90
72
55
57
74
99
113
101
69
55
70
97
119
119
107
98
100
112
129
134
130
120
115
105
92
88
89
86
82
80
81
81
85
83
74
71
64
54
51
59
68
70
67
60
67
73
75
72
65
57
58
56
49
51
65
70
67
58
42
27
26
34
32
25
35
40
38
32
34
40
48
50
44
41
33
20
12
4
2
3
1
0
10
20
20
26
34
32
33
32
24
21
32
26
9
-7
-13
2
39
86
83
102
68
42
43
-2
-34
-41
-52
-56
-56
-44
-36
-14
32
25
-10
-22
-10
0
2
9
17
20
18
20
27
36
38
41
48
45
43
52
58
61
61
56
44
36
27
25
40
54
54
50
48
54
54
38
10
-10
-9
25
72
87
67
43
34
38
44
48
39
41
55
68
80
83
71
59
49
21
1
-3
6
22
36
35
25
19
21
35
50
57
53
40
27
27
37
28
16
12
20
28
26
25
24
26
34
38
29
10
-4
12
48
64
57
44
38
48
69
74
60
60
58
58
59
57
60
70
91
117
129
123
114
100
96
87
74
73
74
75
87
100
99
85
73
82
89
92
77
55
42
25
2
-12
-21
-33
-52
-70
-72
-69
-65
-42
-22
7
44
76
93
98
86
86
92
97
89
90
92
88
85
85
87
90
91
98
108
108
100
90
86
84
85
89
86
71
57
52
44
49
58
58
56
58
55
44
45
54
50
39
35
36
37
37
29
16
13
23
33
38
39
41
42
41
40
40
37
35
37
36
37
51
67
73
69
59
55
52
53
56
64
61
65
68
68
64
57
52
50
52
60
67
60
49
27
8
17
45
70
74
68
66
61
59
61
60
65
67
58
54
55
58
60
67
60
54
52
42
28
26
33
32
26
20
0
-10
16
55
69
53
35
28
32
32
40
56
75
87
82
69
66
82
99
87
59
52
69
96
118
120
119
112
103
101
84
64
64
85
100
96
75
59
58
73
89
99
89
66
57
58
51
39
44
50
41
36
43
44
42
41
33
26
34
37
37
37
25
11
18
33
39
27
6
-9
-1
11
6
3
17
33
36
35
29
17
11
21
25
33
27
23
21
27
40
38
35
32
18
18
38
54
50
33
23
0
28
24
12
17
28
36
41
43
33
22
25
44
60
66
60
58
58
53
43
43
52
54
51
52
55
56
52
48
51
54
58
57
59
64
68
77
91
101
97
82
70
70
82
82
70
58
57
64
75
77
68
60
58
57
49
36
34
44
59
57
45
35
23
22
27
32
28
39
55
89
121
117
74
36
36
54
67
68
56
39
24
35
60
75
69
61
71
76
69
56
67
81
74
67
64
50
38
49
60
65
57
54
53
55
68
80
90
96
86
85
87
87
83
74
65
58
51
40
43
53
54
39
18
21
35
34
23
6
-6
-3
4
-2
-17
-19
-2
23
35
32
23
27
34
36
36
29
32
28
11
-11
-44
-67
-82
-92
-102
-94
-69
-55
-58
-55
-24
8
33
45
58
69
71
71
81
89
82
67
66
70
66
66
64
67
72
76
81
75
71
83
101
105
88
73
70
70
71
59
48
50
61
68
53
35
25
32
48
58
51
48
48
48
38
24
23
34
32
20
19
22
24
28
36
40
43
44
38
34
35
39
45
54
55
56
56
52
48
43
37
36
38
51
71
76
70
59
66
75
76
71
57
45
45
56
67
73
70
55
40
42
59
86
103
101
84
58
51
57
69
68
59
48
39
43
67
85
86
69
51
57
72
81
83
73
45
19
11
23
43
65
65
58
58
57
59
51
41
53
64
71
81
84
74
67
72
67
53
42
40
51
56
52
44
34
28
34
38
40
38
42
52
57
52
43
38
24
9
5
1
3
17
21
18
11
2
-8
-12
-3
8
20
32
34
42
54
60
57
41
20
4
16
40
51
57
69
73
74
67
44
23
21
27
29
36
48
52
51
37
26
33
44
54
54
53
59
70
77
75
73
85
112
138
147
133
115
103
98
98
98
90
80
75
74
73
68
76
89
92
92
87
75
81
87
84
88
104
114
106
102
104
104
102
97
82
68
61
60
54
68
92
96
76
54
41
41
51
56
51
40
36
38
50
64
75
83
76
64
49
41
37
24
12
19
35
40
39
39
41
45
59
60
37
11
0
3
18
19
7
1
7
8
4
-4
-6
-9
-14
-14
2
16
11
12
18
21
21
28
53
69
61
54
72
84
49
19
27
33
22
13
19
34
41
44
55
69
66
43
29
21
8
1
8
13
19
13
9
16
24
38
43
49
43
26
18
19
18
19
23
29
28
27
24
24
0
28
32
35
41
36
2
-41
-60
-65
-75
-103
-129
-133
-102
-53
-20
-4
16
41
69
86
96
97
93
87
88
98
107
106
101
97
84
75
74
82
89
91
96
103
99
80
71
70
60
56
54
52
51
48
40
18
3
12
36
51
50
59
71
70
64
51
37
35
39
44
52
56
67
72
65
51
39
27
26
34
35
33
38
45
50
51
64
70
57
43
36
36
39
49
57
53
39
23
12
23
41
53
54
49
40
26
17
17
32
37
36
27
19
18
20
17
11
13
21
25
37
52
50
36
40
57
67
71
81
80
72
66
72
82
82
67
50
51
60
68
70
74
81
76
68
58
51
56
71
74
67
64
66
66
61
57
55
42
28
32
49
66
70
75
85
88
87
88
85
82
76
69
60
61
66
66
64
56
49
49
61
88
98
80
50
23
18
34
38
26
18
19
23
28
34
32
22
8
-1
-7
7
38
60
56
28
11
20
29
27
21
17
16
10
10
12
17
8
2
-3
-8
-6
7
22
18
6
5
9
23
33
21
5
-5
-9
-6
2
12
16
21
26
37
39
39
40
51
64
57
57
59
67
66
60
65
66
61
50
39
41
42
34
26
34
48
59
66
60
45
45
54
57
52
48
54
67
67
55
67
81
81
80
84
81
56
44
53
53
48
51
52
41
38
44
56
61
54
38
32
39
53
58
51
43
36
28
23
19
21
41
50
40
41
50
52
51
50
43
32
19
19
28
35
33
26
36
56
67
70
73
68
44
28
27
32
34
36
43
52
52
59
76
83
77
65
43
34
27
25
39
54
59
58
57
56
48
41
42
54
65
71
73
67
57
53
49
48
51
55
53
49
42
45
54
53
37
12
-1
-9
-21
-40
-58
-75
-90
-93
-78
-54
-20
-2
10
28
56
89
100
89
90
103
103
88
75
70
76
83
72
56
49
45
51
52
54
66
75
75
72
56
42
42
49
54
55
44
41
51
66
74
68
65
61
68
82
84
64
53
70
100
105
85
55
42
54
65
64
67
64
66
69
57
39
35
39
40
44
42
37
36
43
48
43
41
35
22
22
40
65
73
67
59
70
87
92
87
91
99
90
82
70
64
64
84
88
65
51
48
64
89
98
91
89
83
67
56
45
40
34
28
34
39
41
44
54
64
64
66
58
38
26
40
72
101
102
88
75
74
74
72
70
69
73
83
89
0
91
98
99
101
100
87
66
49
44
50
45
40
50
59
72
82
81
74
68
61
53
36
28
35
33
26
40
60
57
38
24
26
38
37
35
44
53
41
12
-2
-2
5
19
24
19
6
-2
-1
6
9
6
4
8
17
27
40
34
17
11
19
26
32
32
32
27
35
38
42
55
69
85
98
90
71
55
55
59
56
53
52
41
35
40
59
69
57
43
38
36
38
43
42
50
59
49
36
29
27
28
34
26
11
11
26
28
25
28
38
40
40
41
48
49
52
64
71
66
49
43
39
26
12
18
37
43
33
20
19
25
37
38
32
34
48
51
49
57
64
45
35
42
49
43
38
43
52
51
52
48
35
23
22
21
18
18
21
29
48
54
57
58
50
42
42
54
69
86
92
82
73
75
75
65
54
50
45
49
52
52
58
55
42
51
70
83
82
70
53
34
20
27
48
56
50
44
53
64
70
71
69
56
48
45
56
74
81
69
53
22
1
-8
-14
-26
-42
-58
-69
-76
-83
-76
-49
-11
1
1
16
49
85
105
104
101
112
125
132
128
121
114
99
89
84
80
81
86
90
91
87
81
71
55
57
72
76
73
66
56
54
54
56
58
57
54
55
55
45
53
75
76
66
52
40
40
53
53
38
29
34
44
59
70
66
51
44
50
54
43
24
10
16
26
41
48
40
28
21
13
18
21
17
13
9
5
12
22
22
17
13
22
28
35
25
17
6
4
16
22
24
27
26
22
24
39
57
54
44
53
60
65
56
43
39
41
45
54
56
54
49
34
24
32
39
38
37
37
34
44
68
85
75
52
43
52
58
65
72
72
72
72
69
70
66
58
58
68
76
76
65
55
53
52
59
76
76
53
35
38
42
44
51
58
57
50
49
59
68
66
65
65
60
59
64
65
56
49
50
58
57
43
36
39
41
48
51
45
42
40
44
65
77
74
59
53
59
70
76
76
58
44
39
39
48
65
73
68
56
50
52
52
48
44
44
32
20
28
41
40
33
28
29
36
37
40
42
49
44
35
32
43
57
57
44
40
34
22
21
28
40
55
57
51
39
37
43
39
38
48
54
55
55
56
53
50
44
40
34
39
54
57
50
44
50
56
52
40
40
41
35
28
33
37
40
45
51
48
34
25
28
40
45
38
23
17
24
32
34
35
39
48
55
58
68
72
60
45
37
0
37
39
45
45
36
29
23
24
39
51
54
65
68
66
65
60
65
73
82
82
68
51
45
51
57
73
73
70
76
77
73
71
68
67
67
68
70
88
105
96
76
74
83
80
64
51
45
55
89
108
93
70
55
41
34
34
25
-2
-35
-53
-50
-37
-19
18
42
65
84
104
114
112
118
133
137
135
132
120
120
135
146
135
103
77
83
106
130
123
97
82
85
90
86
75
64
45
33
29
44
67
90
99
77
60
59
65
61
55
54
64
68
69
82
84
59
42
48
56
57
51
43
24
5
16
41
64
57
37
24
17
13
19
20
16
8
11
23
28
29
27
32
23
-2
-9
16
43
51
45
39
39
34
23
20
12
4
6
24
48
57
58
59
54
49
42
39
44
51
43
29
21
18
11
18
26
33
27
17
12
13
6
5
11
26
39
43
39
42
55
57
50
40
38
45
49
48
56
72
73
68
65
50
36
23
20
38
55
64
67
65
60
53
40
43
57
57
39
23
16
21
37
55
66
56
42
37
41
39
38
43
48
55
68
72
69
68
65
52
43
45
55
52
39
34
38
54
61
43
9
-1
12
33
34
22
11
1
2
12
19
18
20
21
21
32
48
70
92
88
73
68
68
64
58
68
74
72
69
60
49
49
55
52
48
53
54
43
26
20
40
58
60
56
43
34
34
56
84
101
103
88
76
75
69
55
43
53
74
83
72
56
41
33
35
40
40
50
58
64
64
59
53
37
18
10
16
18
23
28
33
33
25
21
23
32
43
50
44
27
19
19
23
28
26
24
29
36
37
37
37
26
21
32
42
54
58
61
61
58
56
55
53
48
54
60
71
72
59
40
29
34
41
53
54
55
58
54
44
32
28
33
29
32
40
56
73
86
88
77
58
58
73
82
76
66
60
59
64
64
67
61
49
39
39
42
48
56
65
66
68
74
73
55
40
36
35
29
29
20
0
-27
-68
-101
-119
-118
-104
-86
-60
-37
-7
17
34
49
53
56
65
65
61
68
74
74
70
70
72
73
68
68
70
69
59
45
35
34
37
40
35
33
45
66
71
61
54
56
66
70
75
86
87
80
75
68
43
32
40
52
48
39
41
55
44
22
17
36
43
44
41
34
24
33
53
67
59
59
71
67
52
41
53
66
60
52
43
50
52
51
50
48
44
51
64
68
69
61
53
39
33
0
37
42
48
48
38
28
27
28
29
29
32
38
48
49
39
37
42
48
41
42
48
40
38
44
38
25
23
28
38
43
50
50
50
53
50
35
21
27
45
56
61
74
82
87
97
100
97
83
76
84
87
93
104
108
103
99
108
128
136
135
129
121
120
129
125
120
115
98
80
76
84
98
117
129
101
71
59
68
80
80
74
68
61
61
74
82
80
65
53
60
71
60
49
39
37
43
51
49
41
40
45
44
43
41
33
33
43
50
40
35
36
28
21
20
19
17
17
20
25
28
23
8
-5
-10
-14
-22
-23
-24
-19
3
10
6
2
-2
-6
-4
3
8
11
19
33
35
32
32
22
16
23
26
24
23
28
37
40
41
49
51
34
19
25
34
34
36
39
36
28
32
51
81
98
85
61
50
38
26
27
35
39
40
42
39
37
42
45
41
28
11
3
11
23
33
37
51
67
68
53
34
17
18
26
39
56
58
50
39
38
41
41
33
26
48
81
88
75
64
60
70
70
59
64
64
60
65
60
54
56
59
58
52
52
60
69
68
64
69
72
70
66
67
71
70
75
75
65
51
49
48
40
35
36
37
41
56
59
53
43
41
43
41
41
37
29
20
-4
-33
-53
-65
-85
-117
-132
-114
-81
-52
-38
-26
-10
5
28
61
91
113
120
117
99
72
60
68
89
99
88
87
87
84
82
75
80
85
86
82
75
73
75
82
65
39
33
41
49
43
27
19
16
17
11
7
20
36
38
28
22
24
20
17
21
28
28
22
16
18
20
25
29
26
33
48
53
51
52
51
54
55
53
43
43
56
57
48
36
36
43
44
34
27
37
44
49
49
57
66
56
50
56
58
53
55
68
73
69
59
53
48
43
40
39
45
57
68
70
67
57
53
58
73
86
72
56
50
42
40
38
37
36
42
55
66
70
59
48
37
36
43
52
53
45
41
45
66
81
74
68
64
56
60
77
88
85
86
97
98
76
54
52
56
56
57
65
64
56
49
53
66
74
80
65
49
39
40
48
58
67
69
68
59
57
66
64
48
37
38
48
54
50
43
38
35
41
56
66
59
51
44
50
50
35
25
22
20
17
10
17
32
42
48
44
43
44
48
41
29
27
36
42
43
42
53
65
70
67
60
56
58
70
82
81
66
52
48
51
41
33
37
41
37
36
36
32
27
32
26
20
32
45
48
0
34
27
38
58
70
58
33
16
21
33
24
8
-1
5
13
21
24
29
40
39
38
41
56
71
72
73
75
73
68
73
82
76
61
50
52
69
76
73
81
99
113
119
116
98
72
55
60
72
82
83
77
71
71
80
76
58
45
40
37
48
56
54
52
55
56
57
57
43
33
37
49
58
71
73
71
65
43
22
16
18
29
41
42
36
36
44
58
65
65
58
52
39
29
34
38
41
56
68
71
83
88
83
75
77
75
75
87
80
41
16
13
6
-10
-20
-28
-51
-78
-103
-118
-108
-86
-71
-59
-52
-28
-9
6
27
44
49
48
59
70
67
65
64
64
66
68
74
85
83
90
103
91
85
89
98
100
91
85
80
75
75
76
74
77
76
74
82
97
115
123
123
120
109
89
84
91
105
108
102
106
116
122
120
123
122
108
84
57
51
71
90
89
71
65
83
89
75
64
70
89
98
102
104
98
87
80
85
88
70
39
20
17
32
64
80
72
55
38
27
26
27
32
28
35
34
37
42
41
42
45
43
42
44
44
39
40
49
37
20
-1
-12
-7
11
32
38
29
17
12
24
32
33
34
32
35
50
54
49
44
50
57
55
51
51
60
59
45
43
43
48
54
55
44
35
39
40
33
33
34
28
21
25
41
54
54
53
53
41
33
26
13
3
16
36
41
34
20
3
0
4
2
7
18
25
27
18
9
10
8
10
10
20
35
36
40
42
40
40
38
33
33
41
41
26
10
8
12
25
34
36
40
41
39
42
52
59
59
56
58
55
56
73
83
86
77
59
49
53
66
72
74
69
64
66
67
65
64
56
55
59
66
72
65
53
55
64
66
64
68
75
72
60
54
51
48
50
58
65
64
52
53
72
102
124
128
93
58
45
54
65
68
61
49
33
34
51
59
65
55
37
34
50
50
28
20
24
35
41
36
34
38
32
21
24
34
44
66
82
81
81
82
72
53
27
16
25
43
42
37
53
74
75
56
45
49
50
54
58
67
76
83
70
51
40
51
75
100
100
83
72
66
58
52
50
43
44
43
42
44
50
54
50
38
33
37
53
68
72
70
64
54
44
44
48
37
34
34
33
38
49
50
41
32
36
41
57
71
66
50
38
38
24
8
12
19
10
-5
-30
-62
-83
-82
-61
-35
-17
-6
4
25
48
55
57
57
69
67
52
44
54
71
76
68
57
0
54
48
49
57
67
71
76
81
82
85
83
82
76
69
59
55
52
51
50
52
65
69
59
56
52
44
42
44
52
50
38
26
25
38
43
43
49
44
40
40
35
21
8
3
3
10
21
25
34
36
28
24
23
33
44
49
40
34
27
27
40
49
49
42
40
43
53
59
68
73
77
74
64
61
69
74
75
67
53
39
41
56
57
45
28
8
0
10
34
48
34
27
37
45
45
36
33
41
50
55
58
61
68
65
58
55
59
68
71
70
67
65
64
66
69
64
65
83
106
114
117
124
123
97
68
72
100
122
121
101
87
81
85
87
99
114
106
81
65
76
97
105
96
73
53
49
49
48
57
82
88
75
55
34
26
28
35
26
11
5
10
21
35
52
55
44
38
41
54
65
64
40
24
25
34
37
38
40
35
26
26
34
36
35
28
27
38
40
24
11
11
16
24
25
16
1
-4
4
11
25
41
51
57
53
42
33
29
39
38
27
20
11
10
7
12
28
25
17
32
44
44
38
43
67
85
72
43
38
51
57
51
42
50
59
68
56
54
65
65
48
21
3
0
-2
-10
-12
-7
11
29
37
21
1
-6
0
10
18
23
22
6
-4
3
23
39
42
36
27
33
40
45
55
55
43
28
29
48
57
66
75
76
72
76
83
77
70
65
71
85
96
82
65
69
80
83
81
60
38
35
41
59
72
65
52
49
51
58
69
72
66
52
53
56
64
75
75
65
50
41
43
32
13
1
4
25
33
35
36
37
38
40
41
42
39
41
39
33
33
44
55
59
57
55
56
59
66
68
66
56
55
59
56
41
12
-27
-71
-88
-86
-77
-86
-97
-76
-43
-33
-36
-37
-25
9
53
76
86
89
83
71
81
99
113
104
99
96
96
101
115
132
140
132
119
117
105
89
73
60
57
53
41
34
32
32
18
3
-2
-7
-7
1
11
24
25
8
4
17
28
39
44
49
45
39
41
49
52
49
39
37
49
55
56
56
41
25
21
27
32
34
45
54
54
48
50
66
85
89
80
75
92
101
92
89
84
68
53
38
28
27
37
43
49
48
43
52
56
54
55
53
52
54
54
54
55
52
50
49
51
50
41
39
33
27
36
58
69
59
44
40
42
52
66
84
86
71
68
75
81
77
73
74
72
72
70
58
48
40
42
51
43
36
40
42
34
25
33
36
34
24
22
26
0
28
27
28
36
36
27
22
22
26
34
33
32
39
59
68
55
49
52
59
74
85
82
72
68
74
86
87
82
85
89
80
71
73
84
80
57
53
58
56
52
48
43
38
40
55
66
68
64
43
32
27
23
16
16
32
41
43
37
19
10
25
37
34
34
38
42
51
54
48
40
40
39
37
36
42
52
49
39
33
23
23
42
59
64
57
52
49
51
58
61
67
65
74
83
67
49
51
58
59
56
43
32
27
29
32
26
28
40
43
50
57
59
58
54
48
37
37
45
54
68
72
65
55
44
40
40
38
24
20
36
51
54
57
64
72
66
59
69
80
83
82
74
66
65
70
70
56
44
48
44
48
53
40
27
37
57
70
71
56
44
40
38
34
19
6
2
8
17
6
-4
-1
17
33
45
50
36
21
21
37
60
70
65
53
53
58
