27
26
28
28
21
2
-4
8
18
19
12
3
2
8
23
32
21
12
17
17
9
6
16
22
27
27
24
23
28
37
32
32
37
38
34
28
38
51
64
72
80
76
68
48
33
27
12
-2
4
27
41
35
35
55
71
71
59
53
43
27
20
32
50
67
65
57
52
53
58
59
66
72
71
70
61
56
54
49
44
51
64
69
72
86
108
109
101
102
106
103
88
77
70
54
43
45
65
76
75
71
72
70
72
75
74
56
34
18
17
25
33
35
35
41
54
51
35
23
25
28
33
36
52
68
58
48
43
48
43
45
57
59
42
20
12
26
45
50
42
36
37
48
43
38
38
38
42
55
67
75
83
80
69
48
25
12
20
26
33
26
23
28
35
36
40
45
36
21
23
41
54
51
36
25
29
26
10
5
18
36
49
42
21
3
-1
-1
7
21
25
17
9
10
19
25
34
41
48
51
50
55
67
66
56
53
60
55
44
50
64
69
60
42
27
25
24
20
27
43
55
64
66
59
50
38
22
9
4
11
19
28
42
50
48
48
54
71
84
80
59
37
27
42
66
83
90
85
82
91
101
101
100
97
88
81
81
91
97
89
88
93
91
86
86
82
59
39
23
18
19
18
5
-10
-21
-18
1
21
27
34
33
22
20
17
9
-2
-7
-24
-50
-71
-84
-83
-82
-97
-105
-86
-54
-37
-21
4
34
57
70
71
75
90
104
106
116
130
134
134
135
129
115
106
116
134
134
114
0
113
123
139
152
149
131
116
101
84
67
50
41
35
23
19
23
21
5
-11
-17
-6
9
21
27
32
24
16
20
24
24
21
25
29
35
36
32
33
37
38
38
41
50
60
81
85
67
48
42
51
53
54
70
96
104
102
105
108
115
108
86
61
53
49
49
55
68
69
49
27
16
10
12
11
19
33
39
38
24
13
17
24
23
21
20
12
5
5
5
6
12
26
53
68
56
48
58
70
58
41
34
32
36
52
73
85
84
80
69
53
40
48
55
65
66
60
68
73
71
66
65
73
81
76
71
70
65
48
28
16
12
21
25
35
45
54
59
66
67
58
42
28
21
20
27
35
28
19
6
7
13
21
39
54
64
69
67
65
70
74
66
53
42
38
40
49
60
73
87
91
87
76
74
71
54
37
37
51
53
42
27
13
1
2
10
17
5
-3
4
6
2
6
11
16
12
21
34
40
40
27
21
20
21
16
-2
-8
-2
1
-1
-4
0
5
8
10
16
18
26
35
40
49
54
53
49
52
56
67
66
58
54
50
43
44
51
53
51
42
37
40
42
41
43
44
44
41
40
41
48
40
23
7
16
37
43
33
29
35
36
25
7
8
21
24
22
18
16
20
17
18
25
36
36
33
27
33
42
55
57
56
56
55
50
43
49
55
60
67
80
98
113
109
92
87
92
96
86
75
65
44
37
40
35
29
35
36
22
13
20
25
34
36
42
57
57
49
39
35
27
6
-17
-40
-73
-116
-139
-125
-102
-88
-73
-52
-34
-6
23
48
66
76
86
98
107
123
129
114
104
105
99
89
98
131
156
165
155
144
131
121
107
88
75
73
71
64
40
20
5
7
8
2
-3
-9
-7
-5
-11
-18
-12
-1
-3
-5
12
29
29
28
26
21
21
36
53
65
60
60
68
75
74
68
65
66
73
83
70
52
42
34
22
23
44
65
60
53
53
55
56
48
41
41
40
35
25
20
16
18
21
21
19
21
19
19
26
32
20
2
-20
-42
-35
-12
-5
-9
-14
-9
3
18
23
21
26
38
44
55
64
57
44
45
70
93
92
81
74
83
85
74
65
73
96
103
101
97
91
84
73
70
69
65
54
43
36
37
27
24
38
50
53
56
60
60
53
42
37
32
24
21
25
37
48
51
41
28
10
9
24
43
64
69
70
65
52
54
50
49
69
84
90
96
96
104
114
108
103
106
108
0
105
101
97
90
87
83
65
41
23
0
-25
-44
-50
-45
-38
-19
-4
-1
4
19
36
49
43
36
26
16
7
4
1
-4
8
25
37
51
60
72
81
80
64
40
35
56
73
68
56
55
66
71
82
93
98
105
119
117
98
70
52
57
72
72
58
35
11
-3
-10
-4
4
12
26
41
68
89
96
76
60
51
40
32
23
28
42
54
44
27
21
22
35
41
40
40
35
27
25
29
27
24
32
39
37
37
39
43
55
60
53
44
42
37
22
17
23
26
25
25
26
23
17
17
22
17
7
4
20
37
33
9
-11
-18
-3
1
6
25
42
42
34
34
34
33
32
32
36
43
48
52
65
74
76
72
70
67
49
34
25
22
7
0
4
-6
-23
-35
-29
-8
10
35
59
81
99
104
98
86
84
82
73
70
75
88
97
85
70
61
70
82
91
104
112
106
102
104
106
101
89
76
58
44
40
51
73
99
109
108
93
86
82
84
81
75
70
66
68
82
102
120
120
108
91
73
60
65
68
58
50
37
23
32
53
60
57
54
49
34
17
8
10
18
22
22
18
5
-5
-6
3
12
20
23
23
20
26
37
35
29
35
44
61
72
74
77
83
82
59
38
26
28
28
24
24
32
41
44
38
34
32
35
38
35
26
9
-3
3
11
21
36
48
43
28
25
38
50
51
43
34
25
24
19
10
16
23
28
39
52
59
64
71
80
75
60
44
38
39
43
45
35
32
53
76
88
82
64
42
32
36
50
51
32
17
27
43
50
44
36
28
32
26
26
33
39
42
48
50
42
27
23
36
49
49
27
10
9
12
20
24
32
36
52
68
66
44
38
58
86
96
88
82
85
101
106
99
89
90
96
96
93
91
96
89
80
69
54
41
38
43
53
58
43
24
13
4
-5
-1
16
32
35
21
3
8
37
54
43
22
16
25
29
29
26
19
19
33
52
69
74
69
64
60
70
76
74
66
51
37
32
34
40
50
67
89
101
90
73
65
66
59
43
36
32
36
49
56
52
45
49
52
38
20
23
45
68
67
50
40
42
38
24
21
41
57
58
60
68
71
67
65
68
72
67
56
53
55
57
56
43
32
32
40
52
64
74
82
73
59
60
73
77
80
90
102
100
96
99
98
85
73
69
69
59
54
57
67
67
51
25
3
-7
-20
-35
-42
-60
-90
-108
-110
-103
-98
-89
-67
0
-23
9
35
66
98
108
100
86
82
80
80
77
72
66
55
45
48
60
75
81
83
90
99
103
113
112
97
72
53
43
57
85
97
83
70
61
58
54
42
25
8
3
10
13
7
2
7
24
37
40
36
38
45
51
54
53
53
55
49
38
35
39
41
36
35
48
55
55
53
50
36
16
10
6
-4
-8
0
19
34
38
39
38
39
38
22
12
26
38
35
29
38
51
56
59
50
28
5
-10
-13
-21
-37
-45
-41
-25
-18
-17
-7
10
27
34
33
33
40
43
44
56
66
70
75
77
68
67
73
76
83
83
69
58
70
88
90
84
91
117
124
100
76
83
99
103
90
86
88
91
89
80
72
69
56
36
23
18
9
1
5
23
40
57
70
81
86
76
59
52
49
43
39
42
52
60
69
71
71
67
56
49
53
60
58
42
35
37
37
41
48
55
56
48
50
59
70
67
53
43
38
44
57
58
44
35
33
35
41
44
48
52
60
67
71
75
72
64
50
42
42
34
7
-11
-19
-10
4
27
54
69
69
67
69
83
83
68
52
51
60
66
65
59
58
64
69
70
68
54
39
41
50
40
36
32
28
35
40
41
37
22
19
29
34
18
3
7
23
35
28
20
19
25
33
36
34
28
24
19
18
12
12
13
22
36
48
45
40
32
24
26
26
25
26
27
34
37
41
57
75
86
86
83
90
96
89
82
71
55
54
65
75
80
70
56
53
57
51
41
40
36
35
34
26
19
20
32
36
38
44
44
25
11
17
17
5
-17
-40
-52
-59
-72
-68
-55
-41
-29
-6
27
59
74
85
98
107
112
114
117
120
116
113
102
91
99
102
96
84
83
93
109
119
115
106
101
97
92
85
70
57
42
28
32
35
36
33
39
49
36
20
24
39
50
50
51
61
82
99
99
88
83
84
71
54
59
70
71
64
56
58
59
40
16
8
22
39
37
22
17
18
32
44
52
55
51
42
36
38
44
36
26
26
22
17
8
2
-5
-8
-9
-12
-9
1
19
36
43
39
27
25
35
39
28
24
32
40
45
41
29
29
34
33
36
42
43
44
54
53
55
54
44
35
48
72
93
112
116
105
100
97
99
99
102
101
97
101
103
96
81
70
67
69
73
72
60
54
52
51
59
69
68
67
58
43
34
27
26
35
50
60
59
57
64
67
58
50
39
33
32
26
10
2
0
4
7
0
9
28
54
66
61
50
44
48
44
43
49
51
43
41
39
37
36
32
27
28
24
19
22
34
37
38
40
39
42
43
36
32
40
39
35
36
34
42
60
73
69
49
28
23
34
43
52
64
81
88
74
56
44
41
45
52
49
49
57
67
68
76
76
70
67
60
53
40
42
51
61
68
61
54
59
70
67
55
48
42
44
53
65
67
57
51
41
36
32
26
20
16
16
18
22
38
53
54
33
17
21
34
51
60
64
68
74
73
60
58
70
80
81
83
84
74
68
66
67
68
59
48
45
44
50
53
58
66
66
60
59
45
35
34
28
22
18
18
22
29
25
24
35
33
12
-10
-25
-23
-10
-11
-37
-67
-75
-76
-75
-77
-85
-84
-78
-72
-43
4
50
83
91
96
99
98
97
97
102
98
81
67
64
66
74
81
89
96
88
84
81
67
54
50
49
38
39
42
36
35
40
42
41
35
34
32
27
28
37
37
34
35
38
34
32
36
49
49
40
34
39
48
54
70
84
75
58
61
92
116
114
105
115
134
138
120
102
92
96
97
97
99
103
103
87
73
59
45
50
56
53
48
44
40
38
28
11
3
10
17
11
19
37
56
49
21
8
18
23
24
34
48
64
72
75
80
83
89
97
86
70
64
66
75
74
57
43
49
68
71
53
43
48
45
36
23
24
39
49
43
51
64
56
40
32
33
37
32
12
9
17
17
5
-1
-2
0
8
19
17
11
22
32
25
19
22
38
53
69
80
88
85
76
75
87
100
103
91
82
91
115
135
138
124
113
109
105
97
86
97
101
85
75
76
81
76
61
37
22
32
45
49
38
22
11
16
28
34
29
34
40
38
23
12
8
4
1
-4
-8
-2
1
-1
-3
-1
1
0
5
22
36
37
32
32
37
45
55
53
48
52
56
52
51
56
57
48
34
33
49
56
67
77
83
88
89
87
85
74
58
55
61
69
71
67
60
59
51
37
36
49
53
42
24
9
-1
-7
-10
-18
-28
-27
-8
5
10
9
10
10
12
13
1
-7
-7
-3
-2
3
16
21
29
58
81
73
57
49
54
71
81
80
69
58
59
72
86
84
72
68
76
104
122
113
83
60
51
52
59
65
57
42
34
43
70
86
80
57
40
35
26
7
-7
-11
-22
-50
-74
-84
-90
-104
-118
-109
-76
-51
-36
-10
25
71
99
113
120
118
107
103
115
117
102
85
69
0
70
71
66
65
70
81
86
84
74
72
71
73
84
87
68
40
43
77
100
88
69
50
26
29
56
69
54
28
20
35
43
44
43
45
64
80
81
71
68
67
59
52
50
51
54
57
64
59
48
43
59
82
90
81
61
55
60
64
55
43
42
54
65
64
48
34
28
37
43
33
23
25
33
33
33
22
22
20
16
29
55
64
49
27
17
17
19
17
17
20
23
26
37
54
72
75
77
76
68
59
52
44
55
60
49
29
28
37
36
33
41
58
60
50
42
50
54
48
36
35
49
58
43
24
21
35
40
44
54
68
70
59
65
75
72
48
26
25
41
66
83
90
88
72
53
38
51
65
64
67
87
96
81
60
57
67
72
71
64
44
34
44
74
97
96
80
60
54
52
44
45
58
59
48
32
19
18
20
21
26
24
7
-9
-23
-28
-25
-17
-3
16
19
11
12
22
25
12
-2
-11
-11
-8
2
16
32
37
39
45
57
60
52
39
36
33
33
37
49
57
56
51
43
34
26
24
32
59
82
75
56
44
42
38
25
11
3
-4
-3
4
21
33
28
32
48
54
54
51
36
17
24
52
76
77
44
7
11
41
60
56
45
43
44
43
36
38
44
56
68
68
64
75
102
116
118
114
91
84
81
85
84
73
69
70
68
67
70
74
76
71
55
42
28
23
26
35
33
26
33
35
35
39
52
51
40
36
42
41
33
27
40
58
60
58
48
29
28
55
99
128
128
113
112
113
97
68
43
19
-5
-12
-13
-18
-36
-61
-70
-57
-43
-28
-3
25
44
65
77
73
56
44
53
66
59
43
36
37
44
49
45
49
53
52
49
54
66
84
103
115
116
113
104
92
83
83
80
68
65
61
55
52
53
61
66
49
29
24
26
41
70
101
116
117
104
84
71
68
56
52
57
60
57
56
60
50
33
26
44
61
65
67
81
98
93
70
52
48
36
19
7
10
23
25
25
27
29
33
27
20
17
20
35
51
68
81
89
97
90
75
56
54
65
70
72
80
83
85
82
81
80
77
81
71
41
23
34
51
58
64
72
81
83
75
67
65
72
67
48
32
19
16
22
27
25
12
3
2
8
7
-5
-8
-4
-10
-10
5
22
29
25
12
3
5
11
16
25
28
19
19
43
57
42
21
17
24
37
45
58
70
73
76
88
105
104
89
76
71
57
44
41
48
51
43
26
0
12
21
29
26
11
9
20
25
25
27
35
28
11
-5
-9
7
38
54
59
48
23
19
36
49
41
27
25
38
50
44
36
27
12
7
10
24
36
40
49
66
80
84
80
67
65
77
86
88
90
90
80
55
44
45
54
64
70
80
81
66
34
16
19
26
26
26
36
50
58
59
59
64
66
67
67
57
39
27
45
66
60
50
55
75
96
101
96
93
98
98
89
82
68
55
56
65
74
90
100
98
89
82
72
67
59
50
40
33
32
33
35
37
51
71
81
65
37
26
23
19
19
29
53
61
67
84
88
80
66
55
58
68
57
39
22
17
21
22
21
32
42
49
45
45
50
44
48
64
74
80
74
72
68
58
56
70
87
82
56
39
50
64
58
50
36
19
2
-22
-56
-93
-124
-133
-122
-99
-60
-26
3
34
53
58
52
43
51
55
52
52
60
69
61
56
58
59
60
59
57
49
44
65
99
125
123
96
75
83
93
104
114
118
103
77
67
73
84
88
74
57
44
48
45
40
36
29
28
37
45
38
10
-7
-4
8
9
11
22
25
16
20
43
65
66
50
28
20
25
38
42
37
34
39
52
70
75
74
69
64
59
43
24
20
34
51
52
37
40
60
73
65
52
36
25
24
23
21
26
40
48
48
48
45
49
48
38
25
24
28
20
21
38
38
23
12
8
12
11
8
19
32
26
19
23
37
54
60
51
41
41
39
22
2
1
20
37
33
21
12
16
19
25
28
26
33
37
38
44
39
28
32
42
58
64
55
52
66
72
70
69
70
70
59
49
50
54
53
52
57
64
56
50
50
49
34
9
-1
9
25
37
49
52
54
64
69
68
65
59
59
73
91
96
84
74
71
72
60
49
43
50
52
55
57
57
52
35
26
48
64
52
37
42
57
65
55
37
20
16
20
25
29
27
24
29
43
52
51
45
44
56
67
70
72
76
86
96
97
99
102
112
123
135
135
130
119
116
114
108
102
93
87
83
81
72
54
42
43
41
49
51
44
35
28
25
23
21
11
6
2
-4
-7
-17
-25
-23
-19
-18
-18
-13
-22
-35
-26
-7
-3
-13
-20
-20
-9
7
22
34
27
22
33
57
59
41
33
37
51
66
76
89
98
92
84
81
81
74
60
68
92
107
91
72
69
69
70
67
58
49
41
37
27
24
25
32
34
34
33
22
5
0
5
9
17
26
36
0
29
17
11
16
28
39
35
37
40
41
43
40
36
12
-26
-65
-83
-86
-84
-82
-73
-67
-50
-12
33
66
76
75
72
74
93
108
112
107
89
56
39
44
54
58
64
73
91
103
96
101
116
124
128
122
124
120
101
82
84
97
97
83
73
72
71
68
68
70
71
73
71
59
51
36
21
34
59
70
49
26
28
52
68
57
38
35
35
28
22
20
23
32
36
35
24
16
24
38
48
58
68
70
60
41
32
35
43
50
50
54
60
61
58
51
40
32
22
24
52
88
106
103
91
77
66
67
77
96
99
86
77
86
98
89
76
74
76
73
55
36
22
16
11
24
38
36
34
40
58
76
73
66
81
92
83
71
74
75
82
81
69
68
87
99
87
71
54
44
39
39
50
58
55
40
32
36
37
35
42
53
60
54
49
55
64
71
85
89
96
92
87
90
86
73
58
53
52
42
32
21
13
16
8
5
12
26
42
51
57
71
81
83
75
64
40
29
37
52
55
48
40
41
40
28
26
27
37
38
35
34
37
38
34
25
19
12
11
22
40
41
28
24
38
56
53
27
16
24
42
56
52
49
44
40
38
36
36
32
22
18
22
21
26
42
53
43
37
45
64
73
73
66
57
53
54
54
48
34
19
25
49
60
52
32
21
20
21
20
16
12
18
27
37
44
52
55
51
45
52
64
67
65
67
72
75
73
57
57
58
50
37
28
26
21
13
17
17
7
2
4
12
24
25
20
23
44
66
75
85
87
85
75
69
64
56
48
40
41
32
18
6
10
21
32
34
28
19
3
-10
-20
-22
-18
-5
17
37
48
48
54
74
98
97
74
74
91
90
74
52
27
5
-13
-21
-26
-45
-65
-67
-53
-37
-24
1
38
68
84
96
99
101
109
117
112
106
108
105
102
102
112
108
102
100
105
104
93
81
70
60
53
45
41
51
57
49
41
42
48
49
53
55
59
60
56
58
65
59
51
49
48
39
41
53
71
87
91
92
90
83
74
66
65
64
56
56
73
88
80
50
37
40
50
57
66
60
42
35
38
49
55
45
36
34
28
20
9
8
11
17
10
2
3
9
9
8
10
6
-5
-13
-7
7
19
10
4
17
33
43
51
54
56
50
48
39
20
4
-3
0
17
33
33
26
27
23
23
23
32
54
66
68
71
75
80
85
92
102
113
119
123
129
123
108
100
0
104
115
108
98
96
108
117
102
76
51
38
38
36
36
32
24
27
36
39
42
42
37
34
50
66
66
61
51
35
23
35
43
48
50
51
55
59
64
65
58
54
44
32
35
52
67
68
65
58
48
35
40
57
69
72
75
77
75
71
69
73
82
85
75
66
69
69
49
27
29
39
44
48
41
35
32
28
39
39
20
-6
-18
-10
1
10
23
33
20
6
17
32
32
13
-9
-17
3
27
48
58
66
56
50
51
52
40
40
56
74
86
90
83
66
54
52
49
50
59
72
68
51
41
36
32
22
22
25
21
11
7
5
-2
-10
-21
-7
21
39
33
27
37
53
66
66
64
57
49
41
34
36
50
54
50
51
53
52
44
48
56
69
68
59
54
44
29
26
41
66
80
86
85
69
56
59
60
45
34
33
25
11
3
12
23
25
19
11
17
28
45
44
34
28
35
38
48
50
43
44
59
67
54
40
42
53
53
45
35
26
25
19
11
-9
-28
-49
-67
-76
-69
-40
-13
-9
-8
8
49
97
130
139
135
132
140
152
161
165
162
152
148
145
137
135
128
116
98
84
82
84
89
86
67
42
37
32
32
28
22
21
32
39
37
43
66
83
76
58
42
39
48
55
64
61
67
68
65
66
72
88
91
88
84
80
83
92
88
76
71
68
64
64
67
64
57
58
64
58
42
38
54
76
91
85
69
56
41
27
18
3
-12
-22
-13
-1
10
23
27
26
27
33
40
48
40
34
36
35
36
38
36
27
23
22
29
37
37
43
40
32
25
25
26
27
36
53
67
65
44
23
25
50
60
57
43
35
36
49
53
38
19
11
9
8
21
24
22
17
12
16
11
18
25
25
24
38
54
65
73
82
80
85
97
104
106
104
98
87
87
92
101
102
97
88
80
76
89
103
98
87
85
84
84
82
82
75
80
88
96
99
96
80
61
57
57
49
36
29
33
33
36
60
85
76
48
27
27
28
19
3
-6
-12
-19
-12
-2
6
5
3
0
-5
-7
-7
1
11
21
35
50
60
75
84
83
81
85
99
102
103
113
114
106
106
115
118
101
81
67
53
48
39
39
48
57
57
40
26
26
25
17
7
12
27
37
37
40
42
37
34
33
26
22
22
26
33
39
44
49
48
44
42
42
36
25
18
18
27
42
48
42
37
32
21
17
17
19
25
38
48
48
42
33
11
2
9
0
26
35
26
21
26
42
59
60
53
48
45
48
44
40
38
35
27
22
20
24
35
37
28
12
-4
-12
-6
0
1
2
17
36
50
56
60
69
72
74
70
60
66
80
83
72
71
81
84
70
57
50
34
-4
-52
-84
-99
-98
-92
-77
-39
1
20
36
60
85
97
100
105
113
108
100
85
87
97
91
77
73
72
75
81
83
83
77
73
93
117
116
107
107
113
112
113
121
133
132
118
113
115
104
88
73
57
44
42
40
33
26
13
-5
-18
-13
-2
8
13
22
33
28
21
18
23
23
25
37
59
72
52
19
11
20
17
8
4
2
6
19
26
32
29
23
28
44
54
59
55
57
65
57
43
38
50
56
53
41
39
44
41
32
32
37
32
25
33
40
41
44
55
51
33
27
37
52
55
52
48
34
27
27
22
18
23
26
13
2
16
38
45
53
59
67
68
72
71
68
60
57
64
75
77
81
80
71
66
60
60
58
37
16
12
32
39
32
21
12
18
21
9
-4
-7
-3
2
6
7
11
22
25
43
64
71
69
67
66
69
73
73
75
84
87
85
88
102
112
105
104
109
106
87
70
72
72
69
74
86
87
75
70
61
53
29
9
10
20
29
44
57
68
64
39
25
32
34
27
22
25
39
44
36
26
34
48
53
48
41
55
77
90
92
97
99
96
93
87
80
72
64
56
58
71
87
91
80
59
40
24
11
18
32
38
34
27
33
40
41
40
40
44
44
41
42
48
44
42
43
37
29
33
36
40
39
37
35
28
21
26
55
73
68
51
36
32
33
39
50
52
42
27
26
33
40
43
43
48
44
36
27
28
36
39
36
32
34
34
23
8
8
21
34
39
38
37
41
53
64
66
56
55
69
84
83
65
49
44
50
45
40
37
37
25
12
8
21
25
18
4
-7
-4
4
16
27
38
34
28
29
19
2
-10
-37
-72
-89
-87
-82
-75
-58
-49
-41
-8
44
85
99
107
131
140
137
136
141
141
134
128
133
144
145
138
139
134
119
107
92
81
69
56
55
59
53
34
33
34
40
41
35
33
35
41
49
59
60
40
3
-12
4
27
34
19
9
12
18
28
42
52
51
43
48
57
66
65
53
55
71
82
74
64
68
80
83
84
84
74
64
59
58
65
65
67
71
72
66
48
39
41
41
38
39
38
40
43
45
43
41
40
36
34
37
38
34
36
0
40
33
19
3
0
8
16
19
29
44
49
36
26
33
35
16
1
10
27
37
52
69
82
82
86
92
101
103
90
81
87
93
88
73
66
80
106
115
102
84
75
71
71
66
64
71
80
81
85
87
80
80
83
74
64
58
59
56
51
55
58
59
51
42
45
56
59
53
56
67
58
48
48
48
39
32
33
33
25
27
40
55
60
67
69
64
56
59
64
60
56
53
37
24
25
27
24
25
26
24
25
33
38
40
42
41
41
41
49
52
50
49
49
41
28
29
40
51
53
45
28
19
20
27
37
41
35
12
-2
-6
-8
-14
-21
-11
-4
-4
-18
-22
-8
13
36
53
56
53
50
49
42
27
6
-4
1
11
22
45
76
91
81
65
54
51
58
68
71
69
64
58
66
74
81
61
43
52
68
69
53
41
34
29
34
44
54
42
25
26
38
