55
42
39
50
43
22
11
18
21
21
12
3
-8
-21
-28
-22
2
19
16
6
4
10
21
22
12
19
32
39
38
24
6
-8
-17
-11
8
34
36
24
18
22
27
33
39
40
34
29
36
53
71
71
54
38
27
25
34
49
48
26
5
6
24
29
21
16
16
8
-1
-10
-17
-14
-1
12
24
21
12
11
16
19
18
7
3
9
17
16
18
28
37
42
36
28
40
51
57
69
76
73
69
64
60
65
65
64
67
65
66
65
69
81
77
61
45
39
33
28
23
10
6
12
17
8
8
16
11
2
0
6
13
13
9
9
12
23
40
54
53
50
58
74
74
74
77
86
96
105
107
99
89
98
107
115
105
87
73
65
58
53
34
7
-22
-56
-88
-108
-106
-89
-82
-77
-61
-29
-7
3
22
38
37
43
58
71
69
56
49
50
50
41
33
25
21
19
27
58
85
87
72
65
67
70
75
85
93
100
98
91
90
92
97
91
88
76
61
57
72
90
101
108
117
116
103
87
82
87
88
84
76
75
80
74
54
33
18
13
10
6
10
17
12
4
-6
-10
-10
-6
-1
0
-5
-14
-9
16
37
43
50
57
54
43
36
43
59
58
52
45
53
65
66
57
41
34
28
27
32
40
59
67
65
70
85
91
0
86
88
101
101
86
74
74
77
77
73
66
61
55
52
68
88
80
61
56
54
50
41
37
37
36
32
34
42
55
55
37
18
16
24
37
49
42
33
27
33
44
59
66
53
40
35
34
36
49
60
57
51
44
50
51
39
25
23
32
37
37
32
34
43
55
59
54
39
24
17
16
22
27
27
32
29
32
38
40
33
20
17
28
43
49
26
3
-2
4
21
38
43
48
56
60
75
97
101
96
87
89
83
52
19
3
-3
-8
-8
-1
8
10
6
-2
-5
-10
-18
-12
2
24
37
40
44
48
53
64
76
91
88
72
67
72
72
68
65
65
66
64
61
51
39
40
41
37
28
20
17
23
32
35
28
24
37
60
73
69
59
44
34
25
24
21
12
17
22
22
22
26
25
27
36
37
27
22
23
27
23
11
2
-5
-6
2
10
21
21
18
22
33
39
39
40
38
34
39
52
60
58
59
68
75
89
99
101
101
86
66
57
59
73
80
71
69
70
73
73
83
97
99
100
96
90
92
91
73
43
28
20
6
-6
-29
-52
-71
-84
-72
-50
-40
-29
-5
26
53
72
84
86
88
89
80
67
66
72
80
80
81
88
93
100
101
100
87
70
58
56
52
45
41
41
48
54
60
69
70
59
39
21
9
3
1
7
26
40
48
54
60
57
44
34
27
20
12
21
37
38
28
25
34
43
43
36
34
37
27
16
7
10
26
38
28
20
18
19
27
39
42
41
43
48
57
59
45
27
22
33
37
35
32
22
27
36
39
33
20
6
1
7
5
-3
-4
0
5
9
22
33
37
41
38
37
41
37
28
23
32
39
40
41
43
36
20
7
17
36
51
55
54
51
52
39
28
37
54
66
54
38
32
36
48
56
56
39
12
7
12
17
25
34
39
44
44
42
49
66
74
72
72
76
81
75
74
73
68
65
68
65
53
42
44
59
81
85
75
70
71
80
83
75
80
86
91
93
91
87
77
66
53
58
76
92
91
86
80
72
67
58
54
51
44
36
24
16
10
12
8
-1
-10
-18
-12
-11
-13
-10
-2
-3
-4
-3
1
5
8
9
19
27
32
20
6
7
22
33
33
36
42
49
54
56
58
70
77
77
65
44
33
27
28
35
28
20
25
40
52
55
53
48
35
22
20
33
50
66
72
71
67
57
48
41
41
44
44
44
53
60
61
57
45
41
40
51
57
51
0
28
20
23
33
42
49
40
29
29
29
21
17
25
41
50
48
54
70
74
60
40
26
22
20
10
0
2
13
25
34
36
38
50
57
58
55
54
59
66
58
50
40
27
20
23
36
50
48
33
24
27
27
23
17
19
21
13
-3
-19
-36
-57
-70
-73
-77
-78
-69
-54
-39
-19
2
24
54
75
81
82
88
96
104
104
97
90
89
86
76
57
41
43
53
66
86
100
100
91
87
85
83
88
87
81
73
67
64
64
57
48
50
64
72
81
77
70
55
50
58
64
57
42
37
43
51
49
40
35
29
29
28
38
52
53
44
39
39
48
50
36
25
24
21
20
21
22
16
7
11
22
22
18
21
21
18
11
17
29
48
68
73
73
75
77
72
73
81
84
86
86
81
70
68
60
64
72
65
49
39
35
34
17
7
20
41
54
57
57
60
60
54
53
58
59
58
59
65
69
65
58
57
58
54
44
48
50
51
55
66
76
97
104
101
85
72
72
85
97
105
103
87
80
73
69
66
65
73
76
65
49
43
51
51
43
29
19
20
27
33
32
28
25
19
12
22
23
10
5
12
18
10
-4
-18
-20
-19
-21
-26
-37
-23
-2
16
28
34
28
24
25
25
23
36
54
56
49
50
65
81
89
96
93
90
80
69
60
59
56
49
35
21
23
25
11
-4
-9
-9
-8
-5
3
5
0
-9
-10
-3
-6
-10
-4
4
11
18
22
16
16
21
28
32
24
20
19
21
26
35
41
44
37
26
22
28
35
34
34
39
50
52
53
52
43
38
39
41
38
36
45
55
58
70
76
71
54
51
54
45
38
41
42
34
28
33
42
51
48
40
49
59
60
54
48
42
38
39
42
51
53
50
40
39
39
40
44
55
65
71
73
71
70
70
76
82
89
91
81
67
57
66
69
58
56
66
82
86
86
92
91
67
44
48
64
84
96
88
64
49
42
23
-1
-39
-83
-107
-107
-93
-76
-58
-42
-20
21
71
106
115
113
121
135
130
113
102
102
106
113
104
89
92
106
113
105
99
92
90
86
91
97
84
66
57
65
66
50
34
33
44
65
67
60
50
33
23
10
2
4
19
37
45
42
27
13
12
27
45
51
51
53
56
58
68
74
61
43
41
53
64
66
57
56
59
60
57
55
66
76
72
55
50
52
54
49
50
56
56
55
57
64
52
38
33
39
48
40
27
36
50
48
20
0
-6
-13
-11
-11
-17
-22
-27
-33
-35
-26
-13
0
16
32
35
29
24
21
21
18
18
26
40
44
40
36
37
44
48
41
35
41
59
82
100
105
100
83
67
56
68
88
103
105
101
102
103
104
99
74
44
27
33
43
50
53
54
48
21
-3
-3
9
17
26
49
61
58
54
50
53
56
56
56
60
67
68
54
44
52
60
66
64
65
71
71
64
58
68
75
56
22
11
23
42
58
60
51
34
23
36
51
56
44
38
32
25
22
20
34
37
25
16
20
32
33
27
29
43
53
44
38
27
12
10
26
43
49
40
32
41
65
86
87
80
80
81
84
81
71
54
48
54
74
91
98
98
93
86
74
70
67
65
57
57
69
82
84
80
64
42
36
43
54
54
49
35
24
38
44
29
7
-5
-3
-5
3
19
37
52
48
27
21
22
22
22
21
19
8
1
0
5
6
-1
-10
-13
-4
22
43
44
38
50
66
69
58
41
17
-6
-6
7
19
32
52
69
68
56
51
44
34
17
7
16
33
41
35
34
41
49
40
19
9
26
60
85
87
72
75
89
97
92
76
58
51
50
49
45
48
49
48
34
23
35
49
48
34
19
-4
-33
-51
-58
-71
-88
-89
-73
-54
-39
-20
5
34
52
54
42
42
60
92
114
121
132
136
119
89
59
44
41
50
65
74
80
77
66
52
38
27
29
38
38
39
41
42
35
16
3
11
26
27
24
23
29
39
39
37
52
55
45
41
42
36
27
27
40
59
64
58
71
101
116
101
85
83
81
65
44
35
33
25
23
27
36
42
48
39
18
-2
-7
-2
6
22
35
40
42
36
26
22
22
25
35
37
27
19
22
11
5
17
33
48
53
55
60
64
67
65
55
48
48
58
70
74
74
81
83
80
84
87
83
80
74
61
58
59
65
57
36
25
29
37
36
35
42
59
71
67
64
60
60
60
68
75
89
98
90
85
82
83
86
84
69
57
66
86
97
97
85
83
92
105
96
75
59
49
37
26
24
25
27
38
54
60
54
41
35
33
26
21
22
23
22
28
41
42
34
27
32
44
50
36
21
16
13
13
10
11
25
34
23
8
13
28
40
28
16
18
23
18
22
36
42
49
53
53
42
27
25
49
80
83
75
70
56
42
43
37
32
27
24
22
28
39
38
34
21
3
-8
-8
0
4
3
-5
-5
1
9
16
9
2
4
0
17
32
38
40
40
28
24
35
51
55
43
29
10
-4
-6
6
16
9
5
16
52
76
81
82
84
83
71
57
66
88
98
82
66
57
59
65
52
26
0
-11
-13
-9
-3
3
3
3
4
10
22
33
36
41
51
58
59
64
60
54
56
64
51
32
22
25
40
54
58
68
71
58
55
60
56
48
49
64
76
84
83
73
59
54
56
60
72
83
89
92
85
60
37
22
13
8
-6
-24
-38
-39
-50
-71
-76
-65
-46
-36
-18
8
40
60
70
73
87
106
104
87
70
57
55
57
60
59
66
82
89
87
74
66
70
75
75
75
73
71
73
82
96
113
121
114
103
91
81
71
80
88
74
55
40
32
26
32
36
32
22
17
21
34
40
37
27
18
20
35
48
48
44
56
69
80
88
88
76
64
55
69
84
80
71
82
100
106
86
52
33
33
34
38
44
44
44
40
40
49
56
45
29
16
5
5
12
22
38
49
48
41
44
54
49
29
21
17
16
18
24
28
38
45
54
55
49
34
25
25
18
6
11
29
36
24
20
26
44
58
54
52
58
69
69
64
59
60
57
52
45
37
27
22
34
53
51
28
13
25
43
44
28
17
21
36
44
48
52
67
82
82
72
66
60
56
64
68
65
67
84
96
81
48
29
39
48
40
36
44
58
59
57
59
67
73
85
102
114
112
93
81
76
76
80
84
80
65
51
37
34
38
38
29
12
-1
-3
2
9
18
21
23
28
37
42
42
48
54
59
59
41
22
16
13
10
9
8
8
8
11
12
12
20
25
24
28
51
80
101
116
114
105
102
106
107
97
91
99
100
99
99
91
83
84
92
91
85
74
54
27
18
21
32
42
39
26
10
-1
-2
9
32
43
48
43
36
38
67
99
103
74
50
39
42
56
69
82
99
104
87
72
71
73
74
74
70
66
69
72
75
84
90
90
80
70
71
74
88
97
76
50
33
24
25
28
26
29
41
42
44
50
52
51
48
44
42
42
37
33
37
44
43
48
55
53
44
43
38
34
50
58
54
42
34
20
5
-3
-18
-39
-45
-38
-22
-7
-2
10
45
80
81
69
64
59
55
54
52
41
36
28
21
22
32
38
39
29
20
10
19
35
39
44
52
54
57
56
49
37
25
21
28
42
53
56
58
59
57
55
65
75
83
82
81
77
74
76
86
97
101
99
85
70
65
58
0
49
38
35
24
7
5
10
7
9
11
0
-10
-12
-19
-25
-22
-6
6
10
8
9
25
38
41
43
42
35
32
21
7
5
10
18
12
7
10
22
34
45
60
64
60
67
82
82
69
64
73
85
91
90
85
81
75
68
56
53
49
42
49
59
57
48
44
52
44
38
42
52
61
55
39
34
37
33
23
18
19
19
10
8
18
33
40
35
26
17
9
17
23
18
3
-2
5
21
27
23
17
26
54
74
80
73
72
70
61
50
40
35
39
50
57
65
68
69
71
74
72
66
67
80
84
75
68
54
36
28
27
32
29
27
36
42
50
52
53
42
28
18
16
22
34
37
34
32
37
42
38
37
41
41
39
45
51
56
64
73
84
82
81
75
67
56
43
40
44
57
60
48
36
33
32
35
41
53
66
60
48
39
44
53
49
36
26
35
49
52
52
51
48
42
44
49
42
33
32
42
56
66
68
59
57
60
67
59
58
53
38
34
48
68
71
65
69
74
74
68
64
67
77
82
74
66
55
35
21
22
28
24
9
5
20
35
36
35
36
48
56
68
72
70
65
57
48
45
55
55
56
68
77
87
91
87
85
81
81
90
103
107
104
89
81
88
98
98
88
75
59
48
42
38
34
25
13
9
7
-2
-13
-20
-17
-13
-29
-46
-65
-78
-82
-71
-69
-74
-76
-73
-58
-38
-18
10
40
65
70
65
53
56
53
40
41
58
81
91
88
81
73
60
54
60
69
72
75
70
69
76
80
82
87
87
74
60
54
57
61
60
56
52
50
53
57
52
38
21
20
34
38
34
21
20
33
49
57
65
55
41
29
24
25
35
40
45
51
49
45
38
39
54
66
70
72
71
61
59
65
72
81
84
85
76
60
48
40
40
39
41
42
50
56
53
50
58
74
84
70
39
16
8
11
13
22
32
38
39
36
43
53
51
34
19
20
23
17
10
20
35
42
45
58
68
65
54
42
37
39
42
42
52
60
64
68
73
74
70
70
64
54
54
65
70
70
69
66
73
86
84
69
55
54
44
20
1
4
13
17
11
17
35
54
61
58
67
84
80
58
44
42
50
64
68
68
66
65
57
52
43
33
34
45
51
51
59
69
70
59
50
42
40
50
61
61
53
53
56
56
57
64
65
65
65
64
53
40
41
55
65
54
43
42
48
50
41
33
33
43
49
52
59
58
0
45
41
54
61
55
39
33
33
38
48
67
82
84
82
81
81
72
71
72
73
76
71
67
73
81
72
51
34
38
52
55
51
45
37
27
21
22
37
50
51
50
55
53
37
23
27
39
45
51
43
34
35
34
28
27
21
16
17
24
32
34
33
22
9
9
18
21
20
25
39
51
49
36
27
23
22
20
6
4
17
28
24
10
9
21
33
34
28
28
38
48
59
67
64
60
70
75
69
56
57
71
83
80
68
59
55
42
23
10
13
19
24
28
43
57
59
64
86
104
98
74
64
60
55
36
9
-2
-8
-27
-52
-70
-85
-90
-78
-44
-14
2
10
20
36
55
65
68
76
80
70
65
66
65
57
51
44
42
43
41
48
51
50
49
42
39
38
36
32
33
34
26
23
28
49
58
53
52
67
70
58
51
50
54
54
48
42
45
45
42
38
34
38
50
61
69
61
43
28
33
41
51
60
71
66
48
33
25
35
48
50
51
49
43
44
40
27
21
25
37
40
38
29
20
18
28
41
49
48
41
36
36
36
40
44
52
55
71
91
91
85
76
76
80
67
49
45
59
75
82
80
70
56
44
43
49
56
57
54
51
48
51
53
56
58
50
42
45
52
44
35
38
50
60
61
50
35
33
33
35
36
41
49
54
59
67
61
51
41
36
40
53
56
49
49
54
57
66
68
59
55
55
59
68
73
70
60
54
59
71
82
91
89
66
43
41
51
64
74
83
88
90
86
82
80
66
51
50
64
76
80
67
54
45
38
36
42
37
20
17
33
49
49
45
39
43
54
52
53
60
72
73
71
69
60
58
60
66
70
70
60
64
71
81
82
77
85
100
105
103
93
99
105
99
88
86
77
55
40
49
51
37
19
23
38
35
11
-1
-2
-2
-7
-11
-3
8
2
-4
-2
-2
-9
-24
-14
12
35
33
28
36
43
56
68
66
64
65
64
64
60
53
50
56
56
56
48
35
34
42
51
50
54
60
61
66
76
90
83
67
56
50
42
39
52
69
73
67
61
66
72
73
66
61
75
82
73
65
59
57
52
61
82
82
75
75
82
82
75
76
88
98
91
76
60
52
45
35
21
24
36
34
11
-24
-59
-77
-82
-77
-68
-52
-36
-19
4
39
76
112
137
151
145
133
128
125
118
101
82
72
76
80
75
68
67
65
58
52
52
57
55
43
38
38
36
28
24
0
16
11
18
28
42
45
42
38
37
38
33
28
38
49
52
50
52
50
43
40
41
51
61
64
57
58
67
58
45
38
34
32
35
38
41
34
28
37
48
48
34
20
25
40
52
52
60
86
105
98
80
67
55
41
36
41
50
50
39
32
28
26
25
28
33
39
37
38
34
24
27
39
43
41
35
29
29
34
22
5
8
32
43
32
10
2
5
13
21
26
32
32
28
32
35
33
18
2
-1
1
19
40
54
53
36
32
49
72
80
65
39
28
34
48
61
67
66
58
51
39
33
41
51
51
55
64
67
69
75
84
81
70
69
82
82
68
59
73
86
83
72
82
86
83
75
72
66
53
42
38
48
66
74
83
89
83
61
43
51
74
89
85
83
86
92
93
85
58
32
24
43
64
65
57
44
40
41
25
8
17
29
32
24
29
42
48
40
38
40
42
43
55
66
70
72
80
75
68
66
61
60
57
56
67
70
53
35
22
20
25
26
33
36
38
40
37
33
36
41
48
44
38
35
43
60
69
66
56
37
22
28
35
35
28
22
10
2
-2
-3
5
20
24
29
37
38
29
28
40
51
56
57
56
57
69
85
92
99
114
129
131
122
105
81
60
56
58
70
77
81
86
92
98
97
85
70
56
55
66
84
86
80
60
48
43
42
36
24
12
10
11
18
16
-2
-10
-8
-2
5
7
4
6
22
26
9
-6
-20
-30
-44
-60
-71
-78
-90
-94
-77
-57
-50
-43
-19
17
44
65
68
60
55
56
58
67
73
80
85
88
82
74
80
88
80
60
59
69
72
64
55
57
65
68
72
74
65
44
33
25
25
33
35
24
12
9
-3
-20
-29
-22
-3
9
23
44
58
56
51
43
38
44
60
75
86
90
88
75
68
61
57
56
58
59
57
56
57
64
68
65
56
56
60
67
68
69
65
53
43
41
48
43
32
18
12
21
25
23
9
-7
-19
-21
-24
-23
-6
8
11
6
3
18
40
52
52
49
43
50
61
74
81
70
48
40
55
67
65
58
58
60
64
66
59
51
51
56
56
60
80
98
116
117
98
71
59
70
89
99
85
60
44
42
51
51
32
17
20
32
42
52
68
82
75
59
54
53
65
71
70
69
70
71
66
59
54
48
40
37
40
44
50
55
59
66
70
58
41
43
60
74
82
84
86
86
88
89
84
80
82
74
55
36
25
26
25
19
0
8
3
5
7
6
10
20
20
11
9
20
36
42
51
65
67
45
32
39
58
66
70
67
51
38
37
45
58
66
65
70
83
76
65
51
48
51
54
52
48
40
32
24
24
28
32
33
35
32
22
9
7
11
7
2
19
48
53
49
49
44
38
28
28
26
26
27
28
20
10
13
32
32
20
7
5
9
-1
-2
11
28
33
25
18
16
19
22
25
18
10
23
48
67
85
102
115
118
108
104
112
124
128
124
121
102
81
66
57
55
49
48
57
57
52
36
17
11
18
22
20
17
25
40
42
32
23
21
24
25
23
27
34
27
17
8
-2
-12
-27
-45
-58
-60
-61
-43
-12
-1
5
25
57
85
107
123
134
136
121
106
105
118
122
102
87
89
92
98
92
86
75
70
75
84
89
84
68
66
70
59
42
42
51
52
41
34
37
41
44
48
51
52
48
43
39
38
45
55
58
68
74
74
72
65
56
57
57
66
74
71
64
56
59
60
64
69
76
73
59
43
36
27
23
28
43
53
53
45
36
24
22
38
56
65
57
44
41
41
39
25
5
0
16
35
35
29
26
22
16
17
24
37
41
50
66
72
75
76
74
69
59
48
48
61
72
72
67
69
74
86
98
101
100
103
108
107
90
67
51
49
54
58
67
67
52
39
38
37
39
41
41
52
60
65
57
42
25
24
36
42
40
40
48
56
67
67
59
53
58
66
74
82
74
65
57
55
54
52
52
56
68
74
74
82
86
83
80
73
55
35
34
41
43
37
32
35
38
41
37
35
44
52
41
19
8
11
12
9
7
7
7
6
2
-6
-3
6
13
23
22
17
21
44
65
57
34
8
1
6
21
45
64
65
57
54
55
68
72
61
56
64
67
65
76
92
88
65
49
51
52
43
34
35
50
60
65
65
67
65
53
40
38
44
54
58
52
40
36
27
26
27
29
26
22
13
10
17
22
26
36
51
58
66
75
75
60
44
35
32
33
42
51
50
40
41
58
74
70
57
48
44
51
48
41
48
56
56
43
45
54
51
50
50
49
44
37
29
33
41
51
44
35
23
11
20
41
49
40
32
34
44
57
60
51
37
33
33
32
50
88
112
102
80
57
42
24
5
-9
-27
-57
-82
-86
-84
-85
-70
-39
-1
38
71
99
122
132
129
124
123
128
134
135
134
135
140
136
124
116
108
104
102
96
0
86
86
82
67
51
49
58
75
83
74
60
59
68
68
67
68
68
68
83
103
112
107
100
90
84
82
76
57
40
41
45
36
20
23
19
3
8
28
37
26
9
11
23
24
25
33
44
56
57
54
57
57
55
51
50
56
58
48
39
36
39
38
38
36
28
17
12
23
22
11
7
20
37
37
25
17
9
0
3
17
24
25
20
8
0
1
6
16
27
42
42
34
20
19
33
38
36
39
51
58
68
74
72
69
57
44
37
43
64
74
71
64
55
50
50
55
57
40
29
42
51
48
51
65
83
83
68
66
68
72
80
85
88
92
87
83
75
74
77
73
66
60
56
45
49
66
76
75
75
66
58
55
54
56
60
65
61
50
38
39
48
50
51
43
37
41
58
76
86
88
89
88
68
53
43
36
32
33
41
43
27
17
19
35
40
37
41
64
80
81
77
74
68
53
40
34
39
50
59
67
68
66
67
61
58
58
57
55
58
68
68
68
73
77
72
71
74
72
64
56
43
38
35
36
34
26
22
19
16
12
18
23
11
-4
-5
-1
-5
-10
-4
4
8
5
10
20
18
26
43
57
57
40
27
32
36
32
23
26
43
59
59
58
58
55
49
41
44
58
55
48
50
59
60
52
50
53
48
38
34
34
39
43
45
40
34
25
20
25
34
33
12
-4
-6
1
6
2
3
10
7
-6
-14
-17
-7
-11
-33
-51
-59
-71
-98
-125
-129
-108
-86
-70
-56
-29
10
58
84
90
82
54
42
58
85
99
100
97
98
91
90
88
81
76
73
69
67
71
77
80
75
73
82
89
80
59
55
58
57
44
39
48
61
83
97
101
103
102
93
83
71
58
59
83
113
131
131
117
103
87
80
68
52
42
42
44
50
57
54
33
7
2
10
10
10
21
34
33
22
9
5
19
36
34
16
-2
-7
5
27
50
56
50
41
45
50
38
35
48
56
56
52
43
43
51
42
29
33
50
58
54
52
54
53
50
45
50
60
73
98
115
122
129
118
103
92
82
76
85
85
75
74
81
83
81
69
56
45
36
36
44
58
66
57
57
64
55
43
42
51
52
48
53
66
66
69
81
88
93
101
101
97
89
88
83
72
71
72
84
102
113
116
105
92
84
68
51
50
55
44
26
19
13
12
10
2
-20
-39
-39
-26
-21
-10
8
38
60
74
72
66
56
55
59
60
60
53
45
0
41
43
40
33
34
48
52
42
35
17
-7
-21
-19
-14
-22
-33
-35
-19
-7
-12
-14
-1
16
23
26
34
44
54
49
36
32
38
45
42
37
28
24
16
6
9
1
-6
-7
0
16
27
35
50
53
41
32
36
53
64
59
51
39
24
20
33
41
55
64
59
61
73
81
81
75
72
81
85
81
81
80
58
43
44
48
55
64
61
65
66
59
66
73
75
72
66
67
74
83
72
51
41
41
49
66
76
84
76
61
56
66
72
68
56
55
64
76
92
105
102
98
102
113
121
119
112
100
97
90
71
51
28
3
-26
-49
-65
-74
-76
-76
-67
-52
-43
-29
-5
12
18
13
19
24
33
48
59
54
27
12
32
59
83
87
87
97
115
138
149
148
140
135
137
141
145
136
120
103
101
99
93
89
81
70
52
36
25
25
28
28
33
33
36
37
39
29
16
7
16
33
42
52
50
27
12
20
20
17
23
35
41
44
49
50
50
40
27
22
18
16
21
34
38
32
13
5
16
33
45
42
32
23
21
26
45
58
53
49
58
73
74
55
