22
22
19
19
24
25
19
9
6
16
33
37
32
26
21
25
45
54
41
34
38
40
32
18
6
-5
-11
-10
0
20
25
26
23
16
11
24
40
48
36
22
21
26
28
22
11
6
5
5
4
4
12
27
35
32
28
26
17
11
22
39
54
66
58
53
56
64
55
43
34
19
13
26
41
41
34
26
13
0
-5
4
17
20
16
11
4
-4
2
20
49
74
82
67
44
40
41
42
52
66
81
80
56
32
11
5
8
9
0
-18
-30
-29
-7
10
12
10
3
5
22
42
61
72
59
33
0
-13
-1
21
39
56
69
71
59
43
27
25
37
49
51
42
36
45
58
58
39
32
38
54
70
86
100
113
117
112
91
64
40
20
-2
-11
-19
-27
-42
-52
-51
-42
-37
-29
-24
-3
32
68
108
144
153
148
148
137
116
90
86
102
120
130
132
133
123
105
96
85
73
69
70
81
92
92
82
74
75
72
67
69
81
93
101
99
86
76
71
71
88
101
101
89
80
72
72
83
90
86
68
43
27
23
22
7
-8
0
27
56
74
69
56
57
58
40
25
25
25
19
11
16
28
48
43
23
8
12
27
33
32
26
27
48
72
84
81
69
52
44
44
50
57
65
67
73
76
75
71
54
33
23
34
43
0
53
64
69
60
52
53
55
44
35
50
65
70
75
75
72
67
60
53
52
57
54
42
42
52
60
65
58
57
59
55
54
59
57
51
45
43
41
28
12
4
6
22
38
42
44
43
34
27
25
26
33
42
57
60
51
43
53
58
60
59
42
29
37
59
86
90
67
49
38
23
6
-4
-8
-1
10
19
28
44
57
53
40
27
17
10
9
22
49
61
56
41
29
12
0
5
17
20
18
13
10
11
24
56
87
90
73
59
58
53
41
20
2
7
22
34
44
53
58
56
41
23
7
1
7
23
49
70
75
69
65
55
39
25
21
37
60
71
68
58
61
70
70
53
33
35
48
50
50
52
51
51
52
51
44
37
34
25
26
32
33
43
56
44
23
20
29
45
49
44
58
69
70
75
75
66
54
52
55
72
99
116
114
103
88
70
56
52
49
53
55
42
26
22
29
40
42
33
23
12
6
7
11
18
25
22
22
27
35
53
76
86
85
71
44
18
-4
-22
-39
-49
-55
-61
-72
-82
-81
-78
-70
-55
-33
5
39
45
36
40
69
101
122
130
115
103
100
99
99
83
44
8
4
38
82
99
90
70
41
3
-36
-50
-37
1
44
72
75
72
70
58
40
24
18
23
41
58
64
51
23
-1
2
29
64
81
86
73
58
45
25
9
3
6
26
51
65
74
84
83
68
42
13
7
19
55
100
121
117
91
74
54
9
-29
-49
-35
-4
11
13
8
7
11
8
-1
-9
-19
-25
-28
-33
-23
-3
10
8
4
7
5
-2
-18
-28
-21
-6
-1
0
-8
-10
-4
6
26
28
18
25
48
57
53
39
16
-3
0
23
58
76
76
74
74
74
65
52
58
69
69
56
41
39
50
69
84
71
52
43
42
53
48
24
1
-8
7
36
51
66
76
82
84
75
48
7
-10
2
42
70
68
55
55
64
59
49
41
35
24
26
43
54
58
56
41
29
34
39
41
32
20
17
17
17
25
44
53
53
56
42
26
26
40
49
54
50
38
38
51
74
103
109
97
86
96
98
83
65
58
65
75
83
81
75
69
68
71
66
41
19
21
44
73
75
56
24
12
29
51
51
43
48
61
74
71
53
42
36
23
8
5
8
17
27
39
49
54
49
34
32
48
64
64
53
43
44
56
71
90
96
82
66
52
44
50
60
64
51
37
39
52
50
50
65
75
68
59
57
51
38
21
16
22
0
27
28
28
25
21
22
32
42
51
52
40
23
9
12
24
28
25
27
29
33
33
29
26
25
27
24
26
43
50
51
60
81
88
83
65
51
53
64
69
56
9
-36
-59
-69
-76
-84
-74
-61
-50
-25
2
22
53
85
115
133
124
103
101
108
109
99
98
101
96
82
74
76
85
87
87
81
77
90
100
90
87
99
112
108
102
99
99
103
113
119
109
92
96
100
96
87
77
75
88
92
75
59
52
39
33
28
21
9
2
9
33
53
59
58
45
26
23
28
21
13
16
12
12
24
29
21
3
-11
-13
-6
4
10
17
19
20
23
28
26
22
19
12
22
35
51
56
54
45
40
41
42
44
50
49
43
36
32
33
33
36
42
52
50
37
26
28
33
24
12
8
16
19
21
23
32
40
37
20
4
1
10
27
49
66
75
72
56
52
57
54
40
39
52
68
85
98
107
105
96
85
83
86
92
92
89
86
75
64
65
70
77
75
57
49
43
38
26
22
18
23
34
39
40
36
24
8
-5
-17
-23
-17
-1
10
18
27
32
25
17
11
7
9
11
23
36
43
52
48
33
18
16
22
35
40
43
48
45
50
53
52
44
39
29
24
32
42
41
37
29
24
22
21
16
12
20
22
25
38
43
42
50
51
39
35
38
33
25
32
45
53
52
53
57
66
69
59
58
55
40
24
26
37
51
58
67
66
59
57
64
68
56
44
37
27
25
34
49
54
42
35
23
-4
-29
-29
0
29
44
43
40
50
52
43
38
28
29
37
38
36
35
42
51
41
24
18
26
43
55
64
66
51
34
36
51
71
80
72
83
102
102
89
72
57
58
69
69
57
49
48
44
29
11
6
9
16
21
35
48
48
49
51
40
27
26
24
18
22
48
64
60
55
49
37
25
20
9
-6
-13
-14
-25
-43
-51
-39
-22
-2
25
49
72
100
117
116
104
100
113
118
106
86
69
56
52
52
45
38
28
33
40
41
41
38
28
34
50
66
71
74
68
58
54
48
45
49
54
66
72
74
81
84
97
102
87
70
65
64
65
67
64
57
61
68
67
64
53
44
41
38
42
51
56
64
60
54
44
42
39
27
20
27
37
29
19
19
22
26
37
44
48
45
35
17
16
36
55
59
48
34
27
27
29
34
38
42
43
48
52
44
36
33
34
40
41
44
53
69
81
73
55
41
28
26
53
0
85
96
93
90
83
68
50
29
27
44
58
52
32
20
25
35
35
29
24
24
28
34
44
44
34
20
16
20
27
37
44
56
68
70
69
66
55
54
72
87
90
90
85
75
72
70
57
48
39
36
28
23
33
41
43
28
9
5
8
12
19
27
35
38
39
44
54
59
69
75
85
89
83
64
44
48
60
65
68
77
80
71
66
60
60
76
100
108
101
87
80
75
69
59
54
56
53
48
37
28
32
40
50
54
50
39
37
49
51
45
50
57
54
45
43
49
54
55
55
53
50
49
51
56
52
38
32
34
38
43
49
52
53
44
34
38
55
67
68
69
70
67
50
34
28
36
44
42
37
41
56
65
59
54
48
41
35
34
38
41
49
50
43
41
36
33
33
26
19
9
10
16
12
18
19
17
18
19
25
34
38
35
33
32
34
44
60
60
53
44
43
55
66
60
54
41
38
50
55
42
23
10
7
21
41
55
65
70
74
70
57
53
42
27
24
27
34
39
48
54
53
51
53
42
20
-2
-11
-17
-27
-50
-70
-82
-87
-102
-115
-122
-114
-76
-18
25
55
71
75
81
87
84
71
56
54
60
64
65
70
73
71
72
74
83
86
65
42
38
49
57
56
49
42
42
49
66
81
75
69
73
87
77
53
39
43
50
42
42
44
44
42
43
44
42
28
20
27
40
54
66
72
68
55
52
58
69
72
65
53
50
50
50
53
49
45
48
44
44
45
32
6
-5
2
12
18
12
7
9
18
19
19
24
27
24
11
8
12
10
1
-3
5
32
52
55
41
25
21
32
41
49
41
23
16
21
38
52
53
40
23
25
37
38
38
44
52
52
52
58
60
66
69
69
70
69
60
58
64
70
73
80
82
84
91
91
71
52
45
45
48
49
44
48
54
55
53
58
65
64
55
54
53
53
67
76
71
58
51
50
45
52
64
68
64
59
59
53
42
51
70
75
61
54
64
72
73
64
54
49
38
34
40
42
35
26
29
39
49
41
38
43
52
51
37
37
49
60
64
58
56
66
80
85
91
92
80
54
28
23
43
66
75
69
51
38
40
36
23
12
17
21
21
19
25
34
33
32
37
51
56
49
32
26
33
33
36
42
53
57
49
49
53
50
44
43
50
61
71
81
93
100
91
83
75
72
74
80
76
82
84
80
76
82
82
77
70
66
66
70
0
76
86
92
89
83
85
90
88
70
42
32
35
48
61
72
74
71
59
37
18
18
21
25
34
34
35
40
49
54
59
68
73
69
56
51
55
72
80
73
71
69
59
49
45
53
55
38
25
36
64
76
85
90
99
98
85
71
59
54
49
49
65
90
112
112
104
89
80
68
50
29
19
12
1
-20
-49
-71
-83
-77
-65
-49
-43
-26
8
44
70
84
92
102
103
106
97
75
69
71
84
89
85
72
58
42
35
35
40
45
52
58
71
85
92
88
76
69
70
72
69
64
68
72
61
49
34
11
6
22
35
35
21
0
-10
-12
-20
-23
-17
4
20
25
23
17
13
18
19
24
37
50
55
56
50
28
8
7
16
12
4
-3
-10
-23
-28
-29
-21
-8
-5
-2
-4
-6
-3
2
8
20
20
18
23
29
36
38
45
54
51
50
48
45
44
43
44
45
50
56
67
82
87
90
93
91
76
72
80
90
99
96
88
80
70
61
60
57
35
12
12
17
4
-11
-19
-21
-23
-20
-10
-6
-7
-6
-7
-8
-5
4
11
19
34
36
24
23
29
28
22
23
35
48
54
61
68
70
82
91
92
74
64
65
72
86
96
96
91
88
77
74
76
81
87
86
72
59
55
64
72
74
69
66
67
68
72
67
52
36
23
18
19
27
33
29
26
33
37
33
27
26
22
25
32
32
34
34
24
16
17
32
38
38
41
53
66
64
53
43
40
50
64
60
59
59
50
39
32
26
20
21
23
28
36
41
39
33
35
48
57
56
51
53
58
65
66
75
90
98
86
66
54
43
35
34
43
54
56
57
68
75
72
57
45
39
34
26
22
19
21
28
41
49
50
50
53
54
53
58
64
56
50
58
74
68
49
35
22
12
11
17
20
22
40
60
69
67
59
56
56
50
43
43
41
43
55
59
55
52
51
43
40
42
54
65
65
53
44
44
48
37
22
27
43
56
53
40
38
39
43
48
42
40
36
34
39
45
39
20
-6
-38
-70
-87
-93
-99
-84
-65
-53
-40
-10
35
73
96
96
88
86
88
96
92
77
67
67
72
73
60
54
55
60
64
59
55
52
50
51
57
73
85
87
84
77
73
72
76
80
70
60
59
67
70
70
68
59
51
49
52
54
50
44
44
55
70
74
76
83
84
73
58
51
44
43
58
81
91
72
41
32
39
50
57
52
25
9
20
43
58
57
40
28
36
52
0
65
68
68
65
61
55
38
24
26
40
50
50
37
34
44
76
115
123
115
99
80
56
43
36
21
10
9
12
24
41
56
52
40
41
43
40
37
40
49
54
42
34
34
33
25
22
29
50
70
80
75
72
70
72
72
73
81
87
100
113
98
82
77
75
74
74
69
51
34
16
8
19
26
17
1
-1
9
38
58
57
53
58
66
67
58
59
64
52
40
45
57
60
55
52
58
60
65
67
61
56
54
44
37
38
48
51
41
40
51
56
54
54
51
43
50
60
66
60
51
43
42
37
33
34
35
34
27
22
12
9
6
1
-2
1
3
7
7
4
5
10
17
18
20
26
29
40
54
59
57
56
53
50
48
48
50
52
50
41
40
45
59
77
84
83
80
75
74
72
71
76
83
83
60
43
50
64
70
69
58
40
29
28
34
24
10
5
0
-5
-2
6
10
6
11
32
48
54
48
42
42
40
36
32
27
24
26
28
27
32
32
26
32
48
61
73
81
80
84
88
76
61
56
56
66
81
87
77
66
54
38
20
11
22
37
39
22
9
11
13
19
32
34
24
22
36
50
50
50
50
48
48
45
38
28
16
6
4
-5
-27
-49
-59
-59
-51
-39
-33
-9
24
65
106
150
189
216
208
177
145
133
146
156
148
119
92
83
83
82
85
81
64
52
49
50
54
58
61
64
58
60
70
76
74
72
77
83
76
73
72
71
71
67
66
58
42
26
32
44
56
57
51
50
64
69
66
61
57
54
60
75
85
84
72
57
51
44
42
39
34
19
6
2
3
7
13
25
24
23
29
32
28
35
26
10
8
17
19
16
23
37
39
25
7
2
10
13
8
5
6
9
13
13
8
0
-1
9
24
32
33
34
35
40
50
52
52
52
44
37
26
27
32
23
23
32
36
40
38
35
39
36
22
5
-8
-19
-18
-13
-10
-4
13
51
84
88
70
45
36
36
48
65
90
112
114
92
67
43
27
26
32
26
24
25
34
48
49
29
-3
-39
-56
-46
-17
5
18
28
36
43
49
49
44
43
34
21
23
37
51
59
53
43
40
48
65
74
56
28
16
12
35
58
67
66
66
73
87
96
89
72
58
54
59
68
72
74
86
90
91
103
117
107
86
60
52
50
54
59
65
68
82
98
103
114
123
119
103
88
81
85
87
96
101
99
89
84
86
88
87
90
91
89
88
0
85
75
67
67
69
75
86
89
81
69
59
58
74
100
109
87
60
54
58
68
67
55
44
40
39
57
74
82
60
35
28
43
55
54
43
41
53
61
65
64
55
51
54
69
84
88
76
57
50
52
56
64
49
29
38
56
69
67
57
50
45
49
42
40
54
72
74
69
66
65
59
60
72
80
71
55
49
48
36
20
11
28
52
60
67
80
80
58
36
17
1
-14
-39
-62
-77
-89
-102
-119
-120
-104
-88
-69
-37
-8
19
50
70
80
74
70
73
80
70
55
44
41
39
39
48
59
72
80
65
44
32
22
17
20
24
32
37
42
44
49
54
60
67
72
82
85
82
76
70
65
76
99
101
85
69
68
84
105
106
86
65
59
72
74
65
57
53
42
32
38
50
55
44
29
32
33
25
20
16
17
10
0
1
7
2
1
13
28
22
4
-4
-3
6
21
43
68
82
71
50
36
38
52
64
57
44
41
51
55
41
24
18
20
22
23
25
27
34
36
26
20
16
17
25
35
36
40
55
69
65
48
37
41
48
42
28
28
37
49
55
59
64
65
67
65
64
55
56
69
81
74
61
66
81
77
60
54
56
57
49
50
57
49
28
17
22
44
57
51
39
25
22
23
25
33
37
29
32
40
43
40
37
49
57
44
35
43
56
64
59
51
59
80
90
82
55
34
33
42
55
69
84
83
74
81
82
69
48
27
27
41
54
60
56
44
36
26
23
35
40
33
24
26
42
58
57
50
56
59
65
60
55
56
59
53
49
56
66
68
65
67
67
61
69
82
85
77
73
74
76
70
67
65
59
54
59
74
80
66
60
67
66
57
52
57
69
73
64
41
24
26
39
42
26
19
22
23
19
11
10
23
49
58
49
40
34
21
21
27
33
28
22
22
25
22
13
6
4
12
35
48
42
36
42
49
52
54
55
49
37
42
53
66
65
50
34
32
42
53
53
49
44
43
38
24
7
2
10
24
28
26
40
61
74
81
84
82
73
65
53
43
36
28
25
12
-9
-39
-59
-65
-58
-45
-37
-41
-43
-20
21
70
98
100
85
72
72
75
74
68
59
54
51
60
71
73
75
81
72
52
42
49
54
48
36
29
32
29
29
36
38
35
39
52
58
65
72
72
61
64
68
69
68
66
67
73
84
91
93
85
81
83
83
83
85
86
80
67
69
85
93
91
82
70
0
58
52
38
28
28
36
34
26
25
29
34
25
24
23
20
21
22
13
7
1
-5
-3
1
11
23
34
41
37
36
37
38
36
34
33
36
54
75
83
80
71
64
60
59
70
89
105
105
96
84
70
59
54
56
51
32
9
-3
5
23
26
24
25
34
48
59
65
55
37
27
27
34
37
37
41
51
61
73
74
73
70
58
60
80
81
73
82
88
82
74
81
90
89
74
60
60
66
66
59
57
50
49
55
53
42
33
28
27
25
20
19
28
32
25
27
25
18
10
3
3
10
21
21
19
27
38
42
40
41
38
32
22
20
19
21
37
49
49
49
52
51
41
36
39
50
60
68
76
80
73
70
73
72
65
54
43
37
28
24
24
18
6
3
6
11
12
7
7
6
3
4
12
18
17
27
49
60
75
76
67
54
52
52
48
49
50
53
69
88
97
92
89
90
91
82
65
70
84
86
85
81
82
92
89
73
70
60
51
49
45
41
34
27
28
26
9
-11
-18
-5
8
16
22
25
26
35
45
52
51
53
60
65
60
54
53
55
64
66
57
51
57
66
60
53
49
58
81
98
101
92
75
64
61
71
80
77
70
67
71
85
98
102
98
80
59
40
33
27
9
-18
-38
-50
-62
-72
-69
-61
-55
-43
-23
5
32
55
75
89
90
89
87
88
88
86
83
73
58
51
50
52
49
45
39
39
40
41
48
51
52
57
68
70
58
53
58
70
73
72
70
68
65
64
72
75
64
56
56
59
73
80
72
59
44
40
40
41
53
60
67
66
55
45
43
49
48
38
42
55
57
55
54
52
51
44
39
37
39
39
48
58
66
58
54
51
58
66
60
55
53
58
70
58
36
21
27
40
39
27
25
33
36
36
38
35
26
19
6
4
16
36
52
53
45
52
56
51
45
52
57
61
73
72
64
60
70
74
80
75
69
67
68
61
41
26
26
26
25
29
29
33
48
65
68
56
53
64
70
66
70
80
81
77
81
83
84
70
52
45
45
36
24
21
26
34
43
54
56
54
52
44
39
35
35
36
29
21
21
28
35
36
27
18
22
25
19
8
0
-5
-6
-8
1
17
24
24
18
22
33
33
34
35
39
42
50
58
66
69
64
56
58
57
48
33
22
24
32
37
43
44
42
42
42
43
50
48
38
35
35
36
38
36
38
45
52
42
23
11
7
13
0
25
32
21
9
19
34
28
21
21
19
21
32
36
34
38
45
52
54
54
49
43
40
37
36
36
41
44
38
29
34
34
21
7
-3
-5
4
20
37
40
37
32
24
29
37
42
52
54
54
52
52
53
54
67
85
87
82
80
75
76
80
87
96
112
113
98
81
67
69
88
105
116
120
119
105
87
80
71
57
44
37
35
39
44
54
69
58
37
32
50
83
106
106
108
114
112
98
75
58
39
10
-21
-53
-70
-82
-76
-57
-41
-30
-7
23
44
52
52
60
74
85
87
76
59
43
32
25
34
41
51
64
75
83
75
65
57
65
81
88
86
81
81
85
89
86
74
58
51
58
67
70
75
89
92
87
83
70
55
43
39
36
18
4
3
5
6
6
1
-3
-8
-18
-24
-38
-39
-35
-36
-36
-22
-7
6
10
18
28
42
51
49
42
37
48
67
74
71
67
60
60
64
58
53
51
50
52
54
66
76
76
77
87
88
83
84
84
71
56
40
26
23
25
28
36
35
26
23
26
28
21
8
-4
-9
7
36
60
76
75
71
83
100
108
106
93
89
88
86
73
56
42
39
50
55
57
66
72
73
68
64
69
82
86
83
75
83
100
102
93
85
69
55
51
42
34
33
39
48
40
29
18
6
8
6
2
0
11
25
34
27
12
17
39
60
72
80
85
84
74
64
61
76
87
86
84
84
85
92
96
86
75
68
58
52
49
57
69
61
51
52
61
67
66
66
61
54
42
35
28
32
29
22
17
12
16
18
36
56
58
44
32
29
39
52
59
69
67
51
36
27
32
29
23
23
23
17
12
23
38
42
28
10
-4
-13
-19
-24
-22
-4
17
28
38
43
50
53
52
51
49
44
43
48
52
55
54
41
33
29
36
35
28
26
26
23
18
13
17
26
40
38
37
48
60
77
91
99
97
88
90
102
108
115
115
103
85
66
51
57
76
93
97
76
44
17
1
3
18
38
49
50
52
43
37
41
51
52
41
39
50
71
99
103
81
54
37
21
4
-18
-29
-39
-67
-105
-133
-136
-124
-107
-81
-34
18
56
80
96
107
120
130
124
112
90
71
69
76
81
76
70
71
76
70
59
53
52
56
66
76
80
83
86
93
100
102
104
105
102
89
77
74
67
51
48
50
57
73
87
86
64
37
27
24
16
17
28
41
44
37
24
18
18
17
19
26
35
33
37
49
45
32
0
26
39
43
43
52
60
67
70
74
82
85
83
77
67
45
34
34
48
64
74
76
66
56
56
50
40
41
44
43
42
37
37
40
40
34
27
26
25
34
42
44
43
44
48
49
41
36
32
36
42
50
58
65
69
75
76
69
57
48
56
73
83
85
77
69
69
71
70
70
65
54
44
32
23
17
6
2
8
23
28
22
11
10
17
22
18
8
-2
-3
2
-5
-12
-10
5
22
26
23
21
18
17
22
28
25
18
17
22
37
48
48
54
59
65
68
72
80
84
83
75
70
66
58
43
28
23
23
20
25
28
21
7
0
7
20
21
18
16
23
29
32
41
50
48
40
40
48
52
54
53
56
58
49
48
55
61
72
74
76
85
96
98
92
93
93
92
90
90
96
91
85
84
88
88
82
80
82
85
90
88
76
68
60
58
57
54
56
59
54
40
32
23
22
24
33
43
50
45
33
19
5
0
6
27
57
66
49
24
23
43
59
57
44
37
39
43
48
59
66
59
55
54
54
55
60
69
74
74
75
82
90
97
101
104
100
93
96
103
112
96
68
70
97
117
121
120
113
89
64
39
21
11
7
9
16
10
-7
-35
-65
-90
-115
-119
-99
-68
-41
-19
8
36
67
84
86
82
74
72
74
72
74
84
89
93
97
100
98
97
91
90
97
96
90
100
105
115
119
117
120
129
124
117
118
117
105
91
74
66
59
54
42
41
41
40
43
48
48
52
56
59
54
39
29
32
33
29
29
28
38
51
54
51
43
39
32
18
12
20
18
10
18
26
25
27
33
32
33
34
35
39
49
54
52
44
45
59
69
64
56
48
40
40
41
39
25
2
-10
-7
-6
-14
-14
-6
3
6
9
22
36
42
45
51
55
59
58
54
51
48
43
48
51
53
53
49
49
52
54
58
69
74
82
83
75
60
49
50
53
54
58
64
70
82
87
83
69
56
59
84
97
86
72
64
53
44
42
50
66
70
59
50
56
70
75
70
53
40
38
48
55
53
50
49
48
40
26
22
28
48
66
76
82
76
77
80
70
55
41
37
38
49
60
58
38
27
35
39
34
21
18
28
44
51
45
49
55
66
72
69
57
49
44
48
45
36
35
36
36
34
39
51
44
33
22
23
32
35
25
21
22
18
18
28
41
43
38
28
27
35
38
43
64
89
93
85
80
70
59
50
38
33
0
32
33
35
34
25
16
6
3
0
-4
-7
-17
-19
-13
-13
-13
-10
-6
-3
5
20
35
42
44
43
37
33
32
25
26
40
59
67
64
58
59
64
67
60
56
66
82
92
92
88
88
86
86
89
88
90
101
113
108
98
88
84
80
66
57
59
65
72
84
86
80
76
73
51
25
6
-9
-29
-49
-57
-71
-84
-85
-70
-62
-61
-49
-13
24
60
82
82
73
74
74
72
69
64
56
55
59
64
66
65
65
69
69
67
67
69
59
49
48
52
52
41
36
40
48
51
49
51
55
57
54
48
44
48
59
77
89
100
103
101
97
89
81
72
67
69
74
74
72
72
66
52
37
33
38
49
67
85
83
64
51
43
34
25
34
52
69
67
59
58
69
72
64
57
56
51
45
43
41
38
37
33
33
35
32
21
9
1
-5
-4
3
3
1
9
23
27
29
28
28
36
43
54
64
65
57
50
50
53
55
53
42
38
43
49
48
44
48
48
39
29
35
53
66
64
58
56
50
39
36
57
89
107
105
102
96
96
107
115
99
82
74
80
