49
42
43
49
42
33
22
17
8
19
41
61
85
107
130
122
103
98
99
89
68
49
52
74
89
89
87
75
64
51
43
48
55
64
68
71
71
65
59
65
58
48
40
41
45
41
23
18
21
9
-6
-14
-5
8
16
18
18
20
6
-7
-4
17
32
35
25
17
4
8
34
42
34
21
20
34
44
53
58
56
48
26
5
3
24
48
58
68
76
76
58
41
39
40
39
37
51
73
84
80
65
49
37
20
3
-1
5
20
32
35
36
40
51
67
73
58
38
24
21
28
48
55
68
83
67
48
50
59
61
48
33
36
49
60
75
100
116
103
82
67
67
81
89
85
76
69
53
42
57
74
53
12
-6
-5
9
21
34
44
39
21
12
26
52
57
52
54
53
53
54
56
59
55
48
53
61
53
24
9
17
29
42
54
64
64
55
49
51
52
40
27
39
69
84
82
77
83
73
56
48
43
45
48
37
36
44
50
42
25
11
8
10
21
24
20
16
11
17
27
35
35
39
48
43
37
37
45
54
54
59
72
71
56
48
48
50
42
37
36
40
42
48
53
56
56
56
53
48
44
50
44
39
32
23
12
0
-7
-3
10
17
6
-5
-20
-33
-26
-11
-7
-4
13
37
48
37
26
21
18
0
12
19
35
42
37
28
40
70
77
64
58
68
72
65
57
67
88
88
67
56
54
44
35
36
39
35
12
1
8
26
41
42
51
67
80
70
49
35
33
34
48
73
86
82
70
66
60
59
64
61
50
34
23
27
27
-3
-54
-88
-100
-91
-72
-58
-46
-35
-9
27
72
99
100
96
102
113
106
90
80
70
64
59
59
68
69
66
44
27
35
48
57
71
85
83
70
56
49
44
36
32
34
28
23
32
42
65
85
90
82
73
81
90
92
89
93
85
60
35
28
44
64
75
89
92
96
88
81
72
66
72
69
55
39
28
25
22
20
23
26
21
24
28
25
28
35
39
37
28
20
16
11
16
23
20
9
20
45
56
58
57
55
57
59
58
69
92
112
108
105
106
98
88
87
82
59
25
6
7
13
7
2
-7
-23
-35
-36
-29
-25
-35
-51
-66
-60
-56
-66
-74
-75
-53
-37
-43
-53
-56
-53
-39
-21
-2
7
1
-5
3
21
41
56
66
61
53
57
83
102
104
85
64
74
91
82
60
51
59
71
70
76
99
121
121
106
92
88
85
81
70
59
54
66
77
84
81
60
42
35
27
22
21
27
39
36
24
20
25
36
34
24
20
20
22
26
33
33
27
33
49
66
60
43
37
48
65
74
71
61
55
51
54
66
65
53
45
49
45
41
37
41
56
67
52
24
12
17
21
27
36
35
32
29
28
28
39
54
64
67
61
44
25
28
53
70
68
55
45
34
22
35
58
69
71
66
60
64
57
42
37
38
38
39
48
55
42
36
41
50
53
51
48
52
52
44
43
49
52
56
73
96
98
81
64
64
91
109
87
56
42
41
40
33
34
48
49
36
39
67
85
73
57
54
58
59
64
66
58
49
41
38
42
50
50
55
67
75
68
42
34
38
39
44
50
53
59
71
84
97
97
80
68
68
57
33
10
-12
-46
-69
-68
-56
-49
-56
-70
-67
-36
-5
-2
3
32
65
87
96
84
60
28
21
43
66
65
52
38
37
43
50
48
50
56
53
48
57
71
68
66
75
86
74
60
58
66
69
66
66
76
88
87
70
57
72
92
88
71
57
42
36
36
38
36
24
9
12
25
35
41
43
51
56
50
26
6
1
10
17
18
18
21
27
34
39
35
23
10
16
26
29
25
26
37
43
48
52
51
41
36
28
25
29
29
34
39
43
42
41
41
40
33
28
45
0
61
70
67
65
66
57
52
49
43
33
17
12
26
39
39
34
40
56
67
64
66
74
73
64
48
37
42
54
56
54
48
53
65
73
81
76
60
54
60
73
76
74
71
75
89
99
104
100
97
88
72
60
64
60
53
49
39
27
19
13
19
23
24
23
27
28
32
28
26
23
20
20
24
26
24
12
7
16
29
43
54
58
43
26
22
26
32
33
27
24
23
23
34
52
64
59
40
21
22
32
42
48
42
39
41
44
25
0
-11
-7
7
24
35
33
23
10
9
11
13
18
20
18
12
22
45
54
39
25
28
44
58
57
64
80
83
72
80
98
99
86
81
86
88
77
67
67
70
64
54
52
54
51
42
42
44
40
37
33
43
50
43
42
51
50
41
28
20
26
32
28
38
43
38
27
19
7
-2
-8
-14
-8
3
2
-4
5
10
5
3
16
36
48
48
42
53
53
40
33
40
59
67
48
32
33
34
19
5
7
7
4
2
8
8
1
-2
9
23
22
13
16
26
32
23
16
22
37
53
65
68
64
49
27
21
23
26
13
3
-3
-21
-41
-57
-67
-71
-68
-53
-38
-25
-11
9
50
91
113
119
121
118
118
120
118
117
117
108
98
97
93
81
69
69
73
83
86
74
76
86
89
81
75
75
69
55
54
59
57
38
18
12
11
8
13
20
16
-1
-21
-36
-29
-24
-22
-6
4
4
3
3
9
20
22
26
48
56
52
41
27
18
24
41
45
49
66
72
66
61
71
76
81
88
88
74
64
59
73
102
105
86
64
51
56
56
54
65
61
51
58
72
68
59
60
71
81
74
57
42
44
52
52
61
66
51
35
33
37
35
24
19
24
34
23
12
10
20
21
18
19
19
17
-1
-17
-11
5
19
33
52
82
97
98
99
108
120
115
89
71
75
89
99
97
89
85
81
81
75
74
75
68
61
52
42
37
40
49
53
51
58
76
73
53
51
60
45
19
9
16
11
5
0
-5
-4
-2
1
11
21
18
11
23
40
44
40
41
43
35
22
20
28
33
23
17
16
25
36
36
33
34
32
21
28
48
52
49
50
58
67
60
50
39
44
54
55
38
25
28
51
70
73
57
41
33
27
25
27
37
49
59
64
55
49
44
53
60
60
53
52
59
76
93
102
91
76
64
54
55
52
40
35
32
27
29
37
40
33
16
11
24
28
18
5
2
9
28
0
49
61
70
65
53
53
61
69
70
64
60
59
58
54
53
50
37
38
52
65
57
35
18
19
33
39
37
38
32
22
21
39
56
52
42
43
41
26
17
17
26
45
53
50
49
49
42
39
37
36
38
37
27
25
28
33
28
27
33
42
54
59
56
50
36
27
22
9
-6
-23
-35
-43
-71
-107
-120
-105
-86
-70
-44
-8
18
28
41
59
83
90
97
104
104
82
66
64
68
58
43
51
71
76
72
65
59
64
73
90
98
84
70
65
59
59
59
60
80
98
96
88
81
74
70
54
44
53
54
36
19
19
24
26
27
27
29
26
24
37
44
41
25
21
33
38
33
24
34
48
44
39
32
26
27
32
42
64
85
93
82
82
90
74
51
49
73
101
105
92
77
70
71
66
67
68
54
36
50
73
84
77
58
35
19
10
11
22
21
10
9
25
38
25
-2
-17
-18
-22
-26
-22
-3
19
34
42
39
25
12
19
38
53
49
18
2
18
41
49
50
57
66
76
98
108
106
100
87
73
59
41
29
34
51
57
52
42
38
34
23
4
-6
4
23
40
52
52
38
24
24
40
55
49
26
26
41
53
53
49
57
74
82
67
51
55
71
86
109
124
121
113
109
106
98
82
65
57
54
54
57
50
23
12
42
87
109
112
102
91
85
71
43
17
17
22
16
-3
-5
18
34
34
33
23
11
11
26
51
72
84
81
84
93
99
93
97
102
105
108
108
105
85
60
64
80
86
77
74
86
97
90
68
60
73
71
58
54
56
59
64
72
81
72
51
32
29
34
34
24
7
-6
-4
10
26
32
28
28
36
34
25
25
27
28
20
3
-4
6
34
40
23
18
19
25
42
57
60
50
33
38
61
82
82
67
60
54
35
23
36
66
98
106
91
71
55
35
21
18
22
18
12
24
42
51
36
5
-7
-1
8
18
18
6
2
8
22
42
60
69
58
33
-1
-27
-45
-46
-43
-66
-100
-115
-89
-59
-42
-11
39
84
102
116
121
108
75
55
55
69
83
88
86
83
70
56
49
42
43
43
49
69
97
93
75
67
73
74
58
51
56
58
53
40
44
56
56
41
28
28
25
20
21
23
21
24
39
61
75
64
41
53
67
53
36
36
56
75
80
67
67
72
69
60
68
73
72
66
66
64
43
29
44
64
61
52
49
45
39
35
28
25
19
6
4
23
39
36
25
27
42
0
38
22
24
36
55
71
76
76
75
75
80
86
93
92
89
97
105
91
68
55
65
65
43
34
38
41
37
34
41
58
60
41
29
39
50
37
24
17
17
24
43
70
84
83
86
89
89
93
87
76
75
72
70
83
106
123
123
114
93
81
76
74
72
81
90
90
85
91
99
85
60
44
44
42
38
42
57
52
24
6
10
21
16
0
3
19
16
1
-4
1
9
3
-4
-4
-10
-20
-18
0
16
22
29
34
33
32
24
20
25
27
25
39
64
73
67
52
48
57
61
52
42
43
45
48
51
65
71
50
22
20
34
42
42
43
43
37
24
28
32
25
25
35
52
59
57
49
42
38
38
49
54
57
53
50
55
74
93
88
71
66
55
37
23
23
23
22
34
53
64
56
48
32
19
19
21
20
19
10
-4
-6
6
11
5
-9
-22
-10
2
-3
-18
-27
-30
-25
-18
-1
16
21
19
26
49
67
74
67
44
32
41
64
85
92
89
85
87
99
96
76
73
86
100
105
113
115
102
83
64
56
53
41
34
41
48
40
27
26
41
51
40
33
34
32
21
10
17
33
40
38
42
48
50
50
41
40
29
0
-33
-51
-62
-85
-97
-70
-33
-9
1
26
65
104
135
144
144
149
149
138
139
145
131
101
80
73
76
76
76
82
87
84
69
54
43
41
42
51
57
54
49
51
54
50
36
24
21
23
33
40
43
42
41
42
40
34
24
11
6
23
42
43
41
43
41
38
37
48
58
57
52
42
44
48
53
59
60
41
10
-1
11
25
26
27
32
21
2
-3
5
7
10
22
22
11
5
-1
-8
-4
12
33
43
48
41
32
20
21
38
54
53
49
54
58
64
68
68
60
50
44
48
51
55
56
56
55
51
39
34
36
36
27
18
13
21
32
33
23
22
28
34
39
48
52
53
43
34
37
48
52
53
55
56
55
55
66
74
70
59
66
76
85
92
112
119
102
72
56
57
67
66
57
66
83
97
102
107
114
105
84
68
67
61
48
37
41
51
50
44
52
58
52
38
28
37
52
60
55
49
49
49
50
57
59
54
40
35
37
37
35
38
43
40
36
36
45
54
52
44
48
66
91
92
74
56
50
50
53
54
54
60
68
68
66
65
64
67
69
57
36
28
37
27
21
33
41
40
22
1
2
5
2
2
22
51
56
34
18
27
42
42
36
25
26
34
37
0
39
45
59
67
59
53
44
36
32
37
48
51
44
39
29
26
32
37
41
36
26
32
42
55
58
66
75
81
72
56
36
19
24
37
56
72
74
64
57
56
43
27
25
44
80
109
116
97
76
66
54
51
51
48
38
41
52
57
64
66
69
71
55
38
40
68
98
114
116
109
98
74
50
36
28
11
-12
-38
-52
-65
-67
-52
-29
-13
-2
17
40
64
81
88
89
88
90
90
88
91
88
73
64
71
76
70
54
41
38
41
38
35
40
39
23
9
9
21
32
42
57
67
68
64
72
82
76
61
60
71
80
81
81
87
91
85
69
58
51
41
38
39
48
41
32
33
40
42
50
60
75
87
92
101
101
89
86
97
108
103
82
64
68
82
85
75
64
51
42
35
25
34
43
49
44
50
56
48
27
24
27
26
16
7
10
19
11
9
23
48
56
55
54
59
73
76
68
70
72
73
74
80
92
82
56
44
50
56
61
50
33
26
21
12
11
12
4
7
23
29
23
22
27
35
32
16
6
17
21
10
4
2
9
18
21
22
28
40
48
50
50
43
27
33
52
59
49
35
36
43
50
48
44
42
42
45
55
60
58
50
48
52
51
33
19
22
36
40
33
22
22
38
36
18
5
12
21
16
3
-6
-9
-12
-18
-9
1
-3
-8
-14
-19
-13
-5
11
21
13
18
37
54
59
56
56
54
54
61
73
89
89
73
59
64
80
84
76
72
71
64
48
36
33
22
8
6
23
45
52
50
59
70
70
57
44
54
64
53
37
35
42
52
51
52
54
51
50
65
70
50
12
0
17
36
42
39
41
51
54
43
33
36
44
52
65
81
83
74
65
60
53
38
27
27
41
51
49
43
39
32
26
26
35
38
27
17
21
35
28
17
24
41
41
34
38
51
59
59
56
50
42
37
45
59
60
53
43
42
48
49
43
32
13
1
-5
0
1
-17
-41
-67
-83
-88
-85
-74
-54
-18
9
21
34
55
71
69
56
53
51
50
51
50
44
39
45
58
77
98
97
74
64
71
75
72
74
86
91
90
92
100
97
89
84
80
72
73
76
81
75
64
59
64
64
64
68
75
82
77
69
59
53
55
59
65
68
57
40
34
38
43
42
36
22
22
27
23
20
23
22
8
1
7
18
10
1
-3
4
3
6
18
27
27
16
21
41
50
42
35
33
32
40
50
57
74
87
0
86
80
77
85
81
65
45
37
32
33
44
57
53
43
43
51
50
51
60
73
75
61
48
44
58
68
69
71
74
76
76
70
72
76
69
54
51
61
74
85
91
99
92
87
86
101
106
99
91
98
101
96
82
80
90
87
70
64
67
70
64
53
52
57
60
61
72
84
77
68
72
73
59
44
56
88
106
101
87
88
96
84
73
86
99
88
65
60
77
76
57
51
50
43
38
41
48
50
52
43
33
33
29
20
20
29
38
37
51
69
73
64
49
32
32
42
48
42
42
44
39
37
48
50
34
27
34
39
40
33
22
16
9
8
18
33
38
37
35
38
35
29
41
54
52
38
34
41
58
69
58
50
52
58
64
60
55
50
43
43
49
54
57
40
33
44
41
27
25
35
38
29
19
19
25
25
19
10
12
26
43
52
50
42
41
49
58
66
59
49
44
48
44
39
33
36
40
33
26
37
50
44
33
27
36
39
26
9
2
-4
-3
9
23
27
36
43
52
57
66
67
64
64
64
55
48
41
27
0
-25
-39
-43
-38
-26
-12
2
22
41
60
83
97
104
100
88
84
91
112
125
129
117
102
103
105
102
85
70
75
89
88
81
73
64
54
53
65
66
51
42
43
42
35
36
32
32
44
50
48
55
66
67
64
67
73
73
82
85
77
71
70
70
70
73
68
55
54
56
40
36
49
53
41
26
16
11
10
4
-5
-12
-21
-23
-20
-5
4
-1
-5
-2
1
0
9
24
41
48
35
37
52
68
74
76
81
76
57
35
27
43
59
57
42
32
33
49
71
87
92
81
68
72
85
86
83
87
91
82
65
52
52
52
43
34
28
19
2
-7
-7
2
9
11
12
20
37
43
45
53
40
13
8
27
49
52
41
40
55
70
80
81
74
58
56
66
82
92
86
64
54
68
80
72
55
49
39
34
42
57
58
44
26
19
24
20
2
-11
-14
-19
-24
-23
-5
6
5
5
18
32
35
32
37
43
43
48
52
51
42
43
51
57
65
56
50
55
58
55
49
53
80
91
73
55
68
91
112
106
87
76
75
80
83
87
75
56
50
57
66
57
50
50
49
38
35
41
59
67
58
54
59
60
52
43
44
44
45
53
64
72
65
42
27
21
18
24
44
61
65
58
52
52
57
51
40
48
51
40
36
40
41
34
25
36
53
56
51
49
53
55
56
49
40
0
48
50
50
53
58
58
43
34
34
48
54
43
40
50
57
55
51
36
19
4
1
16
28
28
22
19
19
26
42
67
81
75
58
49
58
61
48
25
11
1
-12
-39
-68
-88
-94
-90
-78
-57
-33
-6
19
50
72
75
73
76
84
87
85
83
87
91
91
91
92
93
85
76
86
98
101
101
105
105
96
88
88
83
68
64
68
80
77
69
56
54
66
71
69
81
92
75
58
56
66
68
60
59
65
59
56
52
54
55
53
60
71
61
42
38
41
49
43
34
19
17
5
-21
-40
-34
-7
10
13
10
7
3
-1
7
21
22
20
20
26
43
52
48
40
37
39
48
55
58
50
37
41
57
68
69
67
66
72
73
58
50
57
54
33
21
27
51
55
40
35
41
50
58
58
52
40
27
26
39
54
56
57
67
70
60
52
54
65
68
77
83
75
73
73
80
83
75
59
52
60
71
70
57
41
28
23
24
26
27
18
9
16
25
28
22
25
37
43
41
35
41
64
69
58
52
64
82
85
83
84
88
88
83
72
61
50
34
33
44
55
55
58
61
55
44
43
56
56
48
42
54
70
80
75
61
54
43
32
22
25
28
24
22
35
48
38
13
8
24
37
43
44
42
39
37
43
53
51
41
50
65
74
69
64
69
70
69
66
61
58
52
50
50
43
43
44
45
52
56
49
29
17
8
8
12
21
25
23
12
8
16
13
2
-8
-8
-4
-8
-10
-4
-3
3
8
3
0
0
1
4
7
18
19
12
23
54
71
64
56
70
86
91
86
76
68
60
64
61
60
57
48
35
35
53
74
84
85
75
58
51
61
77
75
57
42
49
56
61
71
76
75
59
42
25
2
-29
-56
-67
-70
-72
-66
-44
-24
-14
-9
5
32
54
68
76
91
114
119
115
113
118
117
104
92
91
83
65
57
72
88
98
103
100
88
71
60
55
42
29
36
51
64
58
44
38
43
50
48
45
44
43
45
53
68
82
84
75
60
51
43
35
32
38
40
27
11
12
26
38
49
58
68
66
45
36
43
60
70
65
55
51
39
24
20
23
21
16
13
22
32
28
27
34
34
24
18
13
6
-1
-4
-2
11
23
16
4
10
13
9
9
24
36
37
33
25
25
33
32
37
53
65
66
59
58
64
60
45
29
35
51
56
60
72
75
71
58
48
50
51
49
52
69
84
86
89
99
101
97
0
91
89
87
82
74
70
70
69
65
57
60
68
75
84
86
76
66
75
92
96
87
74
67
69
85
99
101
99
86
68
48
28
17
3
-6
-2
18
42
64
68
59
55
55
56
67
77
75
73
80
75
59
50
53
67
80
80
76
83
75
66
69
82
82
75
73
73
65
51
49
52
67
77
80
85
97
98
87
72
56
51
53
55
54
48
39
32
16
10
12
7
11
25
34
26
16
16
20
22
29
41
43
35
17
11
22
33
39
49
56
58
68
74
81
86
96
87
73
67
60
58
67
68
55
38
37
40
40
35
32
35
41
43
38
33
43
54
56
48
33
22
21
25
29
27
16
1
5
23
34
19
1
-3
-2
2
8
18
17
7
9
23
38
37
25
28
40
41
42
43
55
67
66
70
76
74
60
52
48
52
44
13
-23
-39
-58
-84
-90
-77
-55
-42
-36
-13
11
29
26
21
26
33
36
42
45
40
29
21
32
50
54
51
50
54
59
56
53
57
65
66
65
73
90
96
88
80
75
81
83
86
96
88
74
74
76
67
50
40
57
83
83
69
64
67
64
43
29
32
35
24
11
8
13
19
22
27
32
26
27
40
49
43
43
48
54
53
48
50
56
56
53
52
56
73
84
82
70
54
41
37
54
70
72
68
65
67
74
67
52
48
42
41
40
50
57
58
57
54
51
48
35
16
2
-1
-5
-6
0
8
7
3
10
35
52
55
45
41
37
40
48
59
61
48
36
34
36
52
65
58
56
60
66
66
59
58
59
60
68
74
76
70
69
75
80
83
86
87
75
54
37
28
23
20
12
10
16
12
10
17
32
26
17
19
38
53
54
48
41
49
48
32
21
25
38
53
68
81
69
49
50
64
69
57
42
39
54
67
66
64
67
66
57
53
57
64
59
53
55
66
68
65
59
64
68
64
53
54
64
56
38
25
23
25
24
32
43
52
39
26
32
37
35
35
48
60
59
54
54
48
35
24
23
33
35
27
32
49
57
53
41
39
43
39
34
28
33
43
53
54
64
70
60
52
57
73
90
100
98
99
93
76
56
53
59
58
59
74
81
73
60
53
58
65
64
65
69
73
73
64
57
57
59
57
50
50
49
48
56
69
67
57
58
66
70
68
68
71
74
69
61
60
58
54
49
49
60
74
75
75
84
83
69
52
38
35
24
10
20
42
0
59
64
55
37
17
-3
-17
-20
-33
-55
-82
-98
-100
-90
-71
-49
-24
-10
4
38
82
105
112
113
119
135
140
141
149
161
154
134
121
123
130
128
121
114
102
103
115
134
140
128
113
104
92
82
74
76
83
75
60
42
28
38
41
32
25
25
19
16
10
-3
-13
-12
1
10
10
4
2
7
13
11
-2
4
26
49
54
54
57
55
57
59
60
68
74
84
104
102
77
69
70
66
64
53
43
40
40
42
37
33
26
12
-2
-4
5
6
-1
7
25
35
25
8
10
24
33
35
33
28
24
12
8
4
2
17
42
57
49
32
25
28
27
22
17
25
37
36
32
42
57
54
41
42
52
56
55
55
59
68
68
53
45
54
58
61
68
82
85
75
66
69
65
41
24
32
48
52
41
29
27
20
5
4
18
26
25
22
21
21
11
4
10
26
36
27
23
27
37
41
44
48
49
58
59
59
73
85
87
82
85
92
89
85
86
85
87
88
90
100
98
92
97
90
80
71
69
71
59
41
33
26
17
3
-5
-2
3
3
7
11
8
2
2
8
12
16
20
24
27
23
5
-3
6
23
27
27
36
52
67
72
72
83
88
83
71
59
61
70
85
102
119
128
122
114
102
92
92
100
104
104
101
89
89
97
91
77
73
71
59
48
38
42
49
50
45
41
43
43
34
34
34
17
5
12
22
19
8
9
28
51
53
35
27
40
50
53
60
73
60
25
2
10
29
38
32
22
12
19
29
34
29
21
8
6
11
18
21
12
7
23
44
52
48
40
25
21
28
32
29
34
34
39
52
57
49
40
41
42
40
44
64
76
75
75
83
89
80
70
73
84
83
81
81
71
48
12
-20
-50
-69
-72
-58
-34
-12
9
49
89
107
101
92
100
99
85
68
53
52
58
58
56
68
85
77
64
55
59
57
54
66
75
70
66
67
66
59
51
51
53
58
59
52
42
52
64
67
67
71
80
82
81
76
71
76
85
85
83
85
97
117
129
117
91
82
88
82
66
59
55
42
18
-5
-4
6
10
7
6
7
-1
-11
-25
-24
-2
25
33
13
2
3
7
22
38
35
18
9
19
34
45
48
49
54
61
61
57
48
27
18
10
12
21
22
25
33
40
42
38
42
45
39
26
22
25
28
19
3
-2
10
19
24
38
34
20
20
39
53
43
26
26
38
49
55
57
61
71
77
81
0
77
82
83
84
88
100
105
100
100
116
131
137
124
101
84
84
85
81
70
56
43
37
21
3
1
16
40
58
60
57
60
60
52
43
40
56
76
80
72
64
53
40
27
20
16
10
21
41
57
55
42
36
39
43
39
42
57
69
70
75
83
74
60
60
80
91
96
99
102
98
77
56
50
48
49
51
57
59
55
51
48
44
51
56
51
38
24
17
7
19
52
72
68
52
39
35
29
20
12
18
26
27
28
40
52
44
38
44
42
26
12
9
12
12
7
10
27
38
35
29
36
40
38
35
37
37
25
2
-6
9
24
24
19
20
17
11
16
21
25
20
10
17
29
42
45
35
28
39
50
52
51
44
38
44
50
44
38
36
41
54
54
36
24
24
25
21
22
32
34
27
27
39
54
64
60
58
69
81
81
67
51
44
48
52
53
51
39
20
11
21
37
52
54
59
66
54
39
34
32
26
36
61
80
74
61
60
64
65
58
49
29
-1
-36
-54
-56
-56
-60
-50
-20
8
25
52
92
133
150
145
137
148
161
161
150
