-52
-61
-67
-61
-51
-37
-28
-22
3
38
66
80
81
88
92
87
81
70
72
72
61
58
69
69
53
48
51
58
59
51
29
12
10
13
16
24
32
26
21
22
24
24
18
10
21
38
49
53
58
53
32
10
9
11
10
19
33
41
43
45
42
38
40
38
28
27
42
54
52
51
53
54
49
39
27
12
8
21
34
28
16
7
16
18
8
-1
-5
1
2
1
2
12
23
21
20
26
42
52
50
44
37
32
25
24
24
29
36
33
27
17
7
10
20
22
21
20
27
32
22
17
17
22
27
35
33
23
9
1
3
11
18
18
11
2
3
3
-3
4
29
48
36
20
29
60
83
86
81
70
71
74
76
81
82
83
93
104
102
93
91
99
108
116
113
106
109
115
113
102
96
81
65
58
61
58
43
23
8
-2
-10
-27
-29
-19
-18
-28
-36
-27
-24
-26
-20
0
21
33
37
36
34
22
18
25
45
56
48
39
44
60
71
70
67
55
48
39
50
76
104
115
113
104
98
88
80
61
59
69
71
72
74
70
64
58
57
57
54
48
42
44
44
34
19
16
20
26
33
41
53
60
55
49
41
44
48
43
39
34
28
39
55
59
58
52
50
43
33
26
33
43
43
38
38
42
44
41
35
34
0
35
33
29
32
42
44
42
50
54
49
26
22
37
52
44
38
36
32
21
8
-2
4
11
9
7
13
27
39
44
51
50
41
39
43
40
33
35
51
60
59
54
52
45
40
36
42
54
52
36
12
7
20
23
19
11
11
17
23
40
56
67
67
69
83
88
87
80
60
36
5
-20
-35
-39
-56
-82
-91
-88
-81
-65
-40
-5
32
60
76
82
74
68
68
71
88
106
106
92
82
76
73
71
73
72
68
60
58
64
66
67
72
73
75
74
74
77
82
74
66
64
73
73
57
51
60
66
61
68
74
73
64
43
37
51
65
58
48
42
41
34
28
29
26
12
0
2
17
24
12
0
7
23
26
21
17
19
23
27
28
23
11
8
16
18
11
-1
-2
10
24
26
32
38
37
26
28
54
72
76
71
72
73
69
58
54
64
77
86
97
104
103
93
84
75
66
57
58
60
56
44
34
33
33
27
26
24
17
4
-3
-7
-2
8
19
24
28
29
33
36
44
65
76
81
81
73
66
56
53
58
66
68
86
100
88
72
64
66
74
70
59
48
44
59
80
83
89
100
100
90
76
60
43
34
36
56
69
65
57
56
57
55
50
48
50
52
53
49
54
61
55
48
48
48
39
34
37
42
41
34
35
35
32
23
22
33
41
28
4
-2
4
7
16
22
20
9
9
16
16
20
24
24
27
34
27
27
36
40
39
41
51
55
52
52
64
64
54
56
56
56
66
73
71
66
64
55
44
42
41
28
7
0
12
28
27
21
20
17
9
8
12
20
12
3
-1
-4
-6
-12
-22
-24
-19
-6
2
12
22
21
20
24
27
32
33
37
40
36
26
26
40
53
49
37
42
50
40
26
36
55
65
64
54
57
69
73
70
59
57
60
65
65
66
65
56
39
35
40
44
50
55
52
39
39
61
80
75
73
76
75
61
44
42
53
56
52
48
51
53
45
35
28
25
16
1
-11
-20
-35
-53
-70
-75
-56
-35
-36
-40
-25
3
28
52
70
73
65
65
80
83
66
44
34
34
39
42
40
38
36
37
49
66
72
60
42
35
33
34
39
49
52
39
20
13
27
38
29
19
26
36
28
17
18
35
41
28
11
8
7
8
17
27
28
19
13
18
19
12
11
16
12
8
8
11
8
-3
1
24
39
36
33
28
32
27
23
21
23
26
27
28
37
44
44
35
27
32
34
27
25
0
33
39
27
12
19
39
42
34
22
23
27
27
28
40
53
54
48
43
49
56
65
64
58
66
76
87
96
83
65
58
66
72
74
68
59
56
58
58
59
76
88
86
74
56
42
35
27
32
44
56
66
64
59
61
65
69
81
88
88
83
84
93
100
92
84
84
84
84
90
102
101
96
90
83
84
83
76
80
85
96
99
99
92
76
67
66
69
69
67
74
82
81
65
45
43
48
45
34
12
6
10
20
25
32
34
35
34
26
22
20
21
26
36
40
36
35
35
34
35
42
51
51
49
51
56
64
60
54
50
48
42
39
49
72
89
84
72
67
67
70
70
67
66
70
82
88
96
100
93
81
59
39
33
37
41
40
35
25
19
22
28
27
17
7
7
8
2
2
18
38
39
32
26
28
33
35
37
35
33
25
25
38
50
54
52
42
36
25
23
34
42
41
34
36
44
52
53
56
60
68
66
67
68
67
72
84
96
99
85
67
58
65
69
74
76
82
76
59
38
34
48
53
45
42
54
58
45
39
48
53
48
32
11
12
23
22
19
8
-8
-12
-10
-18
-45
-82
-110
-130
-121
-97
-66
-46
-28
3
42
83
114
131
137
147
150
147
135
123
124
134
139
138
132
122
116
108
113
113
98
74
56
56
54
42
36
38
37
34
28
26
29
28
24
22
20
19
18
18
21
16
8
12
19
18
16
8
8
16
18
23
39
45
40
33
33
43
52
48
42
48
43
34
32
33
33
34
36
50
60
64
57
64
75
80
65
56
57
51
41
38
36
29
23
16
7
5
7
7
4
-3
-11
-10
-9
-10
-5
-2
-8
-7
-6
-11
-21
-25
-20
-2
8
6
0
-11
-24
-19
3
28
42
41
50
70
87
85
74
76
89
100
98
100
114
109
90
70
59
55
42
45
69
76
67
55
57
58
57
58
67
83
92
96
96
83
65
51
57
84
101
96
85
92
105
89
53
23
20
25
36
58
73
65
40
25
25
23
17
19
34
45
40
23
20
18
9
2
9
24
24
10
1
2
6
-5
-22
-19
11
42
55
56
66
85
103
112
102
76
54
54
73
91
82
64
55
58
59
57
60
73
83
77
60
37
19
12
16
32
56
66
58
57
54
39
26
28
27
18
3
-8
-6
0
0
1
8
13
10
1
-4
5
20
24
21
25
40
41
43
58
72
75
72
72
72
66
50
50
65
60
0
39
32
41
51
45
43
59
81
83
77
71
67
60
50
43
54
60
66
68
70
65
42
24
27
36
28
16
4
6
18
17
8
19
42
55
66
75
86
87
77
68
66
70
65
57
52
44
39
40
45
40
24
12
18
35
43
39
36
55
71
69
69
76
81
82
90
96
81
55
38
28
24
11
-5
-24
-51
-81
-108
-139
-150
-132
-99
-73
-43
-6
34
60
73
82
83
74
70
84
103
105
85
67
58
57
55
61
75
84
89
89
89
90
80
66
67
77
87
86
96
107
106
100
98
91
84
77
76
81
86
75
64
55
51
42
35
33
39
41
39
33
32
25
11
2
3
13
33
43
42
42
48
49
43
36
21
8
5
12
28
38
44
58
67
64
59
66
72
81
77
61
51
50
50
49
42
38
33
18
12
16
8
-1
-6
-8
-2
-3
-7
-4
-6
-18
-13
5
19
25
22
10
4
0
-2
4
19
35
43
43
38
26
19
11
12
22
42
54
55
55
54
55
57
60
55
51
51
50
49
49
38
22
21
22
19
22
33
28
17
9
24
42
49
41
39
51
59
57
50
51
54
50
44
52
60
65
57
49
44
42
40
42
59
65
55
49
50
57
71
85
91
88
83
76
76
76
69
60
59
64
44
19
6
11
21
21
19
24
36
32
18
13
12
5
3
19
36
41
35
39
61
82
88
84
81
76
69
55
56
64
60
52
49
65
88
98
91
80
64
59
61
68
72
68
65
65
68
74
64
49
41
36
27
25
34
43
42
41
55
66
67
56
42
34
28
26
11
3
9
24
28
23
18
19
19
22
21
12
12
20
34
40
43
51
64
72
75
73
71
72
72
60
51
39
38
45
45
44
40
38
40
44
44
39
37
51
56
42
25
21
26
34
26
26
38
45
39
24
24
27
26
29
36
37
36
39
41
39
39
42
49
56
55
51
48
43
49
51
51
60
73
80
83
83
87
96
86
70
51
36
13
-7
-19
-30
-51
-67
-75
-81
-69
-52
-45
-37
-17
6
35
57
72
85
98
100
104
103
85
60
49
43
43
49
61
77
83
74
72
84
87
89
97
99
97
101
106
106
113
119
105
84
70
71
73
66
52
42
41
49
59
67
64
53
52
55
57
57
56
58
57
49
40
36
36
35
35
39
48
57
67
66
66
53
36
36
48
48
45
50
51
43
29
24
24
29
32
20
16
0
26
38
34
26
33
33
20
19
34
48
53
48
52
58
56
53
57
58
53
51
51
52
64
84
96
86
73
67
60
65
67
59
59
68
80
80
61
51
50
53
51
50
55
64
66
81
108
129
113
90
84
85
76
58
50
58
69
66
56
57
68
60
42
27
38
60
86
91
83
84
84
77
65
45
38
37
40
53
60
50
42
52
58
53
44
48
52
43
28
21
20
7
-4
-5
12
37
44
49
57
60
50
41
42
45
41
34
26
23
16
8
2
2
9
22
26
25
19
20
17
18
24
28
33
37
48
52
55
54
57
58
54
49
53
57
52
49
65
88
92
83
71
71
75
75
71
65
51
34
33
49
66
70
64
55
50
40
34
27
29
33
28
26
34
55
66
57
52
51
44
35
28
33
38
39
44
56
66
54
38
35
40
36
24
27
37
32
16
8
12
26
39
49
59
69
52
34
39
52
53
38
17
8
10
21
44
64
56
41
38
42
52
57
54
44
35
33
33
33
28
29
33
43
53
44
22
7
11
34
59
72
66
52
44
34
24
34
44
49
40
37
42
44
38
32
27
25
18
5
-8
-33
-65
-85
-93
-85
-59
-34
-6
7
20
39
70
85
77
70
67
56
38
21
18
28
53
65
51
44
52
64
73
74
76
82
73
74
91
97
86
75
76
87
89
84
89
99
99
91
88
87
84
82
81
85
90
85
82
80
71
59
49
51
55
51
40
27
24
22
12
3
4
0
-12
-7
9
29
33
17
4
11
23
23
12
18
35
51
53
43
39
36
37
48
45
34
25
28
38
36
23
20
34
50
58
72
92
105
112
115
116
115
113
105
103
103
100
90
83
75
70
61
51
37
24
8
-7
-12
-9
-6
-9
-19
-22
-14
-6
5
26
44
43
27
17
27
53
69
69
67
70
70
60
51
52
55
54
54
59
70
70
67
76
85
83
76
77
80
76
84
100
113
109
102
88
83
80
74
73
77
86
88
75
64
59
49
26
20
25
35
37
34
37
40
29
10
-3
-2
3
9
28
48
52
39
23
17
12
10
12
25
38
42
38
33
36
40
39
36
39
37
26
27
40
44
55
73
89
98
101
98
93
89
89
89
89
88
84
72
65
68
72
72
64
60
70
71
55
52
58
60
58
58
70
75
66
54
50
48
37
27
34
41
42
38
36
40
42
36
25
19
7
-2
0
0
9
17
12
3
-2
-4
-4
-18
-34
-22
-4
6
10
13
24
36
39
39
37
34
25
18
13
17
17
18
28
37
33
32
39
41
41
53
75
103
109
98
86
93
113
105
89
90
101
91
71
64
69
66
52
42
40
39
36
28
28
23
8
-2
-6
-2
2
1
4
3
-1
-1
2
0
-5
-20
-33
-41
-53
-68
-82
-85
-75
-57
-40
-29
-14
2
21
49
84
106
114
116
130
132
120
112
113
131
146
144
133
124
115
105
103
105
99
88
87
93
98
91
80
69
66
59
49
49
56
58
51
42
40
33
27
40
55
68
74
74
72
72
70
57
50
54
57
57
53
44
36
28
27
32
35
34
32
25
28
37
39
39
50
66
75
85
97
97
90
90
90
86
74
60
52
52
43
22
-1
-8
-9
-17
-25
-28
-13
2
3
-2
7
21
19
10
16
33
42
41
45
49
48
39
24
23
42
54
58
57
49
28
19
24
35
32
28
49
71
81
80
76
89
102
105
108
115
109
101
101
102
92
77
70
75
90
101
96
82
72
70
71
76
76
72
65
58
56
50
40
38
49
53
53
55
57
54
38
16
5
19
28
23
21
22
26
36
38
36
48
56
48
40
44
57
71
81
88
87
82
74
71
73
70
67
64
59
51
29
20
26
34
26
19
25
37
44
35
17
10
17
19
19
21
17
2
-12
-19
-18
-26
-39
-35
-13
2
5
5
12
21
17
5
10
33
48
50
50
53
53
45
41
42
43
36
33
38
45
44
42
43
41
34
22
17
23
37
40
36
37
35
28
26
39
56
54
35
28
26
22
19
21
26
20
8
8
17
17
6
10
35
56
64
57
64
80
96
103
103
102
100
98
100
104
101
84
65
57
70
76
71
61
52
40
40
42
45
40
33
34
40
41
25
3
-2
11
25
25
24
26
28
34
34
32
41
48
41
38
42
56
60
60
69
80
82
81
76
71
61
53
44
33
9
-18
-41
-56
-69
-67
-54
-37
-3
35
56
73
92
104
108
116
118
109
99
98
106
109
108
109
113
108
90
75
85
96
89
74
68
66
73
84
89
87
70
53
51
65
72
74
80
88
99
98
91
93
97
93
83
69
72
85
81
57
52
51
38
28
20
6
0
6
18
32
42
43
34
25
37
57
73
80
69
51
34
33
40
38
38
39
38
36
33
27
22
16
8
3
6
20
22
18
16
16
0
10
4
7
22
35
33
27
33
27
22
27
39
43
38
35
39
41
39
32
24
35
42
32
8
-3
0
7
17
21
24
26
25
27
41
52
57
56
64
68
71
75
80
84
86
85
76
82
83
76
71
76
93
100
88
76
67
60
61
73
75
58
36
25
28
33
20
16
13
16
22
29
35
27
11
-10
-28
-33
-25
-18
-9
-1
1
0
7
25
41
40
26
25
36
39
40
53
70
74
61
44
42
64
77
80
81
82
71
71
82
86
80
71
69
80
87
75
53
48
53
53
40
39
51
56
52
42
49
58
57
52
45
49
51
55
59
69
69
60
48
32
28
32
37
52
64
64
53
50
55
70
87
85
70
65
65
64
57
50
41
42
55
67
61
52
50
60
65
56
45
43
44
43
42
38
32
27
34
38
42
43
35
20
6
1
5
5
9
19
17
7
17
33
42
37
29
35
42
45
49
54
54
37
28
41
55
59
61
72
85
83
73
74
84
90
97
97
89
84
76
66
66
80
87
90
91
86
72
54
49
58
70
65
58
54
39
23
18
27
51
58
51
41
34
33
28
32
25
-2
-40
-76
-93
-101
-99
-82
-53
-28
-8
16
48
84
105
116
124
131
124
113
102
101
103
97
88
86
86
84
83
89
108
124
129
122
120
114
103
91
93
106
113
102
90
86
84
82
76
66
49
37
33
28
27
27
28
35
36
28
20
11
16
16
6
2
5
13
20
18
11
21
39
57
71
72
59
41
38
51
55
49
50
56
56
43
32
26
25
20
7
6
13
20
24
27
35
35
23
16
24
37
35
37
51
61
61
58
57
57
54
43
40
42
44
38
28
42
60
59
41
35
45
56
64
70
71
67
51
40
41
55
64
64
59
60
59
50
42
48
45
41
41
52
56
49
43
49
55
51
43
56
81
92
89
83
74
69
64
61
66
59
58
71
81
81
76
73
80
91
92
82
73
80
68
44
38
39
36
28
22
21
18
7
3
1
7
16
6
-9
-6
6
18
23
26
37
52
68
82
84
69
58
59
67
68
57
40
27
27
32
27
32
41
44
32
16
12
24
33
36
40
48
56
56
53
41
33
32
28
20
12
1
-14
-26
-29
-28
-37
-49
-52
-38
-19
-7
-4
0
6
20
40
52
51
48
45
45
42
35
28
32
27
25
33
44
51
50
43
43
52
61
80
104
129
133
116
0
100
96
92
96
99
98
86
75
73
70
56
35
22
28
42
42
39
29
19
6
3
10
27
41
45
48
53
58
57
64
76
86
86
81
86
87
81
70
65
64
53
41
36
39
50
54
59
73
84
77
68
68
70
72
64
55
65
83
96
102
106
100
88
81
83
90
91
80
60
55
42
20
2
-3
-6
-13
-28
-50
-62
-66
-56
-36
-11
10
39
68
99
124
136
131
124
128
123
118
120
123
117
100
85
84
91
98
100
93
85
80
81
97
107
102
82
61
59
67
66
54
49
50
53
55
58
67
73
74
73
76
84
86
82
83
73
56
48
54
57
37
22
34
50
56
52
54
60
59
55
53
67
80
75
64
57
64
68
57
43
29
20
18
22
35
48
54
51
41
37
26
20
19
23
32
36
37
39
33
24
16
10
9
9
6
6
6
8
17
19
19
10
-9
-19
-7
0
1
6
10
3
-2
0
11
27
35
34
42
65
71
68
64
66
73
67
55
52
49
39
33
41
50
56
51
36
34
33
29
32
39
36
25
24
28
35
24
5
0
11
17
5
2
5
6
0
-1
8
17
13
6
7
16
20
23
34
49
56
60
70
87
98
86
65
51
49
55
59
68
75
66
48
51
60
59
51
44
44
51
53
51
50
50
48
45
43
43
49
39
24
25
35
36
38
48
53
51
43
43
48
45
49
44
41
36
27
20
20
24
22
12
12
22
25
27
37
50
53
44
29
24
26
34
38
51
70
85
80
64
57
56
58
72
88
99
96
87
92
92
82
68
75
80
76
68
48
35
34
41
67
87
84
61
45
43
45
37
20
11
19
28
29
25
23
20
12
6
10
20
16
0
-3
6
12
18
34
55
66
59
55
65
67
68
72
82
85
85
84
87
96
102
103
96
90
93
100
98
96
97
92
87
87
90
82
66
69
85
85
72
67
80
84
69
53
51
60
64
56
42
25
7
-12
-33
-44
-60
-87
-108
-113
-103
-91
-75
-57
-27
6
42
73
85
76
64
64
83
97
90
76
74
75
68
49
36
52
71
73
67
69
84
87
88
100
101
84
64
57
66
66
66
72
86
81
69
69
76
81
72
66
68
68
65
56
55
59
56
41
32
34
42
48
44
43
38
24
18
20
22
18
2
-2
4
19
32
34
29
25
13
10
23
37
40
43
49
58
58
56
59
65
56
41
33
37
45
0
41
36
42
49
51
55
67
75
86
86
72
64
55
55
53
50
55
57
59
64
65
61
57
45
40
39
37
37
40
38
41
42
49
64
64
51
49
54
55
57
57
60
59
43
27
36
68
91
101
108
117
116
105
102
104
98
85
84
97
102
96
85
82
85
87
82
84
82
72
72
74
74
64
53
53
54
43
27
18
18
24
32
28
35
54
76
81
66
49
39
38
35
40
52
52
40
38
34
26
34
48
57
53
37
25
35
52
48
35
37
43
39
26
20
18
13
10
16
13
10
17
22
21
19
20
33
44
41
34
36
41
43
37
25
18
7
2
7
24
38
43
45
36
28
33
24
16
4
-2
-4
-12
-12
9
32
21
8
19
36
37
21
7
8
16
17
17
17
16
17
22
32
33
33
33
38
50
57
58
56
51
36
28
38
55
65
58
51
55
58
59
66
72
76
68
50
44
54
58
56
52
52
54
52
50
65
74
68
50
36
40
55
58
52
49
50
52
55
60
68
55
40
33
23
20
25
33
39
48
51
50
53
61
68
65
60
54
49
50
59
68
65
65
67
70
73
81
87
89
84
72
70
72
75
77
68
49
33
20
10
-8
-39
-76
-107
-119
-106
-83
-58
-41
-9
21
34
34
41
58
67
58
44
48
58
67
66
64
69
70
67
65
76
96
101
97
86
73
65
64
75
84
76
70
83
96
85
66
58
58
57
57
55
55
56
55
54
48
27
7
2
13
28
33
17
4
0
1
7
19
27
34
32
25
24
28
25
21
21
20
12
7
17
28
25
19
19
19
21
24
28
40
50
50
49
59
80
92
92
90
89
85
80
83
87
87
85
88
97
93
81
66
67
73
77
76
65
52
42
37
38
49
64
74
69
55
52
59
69
67
66
64
56
48
41
44
43
35
35
44
51
44
34
23
10
7
18
36
51
52
50
50
42
33
29
41
65
76
68
56
58
68
80
86
81
80
85
89
88
87
85
86
84
82
74
56
43
50
58
65
59
54
54
48
27
16
23
49
57
53
58
70
72
65
58
55
53
44
41
40
36
23
20
23
26
23
23
29
24
8
6
17
27
32
24
24
24
18
9
18
39
50
48
38
41
57
71
71
59
49
43
42
40
39
48
54
48
38
37
39
34
27
21
5
-6
-3
7
4
-4
-8
4
22
24
18
22
27
38
52
64
0
72
70
54
44
60
76
84
87
91
96
93
92
93
97
91
73
64
70
68
51
40
51
60
56
42
44
57
70
68
53
44
36
22
18
32
48
45
35
34
37
33
23
21
20
18
17
17
10
3
1
6
17
22
12
-3
-4
10
25
36
54
75
88
89
89
98
108
116
113
115
120
120
114
97
81
70
64
60
68
70
60
57
53
45
42
38
37
37
40
52
66
73
71
52
26
16
5
-9
-29
-52
-76
-104
-118
-114
-97
-88
-85
-61
-20
20
54
81
90
81
59
54
64
73
77
77
86
106
124
121
104
91
89
84
82
87
89
87
83
82
91
96
84
86
98
96
76
64
59
66
70
74
74
60
43
36
39
51
51
34
19
13
8
-3
-8
-3
4
6
0
6
20
26
27
38
53
56
54
58
59
49
38
39
52
59
59
57
68
84
88
85
84
86
82
66
60
71
75
67
53
48
53
64
65
58
60
65
49
25
19
21
16
10
11
4
-8
-21
-19
-11
-11
-12
-9
-6
0
7
22
34
38
41
40
39
55
75
82
74
67
68
83
107
128
130
116
97
99
121
138
150
144
131
130
132
125
115
103
88
84
91
103
101
92
85
72
68
75
89
97
86
73
75
75
66
57
55
66
72
71
59
50
38
27
27
40
65
75
66
43
35
35
36
34
40
43
38
33
36
45
52
51
51
57
55
42
32
38
49
44
37
28
24
21
11
4
1
-6
-14
-24
-19
-11
-21
-25
-20
-5
6
8
8
10
12
12
10
13
17
9
2
12
43
58
56
60
77
88
80
72
82
87
82
80
80
75
70
70
84
99
92
74
70
61
40
23
22
28
33
24
17
12
8
2
1
3
3
-9
-30
-41
-39
-36
-35
-36
-40
-41
-38
-30
-18
-3
1
-4
-5
4
8
5
13
34
40
43
52
59
60
52
52
71
86
85
70
59
59
65
72
81
83
67
44
53
75
84
74
69
73
76
76
81
86
88
76
57
57
70
73
65
54
54
59
58
51
51
52
45
40
39
42
41
35
37
44
49
51
59
74
81
70
59
64
68
65
58
58
58
51
27
1
-11
-10
-14
-28
-36
-20
-2
12
32
57
82
92
115
131
136
135
132
132
128
113
99
101
112
113
100
92
97
102
100
97
92
81
58
51
64
85
96
88
83
72
60
57
68
76
74
69
64
56
49
41
42
53
69
68
45
25
18
8
2
4
9
16
23
0
37
53
54
37
22
28
44
51
52
48
42
41
43
42
52
60
48
28
23
35
51
53
40
28
27
33
36
44
58
66
65
68
77
81
74
72
74
75
71
68
69
66
65
65
59
51
35
22
11
17
25
33
38
38
33
25
25
29
39
44
50
54
55
58
66
69
71
65
54
56
71
77
72
71
83
82
73
60
67
83
93
102
107
107
102
86
76
75
75
82
87
87
84
73
60
59
58
40
11
2
8
9
-4
-20
-22
-17
-11
-5
6
10
4
-4
-3
-2
-9
-21
-21
-12
-6
3
20
39
49
51
45
49
56
59
52
55
73
84
89
92
96
93
93
96
98
91
84
75
71
74
68
58
54
59
69
65
56
57
59
49
32
22
21
25
35
39
40
34
33
38
45
50
49
41
35
25
18
20
36
52
55
42
26
25
28
34
40
51
64
65
59
57
57
56
53
51
50
48
49
54
54
42
26
18
16
9
-1
-3
5
21
36
49
50
51
51
34
18
24
40
40
34
34
42
53
53
51
50
53
54
58
69
75
71
67
72
74
72
