33
24
18
37
60
67
32
-6
-6
5
17
19
16
1
-22
-24
-5
3
7
11
20
37
52
60
67
66
59
55
56
64
61
44
40
54
55
32
13
24
36
38
35
35
25
22
36
64
82
66
32
26
49
54
35
10
11
38
50
33
21
35
50
54
51
43
36
22
19
32
42
51
48
39
41
56
55
49
48
53
58
56
66
85
76
54
60
96
112
82
44
40
48
54
58
72
75
72
74
86
90
73
56
67
88
80
45
35
60
91
91
80
72
66
61
66
68
74
72
58
42
42
44
50
59
73
75
69
54
41
41
44
37
40
55
66
59
55
52
42
22
12
22
37
44
48
50
54
57
69
67
54
54
55
57
55
41
27
24
32
25
3
-19
-1
35
49
44
45
43
52
68
60
64
73
83
67
43
55
65
54
50
53
48
34
41
66
72
69
58
50
37
24
28
44
59
64
44
36
44
49
27
5
17
25
19
18
29
38
34
23
34
54
54
37
29
32
33
45
53
49
58
57
36
33
56
60
36
9
18
38
33
19
29
50
58
48
54
67
48
22
41
71
85
89
80
69
69
81
93
80
65
71
77
72
60
51
54
41
16
-3
-8
2
26
39
27
7
7
23
38
53
64
76
76
71
0
71
81
85
69
55
66
83
84
81
90
100
98
91
83
64
41
38
52
59
57
48
27
20
27
25
22
37
36
22
19
27
41
51
50
39
28
27
34
42
52
64
58
39
37
43
38
27
32
38
42
44
52
60
71
72
64
70
90
89
82
83
71
51
26
22
49
67
50
37
23
12
21
34
51
73
70
42
45
75
87
84
66
48
53
80
112
112
100
91
75
64
83
103
84
54
73
106
118
90
60
56
67
72
76
84
72
60
67
69
41
2
-9
9
24
40
60
72
65
58
52
34
34
40
33
18
33
49
21
-9
-22
-18
-7
-12
-21
-9
-2
-6
1
11
1
-19
-34
-50
-52
-35
-24
-18
-2
-4
-26
-44
-35
-8
5
7
2
-4
1
20
36
26
2
-6
-9
-12
-9
-3
-1
4
18
18
5
3
18
39
44
44
41
22
2
-3
4
18
20
4
6
20
9
-18
-26
-34
-38
-33
-23
-19
-21
-28
-25
-2
4
-10
-7
17
36
39
40
35
32
28
11
16
39
58
59
57
58
57
58
68
72
75
69
58
49
29
16
4
3
13
19
23
38
59
89
112
90
68
70
74
64
48
37
36
27
23
27
27
29
32
43
66
75
58
29
22
28
25
18
39
70
81
73
69
81
91
81
76
86
88
88
99
90
86
67
38
25
38
69
70
58
64
68
59
56
59
54
42
41
57
75
76
72
90
117
103
67
52
57
49
25
21
39
57
59
64
86
85
56
27
19
20
20
27
54
68
70
69
68
80
83
85
93
109
106
108
118
121
119
112
91
83
86
89
76
41
8
-7
-2
19
35
21
-8
-17
-2
18
20
17
26
26
27
55
91
121
120
84
51
54
73
72
53
49
59
66
65
58
56
52
49
56
91
109
85
50
41
55
55
41
36
50
57
54
34
25
25
39
73
105
92
49
33
43
55
51
20
-4
2
12
23
39
69
99
115
93
74
70
67
67
61
54
58
64
52
54
69
71
66
69
72
69
54
57
65
40
7
1
34
66
52
44
59
67
50
23
5
6
20
32
28
17
3
-17
-33
-18
1
-2
-3
5
18
23
36
55
60
43
19
4
7
21
33
26
20
12
7
1
9
33
24
4
-3
8
19
12
8
6
1
-1
-10
-19
-7
-6
-24
-28
-23
-27
-33
-20
-3
12
19
6
-4
-7
-8
-2
2
5
8
6
18
56
67
37
6
3
7
13
22
20
11
17
32
57
85
0
73
58
72
85
89
91
87
71
53
41
26
27
36
17
-5
4
35
34
9
-1
16
38
51
42
27
17
5
4
6
16
43
53
20
5
40
75
71
37
6
6
26
55
60
43
38
41
50
55
56
44
48
67
102
122
115
98
91
99
104
98
75
59
66
92
101
92
82
83
91
70
32
13
19
26
22
33
49
43
38
44
52
48
45
55
76
75
53
41
58
70
57
37
24
28
36
42
42
48
52
42
28
22
28
35
52
80
102
105
101
108
121
114
86
71
68
64
52
44
66
100
102
72
53
58
57
49
48
36
32
35
38
27
16
18
39
71
90
86
68
50
55
58
45
38
54
86
96
71
71
92
106
92
68
64
80
75
74
83
89
80
70
66
55
49
56
55
51
50
37
38
61
80
68
42
23
26
57
71
59
48
27
24
37
51
44
34
34
52
64
64
57
53
57
56
51
43
45
49
54
68
80
59
39
36
37
35
26
20
20
26
36
32
13
-1
-14
-11
-8
-8
6
16
22
36
37
32
17
2
0
-4
-18
-10
8
21
24
12
13
32
33
18
10
4
8
25
39
45
65
74
68
67
65
59
57
51
42
36
24
7
6
21
35
39
33
38
59
72
55
44
45
36
28
37
40
32
24
20
13
17
33
43
44
36
35
42
51
45
29
18
22
27
22
17
16
32
56
60
56
56
68
90
97
73
57
49
50
56
52
44
40
32
26
41
43
28
26
33
36
23
-6
-18
-11
-8
-7
-8
-14
-22
-11
0
3
1
9
17
9
1
3
-1
-18
-23
-6
22
25
9
-4
-4
8
27
40
50
51
41
35
39
50
51
54
57
66
56
37
28
32
33
45
67
74
72
56
45
38
51
56
34
9
17
38
44
39
34
27
36
44
48
52
36
16
7
8
21
48
53
41
53
74
76
81
88
86
68
70
92
122
138
132
123
116
108
109
116
122
131
135
129
109
97
100
101
96
106
106
86
85
85
69
43
27
28
18
0
4
32
50
45
32
27
38
26
8
2
9
33
44
39
26
19
21
18
-6
-14
-3
2
8
12
3
-6
1
17
33
40
37
34
39
49
44
34
40
40
23
16
20
32
39
42
44
44
50
44
42
49
42
35
28
36
40
22
8
4
8
27
52
52
39
33
28
39
43
48
68
80
60
44
48
76
120
139
135
119
114
125
134
116
102
98
92
92
0
96
92
103
121
121
109
106
102
106
118
101
81
65
53
39
18
5
6
10
17
21
23
20
12
8
1
-14
-24
-11
4
8
6
17
38
58
42
28
52
65
55
52
65
87
105
102
84
80
92
116
125
112
105
124
139
121
97
92
102
89
80
72
60
55
60
58
44
48
54
48
37
37
35
32
35
48
53
43
20
0
3
10
13
20
23
32
43
59
67
70
88
83
64
56
54
64
71
60
55
54
50
53
68
75
89
109
120
133
145
135
115
102
100
98
90
100
100
92
86
74
70
73
91
91
68
43
24
10
8
11
19
25
10
6
24
45
55
42
20
-7
-9
20
39
23
1
-6
8
34
52
56
55
76
115
128
107
90
72
60
57
50
51
52
42
38
35
21
4
-6
-13
-12
-21
-19
-8
-9
-5
13
17
-7
-12
3
11
4
1
6
-3
-8
7
23
20
24
37
43
51
56
58
54
49
48
48
42
50
51
43
39
41
56
59
40
35
42
51
50
43
26
8
11
29
49
42
20
17
25
16
-4
-18
-27
-20
1
13
25
34
34
24
25
32
21
3
3
11
11
23
54
92
101
91
91
83
54
35
45
51
43
42
44
36
28
42
48
34
28
37
40
43
51
51
39
32
23
6
-10
-11
-2
8
12
23
42
53
39
12
6
5
2
10
35
64
82
108
121
113
106
100
88
77
66
58
66
72
71
76
81
64
51
59
68
43
21
26
37
42
33
11
-8
-14
-6
10
21
11
13
16
18
23
12
11
25
36
35
27
48
53
38
36
39
54
71
75
66
51
52
66
68
72
85
86
64
41
57
91
108
96
73
80
113
121
101
91
100
96
88
73
61
57
45
34
33
40
44
50
54
55
50
50
49
42
35
40
49
59
71
72
70
70
58
49
56
82
112
129
112
100
103
90
81
87
76
56
60
71
60
50
55
65
60
56
64
68
64
54
48
28
25
50
75
76
53
43
70
81
59
38
33
41
49
55
66
73
84
97
90
80
74
72
74
71
67
44
25
40
60
52
32
24
21
21
32
48
52
38
36
49
43
32
26
33
18
-6
-22
-21
-21
-38
-44
-38
-30
-38
-34
-22
-21
-13
-7
-13
-25
-23
-2
21
26
28
40
55
54
41
40
51
54
53
55
64
72
70
57
52
45
42
38
33
25
25
29
48
65
60
52
57
52
34
22
20
17
9
1
-8
-8
-18
-25
-13
0
5
20
19
19
28
48
57
45
33
32
53
90
101
87
76
80
84
88
96
99
86
68
51
52
67
77
92
67
29
35
51
59
53
27
4
18
54
73
74
73
60
44
37
37
49
53
39
17
11
25
39
43
36
25
24
36
49
48
33
35
52
45
39
38
57
85
114
121
103
91
98
91
72
65
70
74
80
84
82
80
68
68
80
86
93
99
103
92
83
67
40
27
37
55
57
55
54
53
50
50
44
32
19
27
41
43
67
70
48
42
60
73
82
74
59
50
55
44
42
45
51
66
86
100
107
103
93
85
67
49
50
52
56
54
51
51
59
69
54
44
48
51
55
54
53
55
51
57
60
58
70
66
49
58
74
69
39
17
16
25
16
7
19
35
52
66
61
44
26
22
23
33
43
40
36
38
37
35
37
38
44
49
34
17
27
52
55
44
33
41
70
88
80
77
72
60
69
70
49
18
-9
-21
2
13
16
12
19
27
17
-3
-4
5
19
13
-7
-21
-6
11
21
25
33
28
25
27
32
38
45
55
66
61
52
57
60
82
107
129
137
134
121
104
90
88
89
85
83
71
64
59
61
60
41
26
11
-11
-29
-35
-23
-9
-8
-12
-5
8
12
12
0
2
49
83
70
55
69
87
69
39
12
-2
3
34
71
93
104
119
140
164
183
185
176
171
178
186
195
198
215
224
188
154
141
144
135
129
138
144
116
75
66
73
80
66
54
64
85
90
74
80
101
106
85
59
56
55
40
35
23
32
40
27
12
7
20
36
42
36
16
7
-3
-20
-24
-18
-2
9
-8
-26
-5
17
17
-4
-26
-33
-24
-24
-23
-10
-8
-17
-23
-25
-23
-25
-30
-39
-44
-38
-21
-11
2
10
12
2
-6
1
10
8
7
16
18
4
3
6
4
25
44
58
69
59
41
23
9
1
-5
-9
-5
8
12
4
10
39
42
24
22
41
57
53
43
38
38
40
41
52
54
57
67
68
60
50
38
19
5
-1
-2
2
7
6
6
10
20
27
25
23
27
19
17
34
41
50
51
41
33
35
49
51
40
20
19
34
48
40
25
24
40
65
89
90
74
68
84
96
70
41
42
44
27
11
19
34
43
26
3
-2
12
38
50
39
37
33
24
26
51
74
69
54
58
57
45
37
41
59
57
52
56
64
71
82
84
77
60
50
45
32
28
41
57
74
72
35
5
20
52
66
50
16
-5
2
0
12
11
7
4
-11
-30
-29
-29
-18
25
56
56
49
43
52
52
27
16
27
26
13
21
37
55
66
66
70
71
66
64
73
89
82
69
75
81
74
81
91
103
107
102
119
140
153
140
109
100
100
103
109
113
113
113
99
90
89
83
74
86
91
82
66
41
28
23
25
34
32
37
51
61
68
74
82
77
81
77
64
52
75
112
116
99
89
87
84
86
86
71
42
38
70
89
61
40
35
40
50
40
24
24
34
61
84
83
57
42
65
92
99
100
106
108
107
119
134
121
75
42
48
60
69
66
51
27
20
19
12
21
32
32
32
38
51
66
64
57
64
56
39
22
5
5
12
19
22
-7
-39
-26
0
16
21
18
12
19
35
28
1
-13
-13
-6
5
10
11
8
16
26
22
18
9
4
0
-8
-10
-4
0
5
1
-24
-37
-20
5
13
8
-4
-2
11
28
42
48
55
76
87
80
54
36
32
34
33
24
29
37
43
57
69
59
35
26
36
52
70
89
96
96
92
70
54
58
59
59
49
38
33
36
49
53
45
40
36
41
56
54
26
13
24
26
26
36
44
54
64
65
60
61
64
49
38
41
42
32
24
43
57
49
40
37
44
65
86
82
55
48
59
69
72
71
56
35
37
49
51
52
57
51
32
23
29
42
52
57
51
42
56
76
81
82
89
113
128
131
105
75
72
82
81
75
81
67
49
57
75
82
75
54
43
38
29
35
51
43
19
7
-2
-2
11
22
3
-2
0
1
11
25
29
20
18
38
53
41
34
35
50
72
80
75
77
83
99
105
102
85
58
51
67
57
33
27
59
92
86
64
59
67
60
66
70
74
76
73
76
86
86
71
66
70
86
105
104
74
28
9
35
76
91
71
51
59
98
138
154
129
86
67
73
84
91
87
84
67
39
22
16
18
20
12
12
11
10
22
19
-5
-24
-26
-23
-39
-51
-40
-28
-24
-14
-12
-25
-36
-30
-11
7
10
6
1
-6
-5
-2
-4
-11
-17
-9
-7
-17
-19
-9
1
21
33
35
37
48
60
67
64
57
64
61
37
25
41
56
66
74
65
27
17
21
22
27
38
41
28
18
13
18
22
20
17
27
55
101
118
77
48
58
84
82
51
20
11
23
40
53
50
49
52
39
37
68
82
76
81
87
91
81
52
32
33
40
42
26
18
32
48
41
40
34
24
20
26
34
43
45
28
11
26
53
0
54
40
33
37
48
55
59
50
41
49
53
42
28
33
44
44
44
58
52
32
33
34
37
61
84
75
53
26
19
36
55
55
40
39
56
59
42
42
59
92
100
81
66
68
73
85
97
102
104
106
103
91
86
80
71
64
51
44
40
35
38
50
67
71
80
85
60
26
20
43
69
76
74
69
73
89
97
100
107
87
60
61
80
103
129
148
151
154
155
140
121
121
116
98
83
81
96
113
119
116
107
97
82
73
60
44
42
39
28
48
80
88
88
89
93
104
116
114
102
91
85
73
67
59
65
69
66
44
35
28
9
-13
-19
24
90
121
115
108
109
107
99
80
55
28
26
35
26
16
22
36
33
17
-9
-26
-17
1
7
10
16
26
34
26
25
29
26
18
3
-8
-3
23
49
57
37
9
-7
-17
-19
-13
10
27
34
36
37
38
48
56
42
22
33
59
55
50
69
102
105
84
71
75
75
57
41
51
58
40
28
24
23
28
26
18
11
5
-1
-1
8
12
8
13
33
43
41
29
34
42
55
54
60
69
55
42
39
34
33
35
27
34
49
58
55
60
68
64
66
71
66
68
72
81
81
64
36
32
36
21
-8
-23
-5
8
9
18
25
25
36
48
39
26
12
20
43
37
9
1
3
19
25
12
-1
-23
-39
-30
-23
-20
-6
-3
-18
-11
10
32
41
53
74
83
77
73
69
53
38
32
36
64
89
86
52
37
42
38
28
32
38
43
39
21
-2
-9
5
23
27
19
16
18
12
-5
-24
-28
-11
4
17
24
48
74
83
84
93
105
104
108
124
137
134
114
98
88
85
75
60
60
81
100
83
58
57
67
68
64
51
22
9
21
28
25
5
-17
-13
-14
-13
1
12
19
21
17
12
28
32
11
1
9
16
27
41
42
33
27
33
26
26
48
64
50
51
72
86
93
104
107
96
85
90
89
85
89
96
86
65
57
64
54
28
16
18
21
9
5
11
22
17
7
12
38
57
54
32
9
17
36
51
56
50
35
19
22
29
35
38
43
49
51
43
26
24
41
55
66
68
59
57
59
55
54
65
64
64
73
68
45
48
64
66
49
28
35
61
74
73
70
54
41
25
13
12
5
-4
-7
-3
1
5
9
17
19
21
26
27
33
33
33
49
61
65
64
55
43
38
27
25
36
38
37
44
66
89
101
99
102
101
90
83
75
69
41
16
3
8
11
0
9
20
40
39
25
27
42
53
51
33
19
23
41
50
50
50
42
34
19
12
24
42
44
36
38
48
35
26
33
36
40
37
37
55
82
96
88
76
65
67
84
91
77
68
71
81
88
85
67
56
52
44
51
69
76
81
72
64
64
67
71
69
56
37
36
52
73
74
59
53
49
43
48
57
59
69
76
66
52
55
57
43
35
28
39
56
52
43
36
22
18
23
27
26
19
7
-3
7
17
7
-4
-10
-7
6
26
28
25
45
57
40
22
21
33
28
21
28
50
55
53
69
77
76
70
61
67
85
114
121
114
105
96
85
84
89
97
90
81
68
61
68
68
56
40
17
0
-5
-8
-6
5
10
16
35
44
39
34
42
67
76
69
65
70
67
58
52
64
77
72
66
82
100
108
109
102
91
112
120
122
128
134
140
121
109
125
124
106
91
88
93
104
100
96
92
102
106
83
64
56
51
49
54
53
52
48
25
9
9
25
54
66
51
28
18
16
16
22
38
44
32
12
22
39
44
20
1
11
34
49
61
56
37
37
42
37
17
3
6
11
22
35
32
20
18
10
4
-3
-12
-21
-24
-24
-23
-26
-23
-25
-28
-22
-8
3
-3
-6
0
7
19
38
65
66
44
20
8
11
11
17
21
39
65
81
76
65
52
56
55
34
23
32
43
60
61
42
40
51
40
25
22
34
54
54
37
35
44
34
33
52
51
25
13
37
59
42
2
-9
-8
-6
-7
7
36
52
59
68
66
50
42
38
37
53
65
49
24
21
39
64
83
90
88
83
82
86
91
93
96
99
89
73
87
112
116
106
98
96
102
92
66
48
37
29
35
43
51
59
58
64
87
89
74
71
82
80
66
82
97
83
75
71
57
49
48
51
66
80
76
59
52
69
103
125
120
100
99
103
105
102
98
89
86
77
67
70
83
91
76
64
60
68
66
48
26
25
43
54
40
33
32
27
29
17
5
10
21
38
51
70
85
81
72
76
80
75
65
66
91
109
112
104
80
45
42
60
72
65
44
52
65
66
58
45
32
36
45
48
41
50
49
48
50
50
43
38
26
21
22
36
55
68
57
25
9
16
25
23
24
24
24
26
25
27
34
43
50
21
-29
-41
-9
23
38
37
25
17
4
-18
-24
-23
-18
-10
-23
-40
-22
5
17
25
19
-2
-6
1
6
6
13
26
38
55
69
66
50
43
40
0
48
60
84
99
91
75
76
88
86
66
39
36
69
105
105
83
69
60
68
81
77
53
28
26
38
44
55
59
48
35
34
36
26
22
29
40
48
50
57
60
50
38
41
58
81
67
29
9
28
44
42
34
39
60
89
102
88
80
86
104
109
87
51
33
50
65
59
48
32
32
50
56
43
33
43
43
26
19
25
28
36
54
54
41
29
18
16
28
41
59
70
64
53
54
61
66
57
52
51
50
45
42
39
39
40
33
27
20
11
19
36
37
21
7
9
20
36
40
27
16
11
11
16
17
16
9
20
16
-4
-6
3
16
21
38
52
56
60
70
68
51
36
37
45
59
71
71
67
67
71
86
90
84
88
76
52
23
2
-1
10
20
26
40
53
54
37
26
38
37
29
26
25
20
20
28
43
48
21
4
13
38
61
66
58
53
55
56
49
41
36
36
28
32
51
66
68
80
88
81
81
83
81
71
69
76
74
69
56
41
48
67
80
60
49
49
43
28
11
11
18
24
17
8
17
34
41
23
16
19
33
45
33
21
17
10
16
27
29
34
49
71
76
65
45
41
49
41
27
20
27
42
48
50
60
65
60
60
74
80
66
51
41
53
64
56
40
32
44
56
48
33
16
10
24
40
40
25
22
48
75
77
61
36
17
23
25
22
22
26
33
43
49
51
59
65
55
45
49
66
76
70
59
54
49
48
44
45
51
48
35
44
59
60
73
91
85
64
52
53
60
59
50
37
26
20
22
38
58
81
88
74
45
35
52
69
71
64
60
68
69
85
92
87
81
77
85
87
84
81
81
77
68
56
56
49
40
40
57
91
112
115
119
118
105
96
89
84
82
80
69
38
10
26
76
120
130
107
96
113
151
161
136
117
113
134
163
166
145
124
122
122
106
83
74
80
82
80
73
58
58
66
65
52
38
38
38
43
40
32
24
26
44
73
80
57
40
39
40
35
27
22
11
18
25
19
-3
-18
-19
-19
-23
-21
-18
-5
3
1
2
8
7
-3
-8
-6
-12
-21
-11
1
17
33
51
61
65
66
54
35
23
32
43
65
72
67
57
53
55
68
74
69
60
58
57
60
80
87
74
58
39
25
26
33
32
39
52
65
88
102
104
92
73
59
58
53
51
52
57
57
50
54
59
53
50
39
12
7
12
12
0
-7
1
2
7
18
8
0
12
22
0
23
17
9
24
34
36
37
34
36
49
52
37
20
7
6
11
17
17
4
-7
-9
-4
19
38
27
8
19
42
52
52
60
73
82
72
58
56
67
60
37
18
8
21
28
22
13
17
20
18
19
12
1
-9
-19
-13
12
33
33
36
43
52
53
45
53
68
80
90
89
73
84
104
116
119
115
133
154
139
106
84
72
71
83
90
68
51
50
70
81
72
66
59
44
34
21
7
8
11
16
35
60
75
68
57
56
56
52
40
17
19
33
35
33
35
36
37
49
77
99
118
117
112
113
106
100
84
66
52
55
54
55
56
53
54
39
22
16
9
16
10
-6
-8
-3
-6
-17
-18
-4
5
9
5
1
-4
5
24
34
39
34
32
37
38
26
5
-9
6
49
72
74
75
84
88
85
80
71
75
99
99
85
71
60
67
56
37
26
42
54
41
41
56
50
23
11
0
-11
-10
1
12
13
8
11
12
-3
-11
-5
1
8
11
-4
-18
-7
7
24
22
13
16
18
22
34
42
51
58
65
65
58
58
71
81
76
85
96
93
86
89
98
103
90
77
76
84
89
82
70
64
53
42
36
32
27
36
51
65
55
33
22
34
54
80
88
82
69
55
53
54
54
43
35
34
39
59
86
97
87
69
65
65
65
69
77
89
100
92
68
56
48
41
55
60
67
58
27
12
22
27
16
-1
-2
-5
-4
6
25
41
45
37
20
21
36
50
57
68
72
69
67
71
56
38
39
54
55
44
54
66
69
74
76
70
66
80
102
123
115
85
70
84
99
80
42
24
28
42
41
25
17
25
38
35
41
52
42
25
27
39
43
29
19
20
35
52
58
59
59
58
56
71
83
65
27
9
19
43
72
80
70
67
80
84
86
88
69
59
72
85
96
98
72
57
66
69
48
22
9
3
-4
-12
-17
-4
1
-1
-8
-17
-17
-9
-2
-2
-20
-30
-18
1
16
35
49
35
26
39
51
45
39
49
68
71
65
60
51
36
45
59
59
60
56
50
42
43
56
56
57
76
88
86
69
60
80
97
84
59
41
50
64
52
48
50
55
55
39
17
2
10
19
27
27
23
29
41
38
29
27
34
41
44
34
22
18
24
42
60
69
75
67
56
56
58
56
64
76
89
89
80
71
80
112
120
98
75
65
54
52
56
54
35
32
41
42
35
27
36
49
36
11
5
19
37
48
37
26
35
49
50
0
48
43
34
36
53
60
54
52
69
70
52
50
76
93
91
88
77
71
70
65
69
83
75
56
42
36
26
22
24
27
48
75
88
89
88
86
84
67
44
44
43
23
7
7
4
-10
-13
0
13
28
37
39
42
52
51
49
41
37
40
38
44
36
10
8
28
58
60
45
39
41
55
75
74
50
40
45
48
49
57
69
74
60
44
52
58
41
23
19
20
27
32
9
2
21
41
51
53
48
43
51
50
51
64
76
85
75
56
48
50
50
44
43
49
36
13
26
67
83
69
42
16
17
43
56
61
67
68
73
70
64
60
54
38
10
-5
4
27
32
27
28
28
24
29
50
50
43
42
36
20
5
25
39
40
43
59
66
60
56
58
58
65
72
77
70
67
69
76
73
69
70
67
73
66
39
26
43
57
42
39
54
68
73
69
83
101
98
84
73
65
67
67
59
51
55
52
51
64
72
65
51
54
57
59
58
50
41
60
74
59
48
51
49
45
56
60
70
60
40
49
64
59
45
12
2
19
32
42
55
56
52
58
