20
20
10
3
-2
2
10
20
4
-7
2
18
42
53
50
50
40
28
38
58
55
39
26
40
72
76
61
60
67
68
70
76
66
37
9
7
34
50
24
-7
-12
1
11
27
34
19
9
6
6
10
23
32
22
17
35
58
69
60
53
50
37
34
61
87
59
26
28
52
68
68
56
44
40
40
50
34
21
34
66
68
44
38
52
57
43
28
37
56
71
72
56
51
71
98
98
56
17
24
40
40
24
9
32
65
82
82
75
70
70
86
108
112
100
87
86
102
120
124
100
67
50
43
49
64
66
72
74
42
13
13
25
41
48
33
12
7
26
49
45
19
-10
-5
35
60
55
51
49
28
21
44
68
67
56
56
53
45
48
49
69
89
101
96
58
45
66
81
71
50
39
36
40
42
44
45
49
43
42
33
24
25
25
18
27
33
16
11
27
33
35
42
43
43
25
3
-1
13
19
8
1
12
38
48
44
25
2
2
6
6
2
8
33
49
44
41
36
37
48
49
45
52
43
33
41
64
83
73
44
37
48
57
59
53
41
41
55
87
114
104
67
35
36
70
89
81
57
42
49
77
97
71
52
59
64
56
58
80
88
85
59
34
36
56
53
28
32
48
67
76
82
84
70
59
0
54
58
67
84
88
73
73
89
88
76
70
72
64
42
34
33
35
36
38
25
7
-4
-14
-10
-6
-27
-50
-54
-50
-45
-56
-65
-65
-39
-8
-8
-6
-9
-14
-2
11
12
2
-4
-10
-11
-5
6
21
33
35
25
27
38
44
56
59
69
80
70
57
60
52
41
52
45
27
19
22
44
65
60
32
17
22
32
26
20
22
26
38
38
36
18
16
19
22
49
89
117
106
75
68
69
66
64
66
67
67
64
71
86
85
65
38
29
49
59
50
35
24
28
40
40
20
10
25
23
6
-3
-1
9
5
-5
-11
-2
3
1
5
6
4
1
11
34
52
55
57
66
80
81
71
73
89
96
93
89
90
89
90
100
118
112
87
81
87
89
86
90
128
146
122
100
87
72
64
57
38
20
16
9
-1
-6
-4
-4
-12
-29
-39
-50
-56
-37
-27
-35
-35
-37
-29
-17
0
11
36
52
55
71
83
85
82
80
75
83
75
60
65
73
71
65
75
101
119
117
98
91
119
140
125
89
70
69
60
49
42
41
37
27
19
11
3
-3
5
25
23
7
5
-6
-22
-19
4
26
27
23
28
58
83
71
48
42
64
70
75
91
97
103
101
83
69
59
64
80
96
91
82
71
73
84
81
69
75
84
60
51
54
56
57
49
34
6
-21
-10
21
36
6
-25
-21
2
5
-12
-25
-20
2
17
10
1
-3
9
32
38
27
37
48
36
41
70
77
66
56
54
51
61
89
116
119
114
113
123
129
87
50
41
44
58
74
93
107
99
75
69
73
57
43
44
43
36
20
8
16
18
6
2
11
-1
-28
-26
7
41
50
53
49
29
16
17
28
28
26
23
35
60
86
90
82
75
84
90
85
77
75
67
59
60
67
57
48
40
24
21
44
70
67
43
27
35
43
35
32
28
21
17
33
37
22
11
12
8
0
1
4
0
-6
-10
-1
8
5
5
10
26
44
66
77
76
58
39
41
53
45
35
39
60
81
85
86
98
107
115
121
133
134
121
108
85
68
55
50
52
45
34
27
39
56
57
40
21
13
5
-7
-11
-11
-7
-5
-11
-1
26
25
10
17
28
41
37
22
25
27
36
41
41
36
26
28
36
43
53
54
53
58
67
71
76
98
108
92
61
32
17
7
0
-13
-24
-19
-3
-5
-23
-27
-21
-17
-17
-9
0
-8
-26
-25
-24
-20
-10
-4
0
-1
-6
0
25
38
22
5
1
18
54
66
56
0
44
32
32
50
58
66
80
80
69
58
44
35
21
11
6
2
8
21
26
23
22
17
-7
-24
-29
-26
3
42
69
70
45
37
50
64
69
58
37
24
25
38
53
65
71
65
45
38
38
32
35
37
54
85
73
33
13
51
86
88
75
65
56
48
50
53
42
39
36
25
25
40
42
34
23
17
5
6
25
38
38
41
57
69
66
65
67
57
49
59
64
43
34
50
54
54
65
71
77
81
85
93
99
103
109
122
134
128
108
97
96
100
100
92
85
74
73
85
86
67
56
59
53
48
54
69
74
58
50
48
32
12
11
22
23
21
26
35
27
24
51
74
56
25
8
11
36
60
67
68
70
66
56
57
59
55
45
42
50
59
57
65
85
86
66
41
35
42
45
49
45
39
28
24
25
28
48
28
3
4
18
34
44
36
23
39
72
89
89
103
116
90
61
53
42
38
48
54
50
42
42
52
58
66
68
57
42
44
64
71
59
39
28
32
32
33
26
21
8
7
16
10
-10
-25
-23
-9
-2
13
19
7
1
-1
8
40
52
33
6
-8
-3
5
-4
-18
-22
-22
-9
11
48
54
40
20
26
53
61
52
51
64
73
77
66
42
35
41
57
57
40
38
64
88
98
89
85
88
96
116
120
97
75
72
80
72
52
53
55
37
40
64
76
74
60
41
36
43
53
53
45
38
66
85
60
25
3
12
32
9
-28
-41
-27
-23
-30
-26
-22
-29
-52
-55
-27
4
9
0
1
21
41
28
3
-8
-9
4
11
21
41
51
44
52
68
71
66
57
59
69
64
60
74
75
51
21
20
25
21
11
1
4
6
7
22
44
64
90
116
115
100
87
84
89
103
97
75
60
64
75
85
83
70
72
74
65
57
69
73
71
74
91
103
104
106
107
104
88
80
81
74
57
44
35
24
22
22
29
25
18
25
33
29
35
56
92
115
116
103
99
102
99
91
85
86
93
90
85
87
90
72
55
49
44
45
53
64
73
74
73
58
59
69
71
56
45
53
67
75
88
102
91
59
51
65
67
53
44
43
58
35
-9
-3
40
73
74
41
20
33
60
86
96
89
80
74
85
92
104
108
102
98
96
88
85
96
92
80
72
59
43
35
35
38
43
55
80
97
99
86
65
54
41
41
55
68
54
40
41
64
74
65
40
40
56
70
74
54
34
17
17
25
20
22
32
38
52
0
58
64
72
70
56
42
28
19
22
40
55
58
50
28
9
4
25
51
52
22
-2
-5
-7
-8
-4
0
-8
-9
18
28
12
5
34
68
64
27
12
36
44
20
11
35
49
35
6
-11
-5
20
25
12
3
12
25
29
26
29
44
54
60
70
73
74
75
84
85
73
74
89
96
86
76
75
92
103
88
70
69
75
76
68
60
59
52
44
53
57
40
28
32
35
39
28
8
4
18
37
41
28
10
-1
4
10
1
-3
6
25
51
60
48
17
4
20
29
29
24
25
33
28
37
54
43
32
55
55
32
24
35
50
54
41
17
10
48
69
57
42
49
57
60
55
24
-10
-21
-17
-6
-2
-4
1
3
0
-7
-7
-8
-3
7
10
4
1
1
4
2
4
8
18
21
5
-4
17
32
32
23
16
16
11
18
36
37
32
43
57
56
51
54
54
54
59
50
25
10
20
44
52
35
8
-8
5
33
52
39
8
-3
5
2
-10
-12
-2
2
10
27
35
32
24
26
41
35
25
39
65
83
70
39
35
43
43
51
49
51
68
66
41
28
33
37
44
50
52
45
48
60
80
68
34
17
26
43
50
42
43
49
38
39
44
53
58
70
81
89
90
77
77
68
40
33
55
76
65
41
32
38
54
51
49
59
72
83
86
87
75
56
53
44
40
45
40
36
43
43
32
25
38
43
36
22
17
21
26
34
45
66
67
53
57
65
74
76
67
53
50
51
52
35
34
48
53
50
36
29
39
52
70
96
87
50
29
49
71
67
64
68
58
50
39
50
59
48
34
41
48
36
36
53
64
59
60
84
115
114
86
58
57
64
51
37
54
90
105
89
68
60
68
80
70
40
-2
-21
7
43
61
60
65
86
87
97
112
87
53
52
59
68
66
49
34
36
51
50
41
39
41
42
38
38
51
52
35
18
9
-4
-17
-8
20
58
67
49
34
40
51
54
66
70
64
43
33
41
65
74
71
60
60
69
68
70
64
50
51
59
53
53
55
53
42
37
52
54
52
57
58
57
55
73
114
122
73
36
32
32
34
40
35
24
22
5
-1
11
23
20
28
44
53
51
59
68
67
60
60
54
54
64
73
70
52
40
37
27
25
53
76
84
74
60
45
19
3
1
6
11
13
10
22
50
64
41
3
-11
-8
5
20
33
45
54
58
68
69
56
36
19
23
36
50
59
66
56
52
0
48
41
50
54
52
50
66
80
73
67
61
56
55
33
16
32
44
41
20
8
18
50
68
53
38
44
60
58
53
71
90
89
64
26
11
28
48
53
52
51
53
59
57
56
69
66
49
48
45
55
75
92
91
87
98
101
80
67
85
106
107
77
40
34
64
83
75
74
70
49
20
6
22
45
57
60
52
34
11
4
17
38
28
2
-1
6
10
19
19
7
4
22
39
41
34
38
34
19
22
42
44
28
11
5
4
6
11
20
37
49
58
80
91
86
67
51
52
42
32
37
55
52
34
35
48
48
52
64
67
66
55
37
41
48
40
42
53
58
64
66
70
56
50
49
44
29
9
5
1
-10
-2
12
17
10
5
17
39
50
38
22
5
-2
-3
17
41
9
-33
-25
9
41
57
65
66
69
51
37
37
37
39
27
24
24
21
23
25
32
38
32
28
44
81
101
98
80
64
60
73
89
86
76
81
72
55
50
57
67
69
67
64
68
70
61
49
49
60
59
34
11
23
44
54
58
56
59
70
68
52
53
77
97
89
73
58
69
103
99
58
42
57
60
67
87
93
75
56
52
49
55
69
66
38
19
34
55
54
60
69
57
44
38
50
67
73
67
44
43
55
49
36
40
55
73
86
75
67
72
76
80
82
86
83
67
53
66
88
91
82
70
68
66
52
35
27
33
37
24
18
20
24
22
20
18
37
56
48
43
51
49
42
33
35
39
34
41
58
71
75
84
73
43
29
32
28
18
6
7
21
39
53
71
86
87
86
74
64
67
69
52
41
49
51
49
56
64
56
55
42
34
37
52
67
57
49
45
53
53
40
38
43
55
66
70
66
69
59
48
54
58
74
73
37
25
49
57
54
36
16
10
34
66
74
61
58
70
66
57
59
76
92
96
88
92
108
112
96
80
85
103
96
76
87
106
119
115
98
84
67
49
66
99
113
103
93
88
105
123
116
90
70
58
68
75
61
52
41
19
6
-7
-20
-18
-18
-8
7
10
-5
-18
-5
16
24
20
8
-4
-10
-12
-14
-17
-17
-19
-33
-41
-22
10
25
10
3
9
10
1
5
11
7
0
3
13
19
34
53
71
76
61
34
18
7
8
20
27
37
37
22
19
28
38
18
-5
-7
0
-1
2
17
27
25
8
8
39
61
67
65
54
35
28
50
52
50
60
87
98
90
89
92
101
91
77
0
69
64
65
72
80
75
60
57
61
53
33
27
34
36
43
54
36
12
7
21
27
19
-1
-2
20
44
65
70
53
41
41
65
82
72
66
71
86
107
103
98
99
100
92
80
57
42
42
51
71
83
75
80
105
115
85
60
68
68
48
21
16
25
39
53
53
27
-4
-11
5
22
20
1
-23
-22
12
54
65
29
5
21
8
-35
-52
-41
-40
-49
-54
-45
-34
-22
2
19
2
-22
-17
12
54
75
70
67
74
80
60
43
48
54
40
19
5
7
8
9
7
7
16
11
2
4
10
17
37
56
60
52
39
36
35
26
22
24
34
45
38
40
44
50
56
58
50
36
32
42
67
85
100
100
87
75
93
123
136
128
106
106
121
123
129
120
104
104
102
84
68
61
61
70
73
67
59
58
37
21
39
70
73
54
56
68
57
49
50
42
42
56
56
48
32
18
33
52
55
49
38
51
69
65
55
73
90
88
81
69
74
92
104
108
100
89
82
80
88
88
82
82
80
42
7
-1
5
12
9
7
25
57
86
99
83
71
73
77
86
101
108
104
102
106
117
109
86
71
76
90
98
98
88
70
52
67
86
74
82
107
105
80
58
52
52
52
33
7
13
13
-3
-13
-5
10
-2
-33
-29
3
24
23
2
-8
-3
4
0
-5
-2
-1
2
12
25
18
9
8
12
16
19
37
58
50
27
36
42
45
53
53
43
41
38
40
18
-11
-19
-13
-2
6
0
2
13
13
-7
-37
-40
-39
-36
-29
-21
-11
-8
-9
-4
12
11
7
21
23
19
16
11
19
39
61
83
88
101
104
93
80
60
49
43
42
33
34
48
56
58
68
80
83
73
75
83
68
66
69
53
39
48
52
41
36
36
33
12
-13
-9
16
21
19
4
-10
0
23
34
35
33
40
66
85
72
57
61
74
80
87
81
66
58
73
87
81
55
29
26
34
33
27
26
37
53
48
29
24
32
25
11
2
7
22
24
36
59
58
38
36
56
75
59
26
21
42
44
36
40
52
56
66
76
86
81
65
60
50
32
37
67
80
57
33
42
69
74
61
50
41
32
21
21
25
17
2
-3
-5
-1
1
3
4
4
18
38
33
35
48
48
33
20
12
27
49
55
54
49
44
39
29
36
44
50
58
80
90
87
82
73
64
67
82
88
96
97
84
86
102
96
70
56
65
69
75
84
69
39
19
26
48
57
53
40
32
0
42
61
56
39
36
52
54
34
26
43
60
53
35
25
24
16
0
-1
6
10
28
44
48
40
32
22
23
42
49
53
83
92
77
53
36
28
28
33
28
28
38
68
73
42
4
-11
6
20
5
4
19
33
40
53
67
83
69
37
24
41
71
81
77
85
90
90
90
90
86
77
71
72
77
73
67
61
54
54
68
82
82
83
82
70
59
42
45
57
56
45
44
43
40
35
33
34
38
37
39
53
69
54
35
49
92
134
129
116
108
99
88
88
91
80
54
54
83
115
118
96
85
88
85
86
88
87
85
88
82
70
71
80
84
90
114
120
106
96
90
83
59
39
29
37
53
60
76
88
70
25
2
4
6
11
8
-9
-18
-10
-10
-4
6
7
5
10
29
48
42
28
20
27
52
58
53
26
0
-3
2
5
6
18
32
39
42
39
45
54
43
33
25
26
32
26
17
12
4
-1
3
16
21
20
8
3
18
50
70
56
22
4
6
33
51
43
27
12
-6
-22
-3
25
36
28
23
25
43
59
50
38
44
34
1
-6
26
57
68
52
23
17
33
51
65
61
50
43
32
20
28
55
75
68
36
22
23
19
16
21
21
18
19
18
18
25
36
42
43
42
49
53
53
54
57
65
72
80
80
71
77
85
87
75
73
77
67
58
60
65
66
68
65
55
56
59
65
76
84
74
58
51
44
43
42
40
28
17
11
25
37
38
28
22
23
33
55
85
81
54
48
59
66
60
61
66
69
75
81
86
82
65
53
61
73
59
42
42
54
66
59
60
65
42
21
37
59
68
74
58
27
4
-13
-26
-29
-27
-25
-28
-29
-20
-5
4
7
-5
-22
-29
-17
18
45
44
26
32
57
66
43
22
11
17
35
52
55
40
35
36
42
43
49
54
53
55
55
37
16
12
24
26
19
13
24
35
37
32
24
36
56
54
35
33
48
65
67
67
80
88
87
81
75
85
105
106
104
109
130
132
114
105
115
113
91
80
82
88
91
92
107
113
108
117
123
130
123
114
104
109
121
115
106
106
107
98
92
89
74
50
26
24
40
60
82
92
88
75
65
57
54
50
44
50
53
42
26
21
39
70
76
73
58
52
59
81
74
52
39
38
32
-7
-34
-14
7
13
10
4
17
32
27
25
36
39
36
25
11
11
17
11
-9
-14
1
5
-3
-9
-13
-28
-29
1
19
13
23
33
0
35
54
67
73
64
42
27
21
22
34
37
41
52
58
48
35
39
48
38
18
0
0
8
28
50
67
82
87
82
68
42
22
13
20
19
8
20
54
60
44
37
34
34
43
56
58
52
45
58
75
75
81
89
89
102
108
99
105
128
119
96
76
67
66
80
88
84
75
75
80
75
70
73
66
52
54
72
66
45
37
39
42
34
20
1
0
17
29
19
0
-4
-6
-13
-24
-28
-20
-5
-4
-8
-4
9
20
39
50
41
35
35
25
28
36
38
59
82
83
71
60
60
71
82
75
69
61
72
100
112
106
91
83
84
85
75
65
65
80
82
68
51
42
39
42
48
45
49
52
59
74
75
59
28
7
13
28
41
44
42
37
28
24
27
35
36
25
19
28
41
39
26
9
24
58
72
57
48
51
49
48
50
40
21
10
29
44
32
24
41
53
42
22
10
24
48
52
53
44
38
38
43
59
80
83
72
77
84
91
84
53
22
2
1
11
36
56
41
12
4
18
28
37
57
75
90
105
106
97
87
84
76
67
66
69
57
43
37
27
21
29
43
43
37
43
50
45
54
58
54
59
72
80
71
67
80
87
75
65
59
54
41
34
33
36
50
57
60
52
57
60
43
29
56
84
65
38
28
26
40
49
49
39
32
25
21
12
7
24
35
34
43
57
66
70
70
73
75
71
69
59
50
35
22
22
41
55
51
19
7
32
41
28
18
22
20
20
38
50
50
52
54
56
48
24
22
45
56
64
71
59
52
53
60
71
80
83
80
76
76
74
81
101
103
100
117
124
112
68
32
40
82
105
116
122
119
120
120
116
118
105
68
51
57
85
105
85
49
25
16
13
21
26
27
37
48
27
3
-17
-26
-29
-33
-29
-24
-24
-21
-26
-35
-34
-21
4
32
48
51
53
54
35
5
2
16
35
48
42
36
42
38
17
6
12
17
8
20
34
28
26
23
17
0
-24
-27
-18
-17
-19
-19
-27
-42
-43
-35
-9
24
50
38
36
49
44
42
50
65
85
98
92
88
90
101
118
117
99
80
67
64
71
75
66
50
53
69
81
87
69
57
67
81
85
82
73
60
53
53
39
27
32
39
55
65
68
75
85
89
66
42
36
33
34
40
49
57
69
81
82
67
68
80
81
76
58
35
25
27
36
34
26
20
22
26
28
39
49
50
64
73
71
57
49
54
60
54
44
0
35
10
-5
-7
3
21
50
77
92
96
98
99
85
72
60
53
50
55
65
58
42
24
10
24
36
36
40
61
74
66
50
56
76
86
74
57
53
70
98
104
90
80
82
89
85
74
74
76
66
51
60
73
59
43
32
27
37
40
33
10
17
37
43
38
25
20
27
59
96
100
86
76
67
56
56
70
84
81
64
50
55
54
54
70
90
108
124
117
98
83
66
44
39
38
24
9
6
20
33
29
18
8
13
29
32
7
-3
6
2
-20
-40
-50
-53
-56
-55
-41
-19
-6
-12
-7
5
6
9
16
16
23
34
25
13
24
53
77
67
40
32
28
19
12
18
26
39
51
64
57
52
53
54
52
56
77
89
85
74
85
92
68
49
54
64
60
57
54
43
43
64
80
70
50
49
51
34
18
17
35
52
71
87
80
67
82
96
76
67
83
89
80
70
74
81
77
74
74
70
59
53
57
67
82
87
72
50
50
76
98
101
90
90
103
116
118
92
44
23
32
41
57
69
67
49
38
55
67
44
21
16
2
-10
-2
20
41
38
29
33
35
27
20
9
-5
-7
-4
5
11
8
7
-1
-4
16
22
11
-9
-25
-22
-7
-6
-9
19
52
54
48
54
66
69
70
44
19
18
27
38
69
103
104
85
87
115
116
82
67
69
71
60
49
53
68
72
82
87
86
87
76
54
51
55
40
25
40
71
96
97
82
69
70
70
60
49
28
-1
-21
-11
3
7
12
24
32
18
-1
-7
-2
11
18
16
10
17
38
38
18
4
-2
-7
-13
-9
9
36
43
34
27
37
44
53
49
34
43
72
86
75
48
37
34
27
37
42
36
28
41
57
58
52
59
75
73
51
35
38
51
42
16
-2
4
24
48
67
73
44
5
-5
19
36
35
35
37
58
76
77
68
56
66
84
89
83
87
100
104
97
104
114
101
89
76
59
61
83
114
144
154
150
150
162
160
141
132
131
112
84
65
67
75
69
49
24
4
-2
6
28
60
71
67
56
39
28
26
13
4
11
26
36
51
57
44
34
24
26
48
61
51
40
49
56
59
64
86
115
105
90
113
148
136
82
42
35
40
53
73
86
74
69
77
74
61
64
70
68
55
41
41
55
55
44
25
-2
-8
7
19
20
21
23
28
29
25
21
12
4
6
7
-4
-6
13
50
74
59
29
25
59
93
99
98
106
117
115
123
146
157
152
136
0
124
120
129
123
106
97
84
72
64
38
21
18
18
22
20
11
4
2
4
-1
-2
1
-1
-12
-3
27
43
26
6
-3
-12
-1
25
16
-12
-18
-12
-21
-14
6
28
52
67
75
76
77
81
69
59
51
35
24
36
49
40
23
10
-1
0
6
10
10
7
-4
-21
-26
-14
-7
-17
-19
-3
10
27
54
72
58
38
24
25
41
39
17
16
33
43
67
82
69
52
50
50
34
21
22
22
37
55
53
52
60
64
37
-2
-7
13
49
52
19
3
18
32
38
50
55
57
42
19
19
26
24
11
-9
-25
-19
1
34
61
61
54
58
50
33
25
33
40
41
37
24
12
2
-7
0
4
-5
-6
8
-1
-24
-24
-19
-21
-19
-13
-21
-33
-42
-42
-27
-28
-52
-52
-28
-18
-9
-12
-20
-22
-30
-52
-44
-24
-12
-13
-19
-40
-51
-36
-12
17
43
37
21
29
45
61
68
66
56
54
68
81
80
66
42
40
52
58
66
83
97
77
71
89
96
74
58
69
80
85
88
69
43
48
76
89
85
86
96
101
96
85
83
81
76
83
88
80
76
88
102
113
128
139
146
145
140
141
141
153
164
156
138
123
125
132
128
128
130
119
105
92
99
104
91
80
82
98
105
109
109
107
105
105
119
128
124
115
115
122
125
118
117
120
123
128
114
114
153
188
179
166
168
152
136
137
154
166
151
138
129
114
112
117
130
133
117
105
90
70
65
75
89
92
88
82
75
80
89
85
57
41
39
36
41
55
69
65
49
24
-3
-9
-1
10
17
16
18
13
13
38
65
56
41
42
45
65
108
123
88
57
44
45
50
56
71
68
49
42
51
44
41
44
41
29
9
-1
-3
-12
-38
-62
-74
-73
-70
-69
-55
-42
-41
-55
-71
-78
-76
-75
-82
-90
-93
-86
-88
-103
-106
-91
-67
-53
-62
-66
-52
-51
-55
-45
-36
-33
-38
-33
1
39
76
82
57
44
60
76
66
50
55
82
100
92
74
74
90
92
101
109
105
104
105
102
102
104
109
105
84
68
64
71
84
81
76
90
105
99
74
53
35
22
7
-9
-12
2
28
60
76
64
44
27
23
35
48
57
52
55
76
85
83
75
66
60
58
51
52
80
100
86
67
60
75
91
106
124
121
97
83
92
106
113
108
109
113
106
101
107
123
123
91
59
37
18
3
9
45
81
84
56
12
-20
-13
9
28
36
18
-3
-5
20
52
59
50
36
35
48
70
87
101
104
98
0
89
96
105
115
124
139
156
156
144
132
124
121
104
80
64
60
69
68
53
52
65
66
56
45
43
41
35
25
28
39
43
39
42
51
57
50
26
37
83
104
87
59
52
72
115
139
129
108
98
88
76
65
67
81
83
73
72
86
85
70
60
58
54
42
43
53
39
5
-11
-12
-23
-23
-20
-25
-11
9
29
65
43
-5
-26
-25
-11
6
38
74
82
58
51
60
58
53
74
81
57
41
44
60
77
72
54
33
16
16
25
37
51
58
64
53
40
26
16
32
51
49
33
28
44
55
55
57
67
68
50
51
57
54
60
88
84
44
23
26
39
33
17
-1
5
28
56
71
70
68
66
74
93
83
52
37
36
32
13
-5
-4
-1
2
1
-1
-7
-3
16
26
36
41
55
55
33
28
48
50
20
-10
-22
-18
-12
-19
-18
-17
-30
-56
-66
-51
-30
-17
2
7
-5
-3
-1
-19
-40
-43
-38
-28
-10
0
-8
-24
-33
-36
-28
-22
-28
-42
-49
-34
-19
-20
-24
-22
-26
-27
-27
-35
-34
-17
3
16
22
10
-12
-22
-18
-8
-14
-27
-23
-20
-9
-13
