-27
-59
-66
-51
-44
-68
-71
-56
-42
-50
-56
-53
-37
-24
-14
-8
-19
-17
0
16
20
7
-4
6
22
24
25
28
35
37
40
35
40
44
38
22
22
34
38
37
36
38
26
9
20
40
50
51
37
22
6
-3
9
26
19
4
0
17
39
58
52
37
38
44
45
34
33
45
57
58
52
50
48
33
29
37
56
72
61
50
55
60
66
70
71
65
44
35
48
53
38
34
49
49
39
39
43
42
32
24
27
26
17
11
21
23
17
9
24
35
24
12
4
11
23
32
38
49
57
64
39
24
26
34
34
39
57
69
60
60
75
81
76
66
60
81
91
90
74
67
64
55
55
55
51
48
51
55
53
34
35
60
71
48
26
25
37
42
42
58
71
50
28
27
58
83
76
54
49
60
69
65
64
55
32
11
17
32
37
28
28
54
75
68
54
65
85
81
56
42
65
89
82
43
33
44
61
72
80
83
75
52
32
28
25
12
12
37
56
50
23
9
5
1
19
34
38
48
38
24
37
56
68
58
57
71
82
77
71
69
58
52
44
36
51
73
83
88
81
67
64
81
89
81
73
86
86
76
56
37
42
51
40
22
7
2
4
3
-2
9
37
44
34
42
59
58
53
60
70
75
68
65
0
66
57
41
36
39
42
40
40
53
64
52
44
55
54
42
35
40
56
58
53
68
104
107
74
57
71
74
57
39
43
59
61
41
12
0
5
28
43
26
11
11
19
34
51
54
42
19
12
34
41
36
38
39
33
18
6
12
19
22
28
37
35
28
33
36
37
32
25
24
7
-24
-50
-40
-11
0
-17
-23
-6
21
25
10
5
8
25
44
50
25
8
17
40
50
32
7
29
75
87
64
37
42
65
68
56
70
74
48
19
20
32
19
-2
-7
17
41
48
43
38
23
6
8
38
80
86
74
88
98
92
88
71
56
64
75
76
77
87
120
139
122
107
96
84
80
81
74
59
59
68
74
80
83
82
83
67
43
57
85
93
87
75
73
68
50
41
53
65
76
72
69
87
96
80
69
74
73
69
60
74
96
89
65
43
44
53
48
53
84
90
71
69
92
106
97
74
72
75
82
88
91
92
75
49
41
51
58
57
48
51
57
55
37
28
38
44
25
6
5
18
25
27
35
36
21
10
21
42
50
38
38
38
23
17
26
44
49
41
32
29
39
40
48
51
50
52
37
36
54
59
43
38
55
59
28
21
42
66
60
37
40
58
69
65
56
59
57
50
50
51
53
42
29
43
67
68
64
56
43
43
54
68
74
60
40
32
52
66
43
24
35
54
49
32
37
55
68
57
53
60
60
43
32
33
48
69
70
70
88
100
71
33
18
12
2
-1
9
23
24
18
26
44
55
53
53
67
75
66
58
52
19
-7
-2
32
51
42
37
52
70
61
51
42
39
48
41
21
9
8
8
2
-10
-36
-49
-53
-43
0
40
29
-6
-5
8
10
8
16
33
32
23
20
18
10
3
4
18
24
8
-5
18
45
54
58
66
49
25
22
35
48
57
66
67
73
89
91
77
75
87
81
68
66
70
76
84
99
114
119
116
106
104
115
132
144
144
124
96
66
55
68
71
58
50
52
40
11
-8
10
41
44
29
27
38
44
51
58
60
38
10
19
54
68
51
44
70
83
73
84
109
108
87
90
91
89
92
75
70
92
116
105
75
55
51
52
39
33
49
75
59
33
38
50
48
25
3
-1
9
21
6
-5
-18
-33
-30
-26
-25
-22
-5
10
23
22
11
11
24
37
38
22
13
22
25
32
29
19
8
2
20
40
34
20
12
16
16
3
2
4
-3
0
8
20
22
-3
0
-28
-11
20
28
10
-4
1
10
16
20
17
11
8
-5
4
27
33
27
28
49
65
55
26
20
41
65
74
82
89
84
60
61
96
119
112
102
115
112
85
72
96
123
124
89
59
55
59
58
54
56
57
58
60
60
50
39
35
43
52
35
12
24
51
53
33
24
24
21
18
25
40
44
28
6
12
35
27
7
2
6
8
0
-4
3
9
12
17
29
43
43
37
45
59
64
41
23
21
24
24
35
66
69
33
10
24
40
53
48
27
20
32
40
48
58
65
52
29
25
28
40
60
60
28
2
4
24
23
22
39
61
70
42
10
22
72
102
96
80
73
64
56
57
74
90
88
68
53
64
72
72
76
86
90
85
77
76
88
90
75
68
81
101
107
100
100
112
108
96
97
116
132
122
117
115
105
85
76
86
86
85
84
75
66
60
69
80
75
64
49
56
85
103
96
81
80
91
101
96
82
73
84
92
90
89
81
69
76
100
113
96
75
65
60
53
53
69
72
51
18
4
27
39
20
5
17
44
55
41
36
29
18
5
3
19
41
51
43
39
39
43
49
54
69
71
44
22
22
25
23
21
8
0
-6
-7
1
5
-4
-11
-1
5
-7
-29
-24
-5
5
13
21
27
23
4
-6
12
35
17
-9
-7
20
43
42
25
17
36
54
58
53
43
40
34
25
26
29
28
43
57
39
11
22
51
57
57
52
53
50
42
38
52
64
45
24
22
26
49
54
39
34
50
71
72
75
88
82
65
52
53
71
84
67
43
42
50
52
52
42
37
41
57
53
37
38
50
52
49
41
28
27
22
23
32
50
55
34
12
18
28
16
-8
1
29
50
44
32
21
17
10
12
28
53
44
12
22
51
59
50
40
51
64
59
41
36
50
69
82
83
66
34
8
37
91
115
98
66
58
81
93
100
103
80
37
22
54
100
115
88
72
77
98
105
80
55
57
70
75
82
82
65
38
21
27
66
76
69
66
57
51
40
33
40
48
43
44
66
74
65
53
45
29
2
-9
2
17
13
1
-4
16
34
12
-5
-2
6
17
13
-1
-10
-4
9
12
11
8
3
6
5
-14
-38
-38
-33
-35
-34
-26
-14
-5
3
10
27
41
37
27
41
68
75
69
60
59
56
41
25
40
59
53
36
49
75
55
19
11
27
41
38
13
16
23
37
42
35
36
44
54
59
45
29
23
25
44
0
55
39
20
25
57
81
75
80
96
76
43
48
83
86
49
24
45
73
72
57
66
86
89
65
52
81
108
82
50
66
102
104
84
73
80
73
59
58
71
59
35
23
25
21
10
12
41
56
42
29
29
32
26
20
34
65
69
54
56
77
91
66
37
44
72
84
73
65
64
60
54
36
25
28
34
28
26
34
36
39
56
75
84
74
73
80
75
61
70
85
75
50
40
66
99
107
86
81
89
82
65
69
82
70
48
26
28
40
36
21
18
32
35
16
10
32
54
52
35
42
48
35
28
44
57
60
48
37
43
44
33
26
45
58
52
39
33
44
59
59
44
41
54
56
67
81
73
66
65
65
51
44
51
69
83
73
69
85
92
92
75
59
69
89
88
86
100
108
86
64
75
92
93
88
96
91
86
87
76
55
40
37
41
44
49
50
44
44
33
22
40
64
64
41
26
34
44
42
35
29
37
49
54
56
50
39
28
17
22
25
4
-19
-18
1
16
27
32
32
36
27
22
37
76
99
80
70
107
148
125
68
48
69
86
84
81
68
41
39
69
93
101
92
82
86
89
74
58
54
65
67
56
44
48
52
52
39
5
-25
-29
-12
17
34
32
12
7
23
25
4
-13
-7
1
10
28
32
22
5
-4
-2
1
-2
-5
2
21
41
42
38
42
51
48
26
23
33
24
-3
-9
3
-3
-11
9
34
33
26
17
26
33
20
11
22
39
49
41
41
54
56
40
33
37
36
40
51
56
65
70
72
69
59
42
38
52
75
101
90
60
59
75
83
67
41
36
55
69
69
72
83
88
83
75
66
35
10
22
43
34
-3
-6
26
32
2
-19
-20
-24
-35
-25
1
19
24
10
0
6
19
16
16
41
74
81
72
60
55
53
44
48
59
54
40
51
83
104
90
68
57
50
48
59
76
74
55
33
40
56
38
8
13
37
49
54
65
72
55
50
72
108
124
104
75
72
73
45
16
18
50
61
53
37
52
81
83
56
49
41
35
55
92
100
76
38
7
21
41
42
36
48
60
45
12
8
34
50
22
5
25
44
32
26
43
56
53
53
70
84
68
48
51
68
74
67
67
84
87
68
54
71
75
58
51
50
59
60
52
54
55
38
17
9
28
56
68
64
65
82
97
87
66
37
17
24
55
82
80
56
42
52
76
73
48
43
67
77
64
71
107
122
86
0
53
64
75
66
43
51
85
104
89
73
71
74
64
52
53
66
70
69
80
89
92
89
83
76
74
86
104
113
122
120
102
91
108
118
116
124
150
169
160
170
219
241
203
170
170
183
184
171
173
188
170
119
86
96
105
92
90
89
73
60
48
43
56
74
80
74
77
73
74
80
73
66
58
48
53
65
52
37
34
40
44
56
80
88
70
43
32
40
40
19
-12
-40
-52
-49
-39
-34
-34
-46
-59
-70
-73
-82
-91
-88
-71
-70
-97
-116
-107
-89
-74
-78
-82
-60
-38
-25
-13
4
22
17
-2
-7
-2
-5
-23
-34
-24
-4
-6
0
26
32
11
2
-5
-21
-45
-43
-23
-24
-27
-20
-4
17
26
5
-12
-2
8
20
24
22
21
12
1
7
26
28
22
38
64
65
49
52
80
91
84
86
100
97
91
86
87
96
101
101
101
115
116
93
76
76
88
100
103
112
99
70
52
52
54
53
50
40
28
10
2
5
1
-12
-37
-46
-33
-3
22
27
17
0
-8
2
20
21
6
-6
-3
32
54
44
41
58
66
58
40
36
53
75
69
56
65
74
56
24
18
17
8
9
39
80
89
66
41
29
24
19
22
28
26
17
7
3
-6
-29
-58
-61
-40
-20
-12
-3
9
1
-17
-12
11
27
22
7
8
11
8
-7
-17
-4
35
59
68
70
65
71
68
59
66
65
55
67
86
83
56
45
68
100
114
103
91
90
76
54
53
66
67
56
56
55
53
66
76
81
69
36
21
52
85
83
59
55
57
58
54
50
60
59
24
9
25
37
49
65
71
72
71
61
65
71
57
34
29
55
64
49
41
52
66
70
66
59
56
45
28
24
27
20
10
33
65
64
35
27
54
85
89
56
23
27
56
67
71
87
102
99
88
98
113
120
98
68
44
49
71
84
82
83
80
84
105
114
102
89
113
138
129
96
84
107
118
97
87
98
98
88
72
70
83
74
50
50
57
40
17
23
54
60
35
7
4
23
41
41
44
68
77
60
53
51
33
9
4
32
84
102
84
70
60
53
50
59
67
52
44
64
89
99
81
67
75
82
83
88
90
84
73
56
39
40
39
22
16
22
19
1
-7
-3
3
-2
-6
22
64
54
16
-11
-5
23
40
33
36
55
68
66
67
69
55
43
51
72
89
90
102
129
135
102
54
40
49
35
7
11
43
56
44
36
32
36
29
23
36
48
32
21
49
85
101
71
44
49
0
49
28
6
4
17
13
4
24
72
81
38
25
40
56
58
35
4
-10
3
36
75
112
108
59
25
50
74
69
50
41
43
35
20
24
28
32
55
73
77
73
57
51
54
50
34
29
52
66
59
65
91
113
113
97
81
69
60
60
74
88
87
72
49
32
34
51
74
73
49
36
29
43
71
90
83
53
27
37
64
86
91
92
92
93
105
112
112
114
106
107
113
83
41
40
65
80
90
117
139
123
99
96
108
105
70
37
36
38
33
26
28
10
-19
-23
-7
18
27
18
18
27
24
4
-10
-4
-6
-20
-21
-3
-9
-36
-27
5
2
-27
-43
-35
-6
11
1
-4
9
7
-13
-21
-10
2
3
-3
-7
-7
-17
-22
-6
16
19
16
13
26
41
32
16
20
37
56
50
34
40
51
42
39
45
48
38
37
37
39
28
4
-9
2
19
28
53
58
40
23
26
51
76
67
56
71
80
68
50
55
86
92
81
85
112
100
60
41
71
76
44
43
69
86
73
53
53
68
73
66
61
85
90
65
52
66
60
27
13
41
68
57
39
44
74
75
50
40
60
86
92
73
48
42
82
138
154
140
137
147
147
146
134
108
91
88
85
68
51
50
74
101
91
58
43
61
76
88
86
72
52
36
43
59
64
41
6
-7
-2
8
12
11
19
29
5
-2
22
25
9
4
-1
-11
-25
-26
2
23
11
9
27
25
5
-2
20
55
53
23
33
66
67
67
76
71
52
26
17
23
35
37
43
38
22
11
11
13
24
28
22
12
27
66
89
74
56
37
11
6
21
37
41
44
54
64
61
54
51
64
81
86
74
69
99
136
139
116
107
89
73
71
76
73
64
55
73
96
90
86
96
106
99
64
40
45
44
19
-14
-26
-18
-14
-24
-3
28
21
-5
-6
9
12
6
0
-4
-7
-3
4
21
25
6
-9
7
41
53
33
28
65
100
91
65
70
98
109
97
97
96
82
69
84
114
129
96
43
40
61
74
69
53
37
20
19
39
59
50
24
17
24
28
21
-3
-5
22
26
6
8
24
40
41
23
19
24
26
18
32
64
84
100
114
122
125
122
114
112
115
92
80
89
101
96
74
59
51
38
20
16
24
40
33
21
22
12
0
-24
-35
-29
-28
-54
-69
-46
-9
6
4
2
17
43
65
56
28
10
40
87
105
96
76
83
101
101
82
64
56
60
75
93
101
87
70
56
70
97
104
98
0
106
121
122
113
97
85
67
40
41
71
83
58
21
8
25
37
22
13
26
35
37
41
44
34
16
4
11
35
50
44
34
33
27
25
35
61
80
64
57
58
49
38
39
55
74
73
51
44
67
90
91
87
88
102
113
113
107
83
51
21
11
23
43
40
20
20
26
23
18
22
12
-5
-28
-4
41
52
37
27
32
41
27
-1
-7
-2
-3
-5
5
16
23
44
85
97
75
50
53
80
86
67
33
18
36
48
41
36
32
11
-4
3
22
32
41
54
65
54
39
41
53
44
23
-12
-33
-23
-17
-33
-29
-12
9
32
41
51
58
77
90
83
64
43
49
76
108
119
107
81
59
83
113
130
128
97
73
83
99
82
56
53
69
85
82
77
89
100
98
90
92
98
68
29
11
20
33
37
39
50
57
53
33
23
36
33
7
-13
-12
1
9
17
39
60
52
22
12
29
50
55
54
54
48
34
39
72
90
87
70
56
66
68
54
54
54
49
34
13
6
10
19
25
36
43
34
12
11
35
38
23
12
25
32
11
-17
-12
19
35
25
26
41
42
28
21
22
18
6
7
24
43
49
38
38
37
28
28
41
44
35
28
36
51
50
25
11
26
43
28
10
24
48
55
42
32
37
38
34
29
36
38
44
48
49
67
89
90
71
68
75
75
77
88
103
113
99
83
83
64
28
38
73
92
74
45
48
57
57
61
86
89
69
70
92
102
86
74
86
84
52
11
11
66
114
112
75
60
64
70
73
75
76
75
70
49
37
37
43
28
29
51
51
38
43
57
51
41
36
28
19
7
3
7
13
1
-4
20
39
35
21
25
58
91
90
72
67
68
66
54
44
48
55
75
91
80
58
57
64
60
55
52
50
39
37
38
36
38
41
34
22
23
34
33
20
11
19
32
21
2
11
35
39
32
27
44
65
65
73
85
85
72
67
71
59
56
58
67
89
105
86
75
91
97
61
36
44
56
39
23
39
66
83
64
44
42
34
21
27
54
66
41
17
34
57
48
33
34
39
37
20
5
6
23
33
25
38
38
25
13
10
2
0
12
36
48
44
45
42
39
49
45
26
35
67
89
87
74
56
27
17
34
59
69
42
24
49
67
48
24
22
19
7
-11
-10
11
32
25
27
35
20
3
9
48
61
40
34
44
52
39
26
24
35
28
6
-3
20
35
21
10
35
81
0
91
80
75
80
73
56
40
38
43
42
43
40
33
28
28
26
37
40
36
35
49
70
51
38
57
76
86
74
68
60
56
64
73
80
70
48
35
38
42
42
44
48
52
55
65
74
72
73
74
75
70
55
51
56
71
72
55
29
54
76
52
19
20
36
41
32
26
39
50
32
21
36
36
16
-1
12
34
38
36
39
41
34
18
28
43
36
20
22
41
56
56
35
35
44
39
32
39
45
33
1
-9
23
52
55
54
49
41
44
48
48
55
54
40
37
57
60
36
19
51
91
77
56
65
82
75
70
88
114
108
96
87
75
69
70
81
93
92
57
32
55
85
66
28
27
56
74
52
22
21
43
58
42
24
26
40
61
65
58
45
19
5
19
48
60
57
67
72
68
49
22
9
11
23
42
60
75
90
93
86
77
85
101
98
69
37
58
123
161
136
103
99
115
121
97
55
44
53
60
76
101
118
114
80
48
54
71
72
56
54
67
80
70
53
48
35
8
13
41
43
22
18
48
64
61
52
33
10
0
-2
8
20
19
18
43
73
70
44
36
48
55
36
17
36
65
56
27
42
67
64
45
41
39
40
37
40
52
51
34
24
42
66
66
44
37
49
59
57
49
56
58
53
48
39
41
41
25
28
42
27
8
21
57
83
84
72
61
57
56
64
52
40
28
16
13
19
20
10
-7
-6
2
5
0
3
18
20
12
8
1
-7
-25
-28
0
16
8
3
17
39
58
50
32
27
25
34
58
85
67
21
5
26
68
74
48
34
54
84
98
96
92
106
114
112
120
123
103
81
76
77
60
49
67
84
72
55
67
99
109
96
81
75
71
61
65
96
125
123
100
87
102
112
91
70
65
54
42
50
58
56
41
21
35
50
45
34
27
19
10
10
5
4
19
33
39
65
82
76
66
66
81
75
57
66
82
91
98
100
99
74
38
28
59
83
72
51
53
73
68
26
12
44
77
80
70
85
93
80
51
28
8
-4
-1
-1
8
17
16
7
-8
-29
-43
-52
-45
-42
-39
-17
21
45
29
-10
-25
2
19
1
-11
0
11
5
8
41
65
59
44
40
51
54
52
54
73
75
58
55
71
84
81
71
74
77
61
32
12
21
41
50
45
27
10
20
38
50
53
51
35
32
34
33
33
27
28
18
2
9
33
39
33
23
28
34
36
32
50
90
106
85
48
0
34
40
50
57
84
93
90
82
71
56
44
43
34
19
22
25
20
29
51
56
35
11
12
23
6
-4
13
29
27
36
51
55
42
39
57
76
82
65
56
85
102
67
42
66
85
76
65
68
73
77
74
81
85
74
65
74
96
101
96
91
96
72
25
-6
-5
12
24
27
34
52
44
25
33
48
50
38
22
32
40
20
2
33
81
89
58
32
32
59
87
87
86
68
42
49
84
98
73
56
64
82
91
89
87
81
65
52
53
65
86
86
75
82
99
107
93
75
77
75
50
26
26
22
21
37
54
67
53
36
33
51
51
33
32
59
76
56
21
10
37
54
45
49
48
38
38
40
59
75
77
65
70
83
66
40
37
52
57
38
27
34
40
44
42
44
56
59
56
56
58
51
44
48
51
53
42
43
57
59
48
34
42
54
37
32
57
83
80
53
50
81
106
76
50
56
71
54
33
56
84
70
44
43
55
48
29
28
43
48
28
26
55
85
83
69
67
67
48
11
5
36
50
27
13
25
28
7
-1
27
66
68
52
61
67
49
26
26
42
51
39
33
39
50
50
24
17
44
55
29
26
54
64
41
25
42
65
49
36
64
87
58
17
18
52
60
40
42
69
64
43
53
65
54
36
23
37
58
54
28
17
34
51
60
67
58
52
58
67
77
73
45
28
44
55
48
33
29
38
42
27
16
35
73
90
92
102
99
75
59
66
64
39
13
27
80
116
106
92
103
99
83
75
80
81
69
55
65
92
116
130
122
101
73
55
56
69
77
82
81
85
88
88
85
99
115
119
109
108
123
131
130
128
129
106
73
59
74
84
76
65
65
74
75
57
32
25
24
21
13
6
8
0
-20
-20
2
4
-25
-56
-56
-25
0
-11
-39
-61
-77
-74
-51
-27
-34
-51
-55
-28
4
3
-19
-26
-26
-26
-23
0
19
17
6
4
17
28
24
21
27
13
-5
-2
-7
-20
-20
-23
-5
13
6
-17
-12
12
20
-3
-26
-23
-8
-5
-8
10
48
57
50
38
48
60
60
64
77
91
82
61
76
103
109
112
117
120
114
93
97
100
91
76
80
92
86
64
53
72
87
80
49
42
65
81
60
45
39
23
21
40
52
50
56
44
25
21
17
12
20
37
42
33
28
40
43
33
10
16
27
33
35
45
58
60
52
38
54
86
104
99
89
97
75
36
32
41
26
-5
-17
12
44
0
35
22
33
42
48
40
25
29
48
51
55
41
10
0
20
52
58
48
36
44
57
58
52
45
52
67
58
59
76
82
83
74
72
85
86
84
84
91
100
84
80
88
75
57
60
71
68
51
48
67
81
83
82
76
67
57
48
23
11
9
-4
-13
-9
3
7
5
17
33
29
16
21
42
56
37
26
23
22
35
50
64
83
82
71
72
88
102
89
64
61
87
97
91
101
109
113
128
139
139
135
125
123
117
91
72
80
84
75
58
54
55
54
48
45
56
65
67
42
13
16
25
37
54
55
22
-9
-12
22
55
50
26
34
60
60
32
19
26
37
24
9
26
50
65
71
80
104
118
100
84
83
92
96
86
97
102
84
52
17
6
16
38
55
40
18
12
21
22
11
-3
-11
-18
-17
-1
18
32
42
34
10
11
33
34
4
-6
10
23
28
24
22
22
21
16
24
56
80
64
41
53
66
54
51
65
70
67
71
72
55
44
39
36
41
29
2
-8
1
1
-12
-18
-11
-3
-4
-33
-40
-10
-4
-20
-33
-26
-14
1
23
42
45
36
25
28
55
74
86
100
104
102
96
97
104
108
98
82
86
122
157
150
116
90
81
74
85
100
120
119
89
65
67
73
57
44
54
56
45
56
75
67
32
24
67
96
80
54
56
59
56
49
35
36
40
21
12
37
61
50
29
37
48
44
51
73
90
87
80
81
74
54
41
52
75
76
58
48
55
50
37
41
56
66
45
17
7
26
45
49
48
34
25
37
45
44
55
75
74
71
77
72
64
80
85
55
32
19
28
45
41
23
17
36
43
40
69
105
116
82
58
73
92
98
88
72
70
82
85
98
93
72
61
68
77
85
84
74
85
119
130
103
73
48
37
37
53
60
44
22
27
60
68
37
12
12
12
11
12
26
27
18
11
40
54
42
20
21
48
56
38
33
66
98
73
26
23
49
54
49
50
55
54
44
54
71
59
42
23
17
28
40
40
36
26
10
0
-3
18
35
35
32
36
49
54
52
49
42
51
74
109
130
90
57
55
64
42
2
-23
-6
26
34
12
2
10
29
33
27
34
48
51
43
38
45
42
27
24
54
80
71
45
37
33
20
8
16
21
23
34
64
68
59
58
48
38
42
43
41
43
53
69
73
88
106
114
114
99
88
80
69
81
102
98
73
67
74
76
71
83
99
87
50
22
16
0
18
17
18
18
6
8
17
8
2
4
9
7
11
12
9
19
25
33
36
35
33
38
37
21
19
28
35
33
21
20
36
49
54
60
81
86
80
72
60
51
43
40
48
67
81
70
75
70
37
6
16
33
9
-27
-35
-12
-7
-12
-23
-24
-5
13
22
25
41
37
17
7
9
18
20
16
7
7
21
35
21
10
19
24
39
66
81
70
53
59
84
90
76
82
106
118
84
53
61
84
81
55
49
56
64
64
72
76
65
39
32
37
41
40
34
43
48
49
42
34
24
17
21
39
56
53
41
58
65
39
10
4
23
23
0
-10
10
41
53
36
43
82
98
73
50
48
42
48
64
83
76
38
18
24
36
35
20
27
34
16
4
10
36
33
-12
-42
-25
8
18
7
23
61
86
85
72
55
53
56
53
52
49
39
27
41
55
56
48
39
40
39
40
60
76
75
75
86
101
93
82
89
88
77
82
98
105
96
77
70
70
77
64
19
-3
27
87
107
86
73
86
112
133
138
131
120
100
70
72
99
106
105
106
98
93
89
71
