-12
7
-6
-12
17
43
23
6
38
75
74
52
44
67
100
124
114
72
34
26
42
70
92
84
37
-2
-6
8
16
18
12
8
7
11
22
21
12
-1
-7
0
-3
-12
-9
-18
-28
-27
-25
-25
-13
-19
-19
-3
8
5
1
0
-2
5
8
5
-3
-8
1
12
22
32
35
32
35
54
82
107
117
101
75
59
58
66
70
72
69
60
52
40
33
38
57
72
65
55
51
44
51
64
59
42
28
35
43
52
52
40
33
38
43
51
65
68
53
42
38
23
18
35
43
26
8
10
37
64
58
48
52
61
72
86
88
80
57
56
81
90
70
51
51
53
58
67
68
50
36
40
51
50
38
25
13
0
-13
-2
24
26
8
-3
-8
13
55
64
42
36
49
59
70
85
92
90
101
102
90
89
96
87
71
66
60
69
87
100
113
108
93
86
83
74
59
49
22
6
11
10
-5
-5
10
20
17
-1
-23
-24
-4
17
26
21
2
-3
21
43
52
52
55
71
91
117
124
113
93
90
92
102
106
107
115
112
99
99
96
75
67
60
51
32
16
6
17
28
25
19
11
4
17
19
-3
-25
-22
16
48
64
75
77
68
71
81
68
41
41
41
37
41
55
66
69
75
85
90
80
69
70
73
82
86
87
81
68
0
52
42
43
43
36
20
10
9
21
20
-17
-49
-34
5
24
27
23
13
11
10
11
24
35
50
75
74
44
40
53
54
43
45
51
43
54
56
34
11
17
35
49
54
59
65
45
21
10
8
5
-5
-5
12
41
66
76
76
72
71
74
64
42
43
52
58
59
67
90
100
77
52
43
49
58
57
51
52
54
83
113
108
86
65
51
59
89
102
87
73
69
71
74
76
74
68
76
108
118
87
50
36
52
80
76
56
54
72
83
72
41
32
32
23
16
16
6
-36
-72
-77
-61
-27
0
11
20
51
87
97
88
81
77
84
81
60
40
34
56
100
109
68
43
72
118
138
118
87
70
66
74
68
44
21
22
21
3
-8
-4
-4
-18
-33
-56
-77
-62
-9
36
36
11
3
8
6
-13
-41
-43
-21
7
40
58
58
49
43
66
90
89
70
73
82
66
50
48
51
58
61
51
39
38
36
27
38
60
57
43
39
36
28
16
0
-13
-17
-22
-29
-19
9
26
24
24
20
18
18
19
23
22
20
32
48
50
35
28
40
66
73
59
40
24
18
33
56
71
67
59
56
57
57
55
51
52
44
38
35
38
33
16
12
-2
-24
-24
-3
16
18
13
8
-5
-7
22
41
36
36
39
41
27
22
17
4
-23
-44
-37
-11
8
18
16
19
35
56
56
34
20
34
81
114
103
85
84
89
88
75
60
57
67
58
54
52
41
27
23
19
6
5
22
37
55
73
84
71
48
28
16
-3
-9
-13
-19
-7
7
12
10
7
11
34
54
58
65
68
53
39
36
39
35
21
24
55
85
92
83
64
56
64
81
84
86
91
97
101
102
113
120
112
87
74
65
58
48
21
11
25
20
4
13
37
43
28
11
9
22
24
16
23
71
121
133
118
102
97
88
65
42
54
87
133
150
149
161
164
135
105
106
131
139
125
114
119
132
136
119
98
99
120
139
137
112
86
75
58
27
3
-14
-22
-25
-29
-33
-44
-57
-51
-26
-10
-10
-20
-17
-7
-6
-12
-19
-18
-5
9
-10
-36
-27
5
26
36
54
67
71
83
86
74
50
28
34
49
66
66
66
69
61
45
34
27
24
20
18
21
20
8
-2
-9
-21
-38
-43
-33
-18
-9
-2
-2
-11
10
39
40
49
76
91
80
54
34
33
54
57
41
26
41
54
53
57
67
72
68
59
54
42
28
10
3
17
39
59
68
57
48
41
36
33
21
16
19
22
27
0
52
67
70
69
58
53
60
69
82
71
55
42
27
33
35
32
32
35
39
61
87
99
80
51
35
52
92
115
104
80
69
74
80
88
85
81
75
64
50
43
41
35
38
54
68
85
91
88
97
102
92
74
41
18
23
39
45
38
33
43
59
49
39
51
60
59
65
58
44
36
37
44
55
71
75
65
69
88
96
96
86
71
74
83
85
87
69
24
-9
4
32
34
24
23
22
23
28
37
21
-7
-25
-19
-7
-12
-3
22
40
40
29
26
32
37
33
25
18
18
28
45
37
20
4
7
28
40
34
28
50
73
67
58
67
67
55
55
56
52
48
38
23
7
1
2
23
50
69
86
100
89
72
55
48
42
40
26
12
16
38
68
83
71
67
89
99
89
89
101
105
99
74
59
64
80
99
98
80
59
57
77
89
75
60
48
34
35
55
71
54
24
13
12
3
-5
8
26
26
13
5
20
49
67
49
12
2
12
16
2
-10
-23
-27
-37
-43
-23
9
20
22
27
32
10
-6
-3
2
-5
-17
-13
1
16
25
39
50
57
60
53
27
13
9
3
-5
-17
-28
-38
-25
-5
7
10
2
-18
-33
-28
-1
18
6
-6
-10
-2
21
41
45
34
33
43
50
35
32
48
67
68
58
50
53
54
53
64
67
54
53
53
42
54
82
84
69
54
57
70
85
81
58
43
51
54
48
52
67
72
72
51
33
42
61
69
70
85
87
70
58
69
74
64
54
66
97
116
106
87
60
69
98
92
76
86
99
96
83
89
103
99
80
59
50
51
55
56
41
18
3
8
42
80
98
90
68
50
45
48
44
40
24
5
-13
-27
-18
17
40
50
66
82
77
70
76
112
132
96
40
20
29
67
121
171
173
135
114
116
119
102
67
48
48
33
16
18
27
25
18
2
-4
-1
-3
11
35
40
32
38
71
82
53
35
53
59
43
27
7
-6
-4
7
25
42
64
60
40
38
53
56
58
64
48
39
68
102
105
96
83
71
57
48
43
29
18
19
27
20
4
5
7
-5
-29
-42
-43
-49
-40
-29
-23
-11
-4
5
10
3
-4
-11
-14
-4
9
9
-10
-10
12
23
17
16
20
48
66
55
38
36
37
34
49
80
82
65
49
42
48
49
53
70
87
77
54
40
39
64
77
49
18
19
12
3
-1
9
23
23
27
50
68
65
58
56
49
53
60
40
18
10
9
-2
-2
10
19
21
27
41
0
55
69
69
57
44
61
97
117
107
87
85
96
100
84
60
49
43
54
57
49
33
34
45
54
53
34
13
18
34
45
56
57
44
32
24
21
17
10
4
-7
-12
6
28
43
54
58
75
75
59
54
64
72
80
75
83
86
92
103
98
73
57
66
91
100
73
51
35
33
27
10
-6
-8
1
2
3
5
3
20
41
36
18
-4
-5
18
40
59
75
101
113
112
112
98
90
96
100
91
85
90
101
117
121
101
84
93
109
119
125
109
80
76
102
128
134
124
98
72
58
61
66
59
51
50
43
24
-2
-19
-6
16
19
12
18
33
42
59
82
89
64
37
43
54
58
74
92
85
61
54
68
85
84
69
50
26
25
59
92
98
83
70
72
82
84
68
50
71
106
113
108
109
99
76
44
6
-18
-25
-24
-21
-11
3
8
10
12
-5
-18
-11
-7
6
32
37
19
0
1
7
23
41
56
69
60
48
43
43
36
11
-12
-28
-34
-21
-3
8
16
28
40
44
51
53
52
59
74
64
34
11
11
38
53
38
9
3
6
-1
-13
-30
-58
-85
-97
-85
-53
-18
23
37
24
8
3
19
26
20
19
19
32
49
58
48
39
56
85
91
70
52
34
19
3
2
4
-1
-3
-2
0
-1
-13
-29
-14
17
12
-26
-58
-57
-41
-37
-29
-21
-11
16
44
77
97
97
88
71
61
73
71
66
54
49
49
54
50
39
38
67
101
103
77
67
88
107
108
99
88
74
59
48
33
28
38
40
44
68
96
118
122
115
114
117
115
96
54
20
10
11
12
12
17
22
32
19
16
35
51
52
53
56
50
34
19
8
7
7
7
10
20
32
36
36
40
59
67
67
80
98
96
70
58
75
87
89
97
88
64
57
73
84
84
76
74
86
93
82
58
49
44
43
37
33
34
40
55
66
66
71
74
69
58
51
50
64
67
56
49
43
27
10
5
4
6
10
27
55
69
53
36
28
26
36
53
75
106
130
128
121
117
106
91
68
34
19
37
42
37
44
59
68
67
50
26
9
10
40
67
65
52
53
66
75
84
77
60
42
27
20
21
20
2
-12
-18
-8
4
10
36
70
75
53
40
33
37
50
41
26
22
27
51
69
54
20
0
9
19
11
7
11
19
17
5
-3
0
6
18
24
26
16
7
7
11
35
54
57
37
20
35
51
48
35
21
17
22
23
18
29
69
86
81
89
100
88
0
69
65
69
65
51
50
65
83
91
85
76
49
16
1
3
17
33
39
38
26
27
54
75
80
72
66
57
49
45
40
44
65
84
92
96
87
91
106
96
69
58
49
32
38
48
44
49
64
67
57
51
64
86
89
71
53
48
43
42
53
57
36
33
43
44
49
48
32
34
56
65
61
74
92
89
61
35
32
35
22
12
10
18
23
20
27
36
48
65
85
76
48
24
24
34
40
37
34
45
70
89
96
91
85
65
38
28
24
32
43
52
52
60
71
81
89
89
83
64
64
70
72
70
71
70
61
60
57
54
56
60
56
40
25
27
49
68
70
57
60
74
90
99
74
40
35
58
69
58
49
53
67
70
64
53
50
60
73
60
43
36
34
35
35
32
34
40
42
53
74
84
80
60
53
60
64
55
60
80
89
101
107
96
81
72
73
92
108
96
71
69
82
97
107
113
90
66
56
52
54
60
51
26
6
8
34
50
36
12
7
26
51
49
13
-9
4
34
54
54
43
20
-6
-1
21
41
44
29
16
28
50
56
52
40
36
32
12
4
17
42
48
25
12
13
25
44
65
75
75
70
69
69
58
41
23
12
6
2
11
35
42
33
26
12
6
12
32
36
24
19
33
56
66
57
34
20
22
27
51
69
58
32
16
16
22
25
21
10
7
11
17
28
42
41
33
8
0
4
7
20
28
26
19
21
26
23
8
-2
-23
-29
-12
2
6
1
-12
-9
10
42
77
91
75
56
54
55
33
8
2
11
38
44
28
28
44
48
35
25
42
64
69
65
55
51
50
48
50
49
43
34
22
10
-6
-19
-12
-9
-11
-4
18
35
37
51
69
85
82
85
119
134
113
86
73
73
80
92
104
102
104
115
125
124
102
70
56
66
76
67
61
69
83
97
82
57
53
53
42
23
5
7
12
18
19
17
18
26
49
58
57
69
97
100
75
59
54
35
25
27
37
44
64
83
90
93
83
68
83
120
122
80
55
73
96
88
72
59
44
41
66
98
104
87
80
84
98
90
65
43
35
39
54
61
64
52
49
48
35
24
41
66
55
33
37
59
73
66
58
54
54
53
55
73
82
74
60
48
28
17
8
5
5
1
-3
-4
-7
-8
-10
-18
-28
-33
-20
-5
8
20
8
-11
-11
2
35
57
45
24
21
26
35
29
37
55
54
48
49
51
50
39
37
23
-5
0
-14
5
33
41
41
49
54
51
48
51
52
53
58
69
75
67
61
54
39
51
86
115
123
130
128
113
104
106
114
114
91
77
80
92
102
101
106
112
115
113
114
130
156
164
141
115
118
120
118
130
140
133
119
128
121
106
97
70
58
82
144
194
184
150
138
148
148
136
109
72
48
50
74
85
67
44
43
70
83
57
34
21
8
-10
-13
-9
-1
5
6
13
19
10
6
2
-1
0
-4
-13
-20
-34
-35
-24
-4
16
19
32
42
33
4
-8
-12
-26
-44
-53
-39
-21
-10
1
6
-1
-6
-12
-11
-6
-2
3
16
17
2
-20
-34
-26
-9
-19
-41
-34
-12
-22
-45
-59
-65
-49
-23
-24
-24
-12
-1
13
26
24
34
55
72
69
51
54
66
57
41
33
35
41
42
34
22
25
37
43
42
51
67
77
85
88
92
68
38
32
25
22
17
11
16
21
32
39
39
39
51
65
58
48
43
65
93
88
70
72
86
87
85
89
83
68
58
52
23
9
12
5
7
24
32
6
-11
-23
-24
-5
11
19
4
-10
0
10
0
-25
-37
-17
11
34
45
55
67
76
71
51
35
25
18
6
5
9
20
40
64
71
70
66
60
53
43
28
17
5
-4
4
0
-19
-17
1
7
16
32
44
60
74
91
82
53
41
35
22
16
18
33
50
55
58
61
60
58
69
75
57
36
37
66
98
104
89
82
97
108
100
80
73
82
88
84
72
72
99
107
83
51
53
85
101
90
73
81
85
88
91
90
75
54
42
45
49
48
28
5
-10
-2
-1
-21
-34
-30
-42
-44
-34
-26
-21
-13
-19
-26
-26
-23
-23
-30
-21
4
49
73
69
60
56
53
42
49
61
67
61
58
64
57
44
26
10
9
18
34
48
55
68
89
114
109
89
74
61
65
65
33
2
9
38
68
98
102
90
85
73
55
50
40
40
64
88
97
90
82
86
115
139
146
134
134
136
134
120
103
82
72
76
74
71
59
55
58
60
59
64
80
100
115
117
107
89
80
75
65
36
7
-7
-12
-9
-8
-10
-13
-5
-8
-3
24
37
27
27
33
28
33
48
54
50
44
40
39
37
36
49
65
85
108
124
116
87
75
83
76
58
50
57
68
84
88
89
98
83
59
35
21
13
11
5
-2
-4
-8
-17
-8
7
7
5
12
32
60
73
60
52
43
37
35
35
39
50
44
37
42
69
84
71
54
57
83
109
124
135
144
138
137
135
131
122
0
108
92
90
92
84
73
69
68
68
88
96
75
70
67
43
26
25
43
50
36
26
24
25
28
21
3
-8
-5
4
11
16
21
18
9
13
18
17
18
25
35
16
-12
-26
-20
-12
-20
-27
-22
0
1
2
28
52
48
37
27
12
3
-8
-30
-45
-49
-28
0
19
27
34
39
44
43
41
33
39
48
41
55
70
57
45
35
16
6
1
-3
2
10
21
23
16
24
35
29
20
16
24
45
59
57
52
41
43
57
67
56
58
75
69
39
20
20
43
68
72
74
87
88
69
43
37
34
27
41
66
67
60
82
118
131
100
74
75
77
72
64
57
65
72
80
68
54
56
54
50
48
53
56
25
-7
-4
25
59
65
55
45
39
49
67
80
74
76
99
104
102
112
128
137
140
122
87
53
41
55
81
99
99
86
75
73
73
71
60
59
71
85
90
84
72
73
85
91
84
65
55
58
44
21
6
2
2
9
27
54
75
89
99
101
107
106
92
84
92
104
120
139
161
195
199
167
132
115
113
112
103
109
117
108
85
65
58
56
53
42
37
39
36
20
3
-1
1
-1
-3
3
-1
-9
0
5
-2
-2
5
16
21
7
-10
-20
-9
11
17
6
11
23
24
22
17
17
11
5
-2
-25
-41
-35
-23
-25
-33
-37
-39
-35
-39
-54
-57
-55
-39
-8
19
21
11
-4
-6
7
3
-9
-10
-1
2
-1
7
27
40
40
32
25
33
44
45
49
66
71
65
65
81
89
98
115
131
119
102
99
89
74
57
37
2
-19
-21
-22
-25
-22
-17
-9
-5
-4
-10
10
40
45
36
35
54
71
55
36
34
50
76
88
66
37
56
100
105
89
77
83
104
130
139
130
128
135
136
138
132
118
117
131
136
120
89
71
66
68
68
56
55
64
69
58
44
36
16
-6
-5
10
16
12
11
16
28
45
56
64
60
40
29
44
58
59
55
48
53
60
76
81
66
54
57
76
96
91
72
64
76
93
97
88
87
93
87
72
75
83
69
51
48
50
52
42
34
26
22
10
-20
-54
-65
-43
-9
20
42
66
82
73
60
42
28
34
28
4
-13
-10
3
26
25
10
0
-4
-2
-5
-8
-6
0
24
48
50
55
58
50
39
40
34
20
20
26
28
21
8
3
5
9
20
27
34
54
73
81
70
57
43
32
25
24
27
24
19
27
33
23
20
27
38
38
40
48
59
67
45
28
23
18
16
19
25
29
28
0
32
35
28
22
40
60
54
24
4
10
18
7
-5
-3
22
58
66
45
34
39
43
43
40
34
27
33
52
72
83
70
49
32
48
84
104
107
106
109
109
98
71
57
68
86
99
102
103
93
93
92
99
104
100
82
58
48
36
34
51
72
56
36
41
66
72
55
49
41
42
54
68
76
83
87
75
68
74
82
81
77
84
80
60
56
84
128
138
106
98
112
113
99
81
84
99
88
74
74
85
88
81
57
32
4
-9
1
21
33
41
56
67
52
40
34
24
20
26
50
70
69
64
61
60
57
54
42
33
29
28
33
44
68
90
96
72
49
38
26
20
21
21
16
12
16
27
45
57
53
53
54
56
67
74
58
41
37
34
21
13
16
22
28
35
29
19
-4
-25
-29
-17
5
18
25
33
38
52
67
56
35
28
48
56
56
52
38
36
51
52
38
32
35
60
73
68
71
80
84
91
86
76
74
59
29
25
44
64
51
37
34
38
53
70
74
58
37
24
10
2
7
16
27
52
53
48
41
26
22
20
8
9
20
23
24
28
28
44
65
66
52
48
58
76
100
105
100
103
121
124
115
104
91
80
69
71
83
86
91
89
71
60
54
38
34
34
12
-2
3
19
24
39
81
124
132
98
72
77
90
85
64
54
58
59
64
67
71
80
91
93
92
83
76
88
101
92
80
76
98
92
69
55
57
65
57
41
23
22
25
29
34
38
41
34
34
40
32
13
0
-4
-8
-29
-42
-40
-37
-18
7
43
68
58
45
48
49
50
49
51
52
50
44
48
58
69
76
81
67
44
41
59
73
75
70
49
25
16
26
50
43
17
17
34
22
0
-17
-23
-19
-17
-24
-33
-50
-52
-27
0
-6
-24
-24
-19
-20
-23
-8
19
28
17
21
39
64
81
71
55
60
82
88
86
86
85
83
74
61
72
87
84
67
68
84
92
90
70
54
32
10
2
-8
-7
-5
-18
-21
-11
1
7
12
13
20
11
1
3
11
33
51
52
44
34
23
35
59
82
71
45
41
68
100
103
100
106
105
92
84
82
82
76
56
41
41
43
42
36
24
8
11
51
68
59
55
55
51
45
53
64
61
66
81
70
58
60
58
54
44
39
42
56
60
53
41
32
28
37
53
68
65
56
57
72
85
73
70
72
67
56
51
43
34
27
27
35
48
58
60
44
21
22
38
37
34
42
52
51
40
0
28
28
33
28
29
51
72
59
32
18
21
35
50
54
40
22
19
22
29
41
32
28
44
55
65
82
96
97
92
91
87
83
91
91
83
91
96
75
60
68
80
88
84
66
43
26
6
-4
12
50
74
80
73
66
67
82
82
68
54
40
28
36
66
80
56
38
37
57
82
87
73
61
64
52
41
35
26
23
24
34
40
18
-9
-29
-24
-3
12
18
4
-14
-20
-17
3
26
35
32
20
10
20
39
45
50
40
17
4
23
52
64
41
34
43
49
42
40
43
57
74
85
92
113
132
141
139
132
131
135
135
134
129
124
121
101
76
74
82
72
54
45
45
40
26
17
20
13
6
8
28
55
67
69
67
54
42
43
51
52
58
71
83
75
68
67
67
54
40
44
57
60
67
81
102
122
123
118
119
109
91
85
91
103
97
82
66
55
55
61
64
55
49
32
8
9
23
24
16
8
9
8
-4
-12
-4
7
-6
-42
-66
-59
-50
-52
-67
-59
-44
-20
6
22
42
70
82
64
28
12
19
23
21
25
49
60
56
56
68
81
71
55
44
34
35
43
58
54
39
49
57
53
38
23
-2
-24
-34
-28
-9
23
41
44
51
54
64
75
73
52
21
-10
-10
27
64
49
28
41
69
75
54
24
8
29
65
73
54
32
39
57
57
32
18
34
48
39
26
24
26
25
26
22
21
28
34
17
-3
-14
-20
-10
-10
-17
-8
4
17
22
21
20
13
9
23
36
36
38
55
70
83
84
75
71
71
88
102
102
103
115
121
106
113
141
146
123
120
125
116
112
113
116
121
109
96
88
90
99
100
90
82
68
54
42
26
17
1
-4
17
24
18
10
18
25
27
35
37
36
34
25
9
-2
18
38
36
39
51
65
72
70
58
54
67
69
52
40
39
39
38
28
26
32
57
93
115
106
91
81
58
40
33
17
-10
-33
-39
-28
-9
6
1
-19
-36
-22
11
33
37
34
27
28
42
57
66
66
57
33
10
2
10
26
39
42
45
52
67
103
112
75
52
55
66
75
84
61
42
48
66
81
81
55
32
27
35
43
64
81
70
59
54
33
21
23
16
10
10
22
37
43
48
48
37
34
40
52
43
16
-3
7
42
57
50
57
69
74
82
97
108
101
75
50
35
41
41
28
41
60
69
77
81
71
71
85
93
89
71
58
60
71
76
71
64
54
55
56
59
66
55
40
36
55
0
57
23
2
5
21
40
40
20
17
25
24
17
10
-2
2
21
38
42
52
80
103
99
75
58
42
29
37
44
44
37
42
43
40
40
36
32
28
32
34
26
17
19
26
24
25
43
54
60
76
88
72
51
29
27
33
24
24
38
55
61
58
68
84
77
56
53
60
68
54
37
19
11
24
43
43
40
50
70
76
68
57
38
20
28
35
22
5
-5
-11
-5
4
1
-1
10
22
28
24
22
35
43
44
44
53
52
37
24
25
35
24
8
18
33
42
60
81
96
99
96
91
106
114
105
102
102
100
102
96
80
64
61
70
73
80
91
92
72
64
65
68
65
72
83
82
72
53
34
33
36
41
60
64
39
36
39
36
35
27
23
23
39
56
53
51
49
59
61
49
34
41
58
66
65
57
43
44
54
69
74
72
64
53
48
43
37
27
21
25
33
41
58
72
67
44
23
9
-2
-13
-19
-12
-4
3
9
8
22
59
87
75
44
27
23
4
-8
5
48
74
82
83
76
70
73
70
64
66
73
85
87
87
81
68
51
50
71
91
100
115
131
123
101
80
60
38
29
42
50
32
7
3
5
3
7
25
45
58
59
56
49
45
48
41
27
25
38
35
8
-12
-7
23
48
27
1
-3
4
16
16
9
4
-6
-17
-24
-3
49
85
83
61
65
93
113
102
86
89
109
120
115
101
97
93
99
101
96
101
123
138
124
108
108
113
114
101
87
82
86
109
129
101
75
80
90
99
100
88
83
75
74
69
59
52
50
49
44
32
9
-2
-1
8
5
8
20
12
-9
-14
16
52
55
33
9
6
17
17
-4
-25
-14
-6
-13
-25
-21
-6
-7
-11
-7
12
41
55
54
52
57
67
73
68
54
41
44
59
60
48
52
77
88
74
52
35
32
48
51
42
37
48
57
53
52
48
36
32
44
64
76
87
88
82
58
36
42
68
82
76
80
96
113
114
105
99
85
68
58
64
65
56
54
56
54
43
39
51
54
43
41
32
26
26
28
38
38
28
17
17
21
20
8
-1
3
27
42
28
25
37
33
22
37
58
42
23
32
50
56
49
41
45
51
39
29
40
41
27
4
-17
-18
-12
-12
-1
20
32
37
51
55
41
24
12
6
3
13
34
36
38
57
73
85
89
87
99
124
132
117
87
66
67
81
85
70
44
24
20
17
-5
-17
-8
-6
-7
-7
-8
1
12
13
6
0
-4
-13
-6
-4
-13
-21
-9
17
44
44
27
32
65
75
61
56
54
49
35
25
20
22
28
8
-10
-12
-4
7
13
5
-9
-6
12
33
44
35
16
16
25
32
22
18
28
52
58
45
41
37
33
41
40
32
35
61
77
67
58
57
49
53
74
92
106
115
112
101
114
133
124
112
109
100
80
71
55
41
39
41
40
48
53
55
49
26
23
40
54
39
2
-24
-22
-5
4
0
7
17
12
9
13
27
34
41
51
39
23
28
36
37
39
50
58
71
75
76
80
71
72
84
86
84
89
107
118
131
136
113
92
92
98
99
88
67
53
43
24
12
8
10
13
12
5
-10
-20
0
5
-5
-2
8
23
39
49
44
41
43
49
52
56
59
64
73
82
93
90
74
68
70
61
54
69
82
52
5
-6
16
44
43
28
20
18
22
21
9
7
23
41
40
36
53
86
96
84
83
67
49
43
27
19
18
17
5
-1
11
29
34
23
20
21
21
21
25
27
35
35
19
1
2
9
18
26
26
22
22
25
45
81
85
60
44
44
49
38
