50
48
29
18
18
8
6
13
13
8
20
38
38
23
10
7
21
34
22
5
11
33
52
60
56
51
45
48
59
72
80
84
75
69
72
68
51
39
28
19
23
41
45
34
16
1
-12
-12
1
13
23
8
-8
4
28
37
25
9
-3
-5
7
32
34
19
4
1
-4
-7
0
27
52
53
41
43
64
82
80
71
65
61
48
23
35
57
60
50
38
28
16
8
23
28
25
19
6
7
24
29
21
20
27
18
-3
-2
16
16
21
36
43
50
55
58
60
76
97
100
112
129
132
117
96
83
80
82
87
76
57
49
51
57
60
51
36
29
32
35
36
34
28
26
21
20
6
-4
-4
4
0
-9
-28
-39
-21
3
16
26
48
61
48
25
34
34
16
20
25
18
9
20
35
44
65
67
52
50
42
39
37
33
38
35
35
33
13
4
8
6
8
20
36
40
17
-2
2
12
22
26
32
27
16
9
16
26
41
50
50
38
44
70
73
74
74
65
70
80
67
45
38
48
53
58
71
86
90
82
77
76
71
61
56
67
52
26
29
37
22
-2
-5
10
27
35
28
22
29
56
69
67
68
67
73
87
90
89
96
114
117
114
107
98
89
87
97
118
136
130
120
121
115
108
97
75
66
69
72
73
0
69
50
34
23
23
22
20
11
-13
-21
-12
-5
-4
-12
-18
-18
-10
3
28
36
24
18
17
19
23
35
43
36
34
50
58
69
70
56
33
17
25
36
28
35
56
72
87
87
74
72
76
75
60
34
13
21
42
55
52
58
65
52
65
69
39
16
12
18
12
-2
-18
-29
-18
-6
-12
-25
-26
-23
-11
5
21
35
27
17
23
26
27
28
36
44
44
56
84
96
87
76
71
68
75
92
86
69
69
64
56
56
67
70
58
45
43
64
68
36
12
16
28
33
20
5
-1
-7
-10
-5
-3
0
1
11
42
72
68
42
32
36
64
84
70
52
23
10
32
60
68
44
34
35
43
72
84
69
50
49
67
59
33
20
27
40
32
8
7
25
38
39
35
33
35
32
35
28
17
13
22
38
37
18
-1
4
18
32
45
60
55
40
54
70
70
57
49
57
71
61
45
48
55
61
72
76
69
60
67
81
91
80
71
87
108
114
100
87
80
70
59
58
67
73
76
85
81
58
28
35
67
74
55
50
48
34
22
32
53
64
51
37
44
68
75
66
43
19
20
68
122
152
138
123
128
118
100
90
101
104
104
119
116
87
80
91
105
121
123
100
75
71
76
84
72
49
36
56
91
101
87
65
48
38
28
23
18
2
-18
-17
-1
13
10
-1
-5
-1
5
2
2
3
5
1
-9
-18
-12
-4
1
-7
-12
0
2
-23
-42
-36
-21
-22
-34
-28
-13
-9
-20
-23
-13
-1
16
33
41
59
69
45
16
2
9
21
21
16
19
32
36
40
49
52
54
56
56
54
74
96
91
87
80
72
82
92
87
74
72
83
90
90
80
56
40
43
51
60
60
44
37
59
69
55
40
28
23
18
9
9
21
36
51
70
80
40
17
18
21
26
29
22
13
29
60
86
81
68
71
81
81
72
68
64
66
70
58
42
49
60
49
36
43
40
38
32
17
6
-1
5
23
24
6
-9
-2
8
1
-13
-24
-18
-10
-3
-7
-19
-21
-9
6
22
51
67
44
23
24
34
41
33
23
36
54
66
72
82
97
112
107
98
89
85
82
84
83
76
77
83
74
51
41
55
77
84
60
35
27
27
24
26
39
20
-6
-5
19
35
35
26
24
33
41
42
32
17
24
33
22
25
41
37
24
5
4
16
29
54
66
70
88
96
88
97
90
77
66
54
38
28
28
38
54
70
59
50
48
51
51
38
29
39
0
49
51
51
36
29
48
69
84
88
90
87
77
77
90
109
113
83
70
72
76
85
85
71
56
67
89
88
70
58
58
58
52
38
27
26
10
-9
-9
-1
4
-5
-9
-6
5
22
28
19
24
52
67
56
53
74
103
112
105
117
134
147
148
130
114
118
122
121
116
101
88
84
81
80
87
98
88
74
70
69
72
72
60
50
39
36
35
20
8
4
6
-6
-35
-43
-40
-30
-17
-2
-2
-17
-33
-38
-22
-3
-5
-5
1
2
-12
-18
-10
-10
-10
0
12
27
25
18
25
43
45
34
11
-2
1
19
33
39
54
57
49
50
67
85
90
73
55
48
36
32
38
41
32
21
18
3
0
8
19
24
18
8
20
39
52
37
18
8
8
8
21
42
49
39
28
39
58
76
81
81
81
75
70
66
59
50
50
53
43
38
39
57
57
40
28
37
37
24
7
3
18
35
32
24
36
49
42
19
-2
-12
-20
-25
-38
-43
-36
-27
-34
-40
-28
-24
-13
8
27
28
23
16
21
50
69
59
55
65
74
88
101
98
96
101
89
73
75
91
91
83
69
60
53
55
57
42
29
37
42
52
52
55
55
34
5
7
20
9
-5
-3
-4
-10
-14
-3
12
26
42
34
17
19
37
39
36
38
33
43
55
65
81
89
73
43
24
24
36
41
43
39
32
21
26
23
5
-12
-20
-19
-17
-21
-11
-2
3
7
19
26
28
27
23
20
23
29
41
51
57
59
68
81
76
75
72
75
74
66
72
96
114
108
84
77
85
92
82
64
56
72
72
50
37
43
48
35
25
32
36
49
73
97
101
76
50
51
64
64
65
66
52
48
52
58
57
54
36
33
43
54
56
38
22
33
50
45
33
18
20
51
71
59
35
17
26
68
81
70
72
52
25
8
6
13
21
37
60
53
19
5
17
19
8
1
4
25
57
60
65
70
65
58
66
80
86
98
81
58
64
85
88
69
42
25
27
41
50
49
23
2
-9
-8
6
28
36
21
5
-2
-4
-1
6
3
-12
-18
-2
12
11
6
17
33
44
56
64
60
68
67
59
69
70
58
57
68
60
59
65
69
66
69
67
58
55
50
42
48
55
58
49
37
37
37
38
49
51
42
41
52
57
28
-4
-10
-4
6
22
35
40
40
53
72
77
66
52
44
53
84
97
84
74
75
87
103
117
118
112
103
108
113
103
105
109
86
69
54
51
59
70
56
38
0
38
51
56
57
56
52
57
51
40
38
43
34
17
4
-6
3
20
20
25
28
40
44
44
53
58
50
54
54
49
52
48
25
21
41
50
39
35
37
35
33
37
53
61
59
42
39
51
48
39
41
59
72
68
64
54
39
24
29
40
28
28
37
35
37
52
64
71
69
68
64
56
59
59
54
48
42
49
50
43
43
50
67
70
51
36
41
40
23
12
23
33
32
23
16
-3
-3
16
44
58
44
34
21
25
28
21
24
42
58
65
70
65
58
54
43
43
55
40
10
-3
6
22
24
11
13
27
35
56
76
74
57
35
32
52
59
53
55
53
53
54
49
33
20
27
29
20
4
2
12
25
27
35
51
58
67
65
56
65
75
73
57
33
25
43
69
68
39
36
56
65
66
68
56
34
22
26
35
19
-4
6
34
43
37
34
51
56
48
41
45
66
92
102
89
76
81
103
122
136
138
138
141
140
134
124
118
100
89
98
105
108
106
91
72
65
56
56
56
40
39
39
26
21
29
39
42
49
65
74
71
70
83
91
91
90
89
88
89
92
87
83
82
84
74
70
80
90
92
89
71
44
55
100
121
103
67
32
16
19
36
52
49
38
48
64
58
48
22
0
-21
-57
-86
-91
-77
-44
-24
-30
-46
-65
-55
-20
-4
-10
-6
10
13
18
24
17
-2
-14
-24
-22
-2
8
11
27
54
75
86
82
59
40
43
57
45
37
38
41
38
41
36
19
11
22
36
45
53
45
52
67
74
72
64
55
56
55
52
53
49
34
20
20
39
51
42
44
53
54
50
55
49
38
36
48
64
64
48
41
45
44
42
44
42
38
33
19
6
18
23
22
17
17
26
33
41
44
37
18
7
26
57
70
54
43
40
29
23
29
42
36
19
5
12
27
32
33
27
25
21
21
38
58
73
72
59
50
40
11
-7
3
29
38
22
6
13
27
33
29
38
45
53
56
45
27
25
33
25
13
25
37
38
43
61
74
72
57
53
54
48
53
81
88
72
68
76
73
64
55
40
37
45
45
45
36
28
37
42
35
24
28
42
36
22
18
18
17
12
9
1
-10
-9
-4
1
19
43
43
22
7
23
59
83
83
72
65
82
97
99
104
90
69
61
67
68
59
50
37
39
53
66
51
38
52
53
20
9
21
36
37
26
22
20
20
42
68
72
59
54
51
36
22
28
44
37
0
23
10
-4
0
20
37
44
43
50
72
74
65
53
42
28
21
24
38
45
48
56
69
72
66
56
40
27
28
42
56
67
70
55
45
51
54
45
44
56
65
69
52
34
50
71
70
73
84
81
67
51
49
58
64
54
40
43
57
64
72
89
89
72
53
52
64
65
52
51
64
54
40
43
57
50
28
28
37
37
25
22
32
40
37
33
55
81
85
80
69
74
92
116
96
67
60
69
72
70
55
49
64
92
119
133
120
98
87
92
92
80
67
72
71
54
38
35
50
54
34
4
-9
-3
4
10
9
9
21
48
66
65
61
72
65
22
-14
-3
49
74
56
34
43
67
89
91
68
50
44
50
57
72
82
81
72
55
50
55
54
53
56
57
64
59
48
37
28
26
38
42
21
-10
-21
-9
-7
-9
-6
4
19
19
21
28
50
65
52
33
35
44
54
60
58
50
37
37
38
43
59
67
54
56
65
54
37
36
39
36
25
25
27
27
28
28
42
53
51
36
32
40
44
27
8
0
-4
-10
-12
-11
1
4
1
1
5
-2
-11
-14
-20
-11
-4
-7
-18
-20
2
37
55
43
25
24
42
61
67
59
68
88
87
72
54
55
66
67
56
52
59
65
71
97
107
83
55
49
55
41
27
34
39
40
41
38
26
11
8
10
6
-1
-9
-29
-39
-27
7
51
55
33
26
37
58
81
83
73
58
53
59
66
69
59
54
57
55
53
51
58
67
64
67
71
74
81
83
86
81
70
61
49
41
37
40
43
57
69
68
55
48
38
33
33
32
26
25
32
34
32
37
43
41
50
49
42
48
56
68
72
65
58
69
76
76
86
103
113
112
105
109
117
133
148
134
101
75
71
82
84
72
58
37
20
21
16
7
17
27
38
43
27
-4
-28
-27
-5
8
1
-5
13
38
57
57
43
35
32
38
48
55
58
64
60
50
35
40
41
38
39
53
82
96
93
106
98
80
77
81
88
100
102
86
56
41
50
53
41
26
10
1
-12
-8
7
10
-1
4
13
17
8
-1
-2
7
28
37
25
18
33
57
71
70
65
56
49
58
97
121
115
104
105
107
101
82
66
70
88
101
83
56
49
49
48
39
34
34
35
26
10
6
4
-2
-2
-1
-2
-17
-25
-23
-34
-37
-37
-24
-9
1
12
5
-5
6
23
12
-1
6
26
56
81
64
52
75
98
91
75
83
103
131
146
153
161
150
0
144
138
133
133
131
130
132
130
122
108
96
98
112
101
60
37
38
58
68
38
11
11
19
12
6
10
27
51
56
58
68
81
86
74
53
38
59
90
108
105
87
84
84
88
93
85
80
70
72
90
114
116
112
112
116
116
114
115
117
120
113
92
75
67
61
58
57
42
6
-21
-25
-25
-27
-30
-33
-25
-13
-17
-27
-33
-8
32
64
59
32
8
6
32
58
58
41
39
58
70
77
81
74
59
40
35
39
49
56
53
58
64
68
68
52
36
32
25
16
1
0
9
3
-19
-34
-34
-29
-36
-36
-34
-30
-38
-34
-24
-22
-21
-19
-11
-6
0
9
19
39
41
34
37
38
38
28
21
21
37
59
80
74
54
38
39
45
52
76
101
104
88
74
71
60
52
51
48
48
53
36
6
4
21
35
39
48
41
32
24
25
40
40
34
39
54
48
20
12
23
28
35
38
33
21
19
36
57
57
54
57
61
61
68
83
89
85
69
55
55
64
66
67
68
71
77
69
69
74
73
56
38
27
20
4
-7
-19
-34
-45
-39
-27
-12
18
26
12
11
34
48
35
20
12
21
28
34
35
39
44
40
54
73
81
83
81
77
66
40
26
52
70
75
69
50
35
27
52
87
104
96
70
69
83
96
103
88
58
48
58
69
69
58
50
55
50
38
36
37
34
27
25
44
53
35
32
41
58
67
64
64
64
69
65
49
26
20
41
57
42
32
27
24
23
39
50
56
71
76
64
54
53
43
25
18
22
23
36
53
69
67
53
52
50
49
45
51
49
38
52
75
80
57
38
43
66
74
84
80
67
57
56
52
55
53
44
41
44
40
29
38
43
36
28
21
20
42
65
77
84
81
80
82
80
68
64
69
59
59
68
71
58
56
71
72
72
64
44
35
22
16
26
42
45
32
13
24
70
114
117
93
85
76
67
70
80
71
56
42
27
18
6
17
56
100
91
56
40
44
49
48
41
38
45
72
105
86
38
20
42
72
64
33
21
24
32
52
85
99
98
88
85
82
82
74
59
50
42
48
57
74
71
59
61
81
77
50
26
36
50
56
57
39
27
25
23
16
3
-6
-6
13
32
24
16
18
20
22
23
29
37
38
40
49
56
58
45
37
42
48
56
60
54
53
43
36
32
32
37
40
33
29
32
25
19
12
17
34
56
55
35
27
42
50
44
37
26
23
41
72
0
81
83
80
68
60
71
82
71
65
59
59
65
67
76
99
119
121
102
87
76
56
53
54
42
24
26
40
33
8
-13
-26
-23
-19
-24
-25
-22
-25
-19
-6
-9
-22
-13
-4
-1
-17
-29
-17
10
21
10
-1
-5
2
21
36
40
39
28
35
48
67
83
60
33
29
38
40
34
34
33
25
32
42
48
40
26
20
38
56
49
39
53
66
59
66
73
74
80
85
87
86
71
57
51
56
68
72
80
83
92
108
112
98
70
51
51
58
60
66
71
73
75
75
73
67
64
65
61
48
38
33
29
38
33
25
27
33
39
43
52
55
66
67
45
22
17
16
27
53
65
49
42
51
58
65
80
68
40
24
12
7
13
18
17
25
49
72
81
64
53
58
70
70
60
41
25
29
49
52
29
25
53
73
69
55
54
59
59
52
53
60
64
58
49
36
36
51
57
43
24
26
29
13
1
2
8
21
36
41
42
42
49
66
89
112
88
50
33
35
41
40
33
43
55
53
51
44
41
41
55
73
85
102
91
54
38
44
51
58
69
71
66
65
70
85
91
74
50
37
26
28
38
44
56
72
74
71
64
58
56
51
48
41
45
52
41
24
22
29
34
34
34
25
25
36
43
42
35
27
39
45
40
37
49
70
87
86
81
72
74
75
59
43
29
20
18
29
65
93
98
74
64
68
73
70
57
49
52
76
116
133
106
73
70
88
108
102
72
53
54
55
41
23
19
21
13
17
28
35
40
51
76
85
65
38
24
25
36
40
52
59
55
43
45
56
57
51
41
35
34
38
55
75
69
55
48
42
42
35
18
18
21
27
35
39
45
43
21
-4
1
8
5
5
7
9
6
-1
4
18
35
50
37
17
4
1
-2
3
7
17
36
49
43
28
42
54
29
17
24
37
25
11
3
3
12
26
17
9
26
51
53
21
12
43
61
60
56
66
74
75
72
81
84
64
54
60
50
35
38
56
70
75
82
76
82
102
109
96
76
74
73
72
80
75
66
57
52
53
57
58
52
43
32
18
16
23
33
42
48
44
42
49
60
61
71
80
76
81
92
89
68
61
84
92
82
80
87
98
104
82
38
8
4
24
54
64
50
26
20
29
26
18
8
4
16
34
56
58
48
41
60
68
38
25
38
44
41
35
38
36
25
26
32
45
50
36
22
26
41
50
52
42
35
0
40
44
32
21
25
28
28
18
7
-6
-21
-22
-22
-19
-7
7
33
50
61
61
45
41
51
54
43
32
42
69
69
65
73
81
84
75
66
71
82
86
91
92
86
81
65
58
61
67
74
73
54
34
28
32
44
54
38
35
54
68
67
43
28
32
34
33
19
23
43
71
89
73
55
53
51
65
96
100
77
57
54
68
65
55
53
67
85
93
89
86
84
80
75
74
70
74
75
50
32
40
57
74
91
86
65
54
51
51
41
12
6
16
17
8
-2
-14
-20
-19
-5
12
19
11
17
18
-1
-14
-7
7
10
11
8
11
23
25
37
50
51
55
59
68
74
86
101
104
102
102
116
135
145
140
132
120
131
132
121
115
99
74
65
61
54
41
41
70
90
76
49
50
64
70
65
51
34
32
49
60
60
54
57
70
81
87
88
99
107
116
129
123
106
89
97
104
98
86
89
104
118
131
138
132
114
117
134
146
136
115
96
80
69
59
52
44
38
23
17
11
-2
-10
3
10
1
-7
-7
-7
-8
-7
-18
-24
-33
-30
-21
-7
10
24
28
33
48
58
44
35
41
52
56
48
41
48
64
58
40
33
40
44
53
51
23
8
3
4
19
36
42
52
44
27
18
21
22
20
7
-4
-9
-9
-3
-11
-20
-17
-13
-23
-39
-56
-57
-37
-18
-7
2
-8
-18
2
26
34
21
11
20
26
23
37
55
65
69
66
57
49
51
54
54
54
42
24
28
40
37
25
27
27
5
-5
-2
-7
-26
-36
-24
-6
-7
-10
8
38
48
35
27
32
36
24
9
18
53
76
75
56
67
90
85
64
44
40
53
64
55
59
70
80
86
80
73
91
98
84
65
56
59
56
42
23
19
27
16
-5
-21
-35
-22
12
37
36
42
58
54
40
38
39
48
53
52
53
52
43
51
55
64
75
91
90
75
59
67
81
75
64
66
71
69
66
71
68
68
81
102
103
103
103
93
82
83
90
91
83
65
48
39
43
53
44
23
-1
-10
6
42
60
26
4
23
53
57
39
9
-6
2
25
37
39
44
53
48
35
32
54
69
70
73
88
87
60
49
57
68
66
70
77
76
67
51
42
48
50
37
36
38
34
23
24
28
28
21
11
7
7
9
16
19
20
21
36
53
49
26
18
22
20
22
33
39
36
26
20
19
27
50
67
67
57
72
85
72
61
61
59
55
60
60
48
55
67
53
33
36
48
0
49
49
54
49
32
18
8
3
6
19
23
17
3
0
11
32
39
26
9
20
42
49
37
39
59
76
74
50
42
73
98
87
68
71
82
71
66
70
73
69
60
49
52
66
84
92
100
104
113
101
82
74
60
42
51
57
44
26
4
6
33
52
58
50
33
28
42
58
54
43
60
80
87
84
70
64
64
50
34
35
37
38
37
27
34
42
32
12
10
19
22
9
0
0
4
-2
-5
4
26
44
45
24
5
4
22
37
37
37
42
55
71
82
66
56
58
60
75
92
91
86
85
90
90
86
90
102
108
104
91
84
86
85
81
71
57
54
52
57
66
61
61
57
44
37
29
38
37
32
41
53
49
13
-12
3
28
34
11
-7
-7
8
25
32
32
22
21
34
43
42
25
8
9
18
37
71
84
67
25
-6
1
35
83
113
107
98
104
115
117
107
102
96
82
69
74
96
115
115
100
66
35
18
20
26
25
27
51
49
29
12
2
-3
-1
-5
-18
-14
-7
2
6
16
42
70
88
91
75
67
69
84
99
86
55
34
48
80
73
44
19
16
32
34
22
11
19
26
36
51
60
59
44
37
48
53
41
36
34
41
54
54
50
25
-3
-23
-19
-10
-6
3
8
8
24
40
44
40
18
8
17
24
24
25
28
33
45
54
58
60
58
60
64
81
92
81
64
59
72
87
88
91
92
89
85
68
65
77
87
91
98
83
58
66
84
87
76
60
59
76
74
66
65
68
64
52
52
69
72
68
70
91
117
131
119
90
70
71
81
85
85
92
101
104
107
123
135
128
112
86
58
64
100
119
103
88
81
85
89
77
40
26
34
32
26
25
22
24
28
27
13
-3
-24
-26
-6
9
4
-7
-5
-3
-4
-3
0
10
8
2
1
-5
-9
-11
-2
-1
-6
-5
-6
-11
-10
-7
-4
2
9
20
23
22
23
19
7
16
27
23
3
-10
-12
-12
-2
6
10
12
22
29
18
3
4
17
20
17
19
27
40
45
51
56
58
56
53
48
39
42
59
82
96
97
87
69
66
76
89
86
72
65
67
67
66
66
60
42
36
37
33
23
17
16
23
26
19
11
17
26
24
12
12
19
21
34
56
64
51
38
51
71
71
68
59
56
66
67
64
77
91
99
88
73
82
90
89
83
81
89
97
101
98
83
82
92
96
81
65
59
66
73
67
56
57
53
34
19
19
33
44
48
0
49
52
55
70
69
50
40
43
48
42
37
42
64
71
76
72
61
75
82
71
58
56
53
52
56
57
56
65
82
80
67
68
87
89
76
66
58
58
76
85
76
52
22
12
17
12
8
-1
-14
-20
-5
18
35
32
18
-1
-7
5
28
41
38
25
20
38
53
57
54
44
54
69
81
59
41
51
70
81
76
81
75
61
64
68
66
50
36
41
51
50
38
49
75
83
60
42
33
50
73
68
45
24
22
26
33
33
20
5
17
45
53
40
36
40
38
49
77
92
84
76
76
80
74
74
71
67
55
51
51
45
44
54
57
49
48
56
58
54
39
33
43
51
48
34
9
-3
11
35
42
33
2
-7
12
23
20
27
44
38
22
29
50
59
61
73
83
84
82
85
102
118
131
120
89
85
104
114
101
86
92
114
121
123
130
132
134
136
140
154
160
160
147
135
139
137
121
89
68
71
81
73
58
66
85
87
64
38
22
16
20
32
36
39
33
27
43
72
96
91
70
48
32
11
7
12
27
33
27
35
44
41
27
6
-8
-5
8
20
13
-2
-17
-22
-18
-17
-14
-6
-1
3
0
-3
-5
-6
-13
-27
-39
-49
-53
-67
-70
-67
-61
-58
-52
-38
-39
-52
-44
-18
-4
-10
-17
-10
-4
-2
4
26
36
38
56
40
7
12
38
35
19
22
34
40
44
42
53
69
77
68
52
45
55
66
49
38
53
58
29
9
20
27
19
-1
-18
-4
21
16
0
11
38
41
26
8
3
0
5
36
56
41
34
36
43
36
25
24
25
21
12
23
52
71
64
44
40
49
64
65
49
44
67
84
83
75
72
85
115
123
99
73
70
68
73
87
89
84
72
64
64
65
70
80
86
80
56
42
51
56
60
59
50
55
82
101
107
114
116
90
85
86
84
83
73
64
41
24
25
32
28
29
32
28
41
53
48
34
35
39
34
36
48
50
40
40
52
58
49
49
57
51
39
27
17
10
8
12
35
58
70
71
74
69
53
51
50
42
40
48
56
58
58
65
72
75
68
59
44
34
40
53
64
51
27
-1
-11
-5
-3
0
9
27
37
34
32
32
27
35
27
6
9
34
55
72
80
77
81
76
60
56
70
84
82
73
70
65
67
80
97
103
90
72
68
76
83
76
67
64
53
39
42
53
64
57
43
37
32
38
49
52
43
24
18
32
35
24
35
54
54
56
70
84
101
97
0
69
54
60
86
118
124
115
107
106
112
123
135
131
121
122
118
102
104
113
115
107
98
77
59
41
24
21
45
67
52
25
17
22
26
28
27
21
4
2
12
28
48
67
56
22
-5
-6
16
37
52
50
44
51
38
20
19
21
26
39
61
67
56
51
54
59
57
33
16
28
39
40
54
51
27
12
3
0
6
9
1
-3
-7
-10
-9
-25
-37
-30
-21
-19
-19
-13
-11
-11
3
16
25
19
10
5
9
19
23
24
29
28
9
6
19
26
38
36
27
43
65
72
65
64
75
85
89
82
65
48
50
64
67
49
36
49
53
42
29
19
11
7
19
33
24
12
18
25
38
42
35
32
56
68
49
32
28
25
25
33
44
57
56
40
50
72
89
86
69
67
74
74
81
90
89
91
96
87
82
87
107
122
116
96
99
123
131
117
89
73
68
64
57
68
83
76
59
49
52
68
72
61
42
34
38
40
26
4
-4
8
34
50
51
40
32
37
48
44
43
56
71
85
87
76
71
68
70
71
71
74
88
96
86
82
83
93
109
128
