60
54
57
59
44
19
-3
-13
-8
3
-5
-17
-6
4
6
18
28
23
17
10
11
22
35
43
36
20
17
19
11
1
-6
-3
7
18
36
57
69
67
59
56
59
68
73
83
77
69
58
48
42
49
65
68
57
52
36
25
28
35
28
18
16
22
24
34
43
42
36
34
29
39
58
64
50
41
40
43
27
7
8
33
55
56
52
53
58
59
69
82
90
97
93
96
92
75
66
67
65
57
59
70
77
72
51
44
61
70
59
42
37
39
28
20
24
28
27
24
24
24
26
32
38
38
28
34
48
57
60
54
48
49
58
67
80
92
90
67
49
50
56
70
77
83
84
77
67
60
58
75
81
45
16
13
28
38
52
55
40
28
39
51
51
49
42
32
34
40
38
24
8
-2
-13
-18
-12
-13
-11
-4
5
9
21
37
36
41
64
72
70
59
51
59
85
105
112
98
85
91
107
113
102
92
91
97
99
92
85
86
80
67
59
58
60
60
53
35
22
33
48
51
51
53
52
37
24
18
16
19
10
6
8
12
16
23
36
44
50
53
52
39
38
52
56
37
21
21
40
55
53
37
18
17
34
34
23
23
29
34
28
33
53
68
66
49
33
33
39
35
21
3
-8
-1
3
0
3
8
0
9
18
28
37
33
25
36
53
66
73
83
102
116
115
116
116
119
118
104
86
74
83
91
85
64
44
48
51
41
32
26
23
24
36
40
32
18
9
6
8
6
2
-7
-19
-24
-26
-8
8
7
7
6
7
17
26
26
19
16
18
24
26
32
41
52
52
50
55
57
69
75
76
96
105
83
57
43
44
59
76
96
103
103
99
91
87
87
85
83
83
75
68
54
43
50
49
25
17
43
83
97
81
66
56
57
60
73
82
72
60
56
57
66
68
58
54
61
76
86
86
90
103
112
106
105
113
124
133
115
96
89
89
86
84
88
83
83
92
93
88
77
66
58
59
54
37
27
33
27
23
33
43
42
39
38
44
51
55
53
49
44
40
33
16
6
5
7
20
37
55
64
58
44
28
24
24
18
11
10
17
24
36
49
58
55
35
21
32
48
59
66
58
52
45
35
23
24
20
9
0
-2
2
4
2
-9
-21
-20
-4
5
4
6
8
6
17
33
38
37
35
32
26
32
40
55
68
66
53
40
41
51
52
37
28
48
59
64
73
88
82
71
64
58
38
12
9
18
26
28
22
22
11
-13
-19
-3
4
11
32
37
33
29
35
40
40
37
37
50
58
71
84
85
71
61
66
81
97
100
92
91
91
82
72
73
76
72
56
34
22
29
41
42
39
40
43
39
38
44
49
41
37
37
28
34
56
65
50
26
21
27
41
41
34
28
26
28
32
32
22
11
16
22
33
39
29
19
19
27
44
51
41
25
24
37
41
50
50
50
56
64
54
26
12
12
26
33
28
17
0
-9
-6
5
7
4
3
1
-6
-7
5
20
25
42
64
68
68
70
70
59
36
22
28
40
38
40
38
37
41
45
58
75
81
73
66
60
67
76
75
65
52
29
27
32
34
41
45
43
37
25
19
20
25
35
42
44
40
24
10
11
10
18
26
39
51
43
35
35
38
37
34
43
50
40
26
16
13
32
45
49
43
41
53
59
54
39
24
26
32
28
27
21
22
25
22
10
2
0
10
21
24
16
6
18
25
26
23
19
25
35
28
26
34
38
37
34
22
18
33
68
85
68
45
48
71
85
70
48
57
80
83
69
50
41
48
51
51
39
22
20
40
54
50
39
40
51
65
64
60
68
68
54
37
33
43
67
86
82
70
75
80
81
85
81
64
43
33
23
19
0
19
21
16
10
16
19
25
40
58
52
41
50
60
65
49
24
8
8
18
23
21
10
11
11
17
26
48
50
24
17
19
22
24
13
16
36
42
41
50
51
37
34
45
67
60
40
38
55
75
76
55
35
28
40
57
70
70
67
81
91
90
84
69
50
52
77
81
52
36
32
40
60
65
37
18
28
48
44
37
28
38
49
51
57
72
76
77
83
76
65
53
57
65
56
53
68
67
54
44
40
43
42
40
49
57
59
59
52
48
55
58
52
41
26
17
24
43
51
40
36
37
41
51
60
60
52
44
57
73
69
52
35
20
8
17
27
27
16
6
21
35
34
38
48
54
58
54
56
49
45
60
67
57
49
35
32
42
51
50
51
49
42
51
64
70
69
65
67
69
56
40
25
19
18
18
23
25
32
44
64
68
67
59
41
13
6
24
39
36
24
12
12
24
34
34
20
7
12
28
49
53
41
38
51
72
98
108
99
73
61
68
82
83
80
75
65
59
61
69
76
69
61
70
80
68
40
26
12
-3
-6
9
23
26
40
54
57
52
39
21
10
11
19
23
29
34
27
19
7
13
41
42
12
-8
9
53
80
72
60
68
68
70
69
59
56
67
83
97
88
74
71
61
54
50
42
49
70
80
71
56
40
34
38
53
70
80
73
61
55
53
52
49
45
52
55
54
39
22
11
17
22
16
9
9
17
16
11
23
49
55
48
27
9
-2
-4
7
23
33
34
32
43
64
69
64
67
88
104
91
86
89
96
100
98
101
105
92
80
67
56
49
39
32
29
40
53
57
56
49
39
48
57
44
16
-5
-4
8
9
7
6
13
39
59
48
21
9
27
49
44
27
33
61
99
115
107
102
98
93
97
92
88
84
89
96
90
89
84
70
57
42
28
28
37
40
37
27
19
5
-5
-2
-2
-17
-37
-33
-7
9
19
16
10
9
4
4
7
10
19
28
37
53
81
90
84
76
74
73
67
59
43
33
29
29
32
32
22
17
12
21
40
66
84
81
69
67
70
72
59
49
44
32
22
25
27
22
8
4
17
33
29
8
-5
13
40
36
10
10
37
59
68
71
61
54
58
70
74
71
65
50
38
40
41
49
55
50
42
38
39
49
66
74
81
67
48
43
53
59
54
40
38
40
43
39
32
21
6
1
1
2
5
12
21
17
6
9
18
18
0
7
5
9
19
25
28
35
49
60
75
77
70
64
59
60
66
74
73
57
44
44
67
84
83
75
64
57
58
51
36
32
42
49
36
27
24
20
24
33
26
21
32
35
29
28
38
54
64
60
59
73
90
91
87
67
53
68
87
77
50
27
34
41
33
35
53
65
67
74
75
65
48
44
53
57
49
33
25
24
22
24
26
33
36
37
40
44
39
18
6
4
8
17
13
5
-2
-2
4
19
36
41
40
49
55
52
42
27
17
12
20
29
34
38
36
24
23
37
55
57
53
56
66
68
80
81
66
60
75
85
80
69
61
56
53
48
40
37
26
11
8
20
24
20
17
22
37
33
24
26
33
28
28
34
40
60
81
97
104
88
73
80
92
89
83
84
81
74
73
75
75
70
70
86
106
117
121
114
101
91
88
89
96
88
72
56
53
54
57
70
80
80
69
56
35
24
35
36
25
19
23
25
29
40
53
54
54
61
73
89
90
83
92
102
86
71
76
96
97
90
92
103
103
85
65
56
68
75
70
65
59
56
43
23
8
-2
-11
-19
-26
-34
-35
-34
-41
-44
-46
-44
-30
-7
19
23
9
10
23
27
19
8
19
38
45
53
57
68
70
59
55
59
68
72
68
72
88
101
104
100
91
84
72
65
68
70
65
64
55
41
21
3
17
42
52
49
37
16
4
21
33
19
-1
-17
-3
19
17
5
8
18
23
23
26
39
54
51
44
43
54
58
51
42
44
49
49
41
32
25
33
34
26
11
7
11
22
25
17
8
10
34
45
33
18
13
21
27
20
9
12
23
28
32
43
58
64
64
53
39
48
70
72
67
72
84
88
81
74
76
70
73
83
71
48
40
59
92
109
90
68
59
48
34
29
39
57
76
84
81
74
72
64
32
0
-13
-17
-6
2
13
37
58
56
37
29
35
45
57
64
70
70
60
43
38
57
83
99
101
103
108
101
84
74
81
77
57
49
64
92
119
122
105
109
122
117
100
81
57
40
49
80
104
101
83
81
88
90
88
76
60
43
32
29
38
38
35
40
52
50
49
57
65
61
56
42
26
24
22
20
9
9
11
10
17
23
38
52
53
34
18
22
23
24
33
36
32
35
53
59
51
34
36
61
74
64
48
42
52
44
23
0
-3
1
5
2
18
52
69
65
52
27
11
12
10
4
8
9
4
9
21
16
0
9
12
20
19
26
41
43
45
50
52
57
53
38
33
39
52
48
37
40
48
50
55
41
29
33
41
66
71
57
41
28
11
1
-2
25
52
37
34
54
73
85
83
70
54
32
12
32
70
86
87
88
71
39
25
43
59
48
27
19
35
57
68
72
87
103
108
103
99
97
87
72
55
55
69
61
49
41
42
51
56
55
64
72
60
43
43
58
70
71
53
27
9
3
16
28
35
32
19
10
22
48
58
56
59
55
38
33
49
65
58
52
48
37
24
24
26
33
42
49
42
43
51
38
17
2
-9
-5
22
42
41
21
-1
-7
-4
-8
-13
-18
-10
2
7
12
26
42
32
4
3
19
25
16
9
20
37
53
52
32
21
38
58
72
75
69
64
61
69
71
55
32
20
26
51
81
85
74
58
53
53
54
57
72
76
66
54
57
59
55
37
6
0
19
34
23
5
13
39
40
26
1
-4
19
43
55
55
51
41
36
38
54
65
64
72
89
104
108
113
115
97
66
53
66
68
66
82
105
116
103
96
98
90
69
52
38
35
32
22
25
50
67
71
70
67
43
20
4
3
11
32
43
41
21
5
17
38
53
37
8
1
11
32
48
53
57
67
68
57
55
66
74
65
54
48
45
50
66
88
97
98
103
103
96
82
82
87
80
80
84
81
71
58
35
16
9
9
17
22
33
40
38
32
29
26
16
33
75
91
73
50
34
32
40
70
97
102
85
75
91
103
106
117
137
145
130
117
119
129
124
114
104
105
115
109
98
98
103
108
108
103
92
89
90
76
55
48
44
37
28
24
24
26
26
28
36
43
35
12
-1
2
6
7
10
32
50
38
20
21
38
60
56
34
22
35
45
55
53
40
38
57
76
74
64
59
66
82
88
85
73
58
57
76
91
82
56
40
40
40
20
-4
-5
10
21
19
17
23
27
9
-21
-45
-40
-19
-3
-4
-11
-5
17
36
32
-1
-29
-22
7
25
19
16
21
26
39
52
48
33
37
65
89
100
88
69
51
41
44
51
57
71
81
82
80
71
66
58
49
39
39
40
38
37
37
36
42
48
42
33
12
-5
-18
-19
-4
7
16
18
11
16
29
50
49
45
55
58
66
67
59
57
53
52
55
55
54
54
60
72
76
80
84
99
128
132
103
85
74
71
76
74
54
33
34
52
52
48
52
59
66
60
44
36
39
42
0
41
34
25
35
51
52
37
29
26
19
18
23
16
3
-11
-19
2
35
51
42
32
21
5
4
22
37
33
27
42
58
69
76
68
49
41
43
53
44
23
7
3
10
17
20
32
39
40
26
1
-9
-1
4
3
-7
-11
-12
-3
21
36
35
27
27
40
49
44
35
26
22
18
16
26
43
52
55
64
67
56
35
17
11
18
28
37
37
34
27
35
41
39
29
26
37
57
64
55
40
32
32
40
43
34
9
3
18
32
29
33
37
48
52
52
48
42
54
67
71
68
72
77
83
77
59
50
51
55
67
71
66
64
72
69
56
50
58
65
56
54
66
82
83
70
61
76
76
60
64
80
88
75
57
50
41
36
37
41
39
32
24
37
54
45
19
-2
-2
5
7
13
34
39
35
24
11
9
28
45
35
21
23
40
51
49
54
73
74
72
73
70
59
66
72
65
61
72
77
82
89
83
75
75
75
76
83
80
75
75
73
59
42
40
44
41
34
23
11
8
13
20
20
13
4
-2
2
17
34
40
41
41
43
42
41
49
59
64
50
42
56
66
56
50
61
73
71
70
83
96
88
73
70
68
49
24
7
8
19
19
12
10
6
9
17
10
5
10
18
17
20
36
50
55
72
85
73
50
38
41
49
54
53
41
38
43
55
54
38
27
32
35
24
10
21
44
64
65
60
60
51
36
26
33
28
3
-12
-9
-2
1
-4
-9
-13
-12
5
17
16
4
-2
9
17
10
9
4
-2
5
18
26
39
53
66
71
59
45
43
49
49
43
39
41
65
91
87
60
59
80
87
88
99
109
98
80
72
69
69
67
64
64
56
49
33
20
22
43
72
88
87
91
92
92
93
86
68
57
57
64
74
75
61
51
49
68
80
65
48
41
49
54
55
54
57
50
36
32
37
42
54
67
84
99
97
86
73
66
54
45
51
54
48
33
12
7
11
22
32
39
42
44
45
38
32
42
54
55
42
28
27
41
60
70
66
56
44
48
54
67
76
73
72
86
92
82
73
80
87
92
87
81
84
97
108
114
103
80
64
59
56
45
32
21
19
16
2
-19
-28
-17
0
-1
-5
-11
-12
2
23
34
32
24
11
5
16
33
38
32
40
66
84
84
72
59
56
66
82
85
77
75
82
88
86
82
76
80
84
75
55
41
37
27
23
26
38
49
56
67
68
53
44
39
44
0
41
33
24
23
36
48
53
58
61
59
58
58
48
40
38
35
40
45
38
40
65
88
100
97
97
104
115
106
87
73
70
68
65
59
60
56
54
45
24
12
22
37
38
28
17
4
0
6
16
36
40
23
8
7
5
-3
5
22
27
27
24
12
7
16
29
36
35
35
41
37
26
36
61
76
71
60
69
101
121
115
96
81
87
101
96
80
77
89
96
92
80
53
39
33
33
40
40
39
33
29
42
43
25
10
7
7
11
19
23
26
24
20
23
36
55
71
83
90
80
69
73
86
107
118
118
114
105
97
85
81
76
70
53
26
12
21
28
34
33
32
38
45
48
52
51
45
35
20
3
-12
-7
6
9
10
8
5
2
3
16
27
32
28
32
35
38
43
48
41
37
41
45
43
37
52
70
72
65
69
83
83
80
81
71
51
38
40
42
38
37
38
39
39
39
36
34
43
40
21
0
-8
11
33
21
18
28
41
42
42
49
53
52
43
48
56
59
53
48
54
67
86
90
83
73
69
71
77
82
84
82
81
82
82
82
80
74
72
68
67
66
60
71
74
66
55
44
48
60
65
52
39
32
26
27
37
58
69
60
55
55
68
80
82
81
72
60
54
55
58
58
53
51
65
69
68
66
69
73
68
57
54
53
49
50
52
59
72
80
77
74
68
68
55
37
32
24
18
16
20
19
7
-4
-17
-18
4
27
44
51
42
34
19
17
27
49
58
49
34
23
35
42
24
8
16
37
52
50
42
48
64
70
65
72
76
72
75
83
80
74
70
70
71
66
48
32
28
41
61
65
56
51
36
17
11
16
21
21
16
0
-8
-19
-29
-17
18
43
50
39
34
26
23
21
18
13
9
24
48
55
60
65
60
49
29
22
23
34
39
39
51
66
53
19
-2
20
57
70
67
49
33
27
36
55
61
38
13
10
20
34
38
28
12
19
38
45
52
50
28
11
7
19
37
56
82
89
85
85
85
72
66
70
74
68
43
24
28
59
87
86
76
76
75
81
88
96
92
74
57
57
56
53
54
68
80
81
68
50
33
29
48
68
71
68
64
66
75
85
83
68
38
10
9
38
66
59
33
26
44
68
74
73
77
86
87
74
69
82
93
91
85
70
58
60
66
64
55
48
42
59
66
36
6
2
25
51
41
6
-9
3
23
39
56
68
64
50
28
0
19
17
21
21
20
27
48
71
91
92
67
49
44
53
67
65
51
28
21
21
35
45
44
42
38
35
51
66
59
49
42
40
34
24
29
33
19
5
12
25
27
22
17
21
9
-11
-22
-19
-12
-6
-4
2
10
27
52
64
53
37
9
-4
8
43
60
54
50
55
66
65
50
37
24
40
85
102
101
117
130
131
129
119
96
65
49
54
84
90
75
71
59
42
33
25
23
27
34
39
32
6
-9
-10
-9
-13
-12
-8
-4
-11
-21
-24
-8
19
32
23
26
39
41
33
34
39
39
51
72
84
85
99
118
119
107
103
96
85
67
51
57
74
80
75
66
44
34
24
9
6
8
13
18
11
11
17
9
4
6
7
8
23
61
84
68
53
68
91
100
85
59
48
52
69
90
91
80
73
85
88
74
66
64
67
69
66
54
53
60
66
65
72
80
81
81
71
73
75
70
67
53
37
33
39
57
70
75
81
73
52
38
37
38
19
-12
-12
18
50
60
55
52
57
51
26
9
16
39
70
91
99
85
70
70
87
98
84
66
57
67
76
64
42
19
-1
0
21
38
42
51
55
45
25
16
20
43
58
53
41
23
7
-6
-26
-39
-37
-21
0
17
27
27
35
40
55
70
75
59
38
28
34
41
40
32
28
53
71
66
68
82
89
88
86
81
81
74
58
59
80
76
66
64
65
53
39
37
44
49
42
41
45
54
67
70
66
53
39
37
38
32
19
18
34
41
44
55
67
75
76
69
61
59
64
70
88
90
81
81
89
99
88
75
60
49
60
98
117
106
96
96
102
98
91
84
65
39
16
3
16
35
44
49
44
27
16
9
3
-1
3
12
16
8
10
27
41
44
44
40
34
35
48
49
42
41
52
52
38
28
24
22
33
44
58
60
52
44
43
43
48
52
66
80
76
60
51
44
52
52
43
24
1
-2
13
20
11
9
20
39
48
41
26
11
11
17
13
1
-6
-17
-18
-1
26
34
21
2
-2
16
50
77
87
83
73
69
57
43
44
59
68
57
38
33
34
28
24
18
8
1
1
17
28
17
0
-4
10
27
26
34
44
50
49
37
33
38
43
40
25
12
12
21
22
26
42
58
60
55
64
82
85
74
76
90
91
77
74
81
74
72
75
83
98
109
107
89
69
59
51
41
37
39
50
54
44
22
11
24
40
45
43
40
28
32
59
90
88
0
48
27
35
37
32
16
18
34
39
37
36
44
60
71
66
51
41
33
34
37
39
48
57
68
65
42
34
54
73
66
54
58
68
70
69
68
65
58
53
45
27
21
23
16
1
-8
-5
3
23
51
60
36
9
6
16
26
34
33
37
42
54
67
65
68
80
70
54
51
69
84
73
45
27
37
65
83
97
98
91
89
99
109
117
107
90
67
41
26
17
10
13
16
18
19
19
12
18
40
45
33
21
24
32
21
10
11
18
25
36
59
80
69
69
81
83
81
73
65
49
49
66
71
67
60
66
82
88
86
80
68
48
26
38
80
101
89
74
72
77
82
75
61
41
29
36
56
72
68
58
52
37
39
57
67
59
42
37
44
49
42
48
70
92
91
72
51
53
76
92
97
90
91
101
104
96
81
74
70
53
39
28
27
27
26
20
3
-8
7
32
40
35
26
24
33
48
50
35
24
18
13
24
28
22
7
-11
-23
-11
11
32
38
36
41
54
67
74
72
49
28
17
20
26
29
33
40
60
89
91
89
85
61
35
20
18
20
23
33
37
35
28
27
41
50
44
50
65
66
59
65
69
70
82
90
84
66
44
21
7
12
18
24
32
32
27
28
20
11
20
38
59
61
54
56
70
84
87
72
51
41
45
54
58
65
70
69
76
99
97
81
75
72
64
49
37
41
45
49
44
39
29
26
26
32
29
21
17
21
27
33
28
22
21
23
19
21
23
27
25
23
24
35
44
33
9
10
27
41
54
55
55
57
51
50
56
60
67
65
59
64
56
54
55
49
43
42
49
55
50
44
48
53
58
55
55
52
59
74
85
80
53
42
52
65
53
33
20
13
8
8
9
17
22
34
42
38
26
23
22
21
34
49
48
37
34
33
37
53
59
65
73
64
39
28
38
43
49
56
65
70
69
65
66
65
57
52
52
60
83
89
69
50
50
60
70
69
61
52
50
54
48
38
38
41
42
43
53
56
43
26
29
37
38
40
39
45
52
51
44
32
35
39
40
51
45
33
26
40
52
49
49
58
60
56
56
57
58
70
73
61
61
71
74
73
69
58
55
55
55
42
27
22
22
23
24
25
22
28
40
49
52
51
56
69
72
57
60
80
76
55
41
40
43
51
50
37
25
27
38
53
52
49
50
45
39
38
54
68
71
66
61
64
60
56
0
56
59
56
51
45
34
17
12
22
32
35
35
37
44
50
38
23
27
42
50
48
52
60
67
68
71
69
60
53
55
64
74
86
100
112
93
73
80
87
85
69
50
51
65
73
75
64
39
33
40
35
12
1
6
5
1
1
11
19
10
9
24
43
54
53
49
49
44
43
53
57
55
54
51
44
51
67
65
41
38
55
61
53
44
44
50
58
68
70
64
59
56
40
40
48
51
42
28
25
37
42
38
26
16
9
4
-8
-17
-27
-42
-39
-20
-12
-18
-17
0
23
32
38
56
59
55
55
49
29
22
36
56
61
60
52
42
41
43
48
44
48
51
56
75
96
89
59
27
12
20
43
68
70
56
44
49
56
55
52
52
45
27
22
32
39
35
32
37
51
53
41
36
33
32
36
45
51
54
64
81
89
81
68
59
51
42
54
75
87
85
85
96
100
84
54
37
33
35
44
52
36
16
16
22
38
48
49
50
40
51
44
27
17
19
25
20
2
-10
-12
-9
5
23
28
38
52
54
48
44
51
56
55
52
51
49
51
51
51
54
69
85
90
99
114
130
136
130
109
93
83
58
35
27
34
37
40
44
50
55
57
56
56
56
54
51
45
54
54
41
26
20
32
44
45
22
3
17
55
87
88
69
57
65
69
66
74
88
86
67
48
35
32
36
49
64
66
57
49
48
51
51
52
65
74
71
64
67
75
88
84
71
70
68
64
57
53
42
28
25
35
32
20
17
12
26
48
60
60
53
49
54
72
84
82
66
41
43
57
55
55
60
73
74
67
67
81
72
64
73
76
71
67
57
43
32
23
20
23
28
37
40
38
32
34
39
48
44
33
32
48
57
43
25
36
59
67
56
37
21
16
19
21
22
34
42
41
45
52
58
67
54
42
49
67
65
43
32
28
38
51
51
43
41
42
48
44
32
16
-1
-6
-13
-12
-2
9
11
0
-8
3
24
37
37
33
29
43
55
50
48
50
59
69
67
52
43
57
76
74
59
52
53
56
57
60
58
67
81
74
67
57
53
56
66
77
90
91
84
80
80
81
76
70
68
72
85
86
80
70
59
51
36
27
34
38
36
27
25
36
54
61
53
42
34
37
52
65
65
73
87
88
83
68
65
70
76
69
54
61
85
97
85
71
71
74
67
65
72
75
68
60
53
54
60
56
49
54
70
72
58
0
42
37
34
38
38
32
25
23
29
28
22
17
10
5
4
5
8
13
18
16
12
17
11
5
10
16
17
6
-13
-28
-20
3
25
40
48
44
38
29
18
16
37
65
76
65
48
44
48
50
61
68
58
49
50
49
42
36
26
23
33
50
66
74
66
50
41
39
25
6
8
29
55
73
86
100
104
89
75
60
52
53
59
71
89
92
77
58
50
51
50
43
52
67
65
64
64
58
40
26
19
19
26
34
49
64
73
73
72
75
81
76
69
65
52
42
49
59
58
48
44
51
53
53
49
34
23
26
37
48
48
32
16
18
27
39
45
51
60
68
72
81
75
67
68
74
83
96
98
84
80
81
71
49
28
25
29
34
26
20
23
22
18
12
12
26
39
44
48
50
49
34
22
28
40
44
44
37
35
43
48
56
64
67
68
67
60
64
72
82
68
43
36
38
41
44
39
34
32
32
42
43
38
36
51
59
45
39
34
13
5
10
19
26
29
36
38
27
19
18
24
39
45
41
41
44
50
41
40
50
48
26
7
