23
19
21
28
35
26
20
26
48
53
41
32
19
11
17
29
42
37
22
18
33
59
84
86
73
66
75
88
83
70
73
84
85
83
91
98
83
64
51
55
58
50
44
49
70
90
100
96
84
81
82
80
69
60
57
42
21
22
40
49
42
37
38
40
51
54
49
48
49
43
28
10
16
32
41
51
54
51
42
42
53
59
59
57
59
59
55
56
61
60
43
32
34
38
28
10
-1
8
21
10
5
13
27
42
33
4
-11
-6
-3
-3
0
-4
-11
-14
-17
-11
-3
5
11
22
28
48
68
77
60
40
37
33
28
45
64
67
60
58
60
67
65
60
65
56
48
45
44
41
41
48
64
87
101
100
86
80
81
83
70
38
16
1
-4
8
26
39
35
34
42
41
36
34
32
33
33
38
50
52
48
38
25
34
54
71
76
77
82
86
84
64
43
38
44
51
43
33
35
41
53
73
88
81
69
69
65
53
44
41
38
35
27
27
32
28
35
32
13
7
8
6
2
-3
-4
6
10
11
24
27
27
34
38
48
65
74
76
80
87
92
84
71
70
69
67
60
59
64
64
60
56
52
48
39
38
54
66
52
42
37
33
27
21
23
33
33
16
11
25
33
29
29
28
22
16
18
26
32
0
33
42
55
51
38
34
28
26
24
27
42
55
52
37
27
29
40
44
51
53
53
58
58
44
37
49
55
41
19
18
34
44
50
51
53
56
55
43
26
12
4
4
11
17
20
21
26
25
21
18
11
19
22
29
38
35
33
27
32
40
49
58
60
67
82
83
56
33
36
50
49
50
55
65
71
59
52
65
74
69
53
48
49
54
58
68
76
75
61
44
29
26
36
42
50
52
51
48
50
43
38
34
20
18
17
11
10
16
27
50
67
60
52
49
56
65
53
41
24
29
51
64
59
51
55
68
70
69
68
57
51
48
42
33
22
23
38
43
40
44
52
40
35
37
37
25
8
6
25
42
53
56
44
27
22
27
34
41
51
65
87
101
105
112
113
96
69
65
69
66
68
81
86
72
60
69
84
83
69
60
60
64
55
44
40
41
54
65
50
23
5
8
21
32
27
16
11
19
33
53
70
65
33
11
18
32
34
27
17
-6
-19
-14
-4
10
5
-10
0
33
56
59
58
54
54
58
65
58
44
43
58
57
40
36
50
58
52
40
35
50
68
72
70
71
70
56
40
25
28
35
27
13
5
9
29
50
53
48
41
39
26
21
26
27
25
20
2
-4
-2
-1
0
5
17
33
44
52
57
58
68
74
90
86
64
42
36
40
52
53
38
34
42
52
52
39
36
53
71
73
56
42
43
50
56
74
83
80
75
75
57
43
54
69
59
42
34
36
39
34
9
-24
-37
-21
-6
-4
-8
0
7
9
22
40
44
28
13
24
43
54
57
65
85
108
106
74
56
66
76
66
40
24
27
39
40
44
58
75
76
66
60
60
59
57
57
56
52
41
33
32
33
34
36
45
52
43
28
22
22
28
26
22
32
41
38
28
35
49
49
39
41
60
74
76
77
89
98
99
98
87
87
93
100
98
92
93
100
100
82
64
68
80
86
90
85
67
56
60
69
64
44
32
40
53
43
19
-1
-2
10
22
21
24
36
38
38
37
40
55
66
64
54
48
43
34
8
-6
-7
-5
9
34
52
54
49
44
51
68
84
86
74
52
35
25
27
34
36
27
8
-13
-13
7
17
10
6
8
10
5
-3
-13
-23
-26
-18
-9
-10
-6
5
11
19
26
42
59
60
50
34
19
20
42
66
75
76
81
84
81
75
74
65
45
40
52
58
58
60
64
55
49
39
28
19
12
0
16
19
20
20
22
20
18
11
6
3
6
13
16
8
11
34
53
56
51
43
36
32
41
55
57
51
52
52
41
38
50
51
42
48
59
66
69
70
64
64
69
73
81
90
92
88
70
52
53
55
53
44
27
12
-1
-1
12
25
27
26
33
44
52
49
35
26
20
21
25
25
32
35
25
16
10
17
23
22
21
25
32
33
39
54
64
59
54
53
56
56
56
44
28
24
36
42
51
67
69
52
29
25
37
41
41
52
66
61
49
32
19
22
35
34
33
35
27
27
34
26
10
17
36
40
33
37
54
56
44
41
48
49
43
35
37
56
81
83
72
67
71
82
86
89
92
99
101
88
71
52
38
35
38
42
44
41
37
35
35
27
17
16
32
43
41
34
28
40
53
52
42
43
61
73
68
55
50
52
55
67
70
73
81
81
83
88
81
66
65
72
82
85
87
84
84
83
72
68
64
56
52
49
38
37
34
18
8
3
3
-2
-4
-7
-13
-7
0
0
-3
-2
6
18
23
24
27
37
43
45
48
48
48
53
60
64
64
72
83
86
83
76
72
70
64
56
50
36
39
42
48
53
65
59
36
20
24
36
28
12
9
4
-7
-18
-21
-24
-27
-25
-20
-7
6
9
7
17
28
33
16
9
26
43
49
50
54
64
75
76
66
51
43
53
64
60
57
67
83
100
105
92
75
65
55
51
48
40
35
33
34
38
34
22
18
9
17
40
53
53
55
56
54
44
41
54
68
69
66
70
72
84
103
106
112
117
113
97
88
96
93
82
73
67
72
84
85
80
80
90
92
84
72
74
82
67
44
24
20
35
38
33
21
10
21
37
38
27
13
3
5
21
26
23
17
10
12
22
26
25
33
44
49
55
70
83
84
76
64
50
42
41
45
43
38
36
36
32
22
12
7
18
42
61
67
53
38
37
44
59
64
51
44
44
39
38
37
28
19
9
8
11
21
27
34
48
55
55
53
57
65
58
44
40
48
48
28
22
24
37
49
52
51
51
55
60
58
48
45
54
57
57
60
59
57
57
65
71
81
74
56
51
72
92
82
52
37
34
25
21
18
26
19
6
5
11
11
11
8
5
10
26
38
38
37
34
20
8
18
36
38
33
34
43
52
48
53
64
64
69
83
98
98
85
70
51
40
43
49
49
50
51
50
53
53
43
37
32
26
20
0
16
6
1
-3
-7
1
8
4
-10
-19
-9
-4
-5
-9
-11
-5
6
21
29
38
48
60
72
80
91
96
88
84
87
90
92
90
84
80
80
75
69
67
81
86
82
72
59
42
38
48
52
49
35
28
32
34
35
36
50
67
72
58
12
-26
-26
-5
18
36
39
39
43
55
69
80
70
51
43
67
99
117
121
116
106
114
133
139
133
128
129
137
149
141
119
99
91
97
98
91
85
81
80
70
64
64
60
60
58
56
41
23
10
-5
-34
-41
-33
-25
-26
-41
-56
-71
-82
-71
-40
-8
0
-5
2
22
52
69
54
27
26
42
56
77
101
92
55
34
50
76
83
69
60
60
54
50
56
68
77
97
108
107
105
101
88
75
69
67
68
60
56
53
40
25
7
-7
-21
-22
-12
-12
-12
-20
-33
-44
-57
-57
-55
-52
-35
-11
0
-3
-11
-21
-22
-18
1
23
26
26
37
55
73
76
72
69
67
67
64
55
52
50
53
56
58
70
87
97
93
98
107
105
99
105
116
113
88
59
40
24
18
13
8
3
20
59
76
70
55
49
44
37
27
24
24
39
52
45
40
48
55
68
76
69
54
52
66
70
75
84
70
55
64
81
85
68
42
37
49
54
49
41
35
28
26
21
11
6
0
-8
-8
-7
0
16
25
23
13
12
21
36
35
24
21
20
19
22
18
12
24
41
48
42
48
52
52
52
48
44
51
59
53
40
38
38
40
48
56
65
69
59
39
29
34
43
53
55
49
53
64
59
41
20
12
16
9
4
7
21
35
40
51
68
71
64
65
82
91
86
80
87
96
80
66
56
51
59
61
54
53
66
82
97
104
107
112
106
99
92
86
69
53
42
50
57
64
52
39
50
58
56
49
42
36
33
42
52
51
52
48
38
33
24
13
9
4
-2
-7
-8
7
24
37
37
23
18
22
32
32
25
34
51
72
83
80
58
29
8
9
41
69
71
55
36
32
42
48
43
43
55
64
55
52
51
45
43
48
56
66
68
72
85
83
54
27
33
41
40
34
35
59
83
80
59
50
51
52
45
36
37
44
48
56
70
72
59
53
60
74
88
92
90
75
60
58
57
50
41
42
48
56
72
80
73
67
34
4
3
12
27
32
21
12
17
35
50
42
28
18
22
38
57
68
65
65
65
71
72
74
86
85
69
54
44
49
50
55
57
57
53
50
44
40
43
42
28
0
24
26
26
24
20
19
18
9
2
-1
5
12
13
10
12
26
41
41
37
36
35
41
52
55
55
58
61
56
55
56
54
57
69
71
71
72
76
81
84
83
74
65
56
53
53
45
51
70
85
87
87
85
75
69
59
49
28
24
26
20
21
34
49
41
37
35
27
22
24
34
39
48
48
42
39
40
42
42
43
51
53
55
64
70
68
66
70
72
73
85
86
81
69
59
58
54
41
25
17
21
21
18
20
22
21
24
35
44
49
43
44
49
52
43
36
36
44
64
74
84
81
58
45
48
55
59
58
56
55
53
40
24
35
55
69
66
51
41
39
35
23
19
21
25
24
36
55
53
36
23
17
6
2
13
34
40
33
34
50
60
55
49
40
39
51
60
58
44
40
40
37
25
22
35
51
57
73
86
81
66
53
44
38
25
23
36
54
60
66
86
115
113
85
72
84
87
80
73
64
51
36
28
23
11
-3
-12
-9
-9
-6
-10
-12
4
19
10
3
0
4
18
28
37
35
38
26
12
3
3
8
7
10
27
39
33
26
11
5
17
27
45
69
61
37
33
49
56
56
65
70
70
66
73
73
59
39
25
33
48
52
49
43
38
32
26
29
39
48
53
55
39
23
12
5
0
9
22
33
36
29
20
19
23
29
33
24
17
34
65
86
85
69
69
88
99
101
107
104
90
83
84
83
72
64
69
76
84
89
93
88
71
52
35
28
41
70
86
74
64
57
50
33
7
2
10
27
44
43
25
6
6
27
41
40
27
20
12
9
11
23
28
37
50
65
69
70
74
67
56
59
59
50
50
57
55
39
40
64
73
66
65
69
70
67
67
67
60
55
53
57
69
72
67
55
56
69
70
65
61
54
43
40
40
28
9
6
21
24
10
-9
-28
-23
1
20
21
26
33
33
40
48
39
25
18
19
25
21
6
3
22
48
58
55
50
42
36
37
37
32
21
12
11
17
18
8
5
10
20
27
37
40
28
22
19
9
7
16
20
22
26
34
37
33
34
48
54
50
51
50
42
50
69
82
86
83
60
43
43
49
59
66
58
50
48
48
49
45
51
64
73
81
76
65
57
55
65
84
87
75
67
57
53
44
32
27
40
44
44
42
36
20
9
12
24
27
32
33
41
54
60
56
50
44
43
52
66
72
82
91
97
89
82
74
70
65
52
0
48
54
55
58
61
55
48
43
48
51
53
59
71
75
67
56
51
50
53
51
37
35
52
71
56
29
24
27
27
26
12
-8
-10
-2
9
28
43
43
18
-10
-18
-18
-22
-19
-18
-26
-34
-14
10
22
10
3
7
17
24
34
42
43
38
36
45
59
56
44
39
34
40
52
56
67
72
53
28
20
35
54
55
43
33
24
22
28
34
32
33
35
45
58
59
44
53
67
64
52
50
53
53
51
53
59
61
58
61
64
58
51
49
74
98
99
89
88
93
85
66
55
61
70
69
56
41
32
39
69
87
80
58
41
39
49
42
32
27
33
38
40
28
23
33
37
39
36
24
11
18
27
24
6
-2
-1
-8
-19
-11
1
12
22
22
11
2
8
26
38
36
32
34
37
36
40
55
60
60
57
55
60
72
73
69
65
66
75
85
75
70
69
68
59
49
36
23
19
19
18
17
22
37
35
35
33
24
26
40
51
55
49
48
59
69
60
45
41
49
64
69
59
52
54
60
67
66
56
61
81
88
84
74
65
65
60
50
49
49
38
41
50
44
38
34
33
39
43
55
76
86
80
68
59
56
55
53
54
55
52
39
22
17
19
24
34
33
37
50
56
55
59
57
53
53
57
64
61
61
64
57
65
81
81
72
68
69
69
71
70
66
67
74
76
80
80
83
91
89
74
67
64
67
70
67
57
51
51
55
61
60
55
40
35
41
52
54
53
52
51
44
49
64
69
70
74
86
88
76
71
69
59
43
40
40
41
37
27
25
33
34
34
35
38
34
40
48
36
20
27
45
49
42
37
34
48
61
56
33
18
13
12
18
21
23
34
39
41
40
33
27
35
43
45
34
20
16
24
33
22
8
21
59
82
69
53
52
72
92
90
81
72
72
73
72
64
48
43
53
55
44
32
22
34
37
23
24
49
64
58
49
43
48
53
53
55
54
53
65
80
83
83
85
84
73
66
65
60
61
70
75
67
52
44
44
54
59
58
59
65
66
67
70
59
34
22
36
51
51
40
28
24
20
11
7
13
22
23
23
20
23
22
18
12
5
6
20
34
42
48
39
25
34
60
74
50
27
27
36
40
35
21
21
28
38
42
53
66
70
61
56
54
52
53
55
57
56
69
88
84
60
53
56
54
48
51
73
73
57
55
71
85
82
57
37
44
70
81
68
61
0
60
57
57
60
74
84
81
66
57
61
64
65
65
59
56
43
36
42
53
64
76
73
42
25
35
40
36
26
16
17
29
33
26
21
12
17
19
12
18
34
49
43
24
21
41
50
44
42
53
59
57
56
57
60
68
68
57
51
49
53
57
65
69
70
57
38
27
36
50
56
57
52
38
20
17
24
36
38
34
26
24
27
26
27
21
7
2
4
4
-4
-21
-20
1
25
21
4
9
36
61
67
57
51
45
51
53
52
42
37
41
48
36
32
42
57
58
60
69
70
73
86
102
106
97
86
87
89
88
82
69
58
59
65
41
10
-7
0
27
42
24
2
6
22
35
45
43
23
12
23
36
42
42
50
56
56
56
58
54
58
68
69
59
58
55
50
50
57
58
50
39
40
49
54
66
72
77
82
87
90
99
114
122
112
87
73
73
71
56
49
48
43
35
21
10
1
-4
0
-5
-22
-28
-19
-10
-14
-19
-11
-1
4
7
22
32
27
37
52
60
66
56
40
39
39
40
59
76
80
82
83
72
67
84
97
83
67
73
87
82
73
68
55
42
29
29
32
36
33
21
11
1
-6
-4
-5
-10
-10
3
6
-1
5
28
49
49
42
43
51
52
56
66
69
67
67
69
75
82
86
87
87
90
99
109
117
117
113
114
107
96
86
89
96
101
91
75
69
73
89
99
96
88
73
58
54
64
66
65
66
67
73
73
67
60
54
51
57
64
56
43
38
42
56
67
65
54
33
19
12
3
4
-2
-19
-24
-22
-11
-11
-9
-2
6
0
-7
1
21
38
37
20
10
17
21
22
22
25
34
34
34
42
57
58
53
55
64
64
50
38
38
37
39
56
68
69
71
81
88
88
75
69
68
65
52
41
48
64
74
86
85
72
66
75
89
84
74
70
66
75
80
60
53
56
58
58
51
39
40
51
56
51
49
56
67
67
58
54
60
64
65
66
60
56
48
28
11
8
20
35
48
49
38
26
28
48
51
43
34
25
38
57
71
70
57
52
56
64
56
36
29
53
73
74
74
73
74
75
76
84
92
90
81
65
57
61
55
40
29
40
49
38
26
25
24
25
18
9
22
43
50
44
36
26
22
26
39
40
34
36
40
52
59
60
58
75
87
81
72
68
67
68
71
88
92
80
66
55
53
56
49
29
18
21
20
12
17
18
6
5
6
1
2
9
17
21
0
20
12
6
6
16
23
26
29
28
19
7
6
20
27
27
23
18
25
37
50
53
45
38
44
68
82
84
75
56
40
41
51
50
38
32
34
49
60
68
70
76
84
77
56
40
26
19
4
-8
-5
5
3
2
10
29
44
40
25
16
19
34
42
42
52
66
70
68
71
70
64
61
57
52
51
57
64
56
54
56
61
60
67
74
75
69
67
65
49
28
12
11
24
38
41
34
22
22
50
58
34
10
8
9
6
4
5
16
32
37
49
58
59
56
58
64
71
91
106
102
90
89
104
107
101
87
83
86
99
104
112
112
98
82
80
81
68
57
57
65
67
64
65
57
50
40
34
33
22
12
7
17
34
36
40
38
20
6
9
22
29
36
44
54
53
50
45
51
38
19
17
25
26
21
20
21
25
29
35
34
33
41
48
52
59
76
82
69
61
57
50
42
43
51
52
50
52
60
72
70
55
37
28
37
42
43
43
48
44
38
34
43
52
44
38
42
48
41
42
50
54
64
60
59
58
52
45
44
41
37
36
44
59
71
66
51
40
44
58
73
61
36
27
34
28
28
41
40
20
5
18
36
48
59
59
45
38
34
27
26
19
12
12
10
3
-5
-1
9
18
27
36
36
36
37
27
24
24
22
17
8
4
7
27
50
54
53
53
53
57
74
91
92
90
88
91
100
92
75
65
66
66
60
76
92
89
89
86
73
61
64
67
74
80
65
49
43
52
58
58
58
56
45
40
48
54
57
58
54
64
73
68
61
54
48
41
43
56
64
58
54
51
49
51
65
84
91
89
72
49
50
71
82
68
55
55
74
83
59
36
28
25
25
19
17
27
37
39
40
34
23
35
49
51
52
45
34
25
18
20
27
35
44
58
68
72
68
53
48
56
60
65
65
59
65
70
68
59
60
59
56
54
42
20
16
22
25
25
27
32
33
34
42
43
32
25
49
77
99
105
103
66
25
17
24
40
42
33
36
60
84
86
70
66
67
68
75
84
86
84
83
77
70
64
55
48
45
55
65
65
57
51
49
49
48
41
36
35
38
42
42
29
17
3
-4
-4
-17
-23
-22
-14
-7
-9
-9
-4
7
24
39
39
34
28
36
49
58
64
58
67
73
75
89
113
116
113
106
97
87
84
89
100
97
82
66
61
59
53
41
28
25
22
13
11
22
38
38
23
0
13
23
38
42
42
43
34
8
1
10
22
19
3
-8
0
17
25
27
33
35
39
39
36
28
27
25
26
34
33
7
-11
0
25
48
59
65
71
75
72
69
66
57
50
44
38
34
43
60
69
65
52
38
26
28
37
45
66
81
81
68
48
20
19
40
52
43
36
34
33
25
28
49
64
72
75
71
69
69
54
39
44
61
69
74
70
67
68
71
66
54
55
60
71
80
75
65
51
44
48
40
35
28
34
44
49
41
28
13
7
19
29
36
39
50
57
54
50
50
54
55
57
57
51
40
28
33
45
58
53
49
53
66
67
66
67
68
66
59
64
68
74
75
68
52
41
40
38
45
53
44
48
59
69
71
75
72
66
67
64
64
67
74
81
75
65
52
43
51
64
65
57
51
45
55
61
53
39
42
51
43
35
37
51
70
82
76
68
68
70
69
51
29
23
26
36
28
11
11
32
40
33
16
5
8
6
7
9
4
-5
-1
9
19
16
2
-3
-2
-3
2
-2
-8
-10
-3
4
12
25
29
23
18
21
28
24
25
39
53
71
81
73
60
53
54
65
70
69
64
57
55
51
40
36
43
52
49
51
61
65
59
55
59
68
59
48
36
23
19
25
36
27
17
4
-3
0
-1
0
2
-2
-2
6
22
28
18
10
22
39
49
37
29
43
59
56
40
39
55
70
67
53
50
67
90
108
102
96
98
114
128
124
115
97
73
66
76
82
80
87
96
88
73
64
66
68
58
42
38
42
39
37
45
57
57
58
52
35
29
33
34
42
38
27
19
13
23
28
38
54
66
65
64
75
96
106
108
114
121
128
121
113
104
100
106
114
117
121
122
124
116
98
82
70
71
76
82
83
70
55
54
56
50
34
22
21
24
37
43
38
28
24
36
45
36
22
22
32
48
57
56
44
35
24
32
55
68
57
39
35
32
29
20
10
17
33
48
57
65
58
44
34
27
27
27
28
37
36
27
21
16
12
12
5
-9
-24
-25
-11
0
6
3
-2
4
17
21
19
12
6
7
7
2
1
10
32
41
49
69
80
67
52
51
53
50
51
54
57
53
42
41
59
76
83
85
86
86
82
74
71
71
82
93
92
82
65
50
45
42
37
40
50
44
33
24
28
33
27
33
38
42
44
52
58
65
56
52
59
66
75
84
77
65
44
40
40
42
43
44
48
61
0
80
82
75
81
82
67
65
74
84
85
76
60
53
56
57
53
37
16
5
8
17
23
32
35
39
43
37
36
40
39
35
37
49
52
50
40
33
36
52
64
56
48
52
72
84
87
83
73
73
84
86
74
54
33
25
33
39
26
10
2
3
11
21
18
10
6
11
32
44
39
7
-13
-20
-22
-29
-39
-33
-20
-17
-12
-2
13
25
28
22
21
36
65
85
90
86
97
97
71
50
54
67
64
52
39
34
44
67
85
88
72
42
26
28
40
42
39
32
24
26
28
21
0
-17
-9
-4
-5
2
13
16
0
-18
-24
-11
11
20
10
8
19
44
61
53
50
55
66
73
76
73
61
57
67
73
76
88
96
97
96
88
75
70
71
76
87
99
99
83
67
66
70
69
59
42
43
50
41
28
33
42
36
22
10
4
-6
-23
-38
-39
-21
-10
-11
-12
-5
3
2
-1
9
24
22
4
-4
4
12
19
25
36
43
49
48
44
44
50
61
75
72
53
40
43
57
56
43
43
56
65
55
55
58
55
51
42
42
49
50
42
38
52
71
73
65
49
35
26
34
44
53
57
52
42
48
64
72
75
72
68
60
64
58
45
44
53
56
41
20
22
50
77
85
84
82
72
73
86
90
83
76
80
81
91
102
90
81
77
71
64
61
68
75
82
86
80
84
91
77
53
43
52
56
56
56
59
66
49
11
-2
1
8
20
41
49
37
21
16
7
2
-3
-3
5
3
5
26
52
65
59
49
38
42
59
68
65
57
55
55
49
41
39
41
57
70
75
76
76
73
59
49
50
69
90
91
82
69
57
53
57
54
40
33
38
35
28
25
24
24
36
48
39
37
41
41
40
38
24
12
19
32
38
38
36
45
60
69
69
60
51
52
43
34
34
41
53
60
69
60
41
35
37
37
35
29
23
23
32
33
33
35
36
35
38
43
48
50
48
44
29
13
24
61
84
83
83
89
97
98
103
113
108
100
98
106
122
132
130
115
103
105
108
104
97
81
68
56
34
24
29
41
49
42
33
21
6
-5
-13
-17
-14
0
18
22
29
42
49
37
23
10
8
26
42
49
49
50
56
59
55
49
43
48
55
53
38
43
69
85
93
91
82
76
73
76
76
65
53
53
52
53
51
51
44
44
58
72
70
55
40
29
33
35
32
19
6
9
22
23
13
4
1
0
-4
-5
-3
8
25
0
36
44
54
56
51
53
60
60
52
44
59
86
101
98
88
86
87
87
84
82
84
88
85
76
72
58
51
57
59
51
38
22
7
6
12
24
26
21
18
21
18
10
17
19
24
39
48
45
33
25
16
-3
-8
2
19
24
23
26
33
44
59
69
76
75
64
56
69
92
107
107
98
90
99
119
139
146
132
115
103
99
99
97
90
96
113
114
103
91
82
72
60
48
37
39
40
34
22
10
1
3
16
24
28
24
17
16
20
29
27
20
23
23
23
26
40
61
75
87
88
87
85
86
82
72
77
91
86
65
49
39
41
59
77
87
89
87
90
97
87
67
57
57
57
49
33
23
20
11
6
2
1
6
1
-17
-24
-25
-19
-11
-1
13
34
51
51
57
64
54
41
33
35
43
58
69
73
77
75
65
44
38
38
49
71
82
80
71
64
52
50
56
54
48
37
33
36
39
27
10
-2
0
16
28
32
40
43
39
35
33
27
23
21
24
28
32
40
53
56
52
49
51
45
45
61
72
58
42
33
27
20
19
36
52
57
