57
49
33
25
39
55
61
67
73
87
97
86
71
64
69
80
74
50
19
-3
-9
-6
-8
-13
-17
-6
17
37
37
29
36
38
35
27
23
22
18
17
25
23
27
54
72
82
98
118
120
108
106
108
102
89
83
85
99
104
89
69
50
36
34
36
33
34
44
53
52
53
68
65
49
44
41
36
37
42
38
24
12
7
5
0
-11
-13
-17
-8
17
21
12
22
33
34
24
12
13
17
19
36
54
50
37
35
40
54
72
75
60
43
42
52
60
74
91
114
119
118
101
88
86
75
69
67
60
56
48
42
54
55
37
17
6
1
1
2
12
19
19
11
0
-2
-1
-6
0
23
34
20
18
21
18
23
36
50
55
49
44
61
75
86
99
97
81
74
67
60
85
114
112
83
61
68
74
75
60
50
53
56
51
48
50
56
49
35
22
9
8
18
18
28
38
53
67
65
59
43
28
23
21
21
25
29
45
70
86
81
65
66
83
90
84
73
70
65
50
45
42
40
49
50
36
18
5
0
3
17
27
33
38
34
12
-6
-9
-7
-6
0
1
13
38
39
33
35
34
26
23
20
9
11
28
44
54
56
57
69
81
88
91
99
100
89
89
101
113
107
87
81
84
86
72
55
50
43
42
39
0
24
0
-18
-22
-21
-11
11
28
26
12
19
36
38
27
2
-21
-19
10
34
35
25
28
37
50
56
65
72
75
85
89
84
76
73
68
69
91
122
133
139
145
133
114
90
75
70
64
58
57
51
37
26
24
27
36
27
13
11
18
22
28
34
28
20
1
-20
-24
-22
-21
-10
-5
-3
-1
4
13
20
22
24
32
23
13
17
27
24
8
6
16
19
10
6
12
27
49
69
81
74
57
57
69
67
59
49
38
50
69
57
42
39
45
48
32
21
28
36
35
35
42
45
39
54
66
57
42
48
57
50
39
38
41
56
71
85
102
104
81
60
73
100
102
74
58
68
84
86
65
41
42
51
38
28
38
43
38
38
38
29
24
16
22
27
20
4
-6
-11
-9
-6
-1
4
6
21
52
83
93
97
116
136
128
96
72
66
65
52
26
21
40
65
75
77
84
84
84
86
74
72
81
85
80
59
48
42
49
59
60
60
60
45
45
49
38
22
20
35
41
37
37
41
44
51
49
34
27
37
53
58
53
49
49
48
45
40
35
39
42
29
22
36
49
49
50
38
35
41
37
23
28
44
35
17
7
1
-2
2
25
42
48
52
55
57
60
56
53
41
27
21
24
29
36
39
43
60
71
56
42
52
56
53
60
70
69
64
51
50
65
81
80
58
45
41
43
44
32
11
10
12
21
35
49
53
42
27
11
0
-3
5
17
19
20
27
40
37
23
23
24
20
7
7
26
27
19
25
32
18
5
24
65
73
71
81
89
82
57
48
54
72
90
98
93
85
76
69
72
74
76
75
76
81
81
75
70
60
40
28
43
60
67
57
44
29
32
45
50
42
54
69
72
71
58
53
53
56
54
50
52
65
58
43
50
70
88
85
60
43
49
61
69
69
53
43
42
48
57
51
41
41
40
35
33
38
44
27
7
1
-3
-6
-3
-1
1
9
17
23
35
37
35
34
41
53
59
48
26
32
29
38
44
37
33
25
25
28
36
35
24
16
8
16
24
25
26
12
0
4
5
-2
-4
3
16
18
7
0
-3
9
29
38
24
11
9
6
5
9
12
18
22
25
21
19
18
-1
-14
-4
18
23
19
13
22
37
48
48
49
44
43
66
82
74
68
76
69
51
37
37
42
52
54
56
65
71
72
75
83
73
51
40
45
50
41
23
16
26
39
38
37
24
8
7
20
0
38
52
51
44
48
51
53
59
64
55
51
39
22
16
16
22
27
32
35
33
39
53
54
43
44
65
66
52
48
50
48
42
42
55
71
77
72
65
67
80
80
57
39
36
28
18
18
23
26
35
44
52
52
48
48
54
44
39
34
27
36
45
33
18
21
29
38
41
32
16
22
42
58
57
52
45
42
51
55
58
67
74
89
104
99
75
59
54
48
38
28
19
8
6
12
13
27
36
17
-1
-13
-23
-26
-25
-29
-44
-58
-60
-49
-25
-13
-7
8
35
53
69
60
40
32
33
36
28
22
26
28
33
39
64
84
96
90
85
91
104
117
131
131
120
113
107
104
101
99
98
88
77
61
43
34
34
26
22
23
36
55
60
51
21
11
22
32
38
49
49
43
52
53
54
57
34
10
12
33
41
43
54
60
69
85
92
91
88
75
74
84
83
68
65
76
97
105
98
84
81
76
60
49
38
37
48
52
34
18
12
9
11
10
10
20
16
9
10
8
12
26
18
8
23
53
82
86
70
52
44
51
59
53
36
29
44
67
77
84
87
88
96
106
99
83
81
88
85
64
53
60
67
57
37
9
3
20
17
-1
-4
13
37
32
9
3
8
12
10
-3
-6
-1
2
6
11
11
18
42
51
44
44
54
57
59
60
67
61
56
54
50
53
60
72
82
91
102
90
67
61
71
75
76
82
76
70
58
43
28
16
10
12
13
12
19
25
34
43
44
49
36
21
19
22
32
38
43
45
38
29
48
80
114
124
117
102
93
101
102
97
109
114
99
70
48
48
59
66
53
43
52
73
76
74
67
59
53
40
18
1
7
21
27
19
4
1
2
-7
-13
-18
-34
-49
-43
-14
-6
-13
-19
-12
-2
16
22
18
19
28
42
57
76
70
48
49
74
90
83
68
69
81
83
67
51
39
37
37
37
50
64
56
44
36
23
13
27
53
55
42
45
43
42
45
39
29
24
34
35
35
42
49
37
37
42
26
13
20
39
65
70
50
41
56
75
96
100
86
86
106
120
101
73
67
81
92
101
104
96
86
85
59
23
11
18
22
23
16
17
36
58
65
55
48
34
19
19
21
8
1
3
-1
-7
-20
-38
-40
-25
-14
-17
-19
-18
-20
-25
-22
-6
5
22
29
33
38
21
1
16
43
54
49
40
41
44
44
35
26
28
29
27
25
19
19
36
38
20
4
6
17
24
21
0
12
27
39
32
19
19
11
5
11
27
28
18
6
11
34
54
57
42
33
39
72
105
114
96
74
85
112
102
67
58
75
93
87
58
36
33
49
61
65
57
52
41
42
50
58
60
65
70
65
55
51
56
60
59
59
54
34
21
38
66
75
57
48
49
53
60
70
68
65
74
80
75
73
71
66
60
58
56
53
52
60
58
32
21
44
57
60
69
66
61
65
49
26
25
42
68
73
77
91
86
72
55
32
28
60
92
102
101
104
113
109
91
75
76
75
77
81
75
83
90
88
81
75
76
85
88
86
76
77
82
57
32
28
32
27
22
9
-1
1
1
-9
-13
-3
9
12
13
26
35
18
0
-5
5
22
25
18
6
6
17
21
22
35
48
39
32
43
59
61
48
40
50
43
37
42
44
42
39
33
12
5
18
33
33
16
-8
-25
-28
-14
-1
-3
3
19
35
28
7
-8
-10
-4
2
7
26
40
41
35
42
60
72
85
96
84
72
76
90
89
68
42
32
41
67
75
69
60
67
76
71
68
65
54
57
72
92
104
96
81
73
73
69
44
25
32
41
36
34
21
5
8
27
40
41
48
65
76
80
80
88
99
97
90
87
96
100
103
98
81
76
91
102
105
97
81
66
80
98
97
70
36
20
40
69
82
80
76
65
50
50
56
45
20
-7
-34
-42
-46
-43
-34
-13
-2
2
8
16
22
36
52
64
68
66
67
69
76
82
65
49
53
64
64
57
56
50
42
42
48
43
42
45
48
52
60
67
69
72
75
73
66
70
83
77
57
35
22
17
7
1
-6
-18
-19
-6
-10
-25
-6
9
-5
-17
-12
-10
-12
-9
-2
7
16
11
2
-3
11
37
52
68
76
74
61
52
52
49
55
71
82
91
101
99
87
90
114
120
112
98
100
112
117
123
119
108
106
106
90
64
51
54
58
57
51
49
45
37
25
12
4
2
11
10
2
-6
-19
-13
2
11
16
23
40
57
55
49
50
53
44
32
22
23
28
40
59
90
89
64
49
54
67
58
41
43
50
32
12
10
12
8
2
0
-7
-7
7
7
-5
-18
-23
-11
-5
-7
3
10
12
22
34
37
40
39
38
49
57
65
72
74
81
98
118
114
93
90
86
85
89
86
70
54
55
72
80
81
74
60
45
50
67
80
76
71
71
68
54
36
25
22
33
44
50
53
60
60
51
40
33
44
75
99
100
92
0
93
98
87
77
87
92
86
80
82
89
100
117
122
114
106
100
92
96
105
105
91
80
67
49
37
32
37
55
67
58
33
8
5
9
13
11
9
21
32
39
38
32
21
16
10
18
36
38
36
43
54
57
57
54
51
37
33
44
67
67
52
39
38
35
29
34
37
56
76
81
86
91
87
92
101
102
90
75
59
49
49
44
34
18
5
2
6
19
22
11
0
-13
-28
-38
-27
-8
-4
-4
6
23
20
9
-6
-8
9
26
29
22
11
20
38
54
61
67
67
72
76
81
91
100
118
131
119
106
102
92
68
43
33
26
26
36
44
41
41
44
48
49
49
34
11
-3
-3
6
5
-7
-13
-7
-6
-10
-17
-3
23
24
11
11
19
21
25
34
35
36
52
58
50
40
48
53
57
53
41
44
66
68
65
70
70
55
42
44
48
52
50
52
66
72
70
56
40
25
23
26
20
10
5
5
4
4
17
40
65
65
51
57
68
56
51
68
85
74
60
67
72
76
84
99
121
136
123
106
100
88
83
73
66
71
82
84
84
91
89
81
58
48
53
51
28
16
12
9
11
21
24
6
-2
7
4
-11
-12
8
28
24
11
27
55
59
44
38
43
51
45
37
34
41
51
56
68
82
81
69
61
69
61
52
54
68
66
60
57
44
34
28
37
43
38
23
13
18
23
32
36
24
-1
-23
-39
-30
-17
-5
7
10
11
13
21
23
21
11
7
18
32
48
44
24
2
-10
2
25
28
37
54
66
73
80
75
73
71
68
65
59
52
60
96
98
61
32
29
43
51
51
49
39
26
21
34
51
52
29
10
10
27
36
33
17
3
10
23
28
35
40
52
70
88
88
87
81
67
55
49
40
33
34
49
60
64
64
82
90
77
68
69
82
84
66
51
45
49
50
49
37
26
25
33
38
51
60
60
58
54
55
54
49
42
44
51
50
40
26
24
24
27
17
-13
-22
6
33
44
56
60
59
69
83
75
53
41
37
41
54
56
45
36
35
48
54
64
66
54
49
50
58
69
77
82
87
87
80
74
83
87
81
73
65
48
39
37
27
28
33
20
12
21
37
49
48
43
50
51
50
51
57
60
66
60
51
50
56
54
53
54
49
36
35
42
49
54
58
54
43
34
26
39
60
71
75
83
74
71
71
80
88
96
86
67
49
23
8
9
19
22
20
27
43
51
48
0
42
52
49
36
22
24
42
34
5
2
19
38
41
33
24
21
24
38
45
41
23
1
6
22
26
29
24
4
-2
20
48
50
41
43
52
52
40
38
41
37
24
20
32
44
57
60
64
75
100
102
88
74
74
75
60
45
36
39
51
54
41
41
68
87
85
74
74
84
83
75
75
74
75
84
89
84
70
74
87
89
82
70
69
69
66
60
54
50
45
53
64
70
73
68
56
44
41
36
20
3
-5
-1
0
-1
-5
-1
13
19
19
26
51
71
76
68
50
45
56
49
22
8
25
50
68
65
51
39
28
36
48
42
33
34
35
34
32
23
23
26
19
6
23
48
50
35
21
5
4
16
22
18
5
-4
3
16
19
10
10
27
44
49
55
67
72
66
65
59
56
50
58
66
58
65
96
118
120
106
104
116
100
59
40
49
51
38
26
26
32
27
16
9
21
39
44
26
17
17
17
6
-3
3
24
40
42
34
23
17
12
18
33
49
55
70
85
86
72
66
70
68
55
51
38
21
18
20
27
44
54
55
52
38
23
21
36
36
23
17
10
20
28
27
20
18
19
22
22
21
24
38
48
52
57
54
48
51
69
84
89
86
80
81
85
101
113
102
89
97
108
104
93
90
90
89
83
72
75
91
103
102
84
69
74
89
92
72
36
18
11
8
12
23
36
41
33
23
18
10
1
-9
-12
-7
-8
2
23
44
51
48
44
65
85
87
80
82
104
121
114
83
53
43
56
75
83
72
73
73
74
76
80
73
68
54
40
32
36
44
40
20
2
5
26
34
22
7
-2
0
9
12
6
-2
-9
9
41
45
48
65
83
73
67
66
67
68
58
51
53
66
87
101
89
73
68
64
59
68
76
83
70
53
61
75
61
43
35
33
36
44
52
66
84
86
83
64
36
23
18
17
13
5
-5
-9
-2
10
16
3
-8
-6
4
9
7
2
4
7
20
33
28
26
33
28
12
3
7
20
23
20
28
36
37
44
57
67
58
52
52
57
56
57
59
53
52
59
69
75
75
70
64
54
59
70
57
34
23
27
42
43
29
22
13
17
22
38
56
57
64
81
90
83
72
67
72
85
82
68
65
68
73
77
84
86
82
81
83
85
82
74
67
73
82
72
71
82
89
92
81
56
44
53
69
83
72
53
56
75
76
55
42
41
29
10
10
32
41
33
20
20
0
27
42
53
51
44
52
65
81
81
58
34
18
11
13
19
32
53
67
80
90
102
103
99
101
98
80
60
64
76
85
81
73
57
42
28
19
17
16
21
26
37
51
56
51
39
42
55
55
44
35
21
5
11
97
247
387
499
611
725
850
971
1042
1046
1036
1041
1066
1091
1098
1096
1081
1056
1027
996
969
946
919
884
857
841
823
794
758
722
700
680
657
636
618
596
567
538
513
490
468
442
420
402
390
378
359
343
337
328
313
293
267
257
248
231
201
181
169
157
145
119
103
101
101
92
81
56
32
20
21
8
-22
-38
-29
-33
-39
-52
-60
-57
-55
-59
-71
-83
-73
-70
-97
-130
-154
-166
-161
-140
-123
-121
-131
-145
-138
-130
-122
-130
-138
-145
-146
-147
-145
-134
-124
-132
-148
-165
-168
-162
-168
-182
-188
-174
-154
-153
-171
-174
-169
-167
-169
-180
-182
-179
-197
-214
-216
-226
-227
-234
-247
-245
-225
-216
-231
-250
-258
-246
-221
-214
-218
-211
-198
-193
-197
-186
-164
-148
-148
-149
-154
-155
-151
-152
-149
-122
-107
-106
-109
-116
-116
-109
-109
-106
-99
-92
-82
-66
-60
-75
-88
-76
-55
-55
-71
-82
-85
-75
-75
-88
-93
-84
-71
-71
-86
-89
-92
-91
-99
-119
-129
-109
-98
-89
-93
-92
-87
-91
-105
-130
-138
-136
-123
-117
-116
-117
-119
-114
-106
-91
-88
-90
-101
-105
-90
-71
-70
-82
-89
-86
-74
-71
-77
-76
-72
-68
-71
-85
-99
-101
-91
-90
-99
-93
-83
-72
-74
-90
-101
-101
-114
-124
-123
-114
-97
-82
-82
-101
-124
-131
-109
-88
-92
-100
-84
-59
-38
-23
-17
-26
-38
-38
-23
-10
-11
-4
5
1
-13
-12
-4
0
-7
-23
-33
-36
-41
-42
-42
-49
-50
-44
-33
-22
-25
-17
-4
-9
-27
-35
-26
-23
-22
-26
-34
-29
-27
-23
-24
-39
-37
-21
-5
-4
-11
-20
-10
12
33
26
12
8
22
27
11
2
9
20
21
9
0
4
5
-2
1
10
20
12
20
41
56
43
26
9
-8
-3
18
17
0
-18
-23
-24
-22
-6
13
18
12
17
20
23
40
53
57
52
36
18
6
16
37
42
24
6
-3
3
16
9
17
27
38
56
65
48
28
26
27
35
40
48
68
83
87
84
57
18
-6
-10
3
20
38
48
37
34
51
64
41
9
-5
8
13
11
7
0
4
12
7
-5
1
25
43
43
26
5
-8
-7
-2
9
33
44
41
34
25
25
28
28
27
26
28
48
68
64
53
54
64
66
66
56
36
9
1
21
41
49
50
45
44
52
54
42
34
48
50
33
33
42
44
51
54
0
38
20
12
11
11
3
-4
-12
-21
-13
0
-7
-33
-49
-49
-27
-4
0
-5
1
7
4
2
5
4
8
19
33
32
19
8
2
4
22
41
54
59
65
68
60
54
53
50
39
34
43
67
75
84
74
54
37
38
49
43
34
34
25
16
11
10
18
25
33
34
28
23
16
7
7
6
28
65
85
86
86
89
88
87
89
76
52
39
45
48
27
20
36
55
65
58
52
59
68
65
45
19
-3
-17
-20
-4
20
48
55
48
34
17
5
8
18
20
20
20
41
65
65
69
80
87
104
120
115
105
113
124
122
104
99
114
128
133
132
129
119
115
103
88
82
85
76
72
71
69
60
52
37
28
22
20
25
27
37
57
65
59
50
28
21
34
55
76
83
68
50
34
24
37
65
86
96
92
83
75
68
56
56
61
73
81
74
64
51
54
72
80
74
74
72
61
60
67
83
88
80
74
69
59
57
66
68
49
22
4
2
9
9
4
0
-12
-18
-4
4
2
-9
-13
3
17
13
5
5
21
17
-7
-21
-13
-2
6
7
6
17
35
61
55
27
22
29
40
48
44
44
40
22
3
2
23
51
67
70
67
66
65
52
59
77
87
89
81
66
56
53
52
41
29
34
49
57
48
42
64
84
80
70
53
32
16
24
34
24
11
9
2
3
23
44
53
41
19
5
10
22
32
27
28
41
52
53
50
38
35
37
29
37
54
53
27
18
39
60
65
57
49
49
52
54
70
90
97
82
69
57
51
55
51
39
34
48
53
44
48
39
21
5
-1
3
17
25
24
12
12
23
32
33
32
34
44
56
54
49
43
45
41
35
33
34
44
64
85
87
60
37
43
57
55
43
41
42
43
39
24
13
9
8
6
10
24
34
34
21
-4
-11
9
34
32
22
32
57
74
65
39
33
51
66
70
76
76
84
91
77
58
54
58
74
82
75
68
84
97
91
84
90
105
103
87
77
82
91
105
104
85
50
23
49
98
115
108
103
106
120
124
117
91
60
52
60
71
74
70
66
69
68
64
51
44
42
23
11
20
21
24
20
20
28
49
60
53
23
0
-6
1
19
41
45
39
27
17
6
-8
-23
-26
-12
-3
0
9
29
50
56
60
58
54
36
20
32
51
52
26
-6
-21
-6
18
37
51
56
60
73
69
54
48
44
41
44
43
42
40
38
53
70
69
66
59
57
54
45
0
43
59
80
76
81
88
91
82
65
53
43
35
25
36
48
48
43
50
53
60
58
48
40
39
39
43
32
20
20
21
23
12
1
1
12
25
33
42
64
96
116
115
102
91
86
84
87
76
70
87
106
102
76
65
70
73
83
97
96
82
51
33
28
28
22
19
17
16
17
20
22
12
-1
-33
-57
-54
-30
-9
0
-8
-9
10
32
26
9
12
34
37
9
-9
1
20
24
25
33
32
27
39
58
74
81
65
40
42
45
25
9
19
40
32
17
11
10
23
38
41
45
40
32
42
75
87
70
42
11
-2
-6
-18
-26
-25
-19
-3
25
35
35
33
41
51
53
64
75
77
75
84
102
121
124
107
83
77
87
91
98
96
85
84
104
133
138
124
107
98
72
42
49
70
69
58
51
37
49
64
70
69
69
67
72
87
90
89
88
81
80
89
89
77
70
51
35
33
26
21
21
23
28
56
96
104
100
101
103
87
71
67
74
80
82
76
68
64
69
71
69
80
89
75
53
35
39
45
34
16
8
24
50
64
53
57
66
59
41
32
35
39
41
49
41
27
33
34
27
36
57
64
52
54
74
84
72
58
53
55
61
57
43
35
28
28
38
59
66
55
49
44
42
49
50
57
58
55
55
70
80
74
71
73
75
97
104
97
102
112
115
118
120
107
89
86
87
77
70
77
97
109
115
113
106
89
74
75
73
68
64
49
54
75
84
70
58
61
65
55
51
53
50
40
39
44
40
27
17
16
26
28
23
17
13
11
12
29
54
81
86
77
59
38
24
19
18
12
9
0
-12
-17
-6
1
0
-4
0
17
22
12
22
32
22
13
12
18
20
17
2
-8
7
27
22
11
20
48
68
68
64
70
72
68
65
58
58
68
73
65
64
88
113
103
70
57
67
67
45
26
20
16
24
35
33
26
21
11
4
5
9
7
2
16
28
25
21
26
25
11
7
8
24
57
71
52
34
50
86
92
87
71
48
23
16
19
34
53
60
58
53
50
54
73
84
75
68
57
58
66
56
42
44
51
41
35
26
28
45
65
73
73
72
80
69
43
32
29
28
33
43
41
20
11
21
28
32
38
51
66
66
55
42
43
60
71
55
49
69
106
128
107
83
80
91
103
107
104
89
59
49
60
65
42
28
28
28
34
35
26
19
11
1
-9
7
35
43
38
41
55
81
75
0
40
22
34
41
50
67
81
83
74
67
70
83
97
106
114
122
124
129
138
154
156
136
115
87
58
51
58
70
67
53
54
69
82
81
76
72
68
64
68
82
100
112
113
102
103
117
112
77
48
48
74
96
86
74
80
99
108
99
75
67
72
80
67
41
39
59
74
69
57
57
71
83
83
64
38
32
48
67
59
42
38
37
43
50
36
32
40
56
74
87
61
33
22
21
20
12
7
-4
-17
-21
-3
11
28
42
49
38
34
45
64
56
38
26
34
52
53
41
28
11
4
2
8
24
23
17
23
40
51
52
51
49
51
34
6
2
19
36
37
33
34
45
58
56
44
32
21
18
23
29
35
56
73
70
52
38
43
55
57
64
83
96
80
51
29
33
38
38
28
12
3
3
22
43
41
36
26
20
17
19
21
17
12
20
33
35
22
17
32
49
68
64
32
18
32
44
53
69
83
101
121
119
112
102
86
74
70
68
61
57
56
58
71
85
85
70
52
38
41
51
56
59
66
70
59
45
55
68
57
38
27
32
34
29
27
10
9
25
32
25
23
22
17
9
16
24
25
21
17
17
13
10
17
24
23
10
6
11
17
-2
-28
-35
-26
-19
-22
-39
-38
-10
11
25
27
27
35
34
25
24
35
24
17
18
17
13
1
-4
8
40
52
39
24
22
43
76
99
100
84
75
83
97
101
101
91
69
64
77
88
96
92
73
54
42
35
25
28
48
50
35
22
23
36
53
60
59
55
38
25
36
55
70
86
97
103
118
119
103
93
90
85
73
80
92
104
102
90
77
67
59
67
74
74
60
44
37
33
44
54
48
22
3
12
36
49
39
10
-19
-30
-28
-23
-21
-27
-42
-53
-50
-39
-9
21
35
38
37
32
24
22
33
51
59
57
61
86
121
130
101
72
68
64
58
64
71
91
102
99
84
42
22
22
17
12
10
9
19
17
28
61
67
45
42
56
75
73
66
72
92
106
99
72
57
64
73
84
91
96
92
84
71
65
75
86
76
67
58
58
54
33
27
44
67
77
83
86
96
105
96
74
56
44
43
40
45
59
72
81
89
86
68
55
49
34
28
43
64
55
24
8
22
35
28
9
-3
3
7
-1
-8
2
16
16
13
9
5
17
21
10
13
25
33
38
38
34
27
27
29
35
35
33
37
48
35
10
8
23
27
27
13
2
17
38
40
0
38
35
40
65
80
74
80
84
82
71
58
48
38
41
56
66
60
53
42
21
8
7
18
34
39
41
45
44
41
48
60
60
53
44
41
54
61
70
72
60
48
44
55
66
60
45
53
84
105
121
119
107
98
105
124
123
109
92
80
90
119
113
88
75
58
39
33
34
37
42
51
60
75
73
60
52
54
51
40
33
22
17
26
26
6
-10
-17
3
16
-1
-17
-11
-8
-13
-14
-6
-7
-10
-12
2
10
11
11
2
-8
6
39
52
41
27
20
12
8
17
27
26
24
23
17
6
5
22
45
58
65
69
76
81
85
85
85
74
68
71
76
75
80
88
96
98
97
87
72
66
65
58
56
67
86
85
76
81
75
60
60
75
88
98
84
68
65
61
64
68
61
53
52
56
58
59
54
58
58
54
51
39
21
10
10
18
16
0
-3
12
18
4
0
1
2
-4
-1
22
35
36
54
86
103
89
67
55
60
74
92
99
76
57
54
66
73
68
54
36
17
3
4
17
35
39
32
22
18
5
-11
-5
13
24
24
23
24
13
-3
