26
28
27
36
44
57
81
86
59
52
57
67
70
68
57
55
70
84
82
86
84
67
56
59
51
37
28
27
40
50
43
22
10
9
8
22
33
34
40
43
26
8
5
16
34
42
34
24
7
-3
12
48
68
76
84
87
99
107
102
92
90
98
97
97
112
132
149
153
146
128
109
118
135
131
118
93
77
76
72
60
68
76
71
53
24
10
23
26
18
8
8
12
0
-13
-11
2
-2
-18
-33
-29
-12
7
23
21
25
32
43
67
84
99
97
85
82
97
106
106
101
80
69
81
89
77
68
60
54
54
65
76
84
80
73
60
41
39
48
35
19
7
19
34
36
34
35
33
24
20
17
10
5
0
8
21
11
-2
5
18
9
2
6
20
25
32
48
49
40
42
48
50
38
32
28
35
40
52
64
58
44
43
52
60
80
83
71
66
57
51
54
51
41
40
29
12
8
8
11
2
-18
-25
-11
8
40
41
13
-2
0
2
4
16
18
17
23
37
42
38
33
34
43
50
52
58
69
89
105
128
129
107
96
114
135
144
134
116
98
90
87
84
74
69
67
59
39
33
41
41
40
33
22
9
-14
-14
4
18
26
24
17
8
6
11
16
4
-7
-5
0
4
2
4
17
33
40
34
24
39
0
82
91
60
43
49
55
55
48
54
64
51
49
59
77
71
55
55
59
58
48
36
33
36
35
35
34
28
22
8
-4
-11
-8
-3
-20
-39
-34
-22
-25
-11
10
11
11
26
53
65
54
54
54
48
49
53
56
52
32
20
34
45
48
50
44
39
44
53
50
38
44
60
86
97
101
106
101
85
67
70
72
48
18
8
18
29
26
18
5
-2
1
19
25
16
-1
0
-2
-3
-2
-6
-3
9
17
16
20
18
4
8
38
76
76
67
51
27
12
13
23
16
9
7
9
18
36
41
39
21
17
26
40
64
77
74
57
40
22
9
16
35
39
25
10
10
17
21
22
12
-3
8
49
68
58
56
54
50
50
48
35
20
26
67
84
80
83
76
59
55
55
49
36
28
33
38
39
43
48
38
34
44
64
97
104
67
49
65
77
77
69
56
52
49
43
43
36
23
16
22
36
41
34
22
23
34
54
50
25
18
17
8
6
13
27
43
42
19
3
20
44
42
36
33
41
55
43
44
66
77
58
34
32
42
35
32
55
98
106
97
84
61
38
33
41
56
65
53
38
33
33
50
61
53
44
43
42
37
39
38
45
55
57
48
44
54
52
40
35
33
16
9
20
35
32
17
13
23
28
36
36
34
38
53
57
52
54
56
55
54
54
48
53
60
64
57
38
39
70
89
81
60
64
65
60
72
80
71
55
41
34
28
25
34
35
17
5
8
22
34
41
26
25
48
50
44
45
45
38
49
73
75
56
45
52
67
74
66
66
73
89
97
81
75
82
80
71
54
40
49
52
55
57
41
21
18
18
19
19
32
48
43
41
48
42
42
51
53
58
66
70
68
66
61
59
64
70
82
81
71
72
100
116
97
61
55
75
88
73
49
34
37
49
59
67
61
64
72
82
74
56
48
44
37
37
33
12
10
18
23
33
44
39
28
25
21
19
16
9
16
27
38
41
34
28
35
41
55
60
56
55
60
65
60
60
66
66
72
89
105
106
103
99
81
55
45
60
85
81
77
99
104
90
74
74
64
43
41
48
40
35
23
4
-14
-19
-10
-5
-7
-22
-30
-28
-27
-8
11
9
8
25
43
43
25
21
38
55
56
56
40
27
24
35
49
39
13
9
23
43
59
54
39
17
10
23
42
54
60
67
72
59
39
33
37
59
81
71
43
24
32
53
60
44
22
11
0
25
45
48
40
39
50
29
-4
-17
-4
8
6
8
23
22
9
16
23
26
50
68
67
57
49
48
52
44
33
18
19
38
49
53
68
75
73
80
82
68
57
42
17
0
0
21
49
37
19
20
24
33
28
21
18
24
34
26
23
37
40
43
49
25
-13
-26
-21
-17
-4
20
37
32
22
27
38
37
27
28
48
54
51
50
49
65
73
66
56
54
66
85
55
17
19
49
69
76
68
59
68
72
66
59
67
73
71
57
48
33
19
20
21
32
44
49
50
50
52
42
41
52
55
59
60
45
25
11
20
33
22
18
11
4
20
37
49
50
60
68
56
57
60
65
66
71
84
85
81
75
58
38
49
80
93
91
66
49
56
55
43
37
43
56
57
48
34
27
28
35
40
34
23
33
37
20
8
26
48
54
49
50
64
70
57
45
37
22
10
9
17
26
41
58
64
64
66
59
51
49
55
55
58
64
65
65
67
66
73
64
32
23
36
43
34
18
10
20
28
27
32
36
49
44
43
42
43
48
53
59
53
55
59
49
39
42
40
33
43
49
37
36
50
57
52
44
59
87
98
77
34
-5
-2
41
82
77
67
76
104
123
113
70
32
22
26
27
32
33
29
20
10
21
37
50
51
53
66
73
81
77
69
53
41
34
32
42
56
72
68
50
40
44
51
45
45
58
56
37
36
53
69
69
59
53
44
43
52
65
54
36
27
36
54
54
32
12
13
24
35
36
26
21
35
41
25
8
5
23
23
4
-7
-7
-2
4
24
51
55
42
25
21
24
37
52
55
44
42
53
66
57
37
24
29
36
36
39
52
72
83
67
50
39
37
36
34
34
40
54
55
49
45
44
42
45
53
55
43
39
38
35
25
19
10
18
25
26
34
48
45
42
49
50
51
56
64
68
65
68
72
75
83
87
84
72
70
81
85
88
92
92
75
53
43
66
83
72
57
51
55
54
36
24
23
32
56
83
83
67
52
37
18
7
8
11
10
8
25
43
56
49
22
8
21
33
34
41
38
33
25
26
32
27
18
7
4
4
4
8
23
40
38
26
23
28
35
33
37
32
27
34
38
42
35
24
19
11
10
17
20
11
16
12
7
-7
-17
-10
8
32
26
6
3
29
60
70
72
71
72
81
82
82
84
85
83
76
73
55
48
56
69
74
76
74
48
33
49
69
0
81
76
73
75
77
80
80
88
93
96
87
73
56
42
50
53
53
59
64
60
55
49
45
51
51
48
35
23
33
57
67
50
44
49
48
43
56
60
54
52
48
49
65
83
91
88
82
73
70
72
67
56
45
41
42
42
38
32
51
72
65
52
48
58
81
83
65
54
54
42
25
11
7
16
32
40
37
22
8
11
16
27
43
50
48
49
40
18
13
20
20
17
-3
-11
6
22
22
17
21
38
66
70
72
73
55
35
28
21
8
-4
-6
10
27
34
24
11
3
3
8
6
8
19
24
35
52
44
38
43
35
26
38
55
53
41
40
43
50
55
65
70
69
75
81
66
52
49
51
50
28
9
18
38
41
37
24
12
20
29
35
27
24
32
28
32
50
65
49
36
43
56
64
66
71
87
97
84
71
66
52
28
28
37
26
25
43
60
55
40
34
36
36
41
53
58
53
49
50
68
72
53
34
37
51
53
51
48
58
80
82
73
64
66
69
64
57
54
53
51
49
52
56
51
60
64
56
54
57
44
37
40
48
43
36
36
37
50
58
68
67
74
76
55
27
19
22
24
24
18
24
44
53
49
36
33
43
50
52
64
70
67
69
72
56
40
37
35
36
35
20
9
17
41
61
48
34
38
37
18
-1
-7
-6
-1
20
40
54
48
16
7
25
34
32
32
33
28
24
32
42
39
38
45
51
45
42
54
65
71
86
107
103
97
96
88
84
74
74
88
102
103
98
97
91
76
71
61
54
52
55
65
53
42
33
29
36
39
37
36
33
24
32
26
17
-1
0
11
19
26
38
49
37
7
-2
21
43
55
69
85
84
70
56
57
70
76
70
69
75
74
59
55
60
71
67
50
37
34
48
54
43
27
24
26
33
36
34
26
27
35
24
2
-6
-5
-1
-2
-3
-12
-28
-23
-7
-3
5
18
25
26
39
65
81
66
53
53
51
51
57
49
48
73
93
84
65
53
50
60
73
80
92
96
82
68
60
57
54
67
91
92
72
48
29
18
10
13
35
48
52
55
44
37
49
54
53
55
65
66
56
54
48
34
32
39
59
54
33
32
48
54
54
61
73
72
74
86
88
87
90
81
56
50
66
69
58
44
45
56
51
40
44
52
60
60
43
36
34
22
20
24
24
22
23
44
60
65
59
49
50
61
68
50
40
61
89
91
71
72
89
85
0
70
60
57
49
42
52
66
57
40
49
57
58
52
41
34
34
41
51
43
37
39
40
44
35
22
22
24
21
20
19
22
34
49
56
50
42
50
49
49
57
65
57
42
25
12
5
10
17
22
39
60
70
64
51
45
48
52
54
55
54
64
67
70
80
76
73
64
57
58
50
39
29
22
21
22
22
20
23
19
1
-7
-10
-9
-3
-7
-12
-9
-5
2
16
37
66
73
80
80
68
67
70
82
84
81
89
92
81
85
102
120
112
87
69
58
60
67
65
58
49
38
43
56
55
19
7
23
37
48
49
44
32
7
3
5
-3
-10
-14
-6
-1
0
-9
-34
-38
-14
5
12
23
26
27
34
36
29
33
38
48
60
75
73
65
59
53
39
43
57
70
71
60
52
60
82
85
83
75
77
89
81
53
23
24
36
49
51
36
24
25
26
17
21
41
59
70
67
68
61
42
41
61
59
33
33
52
64
54
43
42
35
35
56
86
86
71
71
85
97
96
84
71
82
99
82
44
34
37
49
56
48
53
70
76
70
56
39
27
20
17
7
1
5
8
-2
-7
8
18
2
-14
-17
-4
-6
-6
-4
-1
5
16
32
58
75
74
58
54
64
64
57
82
112
108
85
75
86
103
114
115
116
103
75
66
86
101
87
74
68
58
52
39
26
17
13
9
1
6
8
-5
-23
-27
-22
-5
4
-6
-9
-3
1
-4
-4
2
19
44
51
53
67
76
82
83
72
66
64
69
70
58
55
68
89
112
131
130
105
72
68
88
103
96
88
74
61
67
66
58
53
43
32
26
25
26
22
17
5
-3
4
-5
-24
-28
-33
-20
5
22
33
34
40
40
38
37
34
26
40
57
58
45
44
64
82
84
89
105
119
124
129
121
130
145
152
137
100
72
66
80
75
42
4
-13
3
32
37
32
38
51
68
83
80
76
81
86
65
36
25
38
64
81
82
84
102
103
90
100
102
102
93
86
86
97
115
132
137
139
136
132
128
130
135
137
140
153
163
145
108
90
88
91
96
86
85
87
83
80
73
56
38
28
27
23
17
9
2
-1
2
5
4
-5
-4
3
-4
-25
-37
-19
3
9
2
0
11
28
40
54
60
57
53
53
54
54
52
37
26
38
59
67
57
42
38
43
52
66
75
53
17
4
9
16
8
-9
-33
-41
-40
-41
-27
-12
-5
0
2
-2
0
0
9
32
43
45
36
26
40
52
0
44
49
54
59
48
33
35
38
28
27
42
56
55
58
51
28
34
53
42
26
27
39
39
39
38
29
26
39
48
32
18
20
28
25
27
27
21
24
26
18
-5
-24
-20
-21
-33
-25
3
17
3
-6
-2
4
23
51
53
33
21
32
43
38
33
52
72
68
40
27
40
42
11
-9
-7
3
17
34
39
32
22
49
61
58
58
49
29
18
23
10
-9
-6
17
29
24
17
7
2
6
35
66
69
52
44
43
42
41
38
36
43
58
69
73
75
80
70
64
85
99
93
77
59
51
43
37
24
20
29
33
32
24
19
10
9
26
37
52
51
27
12
7
7
20
28
28
32
22
16
18
23
43
61
59
56
67
70
72
76
86
84
60
35
17
12
13
16
7
5
9
19
36
57
76
80
64
54
72
89
72
68
83
86
85
85
80
75
85
84
53
29
38
44
52
51
37
27
24
29
56
71
66
55
64
77
77
70
66
65
73
65
48
54
83
86
66
50
50
56
57
49
50
56
48
44
58
68
44
26
27
21
26
49
67
75
57
37
44
53
39
25
21
20
23
27
35
37
17
3
6
17
29
32
26
34
48
54
51
44
45
52
64
73
89
89
81
81
76
70
66
61
72
107
129
117
92
76
73
65
55
52
50
43
34
19
12
16
9
0
8
41
51
39
44
72
90
75
55
49
50
51
49
54
60
54
48
64
81
84
71
58
66
86
104
105
81
64
68
82
77
57
44
49
65
73
59
40
22
6
12
27
34
36
29
5
5
22
23
7
4
1
2
-1
-5
8
24
23
39
43
33
25
33
38
40
58
64
45
38
54
56
37
32
44
69
73
72
81
76
71
76
74
68
52
37
27
32
35
32
38
52
52
38
26
34
48
45
36
32
32
26
6
-3
2
19
32
32
36
41
53
48
25
26
39
53
72
66
43
35
44
59
70
76
71
60
64
77
91
87
72
67
67
59
48
35
33
37
36
20
-1
-14
-9
-3
6
27
38
33
23
23
38
37
20
5
4
27
40
22
13
16
10
7
27
44
37
36
55
65
57
54
64
73
71
54
64
81
73
56
45
64
85
81
66
57
59
59
52
39
25
23
25
25
20
9
2
6
11
6
-6
-9
7
32
54
67
58
34
13
7
13
24
34
37
41
42
45
56
73
84
88
98
100
93
98
109
112
129
150
125
99
0
92
103
107
105
105
102
90
98
107
104
86
74
67
57
42
27
21
22
38
41
27
6
-2
2
8
2
-5
-5
-12
-9
4
-4
-22
-28
-18
-1
6
6
11
24
32
34
35
49
53
51
73
101
88
60
57
71
86
89
85
86
102
105
105
106
101
92
83
74
77
68
45
34
33
37
44
45
39
56
65
38
18
9
9
11
11
10
10
17
16
6
3
9
25
39
33
11
5
19
26
21
20
24
33
44
51
56
67
71
69
71
72
67
76
101
101
88
77
74
64
52
51
54
55
51
32
22
18
10
16
23
10
-17
-21
10
41
42
35
32
23
18
26
34
26
12
5
5
11
25
48
67
71
77
86
89
102
123
125
101
89
99
92
51
9
17
55
91
102
80
54
52
65
69
55
50
51
57
72
81
75
83
84
69
51
54
71
67
55
53
58
77
101
101
100
104
109
121
130
125
120
119
129
131
138
147
134
135
153
153
124
115
129
137
132
118
99
93
99
105
115
112
88
59
50
53
55
54
44
40
37
37
52
60
44
34
23
8
-4
-1
7
7
2
-7
-37
-67
-71
-69
-60
-56
-50
-38
-36
-30
-39
-45
-37
-14
4
27
38
22
11
13
16
11
9
16
12
-2
-7
6
20
18
7
0
8
23
32
26
16
17
25
21
6
3
7
21
33
20
10
8
-10
-23
-11
7
13
7
6
4
-2
-1
11
35
50
41
35
34
36
29
41
51
40
34
33
28
26
34
44
56
72
83
80
73
68
58
59
70
75
68
50
48
53
66
67
69
70
60
52
50
49
38
26
19
12
20
28
22
3
1
23
42
59
50
33
42
69
83
71
59
68
73
73
76
71
56
41
25
29
24
19
19
9
6
26
56
70
57
50
56
61
60
58
67
81
81
73
64
54
66
74
68
51
38
32
25
20
19
17
17
23
20
12
11
9
8
10
18
18
10
7
10
19
34
43
48
49
53
51
37
35
42
48
61
66
58
53
54
67
70
68
76
82
65
55
60
70
70
68
58
53
52
59
72
68
56
50
54
56
52
55
55
51
64
74
83
77
56
38
37
45
38
27
35
57
73
67
52
52
64
75
73
73
84
90
97
76
48
37
57
81
83
75
77
82
87
91
90
91
75
59
58
61
57
54
51
40
32
24
3
-13
-17
-12
-9
-18
-23
-24
-22
-9
-1
3
7
24
50
60
54
36
32
0
36
44
50
42
39
60
84
75
69
66
66
89
106
92
71
67
80
85
85
88
82
71
71
64
59
60
64
70
83
82
65
53
55
66
60
44
28
18
16
23
25
24
28
23
20
18
19
27
36
34
38
42
48
50
39
32
42
59
67
64
60
74
85
77
60
56
66
67
58
50
43
45
39
20
13
18
10
12
21
33
38
50
58
59
37
17
20
26
17
-3
-8
-4
-5
5
21
11
-1
-2
6
4
5
9
10
27
28
18
21
38
50
55
48
39
38
45
60
75
87
83
58
41
50
65
83
84
70
74
80
92
96
83
73
80
83
75
69
64
54
40
20
3
8
21
32
37
37
24
23
23
11
4
5
39
59
67
60
56
50
43
39
40
52
65
68
66
81
87
81
73
71
88
98
87
72
74
87
84
55
32
35
34
28
35
66
82
59
34
22
27
26
5
-6
-3
3
12
16
27
53
48
28
25
48
65
74
76
75
80
85
93
86
66
56
59
72
83
83
75
75
91
105
90
61
59
69
67
57
43
43
49
43
42
68
90
88
81
77
83
100
101
83
65
51
49
43
43
34
28
51
82
89
80
68
57
52
37
23
34
53
60
49
26
9
18
42
71
82
75
70
70
72
74
68
55
41
39
49
72
91
100
98
70
49
53
58
65
74
73
72
75
76
68
53
43
40
42
49
53
55
52
68
70
51
37
32
28
28
34
10
-18
-33
-22
-13
-8
-14
-27
-24
-5
11
22
24
20
4
6
21
27
18
16
26
32
33
34
32
41
58
71
84
84
68
60
72
77
67
59
51
49
40
38
53
64
52
49
42
19
-6
-11
-4
-1
7
29
32
27
36
27
8
-4
-7
-4
0
2
22
37
49
59
86
97
83
52
24
20
21
33
39
41
56
57
43
40
41
42
28
12
6
19
37
57
77
86
84
86
96
93
76
66
67
60
40
32
37
32
24
34
36
32
40
55
54
53
60
60
49
39
35
44
42
28
29
39
37
40
41
39
45
67
69
44
36
38
61
88
76
43
35
49
68
81
64
33
19
26
48
52
48
37
26
23
17
2
-10
-5
18
25
9
1
5
13
20
25
34
33
17
7
11
21
21
27
33
33
37
48
58
68
82
96
85
69
83
89
76
66
60
56
55
72
97
103
87
84
92
105
108
104
97
97
87
80
85
101
102
90
76
69
66
66
0
54
45
55
64
61
54
29
19
25
22
21
32
33
18
8
7
8
6
3
10
23
41
49
49
48
51
49
53
67
72
73
70
68
65
72
71
64
60
49
7
-33
-29
-3
17
25
24
26
22
22
28
27
9
-5
-6
3
19
29
28
20
18
20
38
48
38
36
41
52
58
42
24
28
39
50
53
58
65
60
65
83
84
71
65
56
58
73
83
84
90
90
70
43
39
44
54
50
37
36
44
51
42
27
39
51
37
27
28
22
-3
-17
-8
-9
-17
-18
-23
-22
5
25
25
22
28
49
76
100
90
77
80
73
58
65
72
65
64
70
85
103
102
101
100
86
85
92
102
116
122
109
89
66
53
51
42
29
25
32
29
27
36
44
39
20
6
0
13
35
28
10
3
7
8
6
16
32
28
18
20
38
58
60
51
49
61
70
74
82
75
67
61
71
77
76
71
82
99
105
91
69
69
81
80
75
67
51
52
70
69
39
21
34
36
22
8
-1
2
12
28
48
56
52
48
51
37
16
13
28
35
35
41
52
51
56
69
86
84
65
50
51
51
43
40
37
41
57
64
66
69
64
59
67
69
56
43
50
56
64
64
54
33
22
26
33
42
49
44
41
38
28
25
29
28
24
16
7
7
12
19
26
42
54
50
34
41
66
72
80
89
93
91
102
113
99
67
52
45
41
49
50
38
51
77
81
56
49
55
61
54
44
53
68
70
55
40
38
39
42
35
33
32
20
9
18
39
39
24
20
22
23
23
20
34
54
55
36
33
51
58
61
66
57
57
49
27
12
17
25
21
0
-11
-5
10
25
36
38
40
50
56
68
80
60
24
5
8
11
18
26
24
24
44
64
66
60
52
53
59
72
81
70
54
42
38
51
68
68
65
66
72
101
116
86
48
49
65
66
51
52
69
88
99
98
96
90
76
73
82
83
75
69
77
100
108
102
98
86
76
87
97
98
102
96
97
99
102
112
114
97
73
67
69
57
36
27
34
27
18
16
19
22
23
18
17
21
24
21
10
-4
-11
-1
16
20
6
1
24
53
57
59
58
53
59
69
68
52
44
43
37
38
49
50
44
22
-5
-21
-19
-8
-14
-20
-8
6
2
-21
-34
-34
-28
-2
28
33
3
-5
16
33
34
33
26
34
59
80
77
72
72
82
84
67
67
69
49
29
44
67
69
69
76
77
81
85
90
0
96
99
98
100
90
86
97
101
99
99
89
81
68
53
42
48
58
53
42
45
50
44
40
51
65
64
42
22
25
40
44
41
42
56
73
72
45
39
56
56
49
52
56
76
84
60
51
54
69
76
65
49
51
43
35
35
34
38
56
65
48
40
42
39
49
60
56
52
37
11
1
16
25
29
34
41
49
51
50
38
49
70
83
84
83
72
69
65
53
49
44
44
41
41
51
54
57
69
83
69
49
48
48
40
38
36
20
11
36
57
49
8
-1
12
20
13
17
25
10
-5
3
21
33
39
58
65
55
51
53
57
59
52
36
29
35
22
-1
-3
17
39
49
50
60
85
85
65
58
73
84
81
70
69
70
68
59
55
54
56
65
70
66
50
34
34
35
33
29
28
28
23
6
3
20
33
28
21
21
22
13
9
16
27
32
37
41
49
54
65
72
69
65
65
66
69
76
85
87
84
74
76
81
61
50
53
69
86
87
80
57
43
44
68
82
66
48
37
39
49
53
51
64
86
98
86
70
53
39
36
21
11
11
0
-3
4
4
-8
-4
5
8
19
48
48
32
24
22
20
38
54
45
42
38
33
40
58
68
68
51
37
48
70
82
76
64
41
27
33
39
40
40
54
70
75
80
80
76
65
55
56
56
41
19
10
10
9
25
26
3
-5
-4
-5
-5
4
29
55
66
60
65
66
72
77
85
84
64
49
43
61
83
54
9
6
36
53
38
20
19
27
41
60
74
69
65
69
73
60
53
53
57
64
58
60
72
70
56
37
19
19
25
24
26
28
41
55
49
41
44
39
27
28
39
51
51
45
35
19
1
-8
-7
1
18
28
34
45
58
64
74
80
67
66
75
93
99
86
85
97
109
112
105
98
101
115
118
101
83
87
92
76
57
57
50
29
25
36
48
54
44
38
38
27
6
0
9
25
24
5
-10
-18
-3
10
17
23
22
25
34
34
40
49
51
60
72
69
68
80
89
88
69
44
42
66
76
80
82
71
71
83
84
82
81
74
69
68
66
55
38
25
17
11
20
33
28
13
12
28
41
44
37
22
18
21
22
20
19
26
37
39
37
36
35
42
45
42
35
29
27
25
39
71
102
112
91
76
83
86
80
69
58
59
70
74
69
61
50
25
25
42
58
69
82
89
86
58
41
38
17
-3
-1
19
20
21
23
24
41
53
0
42
41
66
80
83
85
73
68
64
68
75
84
97
92
81
60
56
58
66
66
50
42
56
71
71
67
73
86
80
52
21
2
-1
6
6
11
29
33
23
24
28
26
17
-1
-4
18
35
38
23
3
0
4
3
12
29
26
25
53
86
92
88
73
69
73
67
59
68
61
52
48
54
60
72
81
68
56
40
39
42
25
10
17
28
39
35
26
13
7
22
33
22
9
2
2
-3
-19
-17
-17
-25
-25
-12
-3
1
0
5
27
58
59
56
66
69
67
65
51
44
53
58
71
76
64
50
54
54
45
40
38
41
49
51
40
20
11
24
44
59
74
72
66
67
73
70
54
43
36
22
19
29
40
37
33
36
33
20
19
25
17
13
22
24
32
44
57
55
48
53
70
82
74
71
83
100
113
104
85
75
76
82
80
87
100
100
90
74
60
67
96
106
89
75
80
90
104
100
86
75
68
68
73
59
51
59
65
39
9
10
27
36
42
51
57
55
42
29
33
44
52
53
61
72
76
89
86
69
64
73
76
71
57
49
48
37
