25
27
24
17
17
24
42
38
27
22
20
22
33
40
51
48
35
44
57
68
75
80
66
50
52
67
69
68
86
115
115
104
102
115
115
96
56
11
-7
-9
3
19
24
21
38
55
51
41
22
4
-1
-5
-3
24
73
91
69
45
49
54
50
34
19
16
27
26
29
48
60
64
74
89
97
97
101
91
69
54
65
74
82
82
81
82
80
75
70
74
87
99
104
96
67
37
38
58
66
69
54
36
35
39
28
21
11
23
49
38
18
10
23
12
-8
-13
-4
-5
-1
33
49
41
22
-1
-22
-33
-25
3
34
58
65
53
43
54
70
81
86
70
56
66
75
81
70
58
51
32
26
44
65
57
55
66
67
54
44
40
29
28
44
42
18
16
23
18
19
27
27
32
23
12
8
19
32
23
7
6
24
54
68
65
60
55
36
19
33
57
70
56
41
48
55
49
35
23
7
17
37
40
45
49
50
64
82
74
56
43
41
49
50
34
6
-3
4
8
11
9
4
3
12
33
40
37
35
40
27
17
25
32
27
23
13
11
16
21
25
24
28
43
54
54
68
72
58
49
43
45
59
55
53
64
70
80
81
68
56
64
73
80
65
43
27
22
23
16
-1
4
17
-2
-36
-50
-39
-28
-29
-24
0
2
-3
-21
-22
-9
6
11
12
26
39
44
41
42
48
38
36
42
43
48
52
48
58
74
65
49
51
59
56
49
38
44
66
74
69
64
57
43
27
11
7
18
48
55
39
23
12
10
13
28
26
24
24
19
18
23
17
9
28
58
73
83
66
42
48
54
43
43
43
56
69
64
55
52
53
44
39
50
58
49
42
59
69
59
44
38
50
57
54
40
29
26
18
16
27
24
10
4
-1
-9
-6
2
6
19
2
-9
5
9
1
-8
-9
0
3
-6
-11
-4
-1
8
26
41
57
76
98
90
64
55
71
83
88
88
86
96
98
86
70
67
71
64
45
33
33
41
38
20
3
-10
-20
-22
-11
6
12
5
-3
-2
9
16
10
16
41
54
58
58
55
59
57
44
40
52
76
96
91
92
81
52
27
28
35
41
41
34
41
60
76
80
82
73
51
49
64
69
69
61
44
39
41
37
26
29
33
32
37
59
65
44
28
40
57
66
66
66
67
70
80
91
91
71
58
66
70
73
83
85
81
72
73
89
101
99
104
108
105
101
84
61
53
60
60
50
38
40
44
42
24
1
-12
-18
-27
-40
-37
-22
1
32
45
44
48
42
38
49
60
65
68
59
53
57
54
40
37
38
37
37
44
59
73
84
87
75
83
88
85
86
97
93
71
65
65
51
35
20
18
25
23
6
-3
4
8
-1
-17
-21
-17
-4
2
6
11
20
35
52
57
44
51
70
57
27
23
40
59
81
77
56
41
51
73
90
90
92
97
105
115
101
77
59
52
55
56
49
38
36
44
50
44
35
24
32
26
9
1
7
7
3
3
0
-2
19
32
19
10
8
17
37
41
36
36
38
33
27
42
73
107
130
109
86
86
86
91
97
89
89
98
103
101
98
86
74
58
50
58
65
64
64
60
48
40
41
36
24
5
-12
-17
-1
6
-4
-12
-9
-5
10
12
8
16
25
24
17
9
16
21
22
27
39
43
52
65
60
56
55
52
40
43
64
69
58
54
60
67
58
38
26
38
56
73
72
65
55
42
25
21
16
6
5
-5
-13
-12
-25
-40
-45
-40
-28
-13
4
22
40
48
43
53
65
59
60
69
71
69
75
76
72
77
87
75
66
66
67
84
97
87
70
68
72
75
71
75
92
84
54
48
52
42
33
16
-1
3
12
16
8
8
8
1
10
36
49
37
26
22
24
28
28
29
37
42
0
56
74
86
92
76
67
70
76
68
50
40
36
51
83
96
89
87
97
101
88
73
70
80
73
69
58
40
34
24
11
19
33
39
32
12
6
17
34
34
33
45
64
57
51
51
39
11
-4
1
19
43
59
59
57
49
54
69
80
68
59
72
91
90
82
81
83
76
72
73
81
76
80
83
86
87
80
65
45
54
60
48
37
33
20
8
11
16
3
-12
-12
-6
6
21
33
38
44
48
38
43
51
34
16
12
27
44
44
26
19
40
57
54
43
49
59
74
74
69
74
61
37
24
8
4
21
50
57
42
37
58
77
77
68
59
55
41
24
38
53
49
45
58
66
40
26
38
38
10
-8
-22
-33
-29
-7
10
16
8
12
10
5
9
26
40
52
59
56
41
41
40
34
45
65
77
92
102
93
77
76
93
101
85
68
69
59
35
32
29
28
41
44
12
-11
-7
1
-10
-19
-2
21
23
1
-10
1
3
4
8
16
26
19
5
10
29
40
42
49
56
76
118
119
90
80
83
81
77
80
88
103
104
81
66
65
68
76
72
59
64
71
82
71
42
19
21
17
8
6
5
4
7
8
8
-1
-17
-21
-4
17
24
26
33
40
49
65
73
74
80
85
83
83
92
92
76
73
70
51
52
72
74
71
80
88
100
87
60
56
70
80
86
73
48
37
50
51
29
18
29
48
43
20
17
16
5
18
39
33
17
6
-3
-3
12
24
25
26
40
54
45
34
42
60
68
69
69
72
58
53
65
84
97
106
86
58
59
72
85
85
75
71
65
48
44
57
64
54
43
28
18
12
3
-2
9
19
1
-3
9
23
34
26
23
28
34
34
28
26
28
34
48
72
85
70
42
36
44
50
43
40
53
59
82
100
82
60
66
81
71
51
40
50
70
81
75
59
64
67
53
38
21
12
17
28
42
27
1
-5
7
10
18
24
13
9
8
6
9
11
10
9
26
60
73
64
66
82
96
100
96
80
69
68
66
59
65
67
68
64
67
57
40
40
44
35
18
1
2
19
38
36
25
32
45
54
54
49
37
40
51
49
23
17
12
0
-9
-8
-6
-17
-37
-50
-35
3
16
8
12
43
80
97
103
91
77
72
61
60
67
70
74
58
40
41
43
51
55
69
73
72
76
83
84
73
70
71
70
64
60
84
98
84
65
40
19
18
26
18
4
6
5
4
-2
-8
-12
-9
0
1
26
55
51
39
38
44
54
70
81
84
90
87
82
73
67
75
64
37
18
1
3
11
27
40
43
44
38
22
27
50
45
36
39
40
28
20
35
32
19
21
32
29
17
22
39
45
53
64
66
61
51
38
44
58
51
42
42
48
56
58
51
41
52
64
67
77
90
76
49
35
51
66
66
77
102
91
74
76
69
70
68
58
44
24
18
19
20
25
33
26
13
12
18
22
33
44
35
3
-8
1
1
-4
-4
-1
-1
6
6
-12
-20
-3
17
34
44
66
67
54
53
65
76
86
77
69
85
117
139
123
86
80
88
87
87
89
75
67
84
97
101
98
82
87
108
109
89
69
60
59
61
58
65
71
56
34
11
1
13
21
28
41
32
20
26
26
26
36
43
39
22
11
19
35
51
33
8
9
28
42
40
38
43
60
71
75
70
57
51
49
44
21
12
21
29
28
17
20
38
40
16
-11
-9
1
9
19
29
34
40
52
53
50
43
41
41
44
51
50
40
37
50
60
81
98
88
82
89
98
100
88
59
43
53
53
51
57
72
83
76
64
55
56
64
70
58
48
51
45
41
25
7
8
25
24
10
6
16
24
16
-12
-36
-33
-8
9
16
20
34
51
54
53
56
60
66
54
40
49
70
84
74
71
88
99
101
107
115
114
107
106
118
121
105
85
80
77
70
54
44
57
70
41
1
-11
4
27
38
28
18
16
16
24
33
25
18
4
-4
1
19
41
53
55
44
28
19
20
28
43
50
33
5
0
13
34
51
39
25
28
59
97
99
71
65
77
80
69
81
89
87
61
34
19
12
11
24
36
40
43
32
20
21
33
26
4
1
-3
-11
-20
-17
-8
-7
-5
19
38
37
29
26
27
37
39
32
26
40
67
86
96
97
75
72
106
137
138
128
119
108
80
56
55
44
28
22
23
22
19
17
27
38
42
58
75
74
65
56
36
25
38
48
53
48
40
39
35
32
34
36
36
35
40
38
34
50
60
59
74
89
86
80
65
64
83
91
74
56
53
57
56
74
86
84
82
96
103
81
66
72
65
44
37
32
33
36
33
35
40
26
11
-2
-9
-9
-1
-6
-12
-13
1
11
17
18
24
34
35
32
35
50
55
56
50
27
20
33
52
68
67
55
64
71
71
66
56
56
54
43
40
56
75
71
65
58
56
61
72
85
91
72
49
49
57
58
0
42
22
26
41
40
38
51
66
69
64
68
65
41
23
18
36
37
28
33
34
34
37
50
67
65
68
83
86
90
90
68
42
38
51
70
80
64
39
32
37
43
48
51
44
34
37
50
41
35
33
35
35
4
-25
-41
-44
-38
-27
-24
-24
-28
-29
-22
-8
12
28
28
16
1
0
17
28
27
23
35
37
39
52
52
43
41
44
56
76
96
92
70
55
54
41
28
18
8
28
68
98
91
66
66
90
120
138
124
81
55
75
117
130
99
65
36
23
29
50
76
70
49
35
38
44
52
41
32
27
32
53
82
81
74
75
74
71
77
87
84
74
89
116
119
112
122
131
129
122
123
128
122
106
84
64
56
64
67
65
43
25
21
20
22
11
4
2
-8
-24
-21
-11
-17
-29
-33
-20
1
16
24
17
6
7
17
36
50
43
29
10
17
44
68
68
57
55
81
97
82
64
57
56
54
41
33
49
70
80
87
90
69
50
60
86
98
99
91
83
72
69
64
44
12
-9
-19
-17
-21
-34
-28
-19
-19
-19
-12
0
7
11
12
5
4
12
24
25
37
58
65
57
58
55
44
43
53
69
80
92
88
76
81
86
103
132
137
118
90
66
58
64
66
76
92
97
98
99
105
99
71
45
40
44
40
28
19
9
18
37
52
43
28
25
37
39
25
-5
-22
-13
1
12
13
22
43
51
36
25
49
70
74
59
43
41
59
64
50
34
19
17
33
50
55
50
48
51
48
37
38
25
0
-13
-4
12
19
18
21
27
27
34
43
35
18
13
16
9
-3
0
21
34
44
50
48
48
37
22
20
20
19
32
32
33
40
39
35
39
55
60
39
23
23
27
24
19
18
20
26
48
59
52
39
28
25
25
22
17
11
8
10
2
-1
3
-2
-4
-8
-27
-33
-11
18
17
-4
-3
3
1
-3
6
26
45
41
39
60
86
97
92
73
67
84
90
90
91
83
74
71
74
80
67
51
51
51
51
53
58
74
77
57
35
22
32
44
40
27
21
2
-4
8
10
-5
-23
-28
-10
20
36
38
45
35
20
24
40
59
74
73
77
106
135
140
135
128
135
136
128
112
100
98
90
96
116
135
135
104
80
87
103
108
108
100
73
54
56
64
54
40
32
12
4
2
-17
-29
-27
-23
-22
-41
-40
-2
28
35
33
35
40
38
50
67
71
54
38
39
41
38
45
53
53
64
77
73
64
65
73
0
72
75
75
76
88
86
83
76
82
90
86
82
77
75
69
59
56
53
48
36
26
22
19
32
34
18
-2
-7
1
8
20
29
21
5
2
4
6
4
1
-4
-5
6
21
6
-1
12
34
53
70
68
59
69
70
66
68
75
76
70
69
69
66
58
65
87
97
77
57
48
56
75
70
56
50
34
22
13
5
-2
1
-4
-9
1
16
22
21
23
28
33
34
38
42
48
36
23
23
44
67
68
55
44
50
50
36
33
25
26
36
39
39
41
51
66
73
70
65
74
87
86
83
73
59
58
73
87
80
59
57
66
58
53
37
8
0
18
33
20
-2
-4
-5
-10
-8
-6
8
34
41
42
52
65
71
72
69
52
50
56
58
55
49
37
41
57
65
56
48
40
34
33
27
32
40
42
41
45
45
44
41
26
23
12
-1
3
18
22
19
21
16
10
18
22
26
35
35
29
37
41
28
28
52
68
50
43
48
44
58
73
69
69
81
103
119
119
120
120
113
117
140
135
108
100
117
117
87
67
69
58
43
38
39
52
64
55
42
43
43
38
27
18
7
-3
-9
-21
-34
-30
-22
-13
-3
11
28
28
22
19
21
36
40
27
8
6
18
38
57
54
40
45
52
56
52
49
50
51
67
88
104
104
84
73
75
80
70
49
27
21
28
35
32
27
33
22
7
7
12
21
32
34
28
21
29
53
59
53
56
61
65
81
87
77
73
76
96
109
105
80
56
43
48
65
74
74
72
68
68
84
97
93
92
88
82
80
74
65
65
76
85
72
52
48
53
50
52
58
49
32
29
36
33
26
23
13
22
48
38
25
37
49
58
65
64
73
70
67
71
69
52
38
36
43
54
52
55
75
86
77
61
65
81
82
70
59
48
42
56
60
45
51
51
35
32
48
57
48
27
22
32
57
73
64
33
-2
0
12
20
17
-2
-9
7
25
21
7
9
25
21
17
11
7
12
34
48
57
60
70
85
73
54
58
67
65
70
83
76
56
40
32
21
19
18
10
3
-9
-9
-1
-1
-4
-3
3
8
12
16
2
-6
10
24
36
25
3
-9
-9
-3
19
32
28
25
22
26
42
53
52
55
68
82
101
114
124
129
115
98
84
82
104
117
107
97
104
104
92
83
81
74
56
41
40
36
35
51
55
39
35
39
22
9
9
17
20
12
20
28
35
43
67
88
91
75
71
85
92
0
97
92
89
75
52
40
49
59
70
68
43
38
49
60
53
38
36
35
38
34
33
45
55
53
53
56
58
55
44
44
56
51
39
34
42
53
45
44
40
33
44
60
58
39
28
38
32
36
44
52
48
39
49
53
48
52
68
81
98
99
77
65
66
84
96
85
69
55
56
72
75
82
86
84
85
90
77
66
59
57
55
65
72
65
49
48
61
64
51
51
52
43
39
43
50
53
57
70
73
67
72
66
55
59
65
54
48
60
89
99
86
68
73
83
72
60
65
73
75
76
75
81
77
74
68
60
64
66
73
72
75
72
67
60
58
58
59
65
60
41
43
56
48
38
35
41
42
45
55
69
68
55
55
71
88
92
89
58
39
25
16
24
36
36
27
35
55
60
51
43
42
44
36
32
32
37
37
33
33
44
51
22
1
23
50
58
58
35
23
42
64
55
48
59
72
67
60
72
67
51
42
41
38
37
45
43
38
40
26
9
7
4
-1
9
26
27
21
24
27
27
35
35
24
12
8
17
26
22
10
7
24
40
24
-2
-5
13
22
10
-4
-18
-18
-8
2
10
17
17
26
32
27
34
44
44
49
29
12
16
29
45
54
38
17
26
54
54
24
4
11
28
26
19
20
39
54
50
32
36
52
44
28
22
36
56
61
70
76
58
34
22
26
22
22
25
32
28
10
7
29
55
64
57
50
50
57
70
76
86
84
65
56
64
60
49
42
37
26
18
24
27
6
-4
3
11
20
16
-8
-12
6
20
25
28
28
24
21
24
38
53
58
59
64
59
51
43
48
57
71
80
93
93
70
55
51
51
50
55
60
52
35
44
73
83
85
73
65
75
92
107
106
82
64
64
67
64
57
51
53
65
74
81
67
51
44
42
50
55
52
44
51
50
37
28
26
23
21
23
26
22
27
37
44
55
65
81
87
84
80
92
105
93
84
89
102
90
66
50
53
71
86
89
89
90
84
80
74
69
71
66
60
71
68
50
43
44
41
35
26
23
25
33
36
36
35
22
11
13
16
21
35
41
53
49
36
29
23
22
26
22
20
40
57
55
49
40
37
35
39
37
49
70
66
53
56
66
66
58
51
42
51
56
56
59
53
41
36
34
36
39
54
67
58
50
70
67
35
18
23
40
44
35
32
24
21
23
23
3
-9
-1
10
12
8
-1
6
21
0
26
38
38
12
18
53
85
99
72
52
58
68
57
54
59
57
44
43
68
86
74
56
66
86
81
69
70
67
48
33
27
29
35
52
59
54
44
38
42
50
43
32
29
26
20
25
37
36
35
42
41
23
27
38
38
43
59
74
65
41
42
58
83
107
124
108
72
64
58
55
69
77
75
65
40
34
50
59
51
40
48
56
50
33
26
42
53
38
19
4
-8
-2
5
6
-4
-11
-8
-1
19
33
21
3
0
8
32
48
56
66
71
65
65
76
92
98
88
81
80
87
100
108
104
99
92
82
66
53
53
42
9
-4
-1
2
7
18
21
19
10
10
11
8
6
4
4
13
34
48
39
17
5
7
3
2
25
64
70
54
60
75
85
91
85
76
65
54
59
72
60
44
45
54
55
65
76
81
74
71
69
53
41
55
60
35
25
20
5
3
7
5
-9
-23
-11
12
25
33
34
29
18
10
16
25
40
60
76
77
73
74
74
65
53
59
80
83
60
57
71
73
71
81
96
92
89
89
97
103
104
87
61
48
34
23
12
10
19
24
21
25
25
21
22
23
22
11
6
6
5
11
19
18
19
35
68
75
56
48
56
72
76
67
72
82
92
101
97
100
104
99
104
113
106
92
98
123
133
115
105
103
103
99
82
69
67
68
50
28
19
18
11
8
12
10
-7
-12
3
25
25
19
8
4
3
-1
1
7
11
5
7
26
43
44
42
35
24
11
-2
-9
-1
10
18
34
55
76
87
85
81
87
85
80
70
58
52
64
72
88
97
80
49
37
37
33
16
2
1
11
40
50
35
32
28
28
37
59
72
57
41
35
36
34
20
10
26
43
37
28
36
48
57
66
67
54
36
25
20
20
24
36
34
32
39
66
74
69
58
43
34
34
33
25
18
12
33
58
65
52
32
27
37
42
44
38
38
40
28
24
39
54
66
69
70
64
36
33
53
70
93
106
108
116
118
114
107
105
100
101
106
103
105
99
85
64
48
52
58
56
54
48
50
56
57
54
42
33
29
28
27
20
3
-5
-1
-5
-18
-22
-11
-3
7
17
19
42
64
69
58
48
39
38
41
50
65
70
70
83
84
82
77
82
82
75
61
49
40
38
52
69
70
69
70
64
58
53
58
67
70
70
64
41
44
56
50
27
13
16
23
18
3
9
23
8
-5
-4
9
24
41
67
74
72
0
74
83
82
55
28
17
28
52
52
48
60
70
64
57
50
48
42
41
56
71
70
64
59
57
64
74
81
72
66
66
84
89
90
92
72
37
23
21
18
20
20
12
18
16
-2
-18
-10
-3
-11
-9
6
16
5
-7
-9
4
29
36
32
28
37
43
43
44
57
65
61
43
10
-9
-5
12
23
13
-3
-6
6
5
5
16
18
17
33
60
69
64
69
81
81
76
76
88
91
88
74
67
70
77
88
89
88
96
93
81
71
82
82
72
75
88
86
74
73
82
90
93
91
100
108
117
112
103
100
98
92
86
76
81
81
67
61
64
56
57
54
36
24
39
40
17
4
8
33
40
25
13
3
-5
0
13
9
-10
-17
-2
9
12
12
16
19
32
51
51
32
23
36
50
55
56
53
55
69
83
87
87
97
112
105
83
75
96
102
82
60
54
49
43
33
32
49
65
39
6
7
28
26
20
18
13
4
-2
1
18
24
22
32
38
41
43
41
44
42
34
32
36
43
49
44
50
55
39
19
21
40
65
77
84
88
105
103
86
82
77
67
50
52
65
66
42
34
40
48
43
29
7
0
19
32
28
11
-2
0
4
9
10
4
3
17
29
36
25
26
36
25
7
5
22
28
21
13
11
10
9
18
27
38
56
76
88
69
40
25
13
6
10
12
11
5
22
53
59
48
45
56
55
54
67
71
54
40
40
51
65
69
71
56
40
45
66
75
59
25
7
32
71
81
55
36
35
39
57
71
67
66
73
77
64
40
41
54
60
64
60
53
59
82
83
53
20
2
8
16
20
21
23
32
50
59
52
39
27
32
32
28
22
12
20
34
49
50
49
39
26
26
33
37
32
26
22
17
33
58
69
75
83
89
87
76
73
81
92
104
101
84
67
73
86
101
91
71
69
77
84
85
86
81
70
58
52
43
36
41
41
36
39
43
41
32
16
21
44
51
40
42
56
59
43
33
34
41
60
67
58
57
59
52
43
54
71
83
88
74
59
69
83
73
57
56
59
59
64
55
49
48
35
22
26
26
16
-1
-5
2
17
32
40
43
44
51
51
28
19
33
48
52
51
54
71
75
59
53
41
33
28
28
29
22
8
5
17
35
41
36
24
9
7
17
24
26
22
18
17
25
40
44
38
40
52
59
59
60
72
59
42
38
49
58
52
38
38
42
52
56
57
0
56
50
59
72
58
54
82
96
81
54
45
60
73
72
70
56
28
26
40
53
53
57
60
69
82
85
76
72
73
74
70
60
48
17
4
26
52
58
56
66
72
68
60
69
64
56
57
67
66
51
51
43
35
28
23
29
37
38
48
55
67
89
104
102
97
87
72
56
32
23
37
52
66
55
40
55
84
89
86
83
83
93
112
116
97
75
72
69
68
59
49
52
51
51
53
67
83
88
80
58
61
82
100
108
92
66
40
26
36
55
45
32
38
43
49
58
75
80
64
39
40
54
64
66
60
59
69
59
38
38
58
73
57
28
24
25
18
2
-7
-10
-8
-12
-10
8
32
42
38
38
35
26
28
34
32
28
35
41
33
16
12
25
28
27
23
23
19
25
40
48
39
35
37
40
34
18
24
53
71
69
73
71
51
41
45
41
43
51
52
43
26
21
27
35
35
32
33
40
38
35
38
43
49
58
76
88
74
71
75
73
71
74
69
54
51
64
76
90
92
70
41
23
25
27
24
29
41
64
84
88
91
96
89
74
75
69
42
28
33
27
20
23
32
23
13
11
17
23
26
22
18
34
59
65
55
42
36
43
57
54
37
35
40
55
72
80
67
55
48
43
43
56
81
72
53
42
55
65
55
42
38
43
57
69
75
90
102
100
96
89
76
51
39
32
12
8
11
19
20
10
8
19
39
50
40
35
57
81
80
85
98
100
99
87
70
53
45
54
54
59
51
38
36
29
28
34
24
23
22
19
10
0
-7
1
19
38
45
49
52
55
67
69
68
67
57
39
24
40
64
68
61
50
43
54
67
69
57
39
39
54
43
19
11
11
12
27
54
59
59
70
76
76
74
73
80
96
107
103
85
65
44
22
5
-2
-4
-4
6
21
19
20
28
28
21
22
42
70
72
59
42
9
-9
4
23
26
11
6
9
3
-3
3
10
18
29
51
67
68
53
39
43
54
58
71
71
64
64
64
58
65
72
66
49
48
44
48
60
73
85
75
60
67
72
57
35
22
28
42
38
11
2
6
6
7
2
5
9
23
42
44
38
42
57
68
66
59
72
66
48
43
60
77
68
53
60
86
92
80
59
49
69
88
71
49
49
72
84
66
50
55
53
44
54
65
71
72
71
69
59
48
43
48
57
57
38
20
11
2
-9
-25
-28
-18
-21
-28
-11
7
0
21
33
49
57
50
34
38
48
35
16
24
54
84
97
98
96
88
89
96
91
89
84
80
83
76
82
85
77
70
70
66
58
48
42
58
76
58
36
32
34
34
38
28
23
24
19
8
0
-6
-11
-4
17
24
12
-17
-28
-8
32
51
42
23
7
21
39
43
44
42
44
57
59
50
49
51
49
34
26
40
37
27
37
51
57
41
23
17
16
21
25
26
12
6
23
50
56
54
49
39
48
67
71
53
37
35
33
35
36
26
9
8
35
65
75
76
86
99
87
66
52
33
23
40
64
67
64
55
55
56
57
52
40
29
44
70
82
86
87
104
112
97
74
71
74
74
72
54
38
27
22
18
3
-13
-30
-40
-37
-12
-1
-8
-18
-3
37
74
74
68
80
90
83
80
84
98
106
102
96
101
109
108
107
112
99
89
85
92
98
87
71
69
96
107
100
87
82
71
67
69
56
35
32
38
52
74
60
35
21
8
3
1
0
2
16
19
27
27
28
35
38
40
24
18
28
38
43
48
56
70
76
73
51
35
43
54
60
58
