75
91
90
67
57
54
50
53
80
88
65
41
58
81
64
42
87
137
129
89
67
57
40
4
-26
-51
-53
-19
27
41
34
32
55
52
6
7
25
22
16
22
40
58
56
59
82
75
58
59
82
103
99
84
86
128
171
148
117
101
88
66
45
54
60
57
88
120
98
44
24
8
5
17
19
9
16
33
58
70
72
59
38
39
65
57
41
53
74
96
90
72
64
80
105
99
56
18
11
25
33
40
37
67
114
99
54
24
38
69
64
37
32
21
-3
-3
6
-4
-8
-1
3
23
39
29
36
35
23
8
0
7
20
39
102
134
89
50
56
85
86
59
27
6
-2
20
60
92
104
116
123
87
48
54
74
58
35
17
4
16
54
74
50
26
5
-11
-26
-25
-19
-7
8
7
-19
-22
10
34
29
13
-7
-11
-21
-35
-11
4
16
35
40
29
32
24
24
55
85
82
58
51
48
27
28
44
75
96
116
137
113
71
77
88
72
39
22
34
33
16
25
23
11
9
-1
-11
-18
-13
0
18
36
43
17
-20
-24
-5
0
-8
-10
7
34
43
32
20
26
25
22
28
50
70
81
100
131
134
132
128
105
96
104
131
162
146
112
98
89
80
86
88
58
33
27
22
21
24
24
1
-17
-12
-10
-12
-3
12
0
17
-3
-25
-33
-34
-11
18
23
7
-2
13
26
34
43
71
100
114
90
75
83
77
68
64
69
82
101
118
129
138
150
141
123
118
114
113
107
112
109
109
86
27
20
28
22
18
13
0
2
33
36
10
-5
6
26
25
1
-21
-29
-34
-13
3
5
25
69
96
101
96
83
82
96
87
74
74
91
107
118
107
107
117
100
80
73
52
44
60
83
86
66
70
99
87
71
52
12
9
42
37
-1
-25
-19
6
7
1
-7
-7
0
-19
-41
-21
17
27
34
32
29
34
58
68
27
12
23
34
54
40
22
38
50
40
38
60
73
69
73
81
69
59
65
80
51
16
4
9
6
-4
6
33
20
12
40
49
19
-3
3
16
19
13
20
24
32
54
85
91
39
-6
-12
-1
36
75
66
19
2
17
42
69
57
41
56
66
43
33
43
44
35
28
24
41
72
90
87
53
28
49
68
75
70
50
41
56
71
68
51
34
34
44
57
43
38
57
83
96
73
67
91
132
135
84
49
51
67
76
67
58
61
65
68
85
105
103
96
77
50
39
32
21
16
27
18
-5
2
3
-6
3
32
38
28
41
43
51
73
105
116
76
40
19
23
39
51
59
82
86
60
43
32
23
23
16
39
72
68
65
86
103
105
107
71
22
7
26
39
45
42
23
22
29
23
27
38
36
32
8
-18
-17
1
35
59
41
6
-6
11
36
39
38
54
74
88
89
72
70
87
96
55
26
64
96
85
40
10
17
34
38
51
38
10
10
33
35
34
40
33
25
49
91
90
56
51
72
82
76
49
8
-6
9
56
70
40
3
5
32
36
37
55
53
22
5
27
67
72
53
45
64
74
69
57
38
20
44
70
67
71
58
44
42
25
32
64
75
71
70
64
49
66
72
52
41
39
37
13
6
20
21
24
72
102
69
42
51
89
102
77
54
43
28
32
51
51
38
18
2
2
16
25
50
48
36
36
50
70
89
85
43
18
7
1
-8
-8
-21
-40
-18
1
-8
-2
27
32
36
45
36
16
9
32
84
85
13
-34
-19
17
35
33
32
51
89
112
91
55
50
56
65
48
33
28
29
20
25
57
83
73
38
3
34
84
88
83
81
41
3
23
66
91
81
38
6
17
34
21
4
1
4
6
25
38
24
42
92
106
77
41
51
67
65
68
68
36
18
48
59
41
32
50
66
61
64
96
122
121
0
102
97
90
83
75
72
55
48
65
66
70
80
82
73
54
57
73
71
58
54
61
83
80
60
39
17
9
26
34
6
-34
-49
-24
-1
26
56
49
54
51
33
44
73
69
33
19
56
81
91
113
96
83
98
102
90
88
74
73
83
75
68
48
19
24
54
60
39
16
3
8
26
19
-4
0
-6
-33
-38
-27
-11
0
8
21
43
76
81
74
68
59
59
64
56
60
101
138
115
90
89
64
25
29
57
81
92
88
81
61
48
33
12
4
22
39
22
38
51
24
-14
-52
-66
-61
-71
-70
-51
-34
-4
26
34
18
18
28
25
24
53
84
92
105
106
96
101
129
139
129
116
119
137
164
171
122
90
108
103
82
67
68
57
38
49
53
49
37
20
13
-3
-12
-14
-3
19
33
42
61
57
36
48
85
76
42
40
83
108
89
75
85
83
84
68
54
73
108
128
125
129
123
103
98
96
86
83
92
117
120
88
57
39
39
50
65
51
20
0
26
66
65
42
17
-8
-18
-30
-54
-53
-29
-18
-20
-39
-56
-41
-38
-52
-51
-23
-5
-3
7
12
16
40
49
26
12
23
37
53
69
54
59
80
56
33
39
39
35
50
37
4
9
40
52
25
-6
-22
0
53
64
42
20
17
12
-1
-11
-2
1
2
13
28
37
52
53
59
80
98
96
81
68
70
76
83
65
42
23
18
25
56
69
69
83
103
132
170
171
114
56
36
57
68
43
40
58
71
50
34
28
32
18
9
18
17
32
40
23
5
6
19
43
59
53
48
60
83
97
87
66
59
72
81
89
120
120
84
65
75
98
87
58
44
60
80
85
81
77
65
43
21
17
23
22
9
9
19
20
22
35
52
41
21
2
5
10
25
38
37
59
64
37
34
53
85
121
146
140
91
73
102
112
92
72
58
58
68
82
101
121
91
42
37
73
97
91
72
73
84
67
43
19
-19
-24
-10
-9
-19
-27
-22
-12
-10
3
22
25
40
65
76
66
51
41
37
54
59
35
16
6
12
17
11
7
8
26
42
57
49
25
10
32
64
81
89
76
34
24
67
92
73
35
21
42
68
85
101
103
89
75
86
69
36
25
32
43
42
36
24
3
-5
8
33
44
39
33
39
48
52
68
67
58
44
49
57
85
99
96
104
117
109
114
107
92
69
32
16
8
26
51
52
34
11
16
22
35
59
48
-3
-33
-28
-22
-11
5
23
26
-2
0
-18
-1
7
0
1
-7
0
12
27
49
56
43
22
8
-1
-7
10
18
18
32
51
57
48
36
52
80
105
91
28
9
23
35
56
54
23
2
4
16
13
17
2
-18
-6
17
19
10
10
40
58
52
40
38
33
41
55
40
22
42
66
86
96
107
136
134
123
112
92
85
83
83
93
102
99
96
104
116
114
103
96
82
59
43
41
53
57
43
27
28
26
17
3
-8
0
16
27
25
36
44
55
68
45
33
69
73
35
24
34
36
49
60
54
49
67
103
102
102
90
80
84
113
118
96
92
120
120
85
73
98
105
84
73
88
83
61
49
48
34
-7
-34
-4
48
71
35
-1
-4
9
7
4
8
17
8
3
-3
0
11
9
9
7
-13
-22
-21
-7
28
33
6
0
3
20
73
98
89
89
69
43
37
26
39
60
52
39
42
53
45
11
-4
5
11
9
7
12
42
59
34
5
-1
-6
-11
-19
-20
-1
18
39
66
80
60
38
36
38
53
65
73
90
103
112
103
123
155
140
115
96
85
99
114
103
90
93
118
134
128
139
136
83
71
64
44
35
43
66
74
74
73
64
44
27
20
32
65
96
117
84
33
33
59
71
85
69
39
23
28
53
67
56
57
76
109
149
169
162
152
132
131
131
103
96
140
179
165
139
140
165
177
164
125
97
108
147
152
162
147
107
86
68
71
103
117
73
37
50
87
99
68
34
20
19
17
12
36
49
35
25
33
51
91
107
97
59
21
2
0
9
37
54
42
39
23
16
32
34
17
-8
-24
-18
17
50
53
42
25
24
35
0
-18
4
-9
-34
-25
-18
-27
-29
-34
-43
-33
-7
19
8
4
28
43
53
48
13
18
54
60
12
-13
-5
-1
-22
-26
-5
4
18
21
22
26
42
71
85
58
20
21
39
23
-8
-21
-3
7
9
29
25
10
11
10
6
-3
-24
-36
-17
1
-13
-11
4
0
-2
11
20
21
20
27
48
60
57
38
35
39
49
45
26
23
38
18
-11
-3
38
59
44
24
6
7
29
68
90
92
66
28
20
33
41
44
42
34
33
7
-18
-3
20
18
2
-7
-6
8
28
73
83
42
9
17
66
73
43
33
55
92
87
56
41
52
75
87
83
67
49
57
82
91
83
73
56
50
61
73
88
91
52
22
13
32
38
11
-7
-12
-25
-36
-27
-10
-18
-34
-34
-19
-17
-6
26
66
98
58
19
39
65
75
69
41
8
0
-10
7
37
56
71
60
48
43
64
74
76
85
92
120
128
100
98
114
115
92
52
13
-2
16
48
72
70
49
54
50
18
5
16
13
0
9
27
1
-27
-6
17
13
25
28
48
86
85
25
-1
21
32
32
33
39
66
99
104
81
51
34
48
60
27
1
4
22
36
55
59
58
51
67
107
109
80
60
81
113
109
60
52
81
88
72
28
2
-1
5
2
2
1
9
32
53
91
98
67
27
23
32
22
0
-3
13
7
7
48
66
68
73
76
67
59
90
104
70
80
87
69
52
40
28
22
32
52
96
81
27
6
35
59
53
35
12
20
52
73
71
67
44
21
17
7
7
27
41
48
53
42
38
44
56
69
82
66
38
38
68
87
73
58
60
55
57
72
73
85
116
138
130
90
77
88
86
81
88
101
103
84
51
60
84
77
64
65
64
39
17
-10
-7
32
67
28
-11
-5
41
75
76
60
48
32
23
36
52
59
67
68
68
60
48
16
-17
-12
20
41
39
28
27
53
84
91
81
77
85
99
88
66
55
57
22
-4
0
5
6
9
22
40
19
-4
1
17
41
57
40
10
5
42
66
49
34
26
7
-6
0
12
20
25
21
26
37
26
39
57
55
68
88
65
45
64
70
54
52
69
54
25
32
45
39
16
2
3
6
-2
2
3
7
35
27
17
17
12
9
-2
-19
-20
9
33
27
19
32
37
37
50
39
17
11
37
57
81
104
72
26
32
56
57
39
26
38
67
72
69
83
116
109
82
83
106
103
76
55
39
27
9
4
24
51
50
25
8
4
20
39
37
33
43
41
64
75
70
64
65
61
75
113
101
49
16
39
64
51
51
58
61
64
66
55
53
56
26
9
9
8
9
23
52
58
43
32
18
12
6
8
26
39
43
27
34
66
75
80
68
82
73
28
20
39
38
34
56
48
40
50
69
99
100
86
85
86
53
27
42
81
107
100
77
61
52
40
19
10
16
1
-5
8
35
56
54
49
55
70
84
96
75
81
114
116
86
77
61
48
43
44
48
48
50
55
38
21
39
70
70
41
25
42
61
68
58
49
41
29
12
16
37
76
83
68
70
53
49
64
55
23
11
26
69
83
80
77
75
82
89
96
84
86
102
93
70
60
56
39
20
29
65
44
6
7
51
71
56
20
-11
-9
2
13
26
34
42
64
81
76
55
40
0
55
69
81
83
68
34
19
32
57
64
57
59
48
33
44
72
80
61
40
17
2
26
42
34
42
27
-1
10
35
56
71
44
24
19
20
26
23
28
58
80
86
86
90
77
50
60
85
84
72
45
37
49
29
9
28
70
83
88
96
86
82
109
154
128
68
44
51
53
73
68
55
76
96
68
36
39
53
49
7
-9
11
33
32
59
66
24
-2
7
32
55
59
23
0
24
50
34
37
45
52
58
53
28
18
25
41
55
37
8
41
103
121
104
88
64
53
53
53
42
56
82
87
72
41
41
54
44
18
-3
4
12
17
4
18
35
22
26
48
75
96
84
66
70
86
102
115
80
19
5
36
81
106
93
66
50
48
51
52
52
70
92
99
77
60
68
64
74
129
135
117
85
66
59
73
81
64
18
-9
11
37
50
66
53
49
56
39
16
22
28
17
-1
-20
-29
-26
0
33
56
67
73
42
-6
-35
-33
-19
-6
2
20
40
59
68
57
37
43
51
23
-19
-35
-20
4
41
66
50
0
-20
10
49
52
49
16
-22
-1
38
58
24
-10
-9
-10
-29
-55
-60
-39
11
34
8
-9
-11
6
18
0
-21
-23
2
34
26
27
57
86
81
86
71
54
51
53
55
54
40
29
49
74
72
67
74
84
81
75
51
20
12
48
80
81
69
64
66
55
37
44
72
87
56
17
16
39
53
54
39
36
27
16
22
45
43
39
43
48
52
61
74
51
19
17
22
34
58
68
49
48
50
52
53
50
43
39
41
34
33
43
53
58
71
68
69
92
53
-11
-29
-3
21
22
8
12
36
67
81
72
68
35
7
-4
-1
10
33
60
66
48
51
76
75
55
44
40
43
48
60
73
60
57
65
36
7
24
55
67
22
-12
-2
37
82
92
35
-11
13
67
86
53
22
39
84
112
97
60
35
18
7
1
-1
42
88
107
120
102
65
49
50
52
59
42
37
64
97
130
155
138
92
60
57
75
88
68
44
41
58
74
58
51
68
75
58
58
84
96
76
56
40
41
76
114
115
90
61
67
73
77
81
70
77
64
36
45
92
97
71
42
40
82
97
68
54
88
133
146
100
56
53
64
58
54
60
49
35
54
58
58
67
58
4
-37
-3
21
0
-11
1
-2
0
16
26
42
39
11
2
5
-3
8
41
57
38
1
-7
-3
4
34
82
72
41
35
51
42
27
38
57
81
74
26
0
-7
8
32
16
-6
-11
0
21
38
37
25
20
33
53
70
50
19
-1
6
50
84
69
54
22
-6
7
48
64
57
57
24
5
12
45
97
104
80
49
83
133
105
70
61
68
85
98
98
96
97
118
141
140
117
77
33
-3
-5
17
37
42
76
85
36
9
50
100
101
87
51
17
10
16
34
36
1
-25
-12
12
23
38
67
77
60
37
35
64
93
102
133
172
148
89
53
34
37
48
66
88
120
132
88
58
97
117
89
57
60
68
56
57
67
69
49
26
10
3
-6
3
37
81
133
145
59
-34
-37
12
53
56
23
-4
19
48
59
67
38
3
4
34
26
-6
-11
17
49
65
51
21
13
9
-12
-44
-3
53
58
35
13
27
44
56
80
91
102
99
68
44
45
41
40
37
42
73
90
99
91
83
98
100
98
59
6
-10
6
59
75
39
6
-10
-10
-1
12
24
18
-20
-53
-25
44
66
26
-14
-27
4
51
80
86
56
54
101
114
84
74
71
74
96
107
132
167
173
154
152
154
137
99
74
82
120
125
77
53
85
141
147
103
86
91
87
72
64
65
44
17
34
71
107
151
120
55
16
7
21
33
50
69
53
4
-24
-3
33
35
12
27
73
107
125
118
89
75
77
48
16
4
35
72
80
60
72
99
49
-3
-4
17
43
32
-10
-21
-33
-17
27
25
-28
-43
-18
10
57
65
50
57
65
56
45
37
26
3
23
88
96
36
-5
7
34
25
9
0
-6
-6
26
100
138
91
41
21
32
60
60
60
60
35
8
11
27
44
13
-22
1
54
68
28
7
23
42
60
39
-9
0
37
57
69
32
6
23
54
49
8
-2
18
35
51
55
59
54
34
28
26
11
0
-1
21
59
105
99
37
18
39
54
41
2
-45
-44
1
16
-10
-19
2
19
21
19
5
34
72
56
54
50
4
-38
-30
12
36
26
32
59
93
112
107
74
55
55
80
57
44
36
11
18
56
72
65
65
76
57
24
28
54
66
71
82
71
42
1
5
32
50
36
10
-6
-4
8
35
53
35
28
28
17
-2
21
60
65
61
67
39
-1
4
51
84
68
64
61
58
72
107
134
101
54
52
72
101
122
137
136
99
45
51
82
75
3
-30
19
85
87
70
43
51
92
85
36
24
24
4
9
29
23
-13
-46
-44
-20
10
22
19
40
53
51
54
35
52
90
101
85
65
54
35
36
35
37
29
4
-5
0
24
64
87
82
68
92
139
156
92
40
52
49
33
44
81
103
112
108
106
87
49
27
5
-17
-5
22
43
52
53
85
131
103
59
55
67
68
96
91
51
32
42
50
54
75
72
49
36
48
82
113
107
55
22
39
64
80
54
54
73
97
107
84
37
0
-1
3
20
53
86
52
23
22
-4
-24
-1
23
-10
-71
-87
-52
-3
17
24
10
5
34
89
85
18
-35
-30
-3
5
0
-6
23
55
54
53
55
53
58
50
49
35
33
70
61
28
17
18
23
20
24
49
71
73
61
50
34
27
42
69
88
83
35
-11
3
37
45
21
10
13
8
6
20
40
40
36
7
-22
-12
25
60
43
12
17
43
44
32
33
53
69
84
64
27
16
5
8
36
67
72
82
87
72
71
82
90
108
115
88
70
57
32
33
55
20
-25
-20
2
12
25
11
-3
-7
-4
-2
12
50
72
69
66
50
24
20
59
72
35
12
36
81
93
58
22
18
12
21
35
33
41
81
118
140
152
137
115
88
69
60
50
48
81
113
113
85
68
64
73
104
113
73
38
42
85
89
53
23
43
74
85
75
65
65
73
74
74
84
85
69
41
34
41
41
36
43
68
100
100
99
90
66
53
42
36
49
68
69
53
54
56
44
42
35
40
40
52
70
74
68
67
50
21
-13
-13
25
42
22
-2
-6
16
38
40
33
32
37
39
37
26
10
-13
-30
-34
-2
67
102
53
20
35
34
18
17
25
57
96
113
83
54
44
53
42
16
10
26
4
-10
23
55
50
20
4
11
54
82
51
10
24
41
38
36
32
41
74
106
88
52
56
104
120
96
86
128
148
145
133
114
104
93
64
51
74
89
84
77
77
86
86
89
113
113
92
97
105
128
99
42
21
33
42
34
29
39
33
26
42
61
86
73
39
53
73
52
11
-3
3
12
28
53
48
37
29
27
38
43
37
34
27
20
23
49
66
66
35
-13
-30
0
34
49
42
41
34
27
44
80
86
67
20
-3
-4
0
24
55
36
10
10
59
152
139
70
28
32
28
7
-9
-6
9
39
57
58
65
76
65
37
29
36
42
42
64
89
105
114
76
12
-13
19
51
34
8
5
18
48
102
121
84
60
48
38
57
67
60
43
22
29
44
56
88
120
118
105
71
39
66
85
54
22
21
38
53
59
76
107
106
72
53
50
48
36
36
64
72
68
56
52
0
65
70
73
69
61
74
92
96
73
52
43
49
48
57
64
64
72
76
89
107
121
118
97
84
92
105
88
49
22
7
5
38
56
51
74
117
124
105
116
132
106
91
76
76
83
93
115
119
112
92
81
86
88
93
106
87
65
74
89
107
103
54
19
19
35
61
83
80
57
37
39
18
6
19
12
16
24
24
21
12
9
-2
-13
2
17
41
85
58
8
-2
19
40
40
39
5
-19
-3
29
36
7
-12
-12
-17
-18
-9
-5
2
18
37
21
-9
-37
-50
-28
-12
-28
-62
-65
-28
23
66
54
19
9
27
26
20
27
25
13
1
3
16
21
22
28
41
32
2
6
42
65
16
-27
-26
8
27
29
52
73
67
51
43
52
82
103
86
37
17
27
24
9
-4
-11
-4
10
28
61
72
41
19
6
2
-7
0
55
101
106
123
132
105
85
90
69
24
8
21
54
72
39
10
17
52
60
48
50
56
43
43
39
20
5
1
-12
-23
-13
-7
1
5
5
6
10
9
18
52
83
80
51
6
-20
-3
13
6
0
5
18
34
59
84
80
50
52
83
83
70
82
97
91
82
89
97
107
103
83
69
50
43
59
65
45
48
61
68
52
36
26
10
2
-3
33
40
20
24
72
90
64
52
75
85
97
88
71
77
82
70
57
32
35
64
86
86
59
68
106
100
69
70
91
106
98
72
55
54
56
65
73
73
69
65
81
68
43
59
97
96
64
27
-7
-5
21
19
2
-4
-20
-18
7
25
42
68
67
72
66
44
51
55
52
37
37
61
55
40
71
104
99
68
74
80
70
56
33
26
34
36
25
19
24
38
73
105
99
68
54
67
83
52
13
19
32
16
-6
-6
17
19
9
16
11
-9
-25
-17
-4
4
1
5
52
88
65
35
25
37
55
53
55
96
103
76
72
91
100
70
22
8
33
52
60
64
67
76
66
55
53
35
21
13
17
27
13
-5
2
10
-4
-26
-30
-21
-22
-19
-22
-33
-27
-19
-4
33
55
76
74
54
61
67
58
55
72
74
58
53
70
106
132
128
100
98
113
112
108
115
101
93
123
125
101
82
76
73
58
41
48
59
43
32
29
35
36
20
-4
-10
3
4
-13
-42
-43
-24
-11
-18
-5
45
67
45
26
36
50
55
60
57
36
37
75
96
76
57
55
66
59
53
52
52
69
65
53
50
49
43
49
73
70
59
52
43
33
17
25
34
38
53
53
0
57
66
36
8
16
17
6
0
13
32
53
87
100
85
64
50
50
45
42
59
75
86
99
102
112
118
116
90
82
64
65
91
92
81
85
99
97
88
83
59
32
33
48
40
29
42
52
55
60
51
45
50
38
25
26
22
28
41
51
40
34
35
41
40
27
25
38
43
36
10
1
29
50
51
64
65
48
39
51
70
85
55
43
72
90
67
16
0
32
69
76
52
6
-11
4
38
35
-11
-37
3
60
40
-7
-19
4
22
4
-9
2
9
20
41
27
10
35
83
86
51
34
39
58
84
124
114
77
66
68
64
60
66
84
98
84
60
64
82
99
101
88
92
104
104
89
56
40
53
64
59
32
1
26
74
89
70
58
83
108
89
38
12
34
71
100
75
33
3
3
23
45
45
36
22
9
26
49
48
56
58
41
34
48
66
81
85
113
128
113
89
77
58
48
39
39
41
26
11
32
59
89
86
37
-7
-13
2
27
35
28
5
-5
17
48
52
36
21
26
34
11
1
10
34
55
59
68
68
56
80
114
115
102
113
97
68
65
80
83
73
88
80
61
82
102
74
40
23
18
24
36
50
68
83
87
65
32
48
87
85
70
60
33
26
34
35
35
21
11
26
45
44
50
93
118
77
6
-22
12
73
102
84
66
44
33
37
43
35
11
0
0
21
43
54
40
38
50
59
68
65
73
61
56
97
98
57
50
51
38
34
27
28
50
66
87
91
74
59
72
92
76
25
2
23
41
64
72
60
43
38
66
98
133
119
90
55
33
51
65
44
40
72
114
138
140
108
75
85
85
57
16
-5
3
24
48
48
24
7
36
74
60
28
8
23
24
5
-3
-1
29
74
57
20
9
22
43
59
42
8
3
36
83
99
91
67
32
28
42
39
28
42
42
9
8
55
101
97
72
85
85
64
82
66
20
26
57
64
56
57
44
39
44
32
-4
-5
25
27
12
3
23
71
55
13
17
18
0
-5
-7
-7
8
34
53
71
64
39
44
85
91
59
36
41
66
51
28
36
37
33
36
29
9
6
0
-4
1
-7
-9
12
27
7
8
39
48
28
27
40
44
32
19
21
33
41
33
11
8
17
28
50
41
28
33
39
57
49
13
22
40
26
16
28
70
84
85
86
86
99
102
75
52
48
48
55
56
36
22
49
89
92
96
105
82
55
55
43
21
17
44
71
0
61
35
36
58
76
81
88
99
87
88
82
58
20
-7
-21
-9
4
-2
-19
-13
-12
-10
16
32
40
49
50
59
58
71
101
115
102
91
68
58
72
80
88
86
57
53
43
6
9
18
27
23
-5
-22
6
53
52
33
28
38
50
52
35
17
21
56
99
112
82
57
64
61
40
42
76
129
140
109
83
70
75
71
34
-1
5
24
22
-5
-19
8
50
54
12
1
36
40
10
-3
0
17
32
28
22
27
26
21
17
10
23
37
53
74
90
68
27
24
50
74
66
44
55
85
109
105
72
51
69
55
32
27
38
57
66
70
56
25
27
56
84
89
72
52
53
65
75
64
35
18
25
40
37
16
-6
-2
8
18
41
71
58
34
33
66
103
51
-17
-24
0
35
48
33
7
0
40
97
114
97
72
37
8
34
83
90
74
89
118
130
118
105
88
74
65
70
98
87
51
70
102
112
102
87
74
57
50
38
49
67
68
65
55
38
22
12
20
58
92
74
43
50
70
84
90
87
87
84
75
88
118
119
114
90
82
87
67
41
42
