41
34
41
53
75
105
123
125
113
97
97
116
133
136
144
130
115
117
129
121
98
81
75
72
59
54
53
20
-14
-19
-7
3
24
38
24
-5
-34
-25
5
37
33
17
19
23
24
23
40
53
41
32
40
65
60
64
74
92
124
136
129
108
92
89
91
102
103
89
91
90
76
73
66
56
44
29
16
-2
-1
-3
-3
-8
-23
-25
-20
7
43
66
69
66
56
48
40
48
50
43
43
34
18
24
51
56
37
36
45
43
41
53
68
74
68
50
50
58
65
64
65
53
39
37
64
80
65
25
3
16
12
9
4
-1
-12
-19
-22
-19
-10
-27
-40
-14
19
49
58
44
36
38
43
59
65
54
43
42
43
32
18
25
42
57
75
97
98
104
114
108
96
83
73
49
0
33
49
67
55
18
-2
5
8
-5
-23
-18
4
6
-2
-11
-19
-11
12
44
40
17
8
19
20
22
28
27
36
60
57
35
27
32
35
44
57
84
122
131
107
88
83
88
91
91
80
57
48
56
71
76
60
48
34
22
1
-10
-7
-24
-38
-28
-12
-11
-22
-17
0
4
12
8
6
3
-7
-22
-25
-19
-3
23
28
27
33
21
4
13
29
25
22
51
72
64
55
70
72
49
34
41
49
40
32
38
71
88
66
42
41
43
40
53
67
70
71
64
50
45
52
53
36
26
35
21
-1
-1
32
43
11
-8
6
32
45
48
49
51
60
69
76
68
58
59
76
90
88
102
118
107
107
101
82
85
86
81
58
65
92
106
100
82
69
81
87
69
48
35
24
17
0
-1
13
17
9
3
16
26
29
21
9
19
28
19
1
-1
22
45
55
64
82
104
122
134
149
156
152
144
130
113
99
92
103
109
106
103
100
81
68
55
41
38
38
21
12
16
8
3
6
20
37
55
60
32
-8
-24
-13
-6
-11
-13
-8
0
17
35
44
40
21
18
37
56
77
92
86
59
65
83
96
104
107
107
99
90
98
108
96
70
56
39
36
44
56
54
49
59
53
17
-3
-5
0
-3
-2
-5
-11
-18
-26
-23
-3
11
21
37
43
36
23
37
70
71
25
-2
17
13
1
2
-4
-7
23
70
103
120
116
101
97
107
120
108
87
82
74
61
40
22
12
12
22
22
7
-5
-3
-8
-38
-72
-69
-51
-39
-22
9
36
45
44
26
20
27
41
54
58
60
75
96
107
113
105
90
75
74
81
71
59
67
86
102
101
80
60
76
108
115
114
122
129
105
83
71
67
69
59
49
55
60
55
32
20
24
32
39
35
25
28
21
6
-3
-10
-10
-13
-11
-19
-25
-19
8
35
34
20
7
6
36
65
64
70
80
66
51
42
41
57
70
66
54
57
59
60
71
77
65
41
26
27
21
17
23
16
-11
-14
18
44
56
69
84
60
23
33
61
66
42
19
10
23
33
38
43
54
77
86
66
59
75
83
83
98
114
131
148
136
123
137
162
166
150
119
98
105
122
116
98
75
67
72
85
107
109
75
43
34
34
22
1
-3
18
40
50
41
28
26
26
33
28
2
-7
16
36
34
20
17
18
24
27
24
28
48
65
61
61
86
102
91
74
61
43
27
26
52
71
66
49
48
66
88
99
92
70
37
26
0
48
66
44
1
-37
-56
-53
-41
-36
-29
-24
-39
-56
-50
-7
34
36
12
-8
-11
8
35
40
38
34
38
54
71
73
64
39
24
18
20
37
48
49
53
74
97
113
112
101
86
84
98
89
71
64
57
39
29
37
38
18
2
3
10
8
23
43
41
26
23
38
50
35
1
-9
4
27
41
54
52
25
4
-2
10
33
24
9
18
40
64
74
57
52
64
83
97
90
76
49
2
-11
10
22
27
20
2
-3
-1
8
21
25
21
10
20
39
51
64
82
67
34
23
48
73
76
60
36
43
89
119
121
87
58
64
93
120
97
60
64
72
67
76
86
81
84
99
101
89
81
87
106
112
98
76
53
50
70
80
70
57
51
38
38
50
33
0
-4
3
2
-9
-11
-4
-4
-4
10
23
19
8
19
36
43
50
59
60
56
55
55
60
80
75
66
71
76
81
88
87
83
80
77
82
75
76
82
83
76
75
69
51
51
65
64
60
74
80
54
34
33
18
10
27
48
50
35
19
11
1
-1
8
28
27
19
19
35
70
83
60
48
55
72
86
85
74
72
77
76
75
99
133
149
147
135
117
80
58
86
117
100
55
37
50
85
114
103
53
5
-18
0
41
52
16
-21
-25
-24
-23
-10
29
66
59
36
29
50
68
65
50
33
23
37
55
53
37
45
64
76
85
89
91
82
69
71
91
109
108
105
96
98
107
98
68
57
66
75
72
48
22
12
19
24
19
13
8
0
-5
0
-17
-38
-43
-37
-13
-5
-6
4
23
2
-21
-11
8
33
44
54
64
75
97
98
84
90
118
135
146
141
146
144
148
137
100
80
92
96
83
74
52
35
41
40
11
-11
2
34
32
6
-5
-2
6
3
-10
-23
-33
-33
-22
-5
7
0
-12
-12
-1
24
32
11
17
29
25
8
2
21
53
68
60
48
45
68
89
101
114
119
98
75
58
57
68
72
68
76
83
70
59
42
22
7
1
-3
-12
-22
-27
-11
-7
-22
-28
-18
-22
-29
-43
-30
-4
24
17
-13
-5
16
21
26
17
6
9
20
27
53
83
97
70
41
39
57
71
70
68
70
76
83
89
90
87
83
85
90
88
65
43
45
60
68
59
37
28
57
81
68
53
44
35
28
40
49
44
35
35
40
57
61
55
64
86
93
87
88
106
105
86
76
80
85
90
84
71
80
93
98
89
76
60
28
22
32
34
23
10
9
8
0
-7
2
0
27
41
34
27
48
50
24
16
8
16
38
58
82
105
112
91
83
97
115
122
115
113
120
121
113
89
74
70
67
74
91
83
53
37
35
35
25
11
-1
-2
-7
-14
-13
6
12
28
42
34
19
20
19
28
40
28
16
7
4
4
1
19
53
73
64
49
61
82
87
90
83
66
71
103
114
118
122
121
114
93
75
67
69
80
90
91
88
74
57
45
44
38
29
34
32
16
19
40
53
37
7
-10
-2
-13
-34
-29
-24
-11
-7
4
17
33
40
44
48
24
16
29
43
49
44
58
90
118
101
64
52
64
64
68
82
87
70
57
49
41
51
59
57
50
42
56
57
32
12
11
5
-4
2
17
23
24
25
48
71
90
70
40
40
64
73
73
60
57
71
84
104
129
124
104
83
68
50
45
56
70
83
87
88
97
99
73
51
39
25
21
27
35
13
-5
3
2
-11
-22
-26
-18
8
26
36
50
49
39
27
23
27
36
35
21
16
17
22
49
73
80
38
11
25
54
67
70
87
105
84
75
91
104
92
67
65
75
82
84
85
80
40
9
24
33
25
8
3
12
36
50
48
45
39
37
43
49
52
51
50
48
40
51
74
73
61
64
66
58
58
59
55
64
72
84
87
88
91
89
100
89
68
72
70
71
83
85
60
35
27
29
25
24
23
5
-13
-6
34
67
57
34
33
48
58
56
54
67
68
70
87
97
97
108
140
139
108
106
135
146
144
155
144
98
74
81
101
114
124
134
121
103
73
41
25
20
16
3
12
32
39
38
33
39
42
33
10
16
33
38
41
43
51
55
54
66
59
35
23
34
41
19
8
40
76
68
53
59
76
89
76
73
84
74
60
57
66
81
97
100
76
76
76
68
60
50
28
12
2
10
17
1
-1
3
9
9
13
6
8
21
20
10
1
-12
-18
-26
-30
-29
-25
-9
3
20
33
28
25
16
26
41
45
57
58
35
-4
-6
32
66
55
24
2
2
16
35
37
44
33
11
26
58
77
73
64
54
40
24
22
22
10
5
9
11
-3
-13
-4
5
2
6
6
6
6
16
19
24
39
45
44
39
22
23
35
39
36
18
8
28
39
32
25
13
3
9
13
6
4
28
61
82
80
68
69
69
68
57
40
35
44
44
33
24
23
18
11
5
8
11
10
21
40
55
43
32
22
24
36
34
21
22
35
56
71
66
58
40
0
21
18
28
42
38
39
51
50
50
64
60
50
41
56
72
64
56
55
54
58
59
53
49
49
34
19
26
33
26
23
0
-24
-17
10
9
-10
-18
-19
-12
0
-2
-14
-12
3
26
45
51
53
50
51
71
80
76
80
66
54
35
22
37
50
48
43
60
74
67
65
82
88
75
67
67
80
81
70
44
16
3
11
8
5
9
21
17
11
18
22
11
0
2
33
54
44
24
24
45
55
41
38
64
96
118
122
118
116
123
132
135
128
108
106
109
105
80
74
65
51
65
82
88
114
128
112
102
96
98
97
76
59
50
44
44
39
42
58
54
51
60
75
86
92
81
55
54
71
71
73
90
82
74
89
100
87
65
68
92
99
72
56
65
71
69
58
52
52
44
41
64
86
72
40
23
24
24
18
7
8
21
27
26
21
17
12
13
16
12
23
39
50
49
67
86
89
80
64
59
67
68
57
53
58
67
77
97
106
102
84
81
61
48
54
72
70
44
38
49
50
28
2
-27
-23
11
18
0
-7
-4
-3
-1
10
-5
-30
-35
-21
-2
17
27
36
38
55
73
67
49
42
50
70
73
71
75
100
105
89
75
82
91
80
68
75
82
80
75
73
81
96
105
104
98
97
82
69
71
66
50
60
69
50
40
56
58
21
-5
0
7
13
17
28
50
56
45
38
32
33
50
58
64
64
58
54
41
26
19
24
50
81
83
87
102
112
106
106
107
118
119
115
120
112
82
83
114
109
85
64
68
91
83
45
23
23
34
52
65
54
26
17
26
38
26
9
1
6
27
56
70
66
58
60
66
61
44
39
42
45
65
84
83
82
76
72
55
23
4
5
12
22
26
26
28
34
39
39
41
32
11
3
-1
8
37
44
33
16
12
10
3
0
12
19
19
28
39
41
49
33
9
6
8
4
6
24
60
81
85
68
50
48
52
53
43
35
35
48
59
67
68
71
81
84
90
90
83
82
80
73
72
81
76
57
41
32
20
21
34
58
70
33
17
34
44
55
56
29
4
5
13
28
22
4
1
12
19
13
10
21
42
43
27
6
17
37
42
28
22
28
33
50
66
53
33
26
40
72
77
52
35
41
37
21
16
17
24
52
68
42
19
23
40
59
57
16
-22
-24
1
26
37
37
49
59
68
73
70
73
74
65
80
82
58
48
56
60
45
35
28
27
38
37
0
41
45
41
36
45
84
96
80
87
100
90
86
87
81
69
69
52
28
25
37
41
28
22
21
21
33
35
22
24
37
48
41
16
-7
3
37
50
51
44
36
35
41
44
37
35
52
74
84
75
65
72
96
92
70
72
90
103
107
115
109
89
88
113
124
112
103
104
92
72
56
65
76
80
81
73
55
33
32
38
25
17
12
19
19
9
10
12
0
-5
3
5
16
26
26
10
-8
-7
-1
6
21
23
19
13
12
16
19
34
51
65
58
41
24
29
51
69
77
73
72
84
75
53
35
32
41
38
10
11
34
53
59
65
55
34
26
38
43
44
44
40
44
42
28
25
28
34
49
44
42
48
57
80
74
61
70
83
85
81
88
92
100
100
90
82
54
33
48
76
90
76
59
68
81
81
75
74
65
81
99
77
57
45
37
33
24
19
22
25
37
52
58
51
35
24
32
55
66
48
29
26
35
52
51
24
2
9
35
44
48
48
48
58
75
81
73
66
66
69
70
65
66
58
43
41
53
58
38
35
59
87
109
108
117
113
86
83
97
86
65
55
55
56
66
73
76
66
32
9
24
33
20
4
-4
-3
5
16
21
24
39
49
54
60
80
106
121
120
108
91
80
81
85
87
97
102
97
80
64
60
73
80
68
60
64
75
82
61
44
40
41
49
44
33
28
32
27
28
38
38
32
22
19
12
9
8
9
36
60
67
67
73
102
108
109
119
96
64
64
71
66
67
76
86
89
93
98
80
67
65
60
52
49
64
76
69
49
39
41
27
16
16
11
9
9
11
3
6
2
-18
-24
-25
-20
8
28
24
18
12
12
21
22
17
21
18
7
20
35
43
55
65
69
69
68
56
43
33
40
42
23
12
22
34
35
40
45
24
3
7
26
38
41
51
64
55
38
27
23
12
-2
1
8
6
2
6
16
7
-4
-12
-3
3
7
17
26
25
20
22
38
59
87
83
69
90
92
68
55
70
90
98
100
101
93
99
93
73
65
55
42
32
17
18
41
60
58
41
32
35
44
38
23
16
19
27
36
38
24
9
11
36
55
40
28
17
3
11
44
64
54
40
40
42
37
42
57
70
77
85
89
87
80
84
84
81
70
51
44
52
56
64
64
48
38
58
75
76
66
51
36
40
52
50
39
41
42
45
52
55
71
70
49
44
52
45
27
24
25
0
27
44
64
69
83
74
54
50
66
70
65
60
61
49
50
58
67
49
17
2
1
10
33
60
67
50
36
42
44
48
45
27
4
6
27
49
49
44
44
38
32
38
44
42
36
41
48
52
57
50
48
52
51
38
37
23
22
43
82
105
108
105
99
82
74
86
106
113
97
91
89
69
66
82
76
67
71
72
73
90
91
82
75
69
68
60
50
50
58
68
80
68
53
64
64
50
32
20
27
35
28
40
52
61
90
99
87
81
65
56
59
55
45
48
57
60
53
54
64
67
65
66
60
55
66
70
72
73
85
86
67
34
19
23
26
27
37
45
52
35
17
7
6
8
-3
-23
-21
-9
-2
1
10
28
37
38
49
55
49
22
1
21
58
73
67
44
57
93
113
123
118
91
67
57
64
69
71
69
72
74
67
60
56
68
88
91
84
65
50
59
52
22
9
17
22
27
40
41
41
34
33
28
-3
-34
-44
-51
-35
-18
-21
-22
2
17
20
32
21
7
17
25
33
37
35
33
33
37
24
22
23
22
23
25
40
51
42
40
38
38
34
18
-7
-14
-8
6
18
27
21
-11
-26
-33
-27
-11
0
2
-9
-8
7
24
29
37
55
68
66
86
118
113
101
103
92
82
77
84
82
100
119
99
60
44
25
20
40
38
33
48
69
74
59
36
17
12
-3
-40
-56
-34
-5
-1
-7
2
8
5
5
12
8
-12
-23
-3
16
17
22
24
12
19
60
97
89
76
81
104
117
102
92
117
124
109
103
108
103
82
72
83
81
55
51
48
33
25
24
13
-7
-13
3
23
18
2
-18
-22
5
28
36
44
26
-4
-2
23
35
29
26
20
23
49
74
64
43
51
71
77
64
58
88
113
89
86
99
104
106
88
61
49
39
49
40
18
12
24
28
32
36
45
50
38
23
25
35
35
27
32
34
37
51
56
55
56
64
64
40
10
5
28
50
50
43
48
49
54
64
72
80
82
82
83
86
89
83
69
49
34
22
18
20
32
27
24
35
45
37
19
13
20
20
8
2
7
20
50
68
60
40
21
11
17
19
13
18
20
26
36
43
51
60
59
51
70
102
107
108
102
93
85
77
65
69
102
119
103
86
83
81
67
56
48
37
42
45
42
39
55
74
90
88
67
58
86
99
65
32
13
17
32
53
65
66
81
68
43
36
35
36
26
19
36
54
48
36
27
26
32
0
28
32
33
29
40
43
44
66
82
83
58
36
28
28
22
2
3
20
27
39
58
60
52
36
36
42
50
66
75
69
66
60
71
80
59
41
42
58
70
66
53
54
49
38
55
87
92
82
58
48
58
74
86
68
24
-1
1
10
11
8
24
19
-19
-37
-19
3
0
-18
-24
-11
8
22
33
44
43
40
38
32
42
65
66
48
27
32
55
60
44
26
36
59
81
67
43
40
57
75
68
54
55
54
56
69
81
81
72
67
67
57
58
60
51
42
54
70
70
55
40
40
60
82
89
84
64
67
82
90
90
82
64
43
49
59
75
86
81
83
89
84
68
69
88
109
123
113
100
88
81
87
81
55
36
42
65
74
58
53
71
86
87
83
76
82
90
103
116
124
117
106
104
87
69
69
74
75
69
56
45
48
42
34
43
59
72
68
55
53
43
27
27
43
65
67
57
34
24
45
75
91
96
89
86
89
90
81
67
86
119
135
135
124
123
132
137
131
117
105
86
72
67
60
58
66
56
37
24
3
-2
16
34
37
19
-1
3
10
2
-10
-29
-52
-55
-36
-25
-27
-18
-5
-3
-7
-11
-9
-12
-24
-22
-8
-3
-4
2
1
-1
-10
-27
-30
-8
10
6
-14
-18
1
19
12
-10
-42
-71
-82
-74
-66
-67
-65
-54
-29
-22
-10
16
37
36
20
22
28
24
18
2
-13
-18
-8
-2
5
32
59
73
73
76
83
80
70
69
76
84
80
69
84
113
104
89
86
90
105
108
101
116
134
114
88
72
65
41
26
27
23
10
1
2
9
18
25
22
16
10
16
24
43
67
71
65
52
64
58
40
50
58
50
41
54
50
38
41
68
86
84
75
71
86
100
91
89
90
87
81
68
66
83
97
89
77
73
82
100
99
81
66
67
64
41
44
49
22
19
35
36
41
43
44
54
55
44
43
60
73
82
100
105
96
85
87
102
103
98
70
36
35
56
71
61
50
53
59
65
72
74
72
74
90
104
82
56
50
50
29
8
3
22
54
69
66
49
32
37
51
50
28
21
26
42
59
61
50
42
50
60
67
81
101
112
102
57
36
43
50
49
49
56
65
60
72
104
104
80
44
35
60
85
83
74
70
88
81
48
27
34
36
36
35
17
2
11
43
59
43
18
9
9
11
22
24
20
22
22
21
23
25
21
19
39
60
56
53
54
48
43
50
53
56
54
41
28
0
38
51
64
75
56
39
40
49
71
69
50
32
25
33
55
64
38
27
39
42
44
56
61
51
41
43
44
41
26
22
32
32
22
37
50
28
12
21
33
32
28
40
59
84
68
57
71
74
65
52
36
22
24
48
38
2
-12
-6
-9
-17
-18
-13
-5
6
23
34
29
36
40
28
27
37
55
60
42
26
36
58
65
58
22
-3
10
35
38
39
40
42
50
58
76
89
75
73
96
90
71
68
66
53
54
54
45
54
74
77
73
85
88
76
74
73
59
45
40
54
84
97
82
60
53
60
51
38
48
64
64
36
23
44
50
33
24
28
41
52
58
67
70
73
75
61
52
37
27
32
21
12
20
39
58
52
58
68
67
57
51
43
43
56
72
77
84
98
101
90
77
56
38
42
35
19
5
-7
-4
16
23
23
20
27
52
71
73
54
37
29
42
53
66
77
80
71
66
65
83
89
82
72
70
76
81
68
56
59
65
60
74
81
71
54
36
28
28
22
34
60
58
43
48
52
56
56
57
48
32
28
32
33
35
18
2
20
49
48
38
34
32
37
41
34
2
-21
-5
43
76
64
52
71
87
82
69
65
60
72
71
57
67
102
134
129
90
50
28
25
32
48
53
42
40
56
76
76
60
43
32
32
43
40
22
11
3
7
21
29
18
28
60
67
60
51
43
37
34
22
9
6
20
44
57
53
45
54
61
53
50
65
80
66
52
53
61
65
55
55
66
55
26
9
12
25
32
26
12
10
34
48
38
26
8
11
26
22
7
12
38
44
8
-9
3
32
41
38
39
34
23
20
28
42
50
49
54
60
66
80
92
86
59
42
36
29
35
39
36
44
48
24
25
50
58
56
45
33
28
39
44
48
52
41
20
8
11
25
48
56
56
49
44
56
61
64
73
67
44
37
54
82
101
108
84
64
66
71
70
74
90
103
90
71
64
57
57
44
28
23
17
12
16
20
25
36
42
34
26
27
29
44
57
53
44
19
0
-2
-5
4
19
38
56
60
51
42
40
38
36
28
36
52
58
56
70
92
98
86
87
105
120
117
103
89
87
96
85
65
43
50
64
53
32
21
27
21
-2
-4
19
23
6
0
10
16
9
3
19
35
37
26
22
28
55
74
71
50
48
50
41
37
55
81
90
102
98
81
80
90
89
76
59
41
36
36
42
48
52
54
0
53
43
22
6
12
18
12
13
23
44
57
33
20
22
23
40
68
71
61
48
34
41
50
50
41
37
49
60
71
85
96
102
97
80
65
72
88
76
48
24
21
34
51
60
69
61
65
74
65
43
49
50
49
42
28
16
7
3
1
2
3
6
4
-1
7
9
9
13
24
28
25
24
36
49
58
58
44
45
59
56
59
82
85
76
59
65
76
77
64
40
52
65
66
71
84
101
117
121
112
99
84
84
113
128
86
45
51
90
120
118
106
100
107
104
100
90
54
22
7
27
57
66
49
40
53
58
52
55
70
75
76
83
92
92
100
104
98
77
56
51
66
84
88
87
84
75
84
91
74
61
72
57
36
39
48
51
60
70
50
32
41
50
34
8
4
9
-1
-6
4
20
36
24
2
1
19
32
19
0
1
19
5
-42
-57
-37
-22
-26
-24
-17
-18
-8
21
50
57
44
27
25
45
72
68
39
17
2
11
38
64
66
34
7
10
29
39
39
38
36
39
35
53
71
57
50
38
18
18
36
60
55
29
41
70
70
54
41
42
36
9
2
19
49
55
26
20
48
66
44
19
11
11
33
59
75
88
74
56
68
74
75
80
76
74
61
44
51
67
66
64
60
48
32
36
51
45
26
7
-3
-5
-6
4
22
28
23
4
-6
6
41
60
55
55
71
64
35
18
20
41
58
55
50
51
64
76
80
77
81
82
82
84
88
86
71
53
40
40
59
61
45
42
42
33
33
37
24
8
21
34
21
10
1
2
9
12
4
1
10
28
55
65
37
11
17
27
18
2
34
80
76
69
57
56
60
58
50
40
38
50
59
69
82
66
38
27
39
59
84
102
103
86
81
105
120
98
81
84
71
48
28
16
4
1
-2
9
19
39
40
33
38
45
53
49
32
21
28
44
48
39
40
56
67
71
83
108
115
108
114
115
115
99
92
91
84
102
100
82
73
74
75
57
38
42
44
42
38
28
25
33
39
41
32
36
39
10
1
20
35
25
4
-8
6
34
57
68
66
57
56
57
70
91
91
83
74
68
61
61
69
75
61
49
57
71
73
72
66
51
39
50
84
117
131
137
124
89
59
39
36
24
0
-4
7
26
28
25
19
16
20
25
25
16
18
36
55
67
68
51
41
51
60
67
73
87
80
53
49
66
67
53
40
45
51
28
5
-6
-19
-25
-19
0
-7
6
35
37
12
9
24
25
18
9
3
-10
-23
-27
-22
2
12
-1
-17
-24
-21
3
23
18
24
44
57
65
86
103
117
146
172
164
150
163
183
192
182
140
99
89
108
137
162
154
147
132
113
101
99
90
74
41
5
-1
21
37
28
6
-5
12
35
22
3
-1
5
-2
-20
-33
-34
-38
-41
-33
-14
6
19
16
-7
-11
23
57
76
68
57
50
43
58
86
92
86
85
70
67
88
91
68
49
45
49
42
26
22
24
23
23
27
27
33
36
27
33
38
32
44
68
80
65
42
25
13
2
9
24
28
40
51
56
56
64
58
36
12
17
27
35
35
21
20
29
26
18
11
24
32
33
27
22
26
40
53
59
57
56
73
68
42
48
57
59
53
39
24
18
19
19
22
23
23
32
41
57
52
26
19
22
40
70
77
74
82
89
97
89
89
75
48
32
38
58
83
88
83
88
86
60
25
13
11
2
5
27
42
33
16
21
36
39
27
16
18
27
39
37
32
42
48
44
68
92
85
76
88
99
90
82
73
65
58
57
69
82
89
85
75
92
112
105
83
70
70
84
93
77
58
54
68
59
45
36
27
33
45
43
39
53
75
74
59
56
49
52
70
83
80
64
44
32
24
20
16
16
19
26
39
39
25
4
3
20
39
53
60
57
67
64
60
74
70
52
34
12
7
24
37
35
21
7
-3
-2
-4
-7
13
26
22
17
25
42
80
99
90
88
108
120
106
102
117
108
87
85
91
89
81
72
75
89
105
105
83
70
72
81
83
77
77
82
71
48
38
