38
50
58
58
64
72
67
55
53
58
69
82
82
72
71
83
81
80
90
92
96
97
98
107
116
120
113
116
137
145
132
119
132
153
146
132
122
115
102
98
104
102
84
69
56
41
32
16
4
12
33
21
-7
-33
-27
-17
-9
3
16
12
9
9
3
9
18
23
18
7
7
2
9
35
33
4
-5
7
26
25
18
21
38
58
75
84
81
68
58
54
55
60
57
44
48
57
52
44
41
41
29
10
-1
-1
-2
-4
-19
-39
-34
-7
-1
3
-7
-28
-40
-34
0
-10
13
24
13
3
1
9
32
41
52
56
59
57
52
56
56
52
57
67
76
97
104
105
106
118
128
124
115
108
117
116
107
96
72
55
59
68
71
68
59
59
64
80
90
61
32
40
66
76
65
49
53
57
56
58
64
60
75
96
103
104
99
91
98
103
99
100
101
89
97
113
116
115
113
112
112
113
106
97
87
87
97
84
67
57
33
-9
-40
-34
-4
22
24
16
12
24
28
13
-9
-28
-28
-19
-3
19
50
55
38
28
51
72
82
86
96
105
103
81
74
102
123
115
105
117
120
121
128
122
108
97
91
90
87
93
104
101
68
43
42
38
28
10
4
9
19
18
10
2
-7
-8
-6
-10
-5
7
18
34
53
56
50
56
74
81
71
60
59
77
91
101
114
114
87
67
67
84
91
96
102
122
144
132
115
117
117
90
69
59
44
52
71
80
60
39
26
26
25
16
4
7
6
-4
-7
-3
-5
2
16
2
-3
13
13
-3
-12
-17
-7
10
34
52
65
69
57
51
44
36
37
50
69
71
70
64
57
58
44
27
23
27
42
56
64
69
65
44
36
37
16
1
0
7
10
6
-5
-7
-3
-2
-5
-10
-21
-17
1
-2
-25
-36
-27
-30
-43
-45
-44
-51
-37
6
26
44
68
72
66
57
44
38
49
66
88
93
86
87
87
82
70
69
69
65
73
74
66
66
77
70
57
56
57
49
39
37
49
40
17
5
18
26
27
18
-2
-3
16
28
38
45
64
80
82
57
34
36
57
71
80
81
81
87
97
86
53
35
27
24
37
49
41
34
38
57
75
84
72
65
64
58
60
70
68
48
37
44
59
72
53
28
26
41
57
65
58
51
50
44
26
27
53
44
20
11
25
43
57
60
67
66
55
51
52
64
82
84
73
61
51
49
59
75
70
59
90
108
88
49
36
44
44
37
21
8
8
8
5
2
-4
-19
-35
-51
-53
-49
-20
10
16
19
28
43
60
43
11
-1
3
9
18
26
32
29
22
11
17
44
67
55
43
59
88
102
92
80
83
86
85
100
119
120
93
70
68
69
66
50
24
13
11
21
39
49
38
23
7
3
-6
-24
-14
1
11
33
42
41
35
18
16
33
52
66
67
66
72
83
86
84
83
82
82
75
53
55
75
87
88
81
80
90
98
101
102
92
77
74
52
19
4
6
4
-8
-17
-19
-25
-29
-11
18
40
44
40
32
21
25
44
0
49
38
36
35
34
48
55
55
49
44
52
55
51
37
32
43
59
65
54
51
66
93
119
121
97
82
89
101
113
112
91
87
100
100
84
60
61
68
59
43
22
8
3
0
5
21
24
11
7
6
6
11
9
12
32
24
8
11
35
55
58
57
68
82
90
88
81
71
80
101
113
108
105
105
114
116
116
123
108
85
83
87
83
85
87
87
68
43
36
36
34
36
25
16
5
-8
-12
-3
7
19
48
50
10
-26
-36
-9
17
24
33
43
52
64
70
70
70
64
58
54
48
40
38
55
88
104
104
90
74
70
67
53
40
39
53
69
60
44
36
32
53
83
67
41
50
58
50
40
36
28
25
21
6
-1
-9
-7
3
12
11
3
7
27
44
50
41
34
37
44
41
38
43
50
48
53
72
88
71
64
74
81
74
70
84
101
101
90
97
85
67
64
69
70
43
16
3
-1
5
18
20
11
1
-8
3
28
32
20
20
27
40
54
64
64
52
37
35
52
69
71
50
25
35
66
86
77
58
43
32
35
56
69
67
66
68
83
89
89
88
85
89
85
81
82
65
58
67
68
60
49
33
20
12
20
34
41
37
32
37
44
43
38
36
36
41
51
58
60
45
36
27
24
34
37
34
36
52
68
54
32
33
48
48
39
34
36
52
80
81
71
76
86
65
33
25
33
39
52
48
35
35
35
35
36
38
37
37
45
41
26
32
48
45
39
48
40
22
19
27
33
27
32
45
65
67
68
72
80
73
54
38
44
61
72
84
89
71
56
55
60
70
56
41
39
43
49
40
18
9
21
23
23
38
44
48
56
60
57
71
87
75
41
27
55
74
75
72
86
100
88
77
68
66
76
91
100
92
86
86
97
105
102
88
85
91
103
106
77
38
29
36
20
3
-8
-24
-24
-13
-17
-13
-11
2
19
7
0
-5
-9
-5
1
11
17
2
-5
4
21
33
34
32
33
24
20
17
11
16
24
26
22
28
32
27
35
53
65
67
48
28
41
93
134
100
60
55
60
73
80
75
58
35
26
50
54
35
8
6
29
49
45
27
23
40
59
72
76
65
42
41
60
72
74
57
44
56
73
73
60
64
67
60
64
60
55
53
54
64
76
104
121
114
77
49
48
53
65
65
51
38
34
45
50
28
11
16
7
-12
-22
-13
10
35
29
3
-9
5
36
64
76
80
73
0
64
64
70
74
68
48
34
27
33
27
32
43
53
53
57
65
55
40
32
39
59
82
74
41
32
45
54
37
2
-19
-8
6
9
10
13
21
18
21
26
34
25
12
19
32
37
49
59
61
55
55
64
76
98
96
83
76
82
76
83
96
98
93
87
76
75
73
69
67
66
54
37
28
39
57
52
28
26
40
37
29
29
25
22
41
51
33
22
32
41
50
53
64
74
65
43
41
44
39
37
32
35
50
68
90
85
64
58
65
73
67
57
56
51
54
56
52
48
40
34
36
51
56
61
82
82
55
41
27
-8
-28
-23
-20
-10
1
-7
-18
-2
13
12
16
18
23
25
36
55
71
80
81
74
66
73
60
43
56
67
73
88
76
67
81
88
93
97
102
100
89
82
89
97
85
69
58
70
73
59
49
51
34
16
10
20
29
27
17
7
3
18
29
17
8
3
-6
-7
7
37
55
54
54
56
50
57
86
88
69
55
55
66
85
107
112
103
103
116
124
135
134
117
113
130
144
148
138
131
132
119
109
108
106
96
82
96
107
104
92
84
61
36
37
52
48
29
39
60
84
89
84
75
67
64
74
84
75
75
98
115
118
116
113
123
153
151
145
144
137
132
132
145
160
171
176
157
128
113
137
166
155
128
98
90
97
92
75
57
56
65
59
43
38
38
40
48
50
35
27
8
-21
-26
-4
-9
-38
-51
-52
-27
-3
-3
-13
-18
-8
3
10
17
18
13
19
21
19
20
20
10
9
19
22
10
-2
-1
4
-2
1
16
28
27
23
20
24
28
17
-5
-11
7
28
28
8
-13
-22
-9
3
-4
-13
5
29
32
23
4
-14
-10
3
2
-4
-4
2
-8
-13
1
18
37
44
42
40
34
44
59
69
67
40
12
22
43
48
43
37
24
23
32
38
39
35
37
38
25
5
7
22
40
60
70
65
39
3
-5
19
38
22
1
-6
0
10
16
7
9
27
34
33
51
70
70
48
9
0
22
37
34
36
45
48
50
64
66
68
58
38
29
51
69
60
42
26
22
26
32
26
28
24
11
6
11
8
1
-2
6
5
-12
-23
-19
-11
-10
3
24
27
19
16
33
42
35
11
-3
-9
-8
2
22
38
37
36
54
74
97
102
92
98
118
132
121
105
102
120
131
123
130
134
104
72
67
67
67
53
39
27
20
18
10
5
-4
-3
2
6
9
-10
-28
-17
10
26
28
24
0
23
36
58
73
80
75
66
57
84
104
89
56
51
85
131
160
139
106
98
108
121
122
96
72
75
88
115
125
103
88
86
85
72
68
74
72
72
86
92
75
52
37
42
59
76
89
83
59
43
44
58
75
70
70
87
107
119
130
138
137
132
138
152
172
186
179
166
156
156
168
166
153
148
152
161
151
125
116
118
123
132
108
96
112
113
92
76
68
48
12
-7
-3
20
32
20
1
-4
9
23
24
27
29
19
16
32
44
44
37
33
36
40
39
23
13
27
43
38
21
22
32
39
39
34
27
28
28
12
2
-4
-1
11
19
18
10
10
11
5
-1
-19
-36
-38
-37
-39
-39
-49
-43
-40
-42
-35
-29
-38
-37
-37
-45
-46
-23
-8
-4
0
5
17
25
13
-3
-12
-9
9
23
38
57
65
57
52
67
92
101
102
91
70
69
71
72
69
65
66
77
92
99
81
68
65
67
52
21
-6
-23
-14
3
5
2
13
28
28
11
-13
-14
7
10
-5
-22
-28
-18
7
22
16
5
25
59
75
70
66
68
69
71
70
65
73
102
105
90
88
103
122
108
86
60
54
67
74
80
98
88
52
24
9
5
5
-1
-27
-36
-35
-33
-10
8
19
18
-1
-6
2
27
44
34
22
32
50
55
58
61
59
49
45
48
32
33
55
74
80
72
70
75
86
91
109
106
86
89
103
99
74
41
27
34
33
32
49
56
49
48
52
33
7
17
41
44
17
-20
-44
-39
-5
34
52
55
43
26
20
17
8
11
21
26
36
50
59
74
84
81
73
75
81
76
67
69
90
101
97
96
90
90
90
77
67
48
32
34
41
50
38
16
-5
-6
10
18
4
-6
-10
-6
-1
4
1
-2
6
12
20
24
21
26
40
55
67
59
57
58
50
44
53
61
71
75
67
65
74
74
84
97
100
96
99
105
104
88
72
67
69
69
61
45
32
20
10
-3
-6
2
2
-6
-17
-23
-30
-38
-28
-9
9
28
28
19
18
26
36
25
16
28
40
26
27
50
68
81
80
71
66
66
67
72
84
93
100
100
86
83
81
65
49
42
41
48
60
66
66
68
71
60
52
51
34
16
23
36
33
34
50
74
97
82
56
42
35
33
42
38
40
64
101
117
117
104
90
87
88
100
114
123
130
103
98
112
104
85
86
97
100
88
77
73
67
48
28
32
33
18
0
-5
1
3
1
18
42
50
48
37
40
58
71
74
0
67
55
45
34
17
5
6
3
8
18
19
18
27
56
66
52
58
87
103
104
100
97
106
117
98
73
68
76
85
85
84
75
69
72
77
82
73
68
49
11
-20
-25
-17
-18
-23
-21
-25
-30
-34
-24
-12
-11
-7
5
24
36
54
70
57
42
41
48
45
44
69
100
107
98
83
75
76
80
85
96
81
69
81
92
84
74
73
68
66
85
107
112
104
99
91
83
55
20
2
-7
-13
-21
-29
-26
-12
-10
-34
-54
-54
-29
-13
-27
-45
-41
-27
-22
-4
12
17
13
20
19
12
28
43
42
41
49
68
70
58
55
69
76
72
67
65
71
84
99
91
65
51
49
50
38
25
34
58
71
71
70
50
18
4
5
6
17
28
48
53
37
20
18
3
-23
-34
-22
4
12
7
21
41
53
55
44
41
49
69
86
69
34
12
7
20
43
54
56
72
90
90
88
88
82
71
61
66
72
77
68
55
49
40
35
25
25
23
6
5
3
1
7
0
-19
-28
-10
8
17
5
-4
6
34
57
72
74
81
93
98
97
83
77
85
92
91
99
109
105
102
105
103
113
108
85
76
90
112
108
98
99
115
117
99
92
96
83
70
65
65
54
49
60
66
43
17
8
19
36
40
25
13
18
25
17
7
6
3
5
12
21
34
57
88
107
104
86
86
118
121
89
70
55
52
71
84
71
53
42
44
53
66
64
56
51
64
82
72
42
32
48
67
67
55
58
54
50
57
58
48
34
32
38
29
26
39
55
59
49
38
38
33
17
9
6
26
44
33
13
8
5
9
17
23
24
28
49
73
66
34
8
11
6
-9
-17
5
16
4
1
-9
-22
-5
23
28
23
16
3
0
12
32
43
49
49
44
33
20
16
22
24
10
8
21
26
33
45
70
77
69
68
75
72
64
55
69
89
93
92
91
76
60
68
82
76
77
91
99
81
56
51
49
52
44
43
36
5
-23
-26
-11
4
7
8
13
7
7
18
28
39
51
64
60
40
27
34
52
72
89
89
81
75
81
97
105
99
82
76
70
58
58
57
66
69
60
45
37
43
56
59
37
21
21
25
19
1
-9
-11
-5
7
21
24
16
9
3
6
18
22
32
25
24
44
72
88
99
105
97
90
101
102
106
118
121
113
106
103
100
106
119
116
106
105
98
99
90
58
40
29
33
26
12
-1
-12
-20
-28
-21
-12
-17
-18
-18
-19
-14
-12
0
-21
-25
-13
9
36
45
51
41
34
52
81
90
81
64
49
39
32
25
49
75
86
84
75
77
85
97
114
118
112
102
97
106
107
88
73
72
57
36
24
28
35
36
25
11
10
18
22
34
52
40
19
13
23
24
27
32
25
37
50
54
59
74
98
106
98
76
58
65
84
97
102
98
90
96
93
88
80
74
85
83
77
68
44
23
12
16
25
39
50
49
34
34
45
41
25
17
9
12
24
28
27
35
39
50
55
51
56
68
82
96
105
99
92
100
98
100
104
102
89
75
87
97
83
76
81
72
54
48
57
59
40
24
35
55
49
20
-5
-20
-13
2
7
7
6
8
3
-21
-38
-33
-27
-40
-52
-43
-24
-28
-42
-36
-10
4
18
20
12
22
29
23
22
22
22
48
84
97
84
64
50
57
69
75
74
67
54
53
56
65
66
49
27
20
25
41
32
0
-19
-18
-7
-17
-26
-7
19
18
17
23
38
49
50
51
57
53
45
51
54
67
89
102
96
66
50
69
99
92
83
100
122
130
117
115
128
117
100
91
89
97
119
123
100
84
84
91
91
80
61
44
36
38
34
26
39
54
56
41
10
6
17
21
26
23
23
43
73
93
85
60
56
60
74
77
84
92
98
102
113
116
124
129
128
119
105
113
125
122
113
114
115
102
82
51
26
20
9
0
-2
1
-7
-11
-5
-1
1
-6
-27
-58
-84
-90
-86
-73
-52
-52
-60
-72
-71
-39
-11
-1
19
35
29
23
26
38
36
24
32
66
96
83
58
54
60
64
64
65
54
49
57
64
53
41
26
-2
-18
-7
4
-2
-12
-10
1
3
3
5
16
20
23
20
7
-4
-2
0
1
5
6
13
33
51
56
55
38
29
52
74
98
108
98
92
101
117
139
147
140
138
147
140
116
97
89
87
81
75
68
70
76
84
74
60
52
44
40
21
-2
-11
-2
12
21
25
32
27
23
32
39
34
37
64
82
87
98
108
105
88
77
72
69
66
67
66
66
67
70
72
67
56
55
60
60
53
41
28
18
4
3
11
-1
-26
-41
-45
-42
-26
-11
-5
11
25
26
12
-4
-7
-9
-13
-11
3
19
37
52
52
55
76
73
66
80
106
121
125
120
108
106
119
131
120
105
104
121
150
164
150
130
134
149
140
105
83
72
58
64
83
86
58
36
19
7
-1
-5
-4
-2
-2
-8
-23
-36
-37
-37
-41
-41
-28
-12
-5
10
20
13
13
0
23
50
96
107
86
90
102
106
106
98
97
117
128
128
136
146
151
155
154
153
144
130
109
96
83
64
51
32
22
12
6
6
9
16
10
-1
-9
-13
-9
-12
-8
-18
-39
-40
-12
0
-5
-6
-1
-5
-19
-9
10
32
43
54
80
100
87
76
73
67
66
77
91
119
136
130
113
97
82
70
55
52
58
67
53
42
34
18
12
20
22
16
18
44
69
65
57
54
43
21
7
22
50
73
85
91
96
92
98
112
124
121
116
106
100
100
112
109
103
102
113
122
119
119
145
166
150
116
104
115
129
114
86
76
85
92
88
58
27
20
16
4
-5
-10
-11
-5
0
0
-2
4
7
4
-1
7
17
20
35
39
29
21
23
36
57
74
82
84
67
67
104
131
112
80
67
73
69
60
72
86
98
99
83
69
56
49
52
64
53
28
9
4
8
-5
-25
-36
-43
-51
-42
-19
1
5
4
11
17
11
8
22
38
32
10
-7
-5
7
17
28
38
39
40
45
50
41
38
40
42
43
53
61
45
23
21
43
52
39
43
66
71
60
51
37
36
57
66
49
24
20
22
36
52
56
55
53
53
54
51
55
71
67
50
53
71
89
99
89
71
59
54
52
57
54
45
45
48
42
37
45
58
57
44
39
26
7
1
0
1
6
5
-9
-13
-6
-2
2
6
-1
-14
-9
4
6
8
1
2
22
32
17
25
40
38
32
42
55
50
39
38
57
72
84
86
92
99
97
93
99
105
88
56
43
43
32
19
6
-2
5
11
16
13
20
18
-4
-21
9
55
44
21
24
57
76
72
54
38
54
83
91
88
85
80
70
65
61
66
75
71
43
32
49
70
71
60
53
56
72
66
43
27
21
26
36
26
17
18
16
0
-6
2
-6
-18
-21
-11
-2
9
21
17
2
-6
3
17
25
10
-13
-5
20
27
35
50
80
92
84
69
72
87
104
113
108
108
115
114
118
120
123
134
123
105
88
85
87
97
88
74
80
86
90
99
97
73
53
54
69
58
45
33
22
19
28
38
34
39
58
69
61
54
43
25
17
18
21
11
8
19
35
49
55
57
56
52
48
52
67
74
86
84
76
91
107
107
103
91
81
68
50
50
60
64
49
34
35
34
33
34
26
11
-3
-14
-17
-5
10
22
34
33
32
39
42
42
44
52
61
64
55
54
73
91
108
104
84
66
53
68
84
82
77
81
76
76
72
0
53
44
66
83
81
70
71
81
71
53
45
41
41
36
11
8
26
42
43
39
34
33
41
44
48
51
55
53
54
70
82
75
68
69
74
80
86
86
76
61
58
67
73
75
66
54
55
65
52
39
52
71
89
93
85
84
89
83
81
92
98
84
59
27
6
16
16
2
-22
-27
-4
12
21
32
53
84
98
96
86
67
54
66
81
68
59
71
89
102
97
81
68
58
45
38
25
19
18
18
23
27
22
22
32
51
53
49
39
27
17
11
20
25
34
42
53
50
45
36
21
22
41
56
44
24
28
39
43
38
33
35
49
45
38
43
49
40
48
65
69
57
43
42
55
66
66
59
40
33
44
59
50
26
11
6
-2
-5
7
12
7
-5
-22
-23
-9
-2
-2
-1
-9
-17
-6
7
24
26
25
34
42
49
48
40
34
42
59
83
93
83
65
76
90
87
75
68
73
86
90
89
82
83
85
82
82
82
75
84
86
80
75
71
59
50
49
55
66
49
24
20
23
21
13
6
7
7
-1
-4
6
21
34
41
44
53
66
58
48
42
53
69
66
33
24
33
41
60
84
93
101
106
114
107
97
96
92
96
100
87
74
69
76
89
85
66
49
43
24
9
2
3
-3
-36
-56
-40
-14
-10
-24
-26
-5
3
-11
-29
-23
-2
3
2
10
36
54
60
84
102
82
73
74
75
76
81
98
104
115
114
93
86
90
97
98
97
107
109
99
97
88
68
60
86
97
101
101
84
65
44
26
25
27
9
-13
-12
-3
-8
-4
9
13
22
23
-6
-27
-25
-13
-18
-24
-18
-9
-13
-5
7
11
3
1
0
5
33
67
75
65
58
57
55
51
58
50
33
36
38
38
49
56
48
25
11
9
9
10
21
34
8
-41
-70
-60
-39
-21
-17
-19
-26
-8
18
32
22
20
17
22
38
51
59
65
80
100
104
100
88
77
76
91
107
105
106
122
134
123
118
121
121
116
116
112
119
133
124
104
98
88
73
56
36
25
25
27
22
11
3
7
9
2
0
8
21
19
9
4
9
21
38
49
49
43
51
50
50
64
68
68
74
69
81
89
90
101
114
120
116
93
89
104
114
107
102
90
89
105
107
91
75
65
58
51
36
11
3
12
20
12
-3
-9
-3
5
-6
-33
-38
-22
-3
18
12
3
37
77
73
49
35
40
57
71
84
84
73
76
83
92
108
103
92
99
101
93
100
102
99
91
76
0
54
54
68
84
97
98
82
64
52
55
50
29
16
-1
-18
-18
-10
-6
-18
-37
-25
-2
4
8
20
27
24
33
52
56
43
49
65
73
72
73
76
80
87
85
81
82
76
69
74
84
88
93
96
101
114
92
67
61
55
56
58
42
29
24
8
-5
-6
3
1
-18
-23
-22
-22
-20
-24
-27
-19
-8
-17
-4
11
20
36
50
52
44
33
28
51
86
115
120
114
104
104
106
113
107
91
75
71
81
97
92
81
76
66
48
64
84
84
70
64
55
43
34
37
55
51
16
-10
-17
-6
2
10
10
18
20
11
19
19
12
25
38
36
18
17
26
25
37
53
58
52
58
81
85
80
67
64
66
59
55
73
83
83
89
99
102
102
85
67
70
85
84
60
48
43
28
17
25
34
41
49
52
66
70
60
42
38
50
58
51
39
9
-6
-5
-5
-4
-7
-2
20
37
37
28
20
18
22
21
16
23
44
72
96
108
108
90
77
84
85
84
86
86
85
88
72
61
48
36
24
8
3
9
3
-4
-5
12
26
24
21
24
28
38
44
40
33
38
48
44
38
42
56
66
61
58
66
65
58
57
42
27
36
56
66
64
49
26
27
45
66
74
74
69
68
57
45
36
34
16
-2
5
23
34
25
29
34
28
27
28
29
36
34
39
42
36
55
70
61
50
53
67
64
51
67
92
90
76
92
107
102
99
105
118
120
114
98
80
56
41
35
24
21
17
2
0
6
32
66
64
38
36
57
82
67
44
27
21
16
22
37
38
27
20
27
35
-2
-35
-19
27
69
73
57
56
72
91
115
117
88
49
27
49
89
114
107
82
51
24
18
21
23
22
37
54
38
-2
-21
-3
19
-6
-33
-34
-18
-5
-2
1
4
5
16
33
48
69
84
64
40
34
53
70
57
34
16
8
17
33
57
82
88
85
84
90
98
91
68
43
45
50
38
32
9
-9
-9
4
0
-18
-27
-22
-2
16
9
-3
8
17
17
11
6
8
8
2
-7
-8
-8
-10
-17
-12
6
37
57
66
69
55
52
61
85
104
97
82
72
83
91
84
74
82
100
105
104
103
84
71
61
48
38
52
72
77
65
43
27
33
48
42
32
12
3
-3
-5
10
26
27
19
26
50
71
85
87
80
55
42
57
77
88
80
56
54
77
107
106
96
85
69
60
69
69
57
51
52
61
76
73
60
56
51
48
53
43
39
44
58
72
0
83
68
37
19
12
18
26
34
24
20
36
53
73
80
73
59
54
51
50
50
56
71
86
84
69
58
59
60
83
89
74
67
73
84
80
69
69
85
104
115
101
90
75
65
74
68
49
41
49
56
53
53
57
68
65
45
13
-11
-17
-2
10
24
32
40
59
72
60
35
24
34
34
13
1
21
60
69
59
64
57
53
38
32
45
69
75
71
76
85
83
82
91
100
97
97
91
85
76
74
67
60
71
73
59
55
57
52
48
41
25
20
33
49
54
42
40
40
35
25
20
10
12
10
18
35
57
74
69
57
77
99
96
87
88
91
89
89
89
82
73
77
82
69
66
71
66
55
49
49
53
51
36
19
8
13
26
21
4
-5
17
41
35
17
6
9
20
45
54
35
21
27
43
59
75
67
55
54
52
72
93
90
81
69
55
44
41
55
67
80
91
83
71
69
64
69
92
92
64
40
48
49
34
4
-12
-10
5
22
32
29
10
-6
-17
-1
19
24
12
1
-2
-4
-10
-19
-13
-7
-5
-2
11
38
35
12
19
40
66
81
76
72
76
83
86
90
76
72
97
119
121
121
108
98
86
83
86
81
68
57
64
72
73
59
44
44
60
53
34
17
8
5
4
-1
-17
-10
8
8
9
28
33
26
13
6
10
13
16
11
18
51
90
117
109
100
103
102
106
109
105
114
108
96
81
75
87
101
97
82
72
58
49
58
64
44
29
32
41
48
41
48
70
68
44
33
51
73
57
35
33
37
50
42
26
12
-3
-9
-2
20
51
64
56
44
42
40
58
83
85
71
71
66
64
73
64
50
39
24
22
16
4
-2
-2
-4
-10
-12
1
16
3
-9
-18
-20
-6
1
-12
-20
-5
19
41
58
55
49
54
73
76
60
39
32
27
23
27
25
25
23
17
36
53
51
49
