100
118
117
104
88
90
109
115
103
86
75
84
93
89
77
50
33
38
54
66
72
49
25
24
32
45
64
50
18
-10
-9
-2
3
-1
-5
-2
6
8
11
10
5
10
13
0
-7
16
41
48
40
39
33
24
20
33
42
54
61
55
50
50
54
66
80
90
74
38
33
51
58
57
49
42
48
50
50
42
40
56
66
64
52
55
54
36
21
11
20
22
9
8
32
61
84
74
43
22
21
34
37
34
40
57
76
86
92
87
68
69
97
115
121
123
116
99
81
76
72
57
64
67
53
36
29
40
44
42
39
32
13
7
6
-19
-35
-17
11
16
-20
-37
-17
10
12
10
12
19
35
57
66
58
49
45
38
34
40
52
66
74
81
87
98
97
82
72
65
57
64
72
70
52
41
45
43
42
51
56
32
17
34
53
38
16
16
24
24
19
16
24
35
32
25
36
43
51
60
59
45
33
45
65
77
81
81
83
81
84
85
89
105
116
98
90
96
101
88
74
74
81
74
44
37
50
57
54
53
42
20
0
2
22
34
32
22
1
7
27
38
41
42
42
49
65
72
52
20
3
2
6
11
24
41
52
58
58
65
81
98
93
51
17
24
45
51
39
6
2
10
19
29
22
6
-3
-5
2
0
9
24
39
44
55
72
71
55
43
40
44
55
59
54
44
51
67
77
80
74
81
88
90
86
73
65
82
104
105
98
101
104
83
59
60
73
68
40
35
27
10
-4
-14
-22
-33
-54
-73
-73
-52
-29
-17
-9
-12
-13
2
21
34
26
38
60
72
68
76
91
89
81
70
69
68
80
103
112
85
72
87
117
135
135
107
85
87
100
93
87
84
69
68
84
76
66
66
66
70
55
26
6
8
8
-1
-3
-12
-28
-33
-21
-26
-29
-39
-55
-65
-49
-12
16
32
37
36
53
70
71
67
75
67
57
64
80
99
98
93
104
99
82
66
68
80
83
71
56
54
68
72
60
48
40
35
21
20
24
12
5
17
25
19
-6
-34
-35
-27
-30
-36
-28
-12
-2
8
16
20
38
42
35
26
26
36
55
70
68
64
68
81
71
42
35
48
52
36
33
42
49
39
37
42
41
33
21
10
9
17
8
-10
-23
2
20
13
10
11
12
3
-1
12
26
35
28
38
34
33
26
20
25
48
76
97
117
129
117
112
125
122
115
104
101
101
97
81
64
54
49
59
64
42
34
41
50
59
54
25
6
22
42
42
29
36
38
11
-2
19
37
45
49
36
21
18
20
25
35
45
48
53
59
67
75
68
57
58
65
73
88
88
85
92
87
82
68
50
53
69
74
69
70
68
57
41
34
28
23
34
40
35
33
27
10
-10
-19
-22
-22
-8
1
9
25
36
22
22
41
58
60
38
23
28
44
65
85
100
82
64
70
85
89
83
74
71
77
96
112
120
116
93
81
83
99
113
107
81
64
58
58
49
21
12
23
26
17
5
4
16
10
4
10
12
8
20
36
28
13
12
27
34
33
32
40
58
64
64
66
66
57
53
53
57
59
69
91
118
122
102
92
107
105
82
55
38
39
42
38
52
65
52
33
18
9
18
28
35
26
21
28
18
-7
-33
-40
-28
-17
-4
-7
-18
-12
0
17
44
64
57
55
66
70
86
101
102
86
68
58
58
58
42
35
40
53
38
25
33
50
65
81
90
102
90
70
43
22
17
16
5
1
7
20
26
34
41
52
54
41
24
26
28
33
45
38
27
33
39
41
51
59
71
83
92
106
112
98
81
82
88
85
66
52
56
59
54
40
28
43
53
60
57
40
36
57
81
71
49
40
38
26
26
34
22
19
25
18
1
-4
-1
17
11
-20
-41
-17
13
36
0
54
55
60
66
56
52
69
80
72
69
85
93
83
69
72
85
86
81
80
81
100
101
69
57
71
73
68
52
39
40
39
23
16
12
12
6
3
-2
-7
-5
3
16
22
9
9
21
28
33
23
17
24
33
40
44
49
56
59
59
53
35
27
43
48
42
50
58
55
53
57
69
77
72
66
69
68
48
29
26
26
17
18
-1
-18
-13
0
6
4
8
26
52
64
49
28
21
23
22
22
26
35
40
42
41
53
74
84
83
84
85
87
76
68
65
61
60
65
59
48
29
35
51
43
27
22
8
-6
6
21
22
28
35
32
18
-4
-24
-38
-44
-41
-22
11
24
23
23
32
33
26
21
27
42
51
56
65
68
72
72
72
73
74
89
100
101
97
83
84
92
91
85
72
70
82
84
73
65
65
60
43
26
28
41
16
2
7
9
6
-4
-9
1
20
27
26
34
43
51
51
64
64
51
42
43
53
57
68
73
75
82
89
120
128
100
85
91
102
101
104
98
100
109
102
96
101
91
83
82
87
75
60
50
32
11
5
12
36
48
35
18
-8
-38
-39
-17
-18
-44
-37
-19
1
23
51
67
58
40
41
50
52
40
24
22
36
43
42
32
27
52
89
91
54
33
40
52
54
55
56
61
69
80
80
70
58
51
48
41
39
36
41
27
-8
-34
-40
-41
-37
-29
-12
1
-13
-29
-22
-12
-19
-29
-23
-14
-20
-36
-36
-11
16
39
68
86
100
113
107
97
104
121
106
81
83
107
145
155
136
106
97
104
106
103
106
115
124
123
106
74
42
24
21
20
17
4
-10
-23
-14
3
6
-8
-5
9
23
38
20
5
16
35
49
41
38
40
39
57
83
92
97
100
85
77
84
93
100
99
88
82
76
75
82
77
69
57
44
33
34
52
59
39
8
0
17
20
3
-19
-30
-33
-18
-13
-40
-59
-52
-23
5
25
39
42
33
34
45
60
74
60
39
43
59
57
37
36
52
57
64
66
68
71
61
57
59
58
56
54
48
27
16
18
25
26
19
5
-5
-3
-2
5
21
27
10
-6
-8
-1
3
-3
-2
11
33
44
48
37
33
41
55
65
67
61
65
58
59
68
64
44
28
25
51
80
84
80
88
104
105
105
97
83
83
89
86
68
50
44
54
45
25
17
25
26
19
20
23
32
44
64
72
58
49
54
60
42
27
23
26
44
60
68
76
96
100
96
107
121
129
114
96
107
0
129
145
155
148
122
88
60
67
86
90
83
84
77
76
76
69
65
44
28
22
6
0
2
9
18
20
16
9
22
35
39
33
22
32
49
50
36
22
25
41
43
29
21
25
39
55
67
69
57
40
36
55
73
75
72
52
32
32
42
48
34
7
-1
11
37
41
23
13
6
-5
6
11
19
33
33
45
65
64
45
36
41
65
69
59
57
81
107
109
92
76
69
53
48
53
57
57
52
54
60
60
50
50
53
57
55
37
13
3
8
22
27
28
32
12
-10
-12
1
5
7
32
52
49
27
27
36
33
37
54
55
38
18
0
9
26
27
36
53
55
45
43
69
81
65
52
49
40
39
41
53
58
55
42
48
60
53
33
36
65
73
64
51
37
25
32
42
40
26
24
43
59
59
49
38
25
20
24
29
25
19
13
18
34
39
40
48
54
50
42
61
86
91
68
50
51
55
65
66
59
54
44
49
60
72
74
70
51
50
67
73
54
37
43
56
44
33
35
32
27
25
32
29
6
2
11
19
28
32
32
44
53
64
84
92
89
72
52
48
60
75
70
65
76
96
109
114
102
84
70
69
80
89
98
88
71
56
56
52
13
-11
8
38
52
56
44
19
5
12
24
28
40
60
61
40
24
36
39
36
27
7
4
34
51
35
23
40
55
68
70
59
54
66
83
99
103
92
85
88
90
75
70
66
52
41
38
25
10
8
2
-2
17
43
51
48
37
36
45
41
28
23
18
6
-2
3
24
48
66
80
83
80
64
45
50
69
81
76
70
65
57
54
51
45
42
41
48
59
54
48
54
57
43
32
22
17
12
7
6
19
38
39
32
32
37
43
49
59
58
44
44
57
60
56
49
55
75
90
97
85
85
87
82
74
82
102
116
102
89
96
100
83
56
48
51
48
36
26
24
22
8
5
22
24
7
-5
-2
-7
-28
-33
-5
8
4
9
23
35
29
20
12
8
16
19
25
40
66
80
65
52
50
64
69
67
80
104
104
90
92
101
107
108
100
103
102
89
84
88
81
53
21
20
50
86
99
57
23
37
60
66
69
87
102
112
119
117
131
150
146
130
136
144
139
148
170
196
198
189
180
162
128
104
123
164
184
166
124
85
65
58
64
55
38
26
29
17
-4
-2
7
8
1
-5
9
35
39
24
7
-2
-2
-5
-3
7
5
-8
-29
-37
-21
0
6
26
19
-10
-22
-11
-3
-4
-6
-8
-1
9
19
33
35
25
22
37
37
33
34
20
-3
-19
-24
-27
-34
-35
-27
-12
1
3
-3
-6
-18
-23
-20
-11
-10
-5
10
32
43
36
20
2
-3
5
7
4
-1
-6
-3
16
20
8
19
21
23
35
41
59
70
50
18
8
19
29
33
19
6
11
32
29
12
18
41
42
12
5
13
18
0
-5
5
21
33
33
28
27
28
41
60
73
60
55
67
81
83
71
65
80
93
93
86
72
71
61
54
67
66
44
29
26
35
39
37
34
34
33
35
38
44
32
-2
-19
-11
5
13
9
16
32
33
33
39
37
21
21
32
32
35
45
64
72
83
93
93
81
67
66
75
90
92
96
101
102
104
103
96
89
89
92
96
99
90
97
103
98
93
87
83
87
86
85
80
71
64
69
68
48
39
59
72
74
69
64
59
64
58
55
69
80
67
64
82
76
69
67
54
32
8
-3
-13
-5
13
21
-3
-26
-28
-10
-1
2
8
24
40
50
33
12
18
26
42
32
-8
-24
-19
-10
5
28
37
28
35
59
76
59
38
40
53
55
37
17
7
3
4
10
24
32
25
28
37
43
51
41
29
28
34
43
55
58
49
38
12
-1
11
35
26
6
3
18
22
10
9
26
40
55
64
59
66
68
76
81
72
54
36
39
61
74
77
72
81
92
89
81
90
91
80
86
105
107
105
99
101
105
101
93
83
72
70
68
55
54
65
72
67
48
27
26
28
19
12
34
58
67
56
29
11
21
36
41
52
58
53
44
48
49
42
37
36
41
52
59
76
91
90
87
92
93
96
90
82
76
76
85
97
87
71
54
58
67
58
50
41
39
38
39
34
32
35
34
29
33
43
55
49
39
50
68
72
65
59
64
68
64
65
71
60
55
61
55
49
41
32
44
56
40
26
26
50
73
73
65
61
72
72
57
41
38
40
48
58
53
33
39
60
65
54
49
53
50
41
35
38
41
40
42
32
12
11
43
88
107
96
77
92
117
118
103
77
66
65
61
53
42
35
26
20
23
29
11
-5
-3
5
8
11
2
-19
-24
-23
-33
-36
-23
-20
-45
-59
-45
-29
-21
-9
4
8
23
41
43
32
13
10
12
24
43
48
49
50
58
61
64
69
54
48
55
58
58
59
67
64
49
43
41
23
6
-1
3
19
40
50
48
33
16
12
23
32
25
1
-2
0
19
35
44
44
35
23
8
-1
0
16
37
55
56
60
85
102
104
108
106
105
130
129
91
82
96
93
90
83
90
107
108
92
85
81
80
84
75
68
73
85
89
86
65
42
28
27
23
12
-14
-34
-14
17
35
23
2
-1
10
33
68
86
70
37
34
59
73
69
60
43
49
90
112
90
72
58
56
72
85
60
24
8
8
13
22
24
19
20
34
53
45
18
-2
3
19
37
51
50
50
60
72
67
51
52
58
59
70
81
77
60
51
60
64
39
36
60
77
74
75
82
81
82
82
77
86
93
85
73
53
43
52
54
54
50
28
18
20
8
0
8
25
25
21
25
32
37
48
67
84
67
43
49
60
58
44
42
44
43
66
93
92
76
75
88
93
80
56
45
43
43
52
58
51
48
65
70
49
28
21
9
-1
-13
-22
-19
-6
-10
-22
-18
-5
12
29
16
16
35
51
50
33
26
43
56
54
50
57
66
70
72
70
76
83
83
74
70
75
88
100
102
112
119
92
66
66
80
90
90
82
81
72
59
58
56
39
18
12
21
45
67
72
92
108
90
57
45
61
75
74
56
32
27
51
44
18
4
5
20
41
42
35
34
51
55
50
55
57
56
57
65
73
71
68
72
77
69
56
54
50
51
65
58
37
13
6
6
4
-5
-5
3
4
10
23
20
12
9
7
12
28
28
20
19
33
50
56
51
38
33
37
45
41
43
50
57
73
86
81
70
56
44
42
43
52
59
55
55
72
98
100
84
64
50
42
44
54
53
50
37
26
20
16
9
4
-1
0
-3
-7
-8
-2
13
23
20
10
6
19
39
52
50
41
39
48
65
69
67
71
81
87
85
74
72
84
91
87
72
76
82
80
76
72
66
65
58
50
38
34
35
42
44
37
25
7
-10
-23
-29
-29
-22
-6
13
25
19
11
4
17
33
28
19
16
11
19
36
42
40
44
48
49
52
64
67
75
90
98
97
97
84
68
65
60
57
57
64
40
42
56
59
57
49
34
27
43
56
57
51
48
39
21
10
4
-3
5
20
21
23
18
5
11
34
39
34
25
33
38
41
45
38
33
41
53
55
44
36
34
33
34
42
56
65
66
51
40
51
58
54
50
50
45
40
39
41
44
39
35
36
37
54
71
68
65
69
81
86
81
73
60
56
53
59
74
74
57
58
56
57
73
86
92
90
99
108
0
113
99
97
112
109
100
100
96
81
71
73
80
69
67
81
83
64
41
38
50
51
36
10
-6
-11
-2
21
32
27
17
6
6
17
18
27
49
55
68
73
71
60
54
49
48
54
58
66
71
69
72
88
104
88
56
44
45
55
75
91
82
58
57
82
86
59
37
51
70
71
60
42
22
21
35
40
37
36
27
9
-10
-19
-13
-2
12
22
32
28
16
17
37
43
16
-8
5
50
77
71
55
52
64
70
67
61
57
52
44
50
51
40
38
44
66
60
43
37
51
67
74
58
43
41
44
39
44
42
40
32
12
4
6
10
0
-11
-12
-17
-11
2
23
24
6
-3
5
23
40
44
34
28
37
60
57
44
54
54
39
44
65
59
49
48
60
75
87
88
73
66
70
65
56
52
50
49
44
26
6
11
21
16
20
34
41
29
8
-3
0
19
39
42
33
20
20
40
70
80
66
51
49
59
71
70
66
65
87
102
90
70
64
59
65
83
72
61
75
87
74
59
52
41
37
33
17
-1
2
25
41
44
42
52
41
22
20
28
35
34
42
48
50
56
64
67
75
92
106
99
68
45
42
52
64
42
21
12
21
34
40
48
61
69
45
39
52
74
87
66
48
56
64
61
65
70
69
69
60
52
44
48
50
45
34
18
18
12
3
7
22
32
26
35
55
75
69
50
35
35
52
54
60
80
82
81
72
57
44
28
25
40
54
68
84
93
99
84
76
84
105
109
96
87
84
80
74
66
50
42
41
40
42
42
39
42
37
10
3
11
27
48
44
34
25
36
59
65
67
61
52
58
70
72
70
57
48
53
73
86
74
50
55
84
98
99
89
82
97
131
131
88
55
55
60
58
51
38
29
36
51
58
56
43
22
-4
-10
0
17
20
13
22
36
35
37
34
12
5
35
65
56
33
23
32
42
56
65
68
64
74
98
103
89
89
92
82
73
68
70
77
84
66
36
27
37
40
37
29
22
19
1
-22
-38
-38
-25
-23
-28
-33
-20
-18
-21
-9
6
8
1
1
6
4
8
20
23
23
28
25
20
10
7
16
27
44
58
73
91
100
81
60
64
70
68
44
21
24
41
49
58
65
54
41
34
28
37
44
55
67
69
59
43
40
49
56
57
57
54
56
71
81
75
70
70
72
70
65
56
74
105
100
83
76
66
58
48
19
3
18
43
50
24
6
6
0
16
20
17
27
40
40
29
11
6
19
37
41
41
34
38
55
50
32
23
20
27
19
20
25
22
23
33
37
42
52
40
22
22
48
66
72
73
71
69
72
85
102
113
107
85
52
45
50
55
56
57
53
39
28
11
-6
-8
13
40
36
22
22
38
53
60
65
59
38
21
22
37
60
71
73
74
68
77
99
122
134
106
80
76
89
101
96
87
87
88
87
90
91
87
87
87
73
61
66
71
58
39
39
57
70
83
97
92
68
54
56
58
66
68
59
58
57
51
53
61
71
73
68
72
80
83
72
50
34
28
33
32
41
68
74
73
64
59
66
68
66
55
36
20
22
34
33
18
12
9
7
20
32
18
7
3
1
-3
-1
6
-4
-12
-7
6
12
18
13
7
4
4
11
23
26
22
27
34
27
21
19
28
49
65
58
55
66
77
81
61
41
37
37
36
37
33
24
25
49
55
43
35
26
32
42
51
39
34
22
20
26
35
39
45
54
55
41
32
39
50
44
41
38
44
60
73
83
76
74
77
83
87
92
109
133
122
97
84
92
114
131
130
113
103
123
147
146
133
119
102
87
85
113
118
96
84
81
74
73
64
53
65
90
105
102
83
73
65
52
40
33
42
57
65
53
34
36
52
52
52
43
27
33
50
56
65
70
76
72
59
54
59
57
48
51
50
38
29
32
26
28
41
40
29
20
0
-17
-29
-36
-27
-23
-23
-14
-2
5
13
25
10
-8
-13
-8
0
5
9
2
-5
8
24
32
36
32
34
50
64
58
53
50
41
50
48
40
39
33
19
34
59
74
64
41
32
33
32
33
34
37
41
40
50
64
65
44
18
11
25
23
23
38
48
37
17
11
40
71
70
48
38
53
60
58
55
36
29
33
29
34
40
44
48
52
60
70
74
64
41
40
50
50
44
38
27
33
32
38
49
44
40
55
56
37
26
34
26
9
4
18
45
48
26
22
37
44
35
19
19
22
18
-2
-13
-1
20
32
12
1
9
7
8
10
32
53
64
55
38
37
40
43
59
60
53
54
55
53
50
57
70
70
57
45
45
50
36
20
21
28
35
38
32
32
26
34
33
11
1
22
58
64
40
17
8
22
41
53
42
17
5
20
36
48
53
44
40
40
53
81
106
115
99
75
73
74
58
52
53
60
68
57
51
44
58
73
69
60
53
50
76
120
0
140
123
91
82
98
100
76
65
72
75
66
66
82
92
96
91
82
67
40
35
49
49
52
55
68
82
92
107
108
97
96
98
84
76
77
69
66
71
65
50
43
36
24
25
25
17
18
19
20
24
37
50
55
56
39
13
7
11
12
9
10
17
20
26
44
57
48
21
1
-12
-14
-7
6
20
28
29
36
54
75
82
68
49
44
66
90
92
60
35
36
51
50
40
39
25
24
41
36
25
37
67
75
64
49
32
16
-1
-11
-2
4
1
7
19
23
32
43
44
22
-2
-1
22
39
24
-1
-4
13
17
7
7
18
28
36
59
83
74
69
81
88
84
76
57
53
45
29
38
52
74
101
100
72
52
45
51
52
38
21
16
21
23
16
9
6
5
-3
-1
3
0
-4
-3
7
21
34
38
33
20
20
18
19
27
33
40
50
58
68
83
88
74
55
52
52
45
41
59
72
55
44
54
65
53
32
8
21
49
55
56
64
83
88
65
48
48
39
28
27
35
33
39
56
53
34
33
43
54
59
59
58
51
41
40
42
54
73
89
91
75
55
50
71
101
119
103
76
75
87
89
77
60
44
43
54
57
52
43
36
10
-3
0
6
11
26
32
18
19
24
28
48
44
33
35
41
36
24
17
6
8
37
57
50
28
12
16
34
57
72
74
75
91
100
83
64
66
70
74
80
66
45
44
54
56
45
34
28
25
19
20
26
33
43
57
59
52
33
11
10
18
28
49
54
38
23
19
23
21
12
20
28
35
37
37
49
52
43
56
66
74
84
90
91
87
81
68
64
59
59
58
53
49
49
41
28
32
34
27
16
9
20
37
38
16
-6
-20
-10
7
10
7
13
20
20
27
35
34
38
24
2
3
29
58
66
52
39
42
49
57
70
84
96
84
75
81
83
69
50
50
67
65
38
25
29
44
67
80
58
25
9
23
40
35
25
32
42
52
60
55
37
32
38
52
66
69
76
101
116
97
85
97
112
113
97
88
87
87
84
65
53
57
67
70
61
60
71
81
82
75
68
60
57
53
50
54
66
56
34
32
37
29
23
13
12
32
40
32
25
36
45
42
32
24
24
37
60
66
57
64
77
75
55
52
64
73
74
68
82
102
112
103
87
75
66
67
71
59
55
60
69
72
59
43
42
44
44
34
38
44
25
6
1
1
4
5
6
-1
-6
-12
0
-21
-13
-8
-12
-10
10
38
50
45
39
29
36
53
54
58
58
51
53
65
80
89
70
42
42
64
84
81
64
60
76
81
75
83
84
80
68
49
32
32
42
56
67
65
57
50
37
35
28
20
12
17
17
5
3
20
33
28
24
28
44
54
28
13
27
54
55
40
32
35
50
59
60
56
52
55
55
51
48
50
52
52
55
64
52
29
26
42
52
48
28
17
20
25
26
28
33
33
29
35
25
24
37
58
73
56
25
2
-4
-7
0
18
36
36
29
37
54
55
42
28
20
29
48
50
53
66
71
73
80
77
80
89
115
123
109
100
103
118
123
114
89
71
58
50
38
29
32
33
35
34
22
18
7
-5
-9
7
32
34
17
9
34
64
70
53
39
32
25
36
53
52
34
22
28
38
39
44
52
59
66
73
68
72
87
82
60
58
75
75
57
51
65
86
97
92
71
53
42
42
39
25
12
6
2
3
13
11
8
26
39
39
44
52
52
48
41
49
60
75
86
77
68
54
38
27
23
20
25
37
52
64
59
53
50
56
66
67
60
58
69
74
69
66
68
59
56
55
48
43
43
26
24
32
12
-5
-19
-24
-25
-10
1
-1
2
4
8
21
38
49
52
59
56
53
56
53
50
50
48
39
36
41
54
66
67
64
64
77
89
85
71
84
102
98
98
106
102
97
103
108
106
102
96
89
91
92
80
60
50
44
52
48
37
29
35
52
70
64
39
28
26
25
26
25
27
49
68
60
53
64
72
70
56
41
28
28
39
48
56
72
86
73
56
52
64
65
55
53
36
12
10
32
51
50
25
-2
-20
-18
-5
-13
-28
-28
-27
-19
-22
-33
-29
-25
-24
-29
-35
-37
-27
-4
19
33
36
38
43
56
60
54
53
59
69
75
81
87
83
82
106
145
150
129
113
118
132
136
121
109
87
74
83
96
91
81
70
59
55
57
50
38
38
24
7
-1
-11
-8
-4
-7
-11
-7
4
20
36
32
21
26
34
23
11
12
34
51
55
53
58
68
57
43
39
32
34
50
66
67
74
85
73
58
50
48
64
70
55
41
27
24
36
42
33
28
40
48
55
68
51
28
32
55
77
53
26
24
37
75
96
64
37
42
58
80
89
84
56
44
58
66
60
73
74
56
55
80
97
89
75
74
72
84
88
76
73
66
55
39
28
36
34
34
35
42
56
59
51
38
28
0
32
41
50
41
24
7
12
33
36
38
40
41
56
102
135
131
112
97
91
99
113
117
112
99
84
77
76
71
69
58
40
28
34
39
28
17
21
40
43
22
6
16
34
52
68
73
67
42
39
54
68
55
29
32
43
57
49
36
48
58
56
58
56
48
53
72
71
60
68
77
74
65
71
77
75
73
71
66
59
56
54
42
37
39
44
49
37
23
25
37
29
9
-7
-18
-18
-18
-17
-22
-19
-11
-20
-21
-1
20
28
13
5
26
56
54
37
48
68
70
75
87
87
90
90
96
90
97
92
86
82
64
50
49
53
55
55
61
67
72
84
87
75
53
40
44
59
70
66
49
39
38
32
12
3
10
38
60
57
39
25
21
29
44
54
53
54
58
58
53
57
58
60
56
42
27
28
48
55
51
43
33
26
26
33
40
55
67
53
23
12
24
25
11
5
5
4
2
13
19
11
23
29
29
18
0
8
32
26
11
12
28
35
36
42
39
25
20
22
32
29
21
21
32
50
68
77
84
96
73
49
57
69
71
72
85
90
