81
69
51
48
48
53
80
92
68
37
25
27
36
50
60
56
42
42
45
34
8
-7
-3
2
3
22
36
21
8
19
16
2
6
18
32
58
77
82
69
66
92
115
101
74
64
71
80
69
55
48
38
37
42
40
26
20
43
85
98
85
72
58
51
54
61
58
54
52
26
-7
-7
20
43
42
27
24
27
41
50
42
36
41
43
39
28
11
6
9
12
26
33
38
53
56
49
50
49
44
40
41
51
42
38
55
69
69
65
42
32
57
85
80
56
37
35
52
59
55
52
48
37
21
11
9
10
5
-10
-40
-42
-19
-11
-12
-11
-12
-11
2
13
21
33
37
37
29
23
39
55
57
42
37
39
40
48
52
57
51
41
42
50
53
64
81
75
60
49
53
74
96
85
67
59
43
34
33
24
-4
-22
-18
-7
-5
-5
2
2
-12
-30
-17
4
1
9
26
37
40
53
66
56
55
61
71
75
67
57
56
58
65
34
9
19
27
32
36
48
73
72
53
38
33
32
24
17
6
-7
3
35
32
22
21
21
21
28
49
54
34
12
21
44
45
44
66
90
68
29
16
22
49
54
40
34
35
49
69
92
104
84
55
43
42
58
89
96
86
75
76
83
76
60
42
10
-24
-42
-34
-7
6
6
12
0
27
33
23
18
17
11
11
22
38
39
33
41
65
75
85
104
104
80
59
48
38
48
54
48
41
36
41
60
85
100
88
82
86
90
74
67
74
91
99
82
73
90
97
71
58
59
54
44
40
37
27
26
36
35
33
40
51
53
50
71
77
42
38
66
59
52
38
19
34
60
90
104
91
80
67
54
60
67
66
57
58
45
32
27
42
50
32
17
41
68
60
38
29
19
5
4
5
-9
-34
-41
-18
25
41
17
7
21
44
59
44
24
34
57
64
55
59
59
55
53
48
50
65
92
93
75
81
84
72
58
61
60
53
39
41
56
50
39
37
34
24
43
56
39
38
55
64
42
8
-12
-12
0
3
0
7
3
-21
-12
18
35
43
57
57
43
36
44
60
69
69
69
89
122
129
106
106
123
125
118
120
112
100
104
102
84
74
80
72
65
57
52
54
55
56
56
72
85
69
53
50
53
51
37
12
13
33
38
24
35
57
69
80
76
56
42
39
49
71
71
58
64
82
89
86
99
114
102
71
67
76
80
83
85
101
99
58
25
16
23
40
34
17
3
16
17
1
-7
4
33
52
51
49
57
49
25
3
-10
4
27
28
13
0
16
50
66
60
42
21
-1
3
25
49
50
48
58
55
35
21
17
24
49
61
57
50
43
42
51
56
43
26
27
33
27
24
32
40
36
24
28
25
24
32
51
58
49
39
36
36
48
65
73
67
71
91
100
80
50
36
49
70
74
59
49
49
53
55
53
58
52
25
7
20
50
44
35
23
19
6
-1
16
24
20
22
27
43
52
59
44
16
0
12
23
13
-6
-17
7
37
32
3
-9
-2
5
2
-2
-10
4
22
40
54
40
26
26
34
37
37
53
57
44
34
36
32
12
4
5
2
18
39
52
59
60
41
36
41
38
36
32
41
58
56
52
54
58
55
54
51
65
60
57
71
81
81
74
80
101
105
87
83
90
88
76
56
57
73
75
57
52
61
82
70
50
54
61
48
32
23
35
37
17
8
16
12
29
36
21
28
39
38
39
44
43
44
41
32
18
5
2
8
25
52
66
66
71
76
74
75
72
70
73
74
66
56
58
56
50
51
44
43
59
75
69
42
35
34
43
50
44
43
52
59
36
19
27
43
42
22
-2
5
23
38
44
23
0
6
21
37
51
56
67
80
48
25
52
82
88
80
0
60
57
70
76
74
69
69
80
89
100
117
114
90
70
52
41
43
39
35
28
36
40
33
23
40
39
18
-3
-7
11
54
67
56
52
57
64
55
24
-3
1
33
42
39
48
59
68
53
39
42
50
69
83
82
67
44
42
44
36
40
53
55
64
73
70
58
50
42
39
40
42
35
33
32
28
24
18
8
4
1
-5
1
16
22
10
10
18
0
1
25
48
65
66
57
71
88
103
102
104
98
88
83
73
67
69
91
109
106
105
105
90
76
85
113
138
160
146
123
129
137
114
61
26
35
57
56
33
18
32
58
83
72
40
19
12
8
-10
-24
-6
18
25
28
28
21
18
9
17
27
29
17
7
28
52
54
52
54
66
76
65
48
38
44
75
92
89
65
39
42
57
57
51
49
43
35
26
49
65
51
33
21
34
32
18
0
-7
23
65
54
36
26
24
26
24
32
56
68
52
40
50
67
68
49
36
28
34
49
59
65
75
85
80
65
59
75
106
117
104
85
72
77
85
88
67
39
38
50
36
22
32
35
28
17
5
-7
-20
-25
-7
6
6
7
19
36
58
66
53
33
17
12
24
35
37
35
21
5
6
10
22
23
25
26
35
50
53
37
11
19
58
76
66
64
74
84
66
40
27
20
16
12
8
2
-4
-1
1
-7
-14
-21
-12
21
53
64
58
54
59
60
35
10
10
19
40
67
58
42
54
68
64
50
24
12
38
73
86
82
74
73
85
98
90
80
64
41
39
58
50
28
38
50
38
16
-5
-12
-5
-8
-8
0
-5
-10
-9
-13
-21
-8
22
42
50
58
71
64
38
25
28
21
20
42
42
40
68
117
138
120
98
98
103
103
113
129
121
75
45
42
56
54
36
27
20
27
56
64
55
45
51
48
34
32
32
25
21
22
28
34
38
50
65
74
76
65
55
59
59
72
99
105
86
72
74
81
80
81
76
96
112
107
83
59
67
84
91
76
55
53
58
74
84
75
58
58
41
-2
-17
-3
-2
-3
-10
-21
-34
-27
16
54
59
55
43
29
25
37
39
17
10
27
48
69
88
82
69
67
57
57
59
58
65
74
80
88
102
85
53
54
50
39
41
56
65
53
27
18
28
33
21
35
44
28
17
20
19
2
-2
7
7
1
-18
-40
-33
-5
1
-1
16
49
38
6
18
44
53
48
27
44
82
88
85
91
93
85
87
82
51
48
72
0
90
83
76
77
76
85
74
48
32
25
24
3
-24
-18
2
12
8
16
17
4
0
-2
22
53
70
61
57
43
26
26
41
54
67
51
26
35
76
101
101
96
85
83
84
93
107
105
89
84
87
64
33
27
24
7
-1
12
25
20
24
40
59
71
61
59
70
55
36
24
25
35
37
21
12
22
29
34
38
44
66
76
52
22
21
34
51
57
52
49
55
66
72
80
74
73
68
44
36
43
69
87
72
43
29
29
33
34
34
32
32
23
13
20
28
22
0
-26
-35
-17
4
21
34
38
25
18
32
52
69
69
34
1
12
56
74
65
45
36
41
48
56
61
54
41
35
39
49
66
70
56
52
58
56
69
90
84
74
69
44
35
37
41
66
72
55
58
74
86
76
67
66
58
48
42
48
56
82
104
102
97
89
88
97
118
132
122
106
92
87
80
77
96
109
121
121
119
121
116
89
65
61
68
69
53
48
60
75
74
55
34
38
55
56
44
34
22
17
11
-9
-25
-18
3
17
26
24
16
26
40
37
23
17
18
16
23
44
56
49
35
36
40
37
34
41
42
19
13
43
74
75
66
66
73
76
80
81
70
58
51
35
32
37
32
9
1
16
36
34
19
0
-8
-3
-3
2
9
2
-5
-3
-2
2
26
40
35
38
51
52
64
74
81
85
72
51
34
35
40
45
42
34
32
43
54
67
61
52
42
29
25
32
27
16
-1
-3
2
5
3
10
22
9
-4
-17
-12
12
33
36
29
22
27
43
54
56
58
56
43
35
42
53
66
55
33
13
13
26
44
42
42
64
83
85
81
80
90
101
89
74
74
64
41
44
64
68
41
4
-21
-20
-14
-8
-4
-4
-9
2
19
26
21
17
24
36
26
9
21
43
68
81
72
86
106
105
97
106
112
103
89
84
83
98
128
125
105
96
97
99
76
42
26
39
57
59
81
89
71
43
22
12
18
27
42
55
42
16
-14
-12
4
8
7
11
21
38
59
70
40
24
44
64
42
29
42
65
80
89
92
72
48
23
8
13
38
58
65
60
53
35
25
40
58
50
38
36
50
56
42
24
21
28
24
9
12
18
25
21
22
23
18
6
7
26
32
17
-9
-9
8
19
28
41
41
35
36
52
69
66
68
88
98
106
112
82
49
34
34
41
51
60
64
57
57
59
71
82
70
49
40
57
72
58
35
19
19
0
10
-12
-25
-9
22
39
38
40
42
45
52
52
32
3
0
10
36
56
53
53
84
99
72
49
58
73
80
86
83
70
66
67
68
57
52
66
90
104
100
67
39
52
76
81
56
42
53
59
44
22
20
24
28
33
16
11
13
9
6
8
6
9
24
35
37
32
28
40
54
55
42
43
41
40
42
25
7
3
27
65
72
56
53
60
74
84
60
35
28
36
57
73
71
88
99
97
91
98
104
116
105
72
42
36
37
36
40
39
23
8
-4
-2
-2
-1
-3
-6
-3
-5
-21
-22
1
27
35
34
39
44
44
50
65
69
49
22
21
44
73
75
67
68
71
64
58
52
44
59
81
77
50
25
40
48
52
59
73
75
52
28
24
38
45
39
33
39
44
64
53
10
5
22
20
7
3
11
22
35
57
82
77
75
99
97
91
92
87
84
84
88
84
80
80
74
76
76
80
70
59
57
48
33
20
26
44
54
36
24
51
55
41
44
51
52
33
9
19
42
51
38
25
22
37
61
81
72
55
57
87
104
82
52
53
56
58
67
65
53
39
24
18
29
54
52
36
43
57
67
72
81
84
89
108
115
87
60
52
42
22
2
0
3
9
39
60
60
57
51
41
44
51
44
27
29
52
59
49
42
53
66
72
72
74
71
64
64
59
54
49
51
58
57
56
53
74
84
67
65
69
68
72
68
59
56
58
45
52
85
97
67
35
24
42
59
52
38
33
35
45
52
42
24
5
11
23
28
19
21
41
56
52
34
28
38
54
60
64
67
70
66
58
66
89
105
84
53
24
12
19
19
0
-5
2
2
10
18
20
9
-2
-10
-8
8
10
6
-4
-18
-10
-7
-2
7
16
12
11
10
24
45
51
48
38
51
80
88
74
58
48
48
54
54
52
59
50
36
53
73
85
84
80
74
81
82
70
60
54
60
54
25
21
33
27
20
16
8
-3
-4
-2
-5
-13
-5
5
26
42
39
39
51
51
52
49
44
61
74
76
73
66
66
80
76
61
68
96
118
130
116
98
97
98
98
91
66
49
53
72
76
48
26
34
48
49
43
42
25
-2
-13
-6
1
1
5
11
7
12
28
24
17
6
-2
17
36
54
53
39
38
35
39
45
44
44
56
75
87
83
73
84
96
65
11
8
42
81
106
109
102
99
114
148
182
166
117
100
112
139
156
136
96
76
84
85
66
0
58
74
80
83
92
102
90
74
61
60
76
92
103
97
97
101
100
87
74
74
80
82
65
42
45
58
50
40
49
66
71
55
32
21
36
60
66
56
50
66
83
96
85
69
72
68
53
39
24
18
6
0
17
49
49
35
25
24
13
-6
-18
-18
-9
-6
-2
6
26
50
59
56
38
32
36
40
41
50
55
61
64
43
35
41
45
57
68
54
25
1
-5
9
34
35
23
12
12
24
35
25
18
17
4
-1
-7
-19
-22
-20
-12
-7
-10
0
27
52
43
20
-2
-9
-2
3
2
4
8
4
-6
-3
7
9
19
24
19
18
35
51
49
59
60
29
6
11
27
40
26
16
11
23
41
41
42
56
61
43
11
1
16
23
21
9
16
33
28
8
18
40
32
11
17
34
39
25
23
34
34
25
35
59
59
38
38
49
55
60
61
52
44
74
112
115
106
101
86
60
40
34
38
39
24
16
26
35
26
21
28
40
52
55
51
55
53
64
77
69
55
55
60
68
74
60
53
58
55
49
51
58
66
74
74
67
52
45
52
57
59
39
6
4
34
60
61
53
50
45
45
51
55
66
71
44
6
0
28
56
72
65
48
21
4
7
16
12
18
34
37
45
60
59
51
54
60
65
74
85
98
104
114
115
112
113
109
103
91
97
101
88
74
81
91
99
86
71
68
53
42
54
58
54
41
36
37
43
44
39
29
23
16
17
48
50
25
20
20
19
25
36
39
36
26
24
40
52
57
42
3
-10
9
44
72
66
56
39
26
33
39
57
56
44
34
39
71
85
64
37
19
18
34
35
27
23
24
38
42
38
38
37
21
22
26
21
11
11
20
27
44
45
20
10
19
12
9
22
35
58
69
60
66
59
42
35
36
36
37
42
45
48
55
71
84
73
71
74
68
66
70
75
65
41
38
45
35
17
9
19
38
28
-2
-17
0
24
29
23
17
12
11
16
4
-1
12
35
44
49
42
36
39
55
57
53
56
69
85
85
68
58
54
51
49
44
36
27
37
68
91
84
60
53
56
50
44
41
35
22
5
2
0
-9
-17
-28
-29
-19
-9
9
22
13
16
22
23
20
24
41
59
70
77
89
115
132
139
136
118
96
83
96
101
82
69
64
61
82
105
113
120
139
144
137
136
130
104
86
87
80
60
42
32
27
42
41
9
-20
-12
8
21
25
41
45
37
36
0
44
56
55
44
36
41
57
56
58
69
68
64
54
44
40
28
23
22
10
13
35
57
75
75
60
60
72
88
97
72
57
55
44
33
23
12
2
-3
-5
-7
-1
-6
-33
-56
-67
-57
-39
-23
-18
0
28
41
37
34
39
28
21
27
27
36
51
64
83
102
103
82
66
76
91
75
50
50
73
93
90
70
58
57
57
73
77
68
70
56
40
55
53
35
28
25
33
58
56
28
6
3
20
50
66
64
64
82
103
106
97
87
99
98
61
37
42
66
64
51
53
55
54
59
45
40
58
73
64
44
48
66
81
83
76
73
75
88
97
88
60
36
36
37
28
12
7
12
-1
-21
-17
4
11
12
22
27
35
44
53
48
34
33
44
72
90
99
108
86
52
49
58
69
69
60
74
102
83
67
65
60
56
55
52
54
61
68
67
67
67
52
21
19
10
-7
-4
21
32
9
-11
-10
2
7
1
8
28
20
3
6
12
7
10
18
16
5
10
16
27
42
43
56
61
50
39
51
81
73
44
19
8
24
43
48
48
66
91
98
71
56
76
72
51
52
50
43
42
49
51
55
70
77
49
35
58
70
70
54
48
66
73
80
82
74
80
100
99
82
67
85
121
109
75
54
57
56
39
24
25
50
56
45
37
49
81
85
56
44
52
65
59
36
29
54
65
64
54
44
54
58
42
32
45
72
101
97
74
80
83
69
71
83
80
71
81
97
82
60
59
75
96
85
65
69
77
70
57
65
69
53
33
21
25
42
55
42
41
54
54
35
25
29
27
23
28
33
26
18
16
27
44
53
68
75
71
50
38
50
58
55
44
40
44
60
81
84
59
52
66
60
42
32
24
29
42
44
41
17
-1
1
2
13
12
-24
-66
-90
-93
-87
-75
-65
-52
-36
-19
-17
-11
10
25
6
-5
2
22
69
103
98
74
83
103
117
112
109
134
144
132
119
119
131
131
100
89
104
106
107
118
130
137
141
135
121
119
123
120
98
70
50
44
57
72
57
22
10
-2
-27
-23
-12
-21
-19
-20
-29
-30
-29
-13
10
12
26
37
37
45
64
65
59
68
80
80
57
35
33
45
58
55
45
53
71
82
81
75
74
70
54
39
35
39
38
33
38
44
38
18
0
-10
-21
-18
-7
-5
-5
-3
-1
-3
-3
13
28
25
7
7
12
18
36
52
60
56
51
44
38
42
58
76
76
64
60
53
52
0
71
99
104
86
84
80
68
60
75
84
72
56
56
56
53
40
25
26
25
12
9
-8
-11
11
17
7
3
2
-2
0
16
49
65
54
32
32
60
73
60
56
64
80
84
96
112
101
82
74
80
81
69
52
28
9
6
24
44
51
44
36
34
44
45
34
17
5
-6
-4
8
2
2
11
17
3
-8
9
38
26
-9
-9
10
23
33
33
33
38
42
50
53
39
28
42
67
98
118
112
89
77
99
123
124
121
120
114
109
104
101
92
87
81
83
89
85
75
72
80
92
92
72
69
67
51
41
32
25
12
-7
-17
-10
-5
5
6
-5
-3
16
32
43
43
42
51
51
56
54
49
64
76
68
51
51
69
84
82
67
64
59
41
27
32
57
87
96
88
81
68
54
54
60
64
61
67
72
65
55
58
59
50
39
50
56
50
49
60
65
60
69
80
67
43
43
50
55
61
58
55
52
44
55
75
88
77
71
55
38
26
24
36
38
25
28
37
40
41
57
57
21
-1
19
18
-3
-27
-35
-7
22
34
34
38
40
37
36
40
38
20
9
24
40
41
41
41
54
65
65
67
67
54
41
41
44
40
44
48
42
42
41
44
51
48
49
66
75
72
53
32
26
24
12
10
10
18
8
-3
7
27
32
9
-10
-10
-4
5
21
34
39
49
72
87
80
76
85
85
76
66
58
60
51
53
68
59
59
72
71
49
38
37
38
41
48
68
68
50
38
37
52
64
51
42
71
99
86
48
27
24
23
21
17
7
10
32
52
68
56
36
42
60
68
66
57
66
73
70
59
57
65
81
81
66
59
57
70
92
118
131
124
102
60
45
74
121
138
119
93
112
154
149
96
64
53
41
26
27
48
67
73
69
69
81
73
48
25
10
5
28
85
104
54
5
7
64
104
88
54
39
44
55
72
87
76
66
60
43
49
72
75
64
51
44
43
52
48
29
10
9
18
17
6
-4
-20
-25
-35
-43
-38
-42
-44
-29
-21
-23
-37
-41
-65
-85
-83
-78
-73
-75
-83
-59
-51
-57
-70
-81
-82
-78
-81
-82
-73
-57
-45
-28
-23
-43
-37
-20
-18
-13
-9
-6
-35
-65
-60
-45
-34
-28
-30
-23
3
32
36
29
32
38
33
25
36
18
-5
-4
9
11
1
0
10
20
35
44
39
38
43
54
64
70
72
70
90
115
122
115
107
121
141
155
160
138
117
128
154
170
176
168
163
167
171
163
146
131
0
124
122
103
80
60
57
56
43
36
38
50
48
26
20
33
48
35
27
32
34
50
67
60
48
33
40
55
54
60
74
74
72
85
92
81
59
58
83
102
101
81
71
70
70
74
72
65
67
57
52
64
57
40
37
48
57
42
24
19
19
21
24
34
37
20
4
12
26
28
27
25
18
18
32
56
87
93
75
67
68
67
64
60
72
61
37
36
60
92
97
69
65
81
86
92
105
101
99
116
119
118
115
105
99
98
102
85
42
22
34
43
48
50
42
49
58
54
52
50
43
38
33
37
42
56
68
52
41
37
32
34
43
38
17
22
50
86
107
101
81
76
87
92
96
91
85
74
84
84
71
57
43
23
12
35
52
49
39
19
-4
-7
0
4
3
6
10
17
12
27
51
73
89
100
98
86
80
84
80
77
80
81
54
35
29
40
48
53
49
37
52
73
71
54
48
70
76
40
20
26
24
6
-6
2
19
32
32
37
35
25
27
25
6
-13
-14
0
7
7
20
36
43
34
22
37
55
48
35
50
80
82
67
69
88
105
107
106
104
100
97
102
101
91
67
48
40
34
19
20
22
21
34
59
67
53
44
49
35
21
19
9
4
7
32
54
51
22
25
38
39
34
18
11
19
26
48
73
70
52
51
64
92
113
113
119
112
87
77
91
87
73
70
73
80
61
42
41
55
73
60
34
24
48
58
48
41
60
71
65
75
72
67
67
57
50
54
82
107
105
80
56
58
71
68
56
67
86
99
97
89
80
59
65
76
67
59
60
60
58
48
38
42
48
50
49
43
38
35
37
27
17
24
53
75
69
53
41
40
51
48
55
72
69
73
91
85
53
54
72
71
57
37
27
44
73
88
85
83
86
66
42
42
55
73
84
89
97
84
55
49
58
55
23
3
8
26
33
27
37
37
35
42
57
65
55
54
61
64
56
40
28
32
28
27
23
26
39
43
25
12
8
19
33
35
41
54
60
44
38
48
50
45
52
64
65
76
86
67
41
38
44
40
32
18
11
18
22
11
8
2
-12
0
20
21
21
23
26
28
23
32
55
60
55
37
29
41
37
6
-9
-2
-7
-33
-28
-9
-10
-11
1
9
7
6
11
19
26
25
12
3
9
21
21
19
26
44
55
57
59
55
64
82
86
93
101
98
96
77
67
85
92
75
58
60
82
104
116
98
0
61
48
48
41
36
33
24
16
11
18
17
18
25
23
10
21
57
77
64
42
43
54
59
52
49
65
65
60
56
58
76
98
91
82
77
87
91
96
97
82
59
44
54
76
73
67
71
57
48
56
73
89
85
54
27
27
40
48
59
60
51
54
64
40
24
21
34
49
52
48
48
44
35
35
37
28
23
32
39
44
25
9
25
51
60
69
81
68
58
73
80
55
42
59
80
71
39
20
24
38
42
33
22
35
27
9
7
19
21
10
23
50
55
38
26
23
32
35
35
32
21
28
43
52
51
33
26
39
68
86
84
76
97
117
114
87
75
99
100
73
58
57
68
75
66
44
40
44
44
55
67
72
57
38
52
73
85
71
34
17
49
77
74
53
34
20
24
38
54
67
43
19
37
58
61
70
71
73
89
100
86
72
82
85
76
75
80
74
51
28
36
56
49
32
33
41
39
20
-11
-20
2
26
20
-4
-30
-29
-9
1
1
-7
-17
0
12
11
11
12
19
22
10
12
22
21
12
6
-6
-11
8
24
25
22
29
44
43
57
74
59
49
42
42
71
101
92
71
52
49
53
48
35
35
44
56
68
84
89
72
57
53
50
49
44
41
24
12
3
-5
6
21
6
-13
-10
4
20
24
36
50
61
59
58
84
86
68
68
82
100
109
96
66
53
59
80
87
87
85
74
69
69
66
61
72
58
40
37
41
42
35
25
25
33
35
35
25
17
16
25
33
12
0
26
58
65
53
44
40
40
41
43
43
23
21
42
44
27
12
34
74
100
101
90
86
86
90
90
86
88
88
89
112
116
76
22
18
59
90
97
97
105
120
132
123
97
71
70
68
68
85
114
132
132
130
105
76
80
87
92
104
117
121
113
98
85
90
99
102
106
116
116
108
112
120
128
136
154
145
107
75
76
85
80
69
57
60
75
87
72
42
24
33
40
49
54
42
22
20
38
49
38
23
12
26
44
65
74
64
45
28
4
-7
9
24
21
4
-17
-8
26
41
28
23
33
41
43
52
59
36
16
16
25
49
51
27
22
37
68
67
44
23
7
10
7
-13
-27
-20
1
13
-2
-28
-49
-58
-62
-51
-44
-44
-23
18
40
40
34
26
18
9
12
20
37
58
57
44
35
32
42
69
80
68
53
54
77
89
76
50
43
64
71
71
73
66
57
50
37
32
35
26
3
-5
2
0
5
10
5
-14
-13
-5
-14
-29
-39
-26
-4
6
-6
-7
17
38
49
33
4
1
35
56
70
73
51
22
37
72
74
58
59
48
35
42
57
48
24
19
26
20
8
17
28
23
16
16
32
41
12
-3
12
21
5
6
18
25
20
-1
-13
-2
8
3
-5
-5
-1
12
12
1
13
26
34
37
45
54
44
29
49
74
84
86
72
61
67
73
76
75
81
83
70
57
43
32
37
51
59
57
37
8
7
33
37
25
10
-1
1
9
26
45
44
33
23
22
41
43
42
53
69
68
48
25
24
28
33
25
11
22
51
65
65
64
68
60
71
83
73
77
81
65
56
70
88
105
119
118
99
80
84
89
72
44
33
34
45
67
71
61
59
56
54
57
60
48
22
21
51
67
42
9
7
39
71
85
69
43
41
65
83
91
93
73
55
72
103
87
54
53
69
72
66
68
66
44
42
55
48
38
43
55
59
51
51
56
61
74
88
80
53
33
33
38
38
50
59
49
36
42
65
69
43
12
3
12
24
27
48
73
73
53
51
52
56
