65
65
73
76
77
71
54
52
64
75
82
82
73
57
38
26
33
39
34
17
28
44
45
39
20
3
10
24
50
69
72
67
53
36
33
35
43
52
44
42
54
64
70
75
67
44
36
40
44
68
88
84
69
64
71
77
64
44
40
39
36
32
44
69
91
90
65
40
38
40
39
44
52
44
36
29
32
34
33
39
44
40
37
36
28
27
28
41
56
56
51
48
45
41
41
49
66
74
70
48
24
19
17
9
-2
-22
-35
-29
-12
-11
-18
-20
-17
5
37
52
60
59
59
68
74
67
50
41
50
67
81
81
68
64
67
71
75
74
67
56
50
51
45
48
49
54
59
64
66
66
61
57
50
38
34
40
50
48
41
41
37
26
22
34
40
49
51
48
49
52
48
44
48
43
39
29
25
42
65
69
58
36
19
18
18
6
-1
5
16
25
25
21
25
35
28
27
38
56
69
71
59
48
24
6
9
25
33
39
41
37
44
45
33
18
22
26
26
37
50
50
36
27
35
49
51
38
33
34
34
38
38
39
45
42
32
23
26
36
38
37
39
45
48
42
50
55
58
59
48
38
41
53
51
44
53
68
82
84
73
58
65
75
68
66
69
59
43
36
28
29
43
38
25
32
53
71
0
65
43
36
49
60
58
44
32
21
13
4
-6
-3
12
29
34
20
12
26
33
37
42
49
41
23
11
17
33
38
33
33
33
32
33
28
36
52
56
44
38
51
66
56
41
37
40
43
55
66
53
33
19
22
42
60
64
48
36
40
52
43
41
51
65
64
51
35
17
16
25
22
17
22
33
34
40
42
33
18
4
2
6
20
43
66
71
69
56
56
71
81
82
74
71
71
68
65
72
71
56
51
58
61
43
36
49
50
33
21
22
26
28
48
58
64
61
45
37
39
50
58
51
33
27
42
58
65
64
53
36
26
25
32
38
26
19
17
25
37
42
43
56
82
97
84
80
103
133
131
116
102
89
82
76
72
61
55
59
61
51
27
9
2
1
2
13
27
36
39
42
48
50
38
25
20
24
32
38
35
20
6
3
9
12
6
-13
-33
-27
-9
5
12
17
29
59
82
90
102
115
115
96
81
83
101
113
106
87
71
72
71
55
33
26
41
60
68
54
36
33
44
55
59
56
48
35
26
43
75
65
18
-11
-5
11
22
29
37
44
49
52
56
64
64
64
71
83
87
69
40
40
51
55
54
54
52
44
41
37
34
26
27
34
48
54
48
28
9
9
12
5
1
19
44
54
53
53
43
36
17
-8
-18
-2
20
35
39
36
37
43
42
35
32
40
53
53
57
64
70
70
66
73
73
58
57
70
80
66
56
54
57
68
74
66
45
27
21
20
22
33
44
57
66
64
69
80
72
57
52
56
56
42
43
52
48
41
40
42
44
50
64
68
43
9
-5
4
23
33
28
28
38
51
52
42
35
28
20
19
28
49
61
58
61
68
70
72
71
66
54
44
43
33
21
16
12
18
27
43
42
26
20
26
34
42
51
45
37
29
28
36
40
32
16
25
49
64
60
54
51
49
44
38
40
43
40
43
52
50
45
55
82
93
89
77
75
70
64
65
71
76
83
85
86
87
89
89
90
83
74
65
69
73
68
65
68
71
71
58
50
49
48
35
25
34
33
27
33
37
39
40
52
64
64
54
43
34
7
-9
1
25
44
50
58
61
55
53
53
64
74
75
82
82
73
74
71
64
60
72
71
50
34
22
22
20
22
35
52
48
27
16
22
32
37
40
32
16
11
11
16
22
26
25
18
3
2
17
25
29
26
28
39
43
41
41
44
50
0
50
67
86
74
65
64
56
56
53
41
34
32
28
23
9
1
-1
-11
-27
-41
-37
-25
-13
7
29
44
58
87
104
98
75
49
32
32
43
65
82
88
82
77
85
91
74
55
50
49
50
54
52
50
51
52
54
50
49
49
43
50
48
24
16
24
33
28
26
37
45
37
28
35
48
55
44
24
26
49
45
35
42
55
59
57
43
28
35
55
75
69
54
40
35
40
64
71
56
42
34
35
27
27
33
25
23
33
37
28
34
45
40
22
21
23
27
39
44
48
34
25
33
39
48
40
36
48
59
54
45
48
38
20
21
35
52
57
56
53
41
35
35
27
28
32
32
38
45
36
28
36
42
58
70
72
69
60
55
56
58
54
57
64
52
53
68
76
76
76
80
82
83
81
74
70
65
58
71
76
64
49
44
56
58
57
56
53
39
27
22
13
8
20
26
24
26
37
49
48
44
42
43
41
48
59
68
65
55
44
29
36
55
57
39
36
54
64
57
48
49
57
58
65
70
71
59
48
43
60
75
69
64
72
83
77
60
41
32
24
24
29
38
42
41
41
50
50
38
24
7
5
11
18
21
32
37
39
40
40
40
50
54
56
51
34
21
19
22
32
49
59
69
80
89
82
51
23
16
35
61
59
49
50
56
54
50
39
28
32
40
42
22
9
13
20
17
6
5
17
28
36
44
53
60
57
50
50
48
45
60
74
70
55
43
48
51
48
45
37
34
40
39
27
34
42
48
53
56
50
42
39
44
53
49
33
10
-2
2
4
-3
-13
-17
-6
6
24
42
43
42
48
55
66
66
57
45
37
26
19
10
0
-20
-25
-21
-10
8
20
32
55
88
121
145
146
131
113
105
115
121
114
105
114
117
115
107
84
51
38
40
48
51
38
32
37
43
45
39
38
37
25
22
38
53
58
66
74
76
72
60
56
56
56
50
51
56
52
38
34
37
36
36
41
52
56
57
57
55
40
17
6
6
1
0
9
17
7
0
1
8
9
17
32
35
35
32
27
21
7
7
11
7
4
10
26
34
27
23
20
23
29
25
25
34
49
59
60
51
42
50
58
58
57
52
50
65
75
73
76
81
81
76
60
59
64
52
37
32
19
4
8
16
28
35
37
51
59
60
52
37
28
36
51
71
82
65
44
53
75
92
97
91
87
84
69
48
34
29
36
0
55
67
65
51
40
40
48
50
44
36
26
19
22
35
58
81
73
59
56
66
81
89
85
81
77
87
93
73
51
42
50
54
52
54
59
58
54
50
56
60
65
66
56
57
60
58
56
57
67
68
43
22
26
48
53
41
37
39
40
37
28
23
25
22
19
20
19
27
41
54
61
58
45
34
34
50
60
59
57
51
42
40
36
28
32
32
24
21
20
25
28
42
41
32
38
40
26
28
39
42
38
35
34
37
36
26
20
23
41
59
58
42
33
33
37
40
26
16
24
32
24
24
27
37
48
39
10
-3
11
27
38
43
48
49
44
35
25
16
19
44
60
58
40
32
37
39
24
18
26
36
37
32
29
41
51
40
35
36
52
72
67
55
52
56
65
65
58
54
61
74
70
51
33
33
34
24
26
25
8
2
9
8
-5
-6
6
16
28
50
73
98
107
91
64
49
52
59
59
38
19
12
21
49
70
70
65
64
55
37
28
38
58
81
85
75
75
74
54
40
33
27
28
34
50
51
33
23
26
26
22
13
6
8
13
21
23
25
32
35
48
60
54
39
45
55
58
68
70
69
64
57
59
66
75
96
108
102
82
69
70
75
86
86
84
77
76
81
70
66
59
53
57
70
67
42
24
32
48
40
19
17
27
27
12
5
11
23
18
3
8
20
7
-4
-3
-2
3
24
42
53
41
18
11
22
40
44
44
60
80
84
85
87
85
88
96
113
131
132
130
128
114
102
100
101
102
97
83
61
51
51
50
55
49
29
21
35
51
48
48
52
40
25
26
26
25
22
24
29
24
18
9
0
0
16
19
22
33
41
48
49
54
52
42
41
51
66
80
85
81
75
68
68
84
96
96
88
86
82
64
44
41
48
51
49
41
40
40
37
26
18
23
26
23
26
23
8
-4
1
12
9
10
7
-3
-1
7
8
9
10
11
11
18
26
34
32
33
40
42
36
37
40
44
40
35
37
51
55
50
39
35
39
35
40
71
93
99
92
70
59
74
89
86
77
76
71
58
57
69
76
87
85
76
70
67
68
70
75
72
59
53
54
40
38
59
71
42
16
11
27
35
32
26
27
33
37
35
35
36
36
28
22
23
34
38
32
24
35
40
43
50
56
66
65
51
51
70
89
92
76
69
71
64
59
57
52
44
49
53
49
39
49
65
70
71
67
0
57
49
54
65
59
50
38
27
10
-12
-34
-41
-37
-35
-39
-37
-28
-23
-9
4
11
17
23
35
49
61
67
65
70
75
74
71
68
70
84
103
106
100
99
98
96
90
82
74
71
54
43
44
55
70
69
56
53
59
65
71
84
92
93
88
82
72
68
75
88
93
83
65
58
43
25
18
11
6
9
6
7
11
17
22
23
23
6
-5
10
27
28
18
11
21
24
26
27
18
-1
4
23
36
40
36
25
27
38
56
73
73
69
71
68
57
54
60
74
81
86
93
87
74
75
81
69
54
49
51
36
25
21
25
38
36
22
22
19
16
18
12
6
7
8
12
12
9
29
43
23
11
20
27
42
59
66
59
54
56
56
49
42
50
53
42
36
29
32
41
52
67
81
71
61
65
65
65
70
70
60
70
82
85
69
54
60
70
68
54
41
35
35
40
27
13
12
25
49
59
54
50
40
35
33
34
43
55
44
39
52
64
64
59
56
48
43
57
76
82
74
70
64
57
61
72
76
74
61
52
48
49
55
56
60
70
61
52
51
56
69
65
42
23
10
7
12
18
18
23
38
42
25
5
6
16
18
19
17
4
0
4
10
20
23
24
22
26
39
51
51
52
51
49
54
56
49
42
58
74
83
77
71
75
89
92
101
112
112
92
82
84
74
68
59
38
17
4
8
20
18
10
0
-18
-19
-3
9
6
1
-3
-3
-1
-9
-21
-17
8
34
48
57
64
70
82
74
54
49
53
66
73
71
67
67
76
91
99
99
99
97
103
105
90
81
74
67
65
66
71
81
76
53
39
48
42
32
23
20
16
23
32
32
23
20
16
8
11
9
-7
-27
-36
-38
-41
-44
-41
-29
-18
-1
25
54
69
74
74
84
102
114
100
83
87
101
107
113
115
106
88
81
81
89
103
100
86
77
87
103
101
81
59
54
60
67
59
49
40
39
48
55
57
43
33
33
41
37
28
23
13
3
1
3
8
6
6
24
51
73
71
57
50
41
38
38
36
20
8
10
12
23
36
37
39
36
29
33
37
41
51
53
44
38
38
42
42
33
18
17
34
42
39
26
20
25
27
21
16
25
28
22
18
25
38
39
26
20
21
26
34
35
40
40
43
50
48
33
10
2
7
19
22
23
28
28
35
50
64
49
34
50
73
72
66
72
93
106
101
96
101
102
96
101
104
86
59
0
41
28
25
38
52
68
66
50
53
67
74
76
69
71
81
91
82
68
69
75
80
75
68
58
60
72
64
38
32
39
43
36
24
23
34
45
29
16
28
43
53
60
66
65
61
52
50
56
64
77
87
84
68
61
60
52
42
41
48
52
48
41
43
49
53
58
61
67
72
75
83
89
86
72
66
72
74
76
76
73
71
60
44
35
35
28
22
12
5
4
3
1
1
4
13
20
11
2
11
27
21
6
7
18
18
6
4
6
18
37
54
58
53
38
34
36
36
32
27
38
48
53
58
64
69
71
69
60
58
64
65
59
55
41
38
49
58
65
58
41
32
28
34
38
24
7
6
12
20
32
34
38
52
53
56
60
60
58
48
32
23
32
38
33
22
11
7
16
40
56
56
48
38
43
67
88
98
88
75
68
69
69
69
80
96
101
98
98
101
102
84
66
72
85
84
70
53
40
26
35
49
56
69
69
53
43
41
42
35
11
-13
-28
-34
-33
-38
-44
-43
-44
-43
-29
-19
-12
-2
21
45
64
65
73
85
80
64
51
45
53
59
67
71
72
80
73
55
48
69
89
91
96
102
100
97
99
101
100
82
67
73
72
67
77
89
84
70
66
56
51
53
54
58
72
81
74
54
49
52
49
48
49
52
44
28
26
38
53
60
64
69
67
44
37
41
41
51
72
75
52
36
39
45
38
33
41
54
56
48
36
32
42
66
85
87
69
60
67
74
87
84
73
64
71
74
73
77
82
73
60
50
38
43
65
73
70
71
71
57
43
44
44
27
11
11
13
16
26
38
37
41
49
39
33
36
41
42
35
26
20
12
20
40
43
34
28
28
36
38
36
41
45
56
73
76
67
58
55
58
64
68
68
64
70
82
72
64
68
76
74
65
71
80
81
81
73
67
65
72
71
57
56
59
65
60
51
34
32
40
40
41
48
42
25
22
35
39
22
10
18
28
27
17
10
16
23
26
20
24
39
54
56
42
29
29
40
42
42
43
44
41
37
37
33
32
33
28
22
23
25
19
13
22
38
51
53
44
45
52
53
57
66
68
71
69
66
82
99
90
58
43
56
71
80
84
85
82
70
57
51
50
55
60
60
59
60
65
71
71
43
28
40
41
32
20
17
20
24
28
32
35
36
35
36
36
25
28
50
56
54
60
73
82
72
50
38
51
70
0
87
90
82
70
57
48
50
41
23
13
26
53
68
66
50
40
42
53
55
52
51
59
72
80
82
70
50
42
53
59
58
51
56
57
48
28
23
37
52
60
55
42
48
50
42
37
50
64
64
59
56
59
71
83
89
87
76
68
67
64
69
82
85
80
65
34
8
7
11
9
-9
-27
-33
-41
-51
-39
-22
-6
16
34
43
53
58
70
77
67
59
51
44
44
54
60
52
39
37
48
57
48
23
12
21
33
35
22
17
37
59
65
40
10
12
35
34
19
10
11
21
24
20
24
41
58
65
56
44
36
29
42
64
61
57
56
58
66
68
65
51
25
10
6
2
7
28
53
68
68
51
32
33
35
33
25
9
-1
4
23
45
64
55
40
33
34
44
55
49
49
53
54
54
44
42
40
43
52
52
43
39
48
64
64
52
39
38
41
50
50
50
49
48
53
70
85
86
91
99
86
59
43
51
56
64
67
64
58
50
43
49
52
52
55
61
64
61
68
58
43
34
38
43
33
11
16
32
35
26
21
29
52
64
54
38
39
43
34
28
28
29
39
49
49
45
52
56
45
39
58
87
101
93
84
76
73
74
72
65
60
64
66
64
66
72
74
65
51
34
22
23
29
29
19
21
33
24
8
4
-4
-9
1
22
27
26
24
18
16
12
2
1
21
41
60
69
59
38
33
45
53
50
43
39
42
58
74
80
66
54
54
57
57
53
50
48
49
53
49
41
38
35
35
40
42
38
33
32
39
39
26
21
25
34
32
28
33
38
48
57
60
59
54
36
26
35
51
55
48
44
49
56
58
56
57
59
67
73
76
74
60
48
55
68
73
80
68
51
34
28
27
37
37
36
40
41
39
28
26
34
27
13
2
2
20
26
24
21
24
36
53
56
43
28
27
37
55
69
73
74
69
60
71
98
98
83
76
85
92
88
73
72
67
53
45
53
55
49
52
69
85
86
72
54
38
33
41
44
25
10
17
27
45
59
57
42
26
20
25
42
53
33
5
-3
6
8
-17
-39
-27
2
33
57
70
67
53
50
58
75
90
91
83
74
75
81
80
72
80
87
69
53
59
66
58
51
44
51
57
65
60
48
32
35
43
40
33
33
42
40
33
36
41
34
17
9
13
33
55
57
48
41
50
70
92
106
119
124
118
115
128
137
139
148
145
132
116
92
87
0
97
90
74
67
71
64
43
38
40
40
42
49
38
27
36
41
38
32
18
2
-10
-12
-10
-8
-1
1
0
9
23
27
21
22
32
32
37
53
56
52
51
57
64
59
52
58
74
71
60
53
72
82
68
66
65
58
51
51
58
57
44
34
29
37
40
48
53
51
51
61
74
85
92
88
75
75
92
102
100
91
91
92
93
92
88
80
69
56
53
48
44
39
27
10
-1
-3
2
12
18
16
16
20
19
17
18
26
28
11
-2
-8
-9
-6
5
23
44
45
35
25
33
35
23
21
32
43
45
37
22
20
23
35
39
35
35
39
38
28
10
2
20
38
41
40
44
54
64
73
71
68
76
91
89
84
81
73
70
61
57
64
71
66
51
36
20
1
-6
-8
-11
-4
4
0
2
16
19
6
7
33
50
38
19
5
0
1
5
4
3
23
50
51
42
43
54
60
74
80
68
59
65
74
83
91
96
82
58
44
40
45
52
57
50
32
6
-9
-11
-9
-10
-6
-1
9
22
8
-10
-11
4
4
-5
-7
-3
1
-1
2
11
25
45
81
104
122
145
165
165
155
167
181
172
162
169
183
182
171
163
160
156
155
149
133
117
112
103
97
91
71
44
39
39
32
21
24
18
-3
-20
-20
-9
-4
-8
-22
-27
-33
-35
-36
-34
-27
-23
-22
-26
-11
17
11
-2
-9
-21
-37
-54
-57
-51
-54
-66
-74
-57
-14
19
29
25
24
41
68
89
85
81
88
92
87
101
117
99
81
93
109
103
97
114
132
128
114
106
101
93
83
59
59
72
70
54
51
58
57
49
32
20
22
24
37
35
16
5
19
33
20
16
22
32
36
39
37
34
37
50
60
64
64
71
77
73
64
51
48
45
44
50
51
43
56
76
85
75
71
49
24
23
44
65
69
57
34
20
28
41
43
38
43
55
67
66
58
57
64
77
93
103
87
81
90
92
108
122
113
97
91
96
99
85
58
33
22
33
42
44
39
34
33
27
16
7
0
3
22
37
41
49
37
24
32
51
67
65
40
17
16
28
38
41
51
53
52
48
49
67
81
82
74
57
42
48
71
99
101
81
60
64
87
116
130
119
100
100
117
123
105
64
32
25
55
80
81
61
42
37
35
32
33
27
5
-11
-22
-27
-22
1
26
33
32
26
19
17
26
33
26
25
22
19
23
28
49
65
61
51
55
68
87
100
101
109
115
98
83
77
74
0
80
86
76
74
91
107
107
91
68
57
55
42
22
7
4
8
9
7
20
32
32
23
28
42
35
18
3
-3
5
20
20
13
26
44
50
39
28
36
40
45
53
65
85
97
99
100
101
113
129
131
129
128
115
102
98
99
105
112
103
88
80
75
61
38
28
36
34
18
3
5
21
32
24
5
-1
0
-2
12
34
29
3
-17
-17
2
28
36
25
9
12
25
33
38
44
56
60
51
38
26
22
40
69
83
68
52
55
68
72
70
52
38
36
35
25
21
43
67
57
29
8
-3
-10
-17
-7
11
28
37
39
25
5
-2
-6
-14
-21
-26
-40
-65
-75
-69
-55
-34
-5
13
38
70
99
117
120
112
97
81
77
87
91
87
71
52
51
57
55
42
50
73
83
80
82
77
68
55
41
33
32
36
33
36
50
53
56
56
51
50
38
35
60
82
85
82
82
85
91
98
103
112
116
115
114
115
116
117
107
102
99
89
93
116
124
129
116
90
70
67
65
60
61
56
44
38
27
2
-22
-28
-11
4
17
21
11
8
18
33
29
12
-3
-7
6
36
59
61
48
27
24
32
43
54
45
41
48
50
44
39
41
39
36
39
48
53
65
80
82
76
74
81
69
51
49
44
35
24
20
20
24
36
44
39
23
11
1
-1
4
16
21
19
19
23
35
39
39
48
53
51
53
59
66
59
52
45
36
32
38
55
86
102
92
71
55
37
32
28
22
16
12
24
34
34
39
51
56
48
36
35
35
35
35
35
33
39
57
75
86
70
43
37
42
42
27
21
25
48
57
42
25
25
37
38
27
20
19
27
44
50
44
45
38
22
10
20
42
60
68
57
38
19
10
26
57
67
54
58
65
64
64
49
28
17
21
40
58
69
69
66
68
80
87
89
88
80
70
55
41
43
55
66
44
21
18
20
17
11
10
19
34
43
52
52
39
38
51
56
56
52
39
41
48
40
24
19
19
23
25
27
29
36
36
25
10
8
12
13
6
4
8
3
4
17
27
39
51
57
65
60
52
51
58
72
84
71
49
37
36
39
52
66
61
48
43
49
38
26
33
36
28
19
7
-4
-11
-1
3
6
10
21
34
33
27
20
21
25
21
17
18
23
22
20
23
27
28
36
53
73
86
89
92
97
88
76
61
43
38
42
50
39
24
21
19
25
25
36
44
50
51
53
59
71
73
74
0
71
58
48
40
53
66
56
53
57
55
54
59
72
80
83
82
73
71
65
69
72
64
60
70
83
90
96
100
93
89
97
100
100
100
99
98
98
100
104
98
70
48
41
48
48
49
60
71
82
100
100
90
86
73
60
55
58
55
41
37
39
42
43
40
36
33
36
48
53
51
52
44
38
40
51
41
23
19
26
27
25
32
45
53
50
48
49
48
41
38
34
29
40
65
93
93
89
93
83
71
70
74
88
90
74
58
53
53
42
34
33
36
34
19
9
17
21
16
8
12
19
21
21
27
48
61
71
77
73
49
39
53
65
70
68
61
58
50
37
22
10
16
40
73
100
102
89
68
58
71
77
57
40
43
60
83
92
76
57
43
51
69
59
35
26
26
27
18
1
-7
-18
-18
1
25
37
34
36
49
66
71
69
52
34
41
59
54
45
44
37
32
32
27
40
54
56
59
61
53
49
51
56
61
66
65
55
48
52
57
53
50
53
55
55
55
68
80
74
57
42
35
41
50
44
49
59
59
49
53
52
40
34
36
44
53
42
24
25
37
44
40
32
22
29
45
54
59
65
71
80
82
82
85
73
64
73
75
67
65
65
56
48
42
37
39
42
48
37
21
24
28
21
23
23
24
18
18
21
11
7
9
16
11
5
4
2
1
9
11
5
8
20
26
24
24
27
36
36
21
6
1
2
-4
0
33
66
71
66
67
65
70
70
57
44
42
43
39
35
34
36
43
42
34
27
35
34
22
23
33
33
36
52
64
53
43
40
32
24
29
35
26
11
1
-6
-7
-9
-21
-41
-51
-41
-33
-36
-37
-42
-42
-18
16
51
75
82
75
76
91
113
124
130
123
121
119
108
98
101
108
100
97
96
98
98
96
88
81
76
70
58
52
43
52
61
69
59
51
64
73
70
66
65
73
70
48
22
12
28
57
82
81
70
67
69
68
58
58
65
70
58
35
21
26
53
77
73
65
56
49
52
42
27
10
-1
4
4
-8
-5
-3
-1
7
21
26
34
39
42
38
35
33
28
33
33
35
38
42
42
32
27
33
39
35
21
22
36
52
59
60
60
58
57
51
44
51
67
72
84
91
85
73
71
89
102
96
87
86
91
99
104
89
71
61
56
54
53
45
37
34
32
29
37
53
57
48
54
83
96
87
72
58
34
16
19
43
59
41
32
34
33
28
0
25
33
52
64
66
72
76
72
67
66
60
53
54
55
59
80
90
82
64
50
58
83
99
96
84
68
38
5
-12
-10
3
17
17
9
18
27
38
40
28
13
4
2
6
8
17
33
35
27
26
36
35
32
28
22
24
34
27
26
28
25
22
25
35
50
64
71
89
102
86
67
70
73
73
85
89
89
93
97
86
72
56
52
53
59
69
76
74
58
35
18
17
8
1
2
13
33
39
33
24
24
29
40
40
37
36
37
42
35
23
25
27
23
27
25
16
20
34
48
56
48
26
17
27
36
40
56
77
97
102
105
108
113
105
100
91
85
82
65
51
43
34
32
24
28
39
39
23
16
23
34
28
40
54
48
28
24
24
17
18
27
33
26
27
24
24
35
37
35
39
40
24
21
40
53
58
50
35
37
59
85
88
87
90
92
89
85
77
77
74
66
49
40
38
24
3
-13
-20
-17
-18
-23
-12
-10
-6
18
49
77
88
89
99
98
100
102
97
98
102
107
114
115
109
99
90
99
107
115
116
107
98
90
85
69
50
