64
64
56
59
70
67
59
43
29
26
19
12
20
36
49
49
33
13
12
17
29
40
42
42
42
42
48
45
33
22
13
21
41
60
57
40
41
59
74
69
43
9
-3
12
37
50
44
36
33
34
32
36
43
48
41
33
35
39
44
50
50
43
49
53
48
40
39
37
35
41
54
57
42
18
-8
-13
-6
8
25
36
43
53
57
64
68
70
70
68
60
50
49
57
68
75
84
74
69
69
60
41
28
29
41
52
50
49
61
89
89
67
57
66
72
75
83
88
83
74
69
75
86
80
55
35
38
69
84
80
83
98
100
90
89
89
77
65
60
66
66
73
81
74
57
41
36
33
32
34
38
41
35
21
8
-2
2
7
5
6
12
17
-5
-42
-74
-88
-90
-87
-76
-68
-67
-52
-6
52
89
97
88
89
99
106
112
115
117
116
106
96
91
84
60
39
35
45
65
80
93
116
130
115
80
54
54
50
49
66
81
76
68
67
64
69
69
44
24
34
39
37
35
33
23
20
25
36
41
40
48
58
68
76
80
74
67
66
61
59
64
66
54
33
18
23
43
53
52
50
48
51
41
37
52
61
54
38
32
32
38
60
74
74
68
68
70
54
33
9
-3
-5
0
2
8
16
17
9
3
0
0
2
9
19
33
36
24
11
8
7
8
11
24
37
41
40
43
49
44
44
54
69
70
58
54
53
49
43
42
41
34
22
19
18
26
27
23
37
65
83
76
61
65
73
70
59
52
49
49
56
60
55
49
43
41
39
43
41
29
20
19
23
28
27
22
33
55
60
59
58
45
32
23
20
11
17
33
48
56
49
33
19
16
21
33
41
44
37
40
56
69
65
49
40
39
27
7
12
67
121
121
100
92
90
93
91
71
55
56
53
49
51
55
54
49
38
38
38
21
6
-1
3
9
8
4
2
10
28
48
60
77
85
69
44
37
35
26
22
34
50
53
42
28
23
33
44
51
59
71
80
83
73
58
44
33
33
39
44
38
28
37
51
57
43
20
17
34
43
37
21
8
4
20
48
54
40
33
44
57
54
36
18
13
33
55
80
98
106
107
108
107
103
104
109
117
112
96
82
77
68
54
43
43
52
60
70
76
86
87
85
72
50
28
22
24
37
51
44
42
38
18
6
4
-1
-21
-44
-62
-82
-93
-90
-71
-43
-8
33
60
69
74
83
85
85
82
82
87
91
83
71
75
84
86
87
82
71
64
52
38
22
12
16
18
21
29
52
72
83
84
81
75
72
68
57
40
28
37
44
42
34
28
36
40
32
19
22
26
21
17
16
11
18
35
55
66
76
86
69
40
19
6
6
16
33
52
67
74
71
58
44
39
44
53
54
45
38
44
49
40
32
37
53
59
52
49
54
54
49
48
61
76
75
81
77
59
50
60
75
86
90
83
74
73
73
66
52
44
52
56
51
42
45
49
41
26
20
17
22
29
37
40
37
38
50
64
76
72
59
65
68
69
69
65
67
75
85
76
57
35
23
29
36
28
32
36
28
19
16
25
40
56
65
56
42
35
35
43
59
69
55
39
34
34
34
36
27
17
11
8
9
11
3
-3
1
8
9
3
-13
-33
-21
16
43
53
53
60
80
97
96
82
75
86
101
104
93
83
77
81
88
96
88
76
58
36
23
25
29
35
40
44
49
38
25
18
8
11
27
36
39
28
10
11
24
32
26
24
24
27
35
40
36
25
21
18
16
20
35
40
43
49
49
42
43
58
74
87
89
83
74
72
76
72
60
52
39
34
44
59
59
52
52
54
49
42
44
55
71
92
98
85
68
50
34
27
33
34
37
40
0
33
21
10
7
10
8
-1
-1
17
35
41
33
23
20
16
12
10
11
17
21
19
25
49
66
66
60
65
68
61
52
49
55
48
33
35
51
68
83
83
74
72
72
72
69
54
27
11
10
-2
-26
-41
-33
-10
4
9
17
27
51
80
100
104
97
86
80
76
69
56
54
61
74
87
86
84
86
84
72
57
45
50
65
70
72
81
90
98
93
91
96
97
101
107
114
119
117
122
137
124
104
81
54
37
24
36
61
66
52
49
43
33
24
23
20
11
13
28
49
49
25
11
19
35
35
19
4
1
4
8
19
34
35
20
11
16
18
18
21
35
36
33
34
40
43
52
60
71
65
65
68
70
57
37
29
39
49
50
43
50
70
86
80
66
51
39
43
53
53
36
12
0
-5
0
3
1
6
16
24
34
34
28
25
23
32
41
54
66
69
65
56
54
64
67
54
48
51
55
60
71
80
82
74
72
74
69
58
65
75
82
80
68
51
39
35
26
16
16
13
7
0
-9
-9
-1
3
9
26
40
42
34
23
20
27
39
50
51
40
40
51
56
66
71
70
66
65
71
86
100
92
80
66
50
43
43
55
75
96
109
118
106
82
58
49
38
24
5
2
16
34
40
27
12
8
10
16
11
17
23
28
28
39
55
61
58
41
32
24
11
12
25
40
45
35
32
34
35
38
42
53
54
41
33
49
66
70
66
49
28
27
29
23
20
26
39
51
52
45
36
28
24
22
18
22
26
24
12
5
16
40
60
59
45
40
38
28
7
-9
-8
2
18
27
43
56
51
41
41
40
35
40
52
53
55
74
90
86
76
87
104
107
102
97
91
80
67
64
68
67
71
68
55
49
40
33
19
18
27
39
42
37
28
25
17
-5
-24
-28
-29
-45
-70
-71
-58
-49
-43
-41
-23
11
54
85
85
74
72
86
100
108
114
112
100
88
86
99
106
100
83
69
71
84
81
68
72
90
105
103
88
72
61
65
68
67
66
61
59
58
60
57
43
35
39
44
41
41
48
51
52
58
64
60
57
56
48
36
38
29
23
32
45
54
54
53
41
26
32
50
73
87
84
72
58
50
50
59
77
96
102
104
103
104
100
83
68
55
44
44
44
34
24
18
22
38
39
27
32
28
24
25
29
37
37
25
13
6
10
18
16
8
11
23
24
17
10
8
11
9
9
16
10
0
0
-5
5
20
25
36
42
36
37
54
67
67
53
42
42
58
87
103
103
113
128
132
123
108
96
92
83
65
57
68
75
65
49
45
49
49
48
49
59
65
60
67
73
61
40
27
29
50
59
67
70
69
60
52
41
41
55
65
58
44
34
42
56
57
48
43
40
39
49
69
81
81
70
60
64
65
57
51
49
43
44
43
44
41
36
28
22
32
45
50
42
36
42
58
71
67
65
68
74
89
102
104
93
71
54
49
50
44
29
32
34
36
33
23
33
49
44
27
18
19
22
23
22
18
9
4
17
38
48
39
34
42
48
40
37
36
33
28
34
49
56
50
34
27
33
33
28
32
24
16
18
39
55
54
53
57
60
53
50
48
44
41
41
50
45
35
22
13
12
19
18
12
24
39
40
38
32
29
36
36
40
55
60
60
54
48
59
71
66
57
69
84
73
67
68
64
50
34
22
24
28
24
35
51
59
72
70
57
51
49
39
33
28
21
8
-1
-19
-54
-82
-92
-89
-75
-57
-39
-21
-3
16
20
20
38
53
53
43
36
37
45
56
65
72
75
75
76
83
88
84
82
88
88
71
66
85
103
100
85
76
87
89
84
75
69
67
74
67
53
51
58
71
82
84
80
67
58
67
67
58
55
50
48
50
66
74
70
57
37
20
13
21
37
50
66
75
69
52
40
37
37
50
55
54
56
50
33
16
8
16
23
21
18
19
27
39
39
32
32
42
52
51
40
39
64
82
70
49
50
61
64
60
60
59
67
75
71
69
73
68
60
64
51
36
38
42
51
54
53
58
70
80
82
74
58
53
60
80
82
75
86
96
90
92
98
88
72
49
28
36
58
74
72
55
41
36
42
52
49
40
34
34
36
39
50
56
59
75
86
82
74
70
65
56
57
56
55
56
66
72
66
52
42
38
25
9
20
37
49
43
33
23
33
41
43
39
34
41
54
52
48
49
49
50
52
53
48
43
49
58
74
72
44
25
32
43
52
56
52
43
52
52
45
48
50
44
35
28
26
36
38
35
29
32
36
37
33
39
66
74
58
54
58
54
39
27
22
28
36
33
22
21
26
36
50
56
49
35
41
49
39
32
36
70
92
85
65
53
45
40
44
53
52
48
37
25
10
1
7
20
23
24
35
50
54
52
38
23
12
16
19
27
38
35
28
32
36
33
0
35
43
50
54
57
55
50
43
37
28
26
29
32
26
27
39
61
82
85
85
87
85
72
65
64
54
49
51
53
59
68
59
44
37
39
42
43
43
41
43
37
32
34
41
52
54
55
57
59
51
39
27
32
42
38
23
23
38
61
76
73
71
68
66
72
71
61
53
54
67
77
74
69
72
74
74
81
91
98
88
72
66
69
77
85
86
70
52
44
49
49
34
13
-9
-38
-66
-73
-71
-67
-59
-62
-57
-41
-11
12
22
18
11
29
52
57
60
65
56
49
49
58
66
57
51
54
67
68
59
66
69
71
83
89
82
67
55
52
48
48
52
65
74
84
86
88
89
90
92
84
73
57
44
49
66
77
71
66
64
58
44
36
41
52
55
59
68
73
61
45
38
34
26
22
19
22
26
26
29
36
38
36
28
25
27
33
24
10
9
8
6
9
27
48
53
48
41
39
35
18
5
12
35
54
59
55
50
43
42
43
43
49
59
80
101
107
93
86
84
65
39
33
37
51
57
55
57
60
61
65
66
61
53
42
41
48
56
60
60
52
44
42
49
55
52
52
58
60
51
29
18
17
19
16
5
12
25
34
43
52
40
20
-2
-7
4
13
32
44
53
64
67
60
53
49
48
51
56
66
68
59
40
32
43
60
66
64
58
50
39
44
61
64
53
44
50
66
72
68
57
41
28
38
52
54
38
19
18
25
23
20
27
38
42
45
52
51
51
54
58
66
73
66
50
33
34
52
68
68
66
70
76
85
96
97
84
58
43
42
39
38
45
54
59
58
55
45
36
32
41
45
38
37
35
34
28
32
37
35
21
10
6
11
24
37
50
65
74
77
74
61
57
60
65
66
64
65
80
97
102
98
90
81
71
56
44
49
54
58
66
60
53
52
56
60
65
70
70
56
43
43
51
52
52
54
57
61
71
61
41
26
22
18
10
5
6
18
29
40
43
40
38
42
41
36
32
26
22
28
41
54
61
53
38
28
40
57
68
87
104
107
113
106
86
68
56
48
38
21
10
22
49
60
55
52
48
39
40
51
58
57
55
55
48
36
36
39
32
24
35
56
73
83
84
72
55
43
39
28
6
-25
-51
-52
-50
-57
-70
-71
-59
-39
-11
23
59
87
104
115
113
100
85
74
71
76
74
60
56
65
72
80
76
69
59
55
58
67
55
35
34
42
49
0
52
55
56
48
44
57
73
81
84
73
60
55
55
57
66
70
67
52
36
28
33
38
36
28
25
33
36
37
37
37
44
57
71
77
70
64
58
48
37
43
44
37
36
38
37
40
51
49
26
8
1
3
12
16
6
-2
-7
-1
19
24
18
17
12
13
19
24
20
18
26
45
56
59
65
75
84
71
64
59
54
49
41
42
51
60
64
65
65
68
72
72
71
68
69
59
43
33
28
34
27
18
13
23
33
40
50
45
24
11
21
35
37
26
22
28
51
71
69
52
48
43
40
48
65
73
68
55
44
42
44
40
32
28
38
49
52
52
54
54
49
39
36
40
54
71
75
73
81
88
86
82
74
69
66
67
72
67
58
69
84
86
74
68
71
70
44
28
21
4
-19
-33
-13
19
44
56
50
33
20
19
21
26
41
52
53
54
58
59
51
26
0
3
26
48
59
77
102
122
118
84
56
55
60
67
70
74
71
65
74
90
88
73
60
50
38
35
49
70
76
66
49
44
59
67
42
23
27
32
16
2
6
23
42
44
37
20
11
17
23
22
23
27
34
43
53
52
50
53
60
68
70
69
68
66
58
51
43
28
18
21
25
24
12
11
32
51
50
32
8
3
19
41
54
60
59
56
53
38
13
-13
-21
5
48
70
67
52
40
29
11
-7
-23
-25
-22
-12
-1
17
33
40
48
49
41
33
26
32
37
48
69
84
81
86
90
92
90
84
73
53
50
69
91
102
99
91
82
71
71
74
74
70
66
60
54
44
41
41
36
32
36
42
38
36
48
48
37
25
5
-12
-34
-43
-36
-37
-65
-94
-98
-67
-37
-19
4
36
72
107
136
148
151
150
155
163
150
132
129
135
140
146
140
137
123
105
92
92
99
102
105
101
93
90
90
89
81
59
35
24
21
16
-3
-13
0
32
59
70
68
60
52
36
24
22
21
20
17
21
36
49
49
36
26
27
28
18
11
27
48
55
54
51
48
54
65
69
57
38
33
38
43
37
35
38
36
23
23
32
35
36
37
36
41
57
69
71
68
61
60
56
52
43
38
50
65
64
68
74
72
59
53
55
61
68
61
53
42
37
42
54
60
57
44
40
48
50
39
21
10
20
38
54
69
75
69
56
49
36
34
41
56
64
64
67
56
49
51
60
72
68
54
39
25
20
32
57
67
56
49
48
48
43
37
28
0
24
29
36
33
26
26
34
38
36
42
51
50
44
48
42
35
27
17
10
11
24
35
41
45
48
43
42
38
32
29
38
44
39
41
52
59
60
54
45
36
20
22
40
43
35
28
36
44
45
35
19
4
1
11
18
13
20
28
33
36
42
50
55
58
54
50
53
65
70
64
56
61
70
68
72
81
77
73
73
81
88
84
74
73
70
66
67
76
86
88
91
92
87
77
73
74
81
71
68
74
83
99
107
97
83
84
82
66
58
77
102
104
86
70
67
71
72
76
80
67
53
38
35
51
60
66
60
50
34
38
54
55
52
49
53
55
54
57
67
71
66
54
52
50
42
36
22
13
20
28
36
26
19
17
12
22
36
37
33
26
25
27
27
28
29
26
27
29
28
29
33
36
35
37
45
57
68
58
40
33
35
41
39
44
57
64
64
65
71
75
70
60
55
49
33
23
16
3
-13
-38
-69
-90
-101
-103
-99
-86
-81
-70
-28
22
57
66
66
72
71
66
70
75
77
76
75
75
81
82
81
83
99
103
88
82
84
85
86
91
98
92
83
76
75
77
74
68
68
70
72
73
91
103
92
76
54
36
33
32
23
19
12
9
8
7
23
38
26
4
-9
0
9
9
7
2
3
12
32
34
34
49
64
68
68
69
76
76
72
75
82
86
86
89
91
88
76
80
96
107
104
96
99
112
114
107
112
130
123
104
88
69
57
52
44
48
43
28
18
4
-8
-12
-7
1
6
1
-7
-18
-24
-24
-25
-30
-38
-28
-11
5
20
23
26
26
11
9
18
32
52
66
72
88
101
100
96
88
86
84
84
84
83
80
74
72
90
108
98
71
54
50
55
64
55
38
33
41
52
45
34
27
28
34
37
27
25
28
34
33
24
17
12
17
22
22
21
18
10
19
37
49
49
37
40
52
49
36
35
53
71
76
91
100
76
54
55
65
71
71
70
68
81
88
73
65
70
81
77
64
57
60
67
73
75
57
32
26
38
50
59
55
43
41
44
51
41
25
19
18
24
43
57
61
57
54
53
55
55
58
68
70
64
70
72
68
74
74
70
65
69
80
88
88
90
99
102
98
97
93
88
76
80
92
91
81
70
58
50
42
25
4
-5
-4
-7
-11
1
24
42
27
0
-12
-13
-6
-6
-9
-2
10
13
10
12
12
0
-11
-18
-9
8
26
39
39
41
56
57
52
0
44
44
56
66
64
60
69
83
73
48
32
28
40
55
67
64
38
12
-1
-6
-2
6
11
20
23
21
25
43
53
51
40
27
20
11
16
25
29
12
-23
-51
-46
-44
-55
-58
-44
-18
11
40
65
72
84
98
103
112
106
90
72
73
74
65
55
54
56
51
51
60
74
92
98
85
72
64
57
55
67
75
65
54
52
53
43
37
43
49
58
66
66
53
37
33
45
58
66
67
68
76
89
92
89
84
72
60
54
52
54
58
67
74
72
76
73
67
59
56
48
38
48
56
50
35
34
36
38
35
34
27
33
34
36
43
38
32
23
12
4
9
26
32
22
16
6
20
48
68
73
70
67
72
81
88
87
76
69
66
60
58
60
72
88
91
81
70
65
61
61
64
57
49
54
55
54
58
58
44
26
11
19
54
72
67
65
68
67
67
50
22
0
-10
0
24
40
36
24
21
18
12
8
1
-2
-1
2
8
25
36
39
45
55
60
66
68
74
88
99
101
92
86
86
93
99
102
109
105
92
81
70
73
75
83
84
68
41
34
37
43
42
45
50
44
33
19
3
8
37
54
40
23
22
35
43
41
32
13
4
5
12
17
6
-2
-1
10
26
34
37
37
32
25
23
28
36
35
26
27
38
50
53
42
33
34
37
42
48
51
64
72
67
43
36
43
48
49
51
40
27
27
44
65
70
55
33
20
21
26
24
16
18
25
32
39
33
23
16
11
12
18
16
20
35
42
51
56
52
45
49
58
70
67
50
48
72
102
106
99
91
91
98
99
85
66
57
60
70
68
66
69
72
65
53
49
41
54
73
77
66
53
50
49
50
37
23
16
21
27
35
49
60
58
48
37
48
58
52
37
29
29
32
35
36
33
27
19
6
0
2
-3
-19
-26
-13
16
40
60
87
118
138
140
129
122
121
120
115
101
84
74
81
86
74
66
58
54
48
45
51
49
43
38
39
51
59
57
50
35
19
16
28
43
52
65
73
71
67
60
56
54
40
23
24
41
53
55
58
56
55
50
51
68
75
73
80
96
104
90
68
50
50
60
66
56
51
48
49
55
50
33
24
26
37
49
45
37
33
27
21
12
9
2
-4
-4
-3
-1
4
10
12
8
10
32
50
50
42
42
55
64
55
51
50
55
60
58
60
75
83
87
90
86
74
64
65
80
88
83
74
82
83
70
0
55
58
69
85
88
76
67
58
41
11
-3
-2
1
8
33
57
56
42
39
41
42
48
51
51
55
64
57
58
76
87
85
90
89
70
54
52
60
68
71
75
81
80
80
96
99
80
59
58
65
68
64
56
51
41
32
28
37
25
7
-2
-10
-4
10
12
-2
-11
-12
-8
0
10
19
11
4
4
7
13
20
25
24
20
20
16
2
-10
-8
-2
2
0
0
8
21
35
51
66
73
75
76
86
101
116
121
123
123
124
124
113
97
86
88
92
97
84
67
59
59
59
55
43
38
34
37
41
33
20
22
23
25
33
32
26
25
27
27
25
26
28
39
41
38
25
7
-1
-2
-4
-7
-3
10
25
34
38
40
38
28
23
33
61
83
89
83
77
101
139
165
164
148
123
98
75
65
65
67
60
54
49
48
50
58
60
43
23
11
11
11
8
3
10
22
19
11
13
25
40
52
58
52
48
58
65
50
29
28
26
20
9
-1
-14
-42
-72
-97
-107
-92
-65
-40
-24
-3
22
51
74
88
98
115
137
145
145
140
139
150
171
173
154
133
129
130
118
99
76
65
58
60
58
51
40
26
23
29
36
48
57
53
42
27
12
9
24
37
41
48
43
33
35
35
20
10
10
10
5
-2
-1
12
25
33
34
33
36
40
42
40
36
28
25
22
27
43
70
99
101
82
72
75
82
70
51
49
57
59
54
44
43
50
61
70
74
68
51
41
39
38
41
49
53
36
20
24
39
49
52
50
38
24
23
28
24
11
11
22
37
41
24
3
-2
9
22
33
43
41
33
26
39
52
49
38
36
45
50
45
41
39
41
35
21
20
23
26
32
38
49
42
28
34
40
33
24
38
57
61
48
35
34
36
43
51
57
61
69
60
37
26
39
41
35
38
44
52
66
83
73
50
40
54
72
85
86
80
71
69
73
83
96
97
83
69
64
66
71
73
73
59
41
26
19
17
19
20
23
33
33
32
41
56
60
54
44
42
44
49
45
52
66
68
55
44
53
68
80
82
70
56
58
66
60
52
44
56
82
89
83
76
73
64
57
54
51
52
64
69
75
82
83
85
89
91
97
98
91
72
44
32
38
54
59
49
36
28
22
11
-4
-21
-18
1
19
33
36
35
33
22
12
12
19
22
20
21
26
33
36
36
32
24
28
51
67
65
57
56
67
65
52
43
42
44
53
56
66
0
74
86
96
96
82
73
76
87
84
65
66
99
114
98
75
72
75
68
53
39
21
10
3
1
9
16
10
4
1
-8
-10
-7
-9
-23
-45
-69
-86
-97
-92
-75
-52
-22
3
24
48
57
66
82
102
131
134
113
90
82
81
77
74
81
91
98
91
84
89
105
116
113
115
105
86
87
113
132
136
131
117
112
107
90
68
49
35
20
16
20
25
21
8
3
6
-3
-17
-5
19
29
34
35
43
43
36
21
18
18
19
26
36
33
28
33
34
27
22
13
11
2
0
20
54
75
85
81
75
81
86
90
72
48
34
33
32
21
18
23
28
24
19
20
26
34
28
33
49
52
44
40
41
44
52
48
40
53
72
88
98
92
90
93
87
76
60
57
53
44
57
70
71
74
90
99
85
64
52
57
64
54
41
43
69
96
100
91
88
85
85
81
72
70
72
74
73
56
39
35
37
38
33
19
3
-1
3
13
19
12
17
24
29
36
43
42
35
26
23
19
7
9
28
56
72
67
48
40
42
43
50
53
60
68
74
82
83
69
60
68
69
75
83
81
71
54
38
36
36
41
43
42
35
28
25
24
28
27
12
8
13
16
8
3
-2
-3
2
5
11
27
49
43
23
9
2
3
8
6
1
1
7
17
27
38
37
23
18
26
40
49
57
56
52
54
58
64
61
58
61
73
88
98
88
67
56
54
56
54
42
36
32
17
-4
-11
-2
21
39
38
36
37
45
59
60
52
49
41
19
0
1
17
36
42
48
50
57
65
54
45
54
60
57
58
68
68
65
53
39
35
33
23
19
21
32
28
19
17
21
36
35
35
34
34
27
13
1
6
21
25
36
48
53
50
34
23
33
53
64
50
39
41
58
77
82
83
92
104
100
88
82
75
66
64
65
66
56
45
36
18
-3
-20
-18
4
17
18
25
54
81
85
83
87
92
99
107
109
99
84
81
87
84
81
72
73
76
70
60
60
65
55
48
39
32
26
33
48
53
51
41
38
51
64
64
57
51
48
50
50
37
27
33
44
53
54
45
36
39
53
60
56
50
52
56
42
35
41
40
26
22
28
38
51
57
61
65
50
37
51
68
73
74
80
85
84
81
82
81
72
80
85
72
59
59
65
67
59
52
57
72
76
69
68
65
60
53
40
34
27
24
28
42
44
29
13
7
11
16
12
9
8
12
16
0
13
23
37
41
37
34
35
39
40
34
25
22
23
33
42
52
43
26
24
39
45
49
44
44
51
56
45
34
37
39
42
54
75
89
83
74
87
101
91
76
72
80
97
114
124
122
103
84
71
64
55
54
60
72
69
52
38
32
36
43
42
38
32
26
19
16
13
3
-1
8
21
34
48
54
61
67
64
65
70
66
53
44
52
59
49
26
11
9
16
24
51
66
57
56
67
74
81
87
89
85
71
60
55
58
69
73
66
52
45
45
50
65
80
75
66
64
54
42
32
28
42
55
53
42
41
41
37
36
38
37
29
23
12
12
25
33
22
4
-5
-12
-12
11
37
48
45
49
56
60
54
48
51
59
60
54
41
42
57
75
75
67
59
49
36
35
38
38
37
37
35
19
6
9
25
38
32
26
38
44
49
41
37
36
41
42
40
39
45
49
43
43
44
48
43
43
42
48
51
56
68
74
69
56
52
44
37
37
53
66
64
60
56
51
44
42
38
26
17
17
27
36
40
43
51
55
50
43
36
18
-5
-40
-74
