71
64
53
52
58
68
66
52
51
59
60
59
53
24
2
0
12
39
64
58
42
42
55
59
55
41
40
54
65
74
75
76
81
70
41
20
20
36
58
85
90
71
52
54
67
65
59
49
42
49
49
26
6
5
17
25
38
55
71
81
87
90
84
60
40
26
12
1
-10
-21
-25
-35
-38
-24
-7
2
4
8
17
23
32
37
36
38
48
45
36
26
19
19
21
26
36
39
48
50
50
51
49
56
60
50
45
57
75
86
85
73
56
49
44
43
54
70
67
53
43
44
45
49
41
36
43
58
66
54
39
36
55
75
74
57
41
40
51
56
58
57
57
58
60
61
59
70
77
84
85
70
58
67
80
86
96
98
87
71
67
74
71
56
52
65
75
88
97
101
91
73
65
65
71
75
59
49
54
64
60
44
24
10
9
18
34
49
52
55
56
45
35
32
36
42
51
53
48
34
27
38
40
29
23
26
24
20
9
6
18
39
51
41
38
42
41
33
32
37
52
88
106
90
65
52
59
72
68
43
24
23
26
40
57
65
65
68
60
52
49
48
41
36
32
28
24
22
19
9
-3
-3
6
5
3
18
36
33
22
22
21
18
6
-2
8
36
55
60
53
40
43
56
64
54
42
51
0
59
56
43
44
48
43
44
48
48
42
27
9
6
18
23
12
3
-1
4
12
18
22
27
32
36
39
48
52
51
49
43
40
40
49
53
40
26
28
37
40
41
49
58
66
69
68
64
50
40
40
43
45
51
51
50
54
69
89
96
84
80
84
85
82
74
58
45
41
44
54
40
21
21
38
53
55
51
42
48
53
61
75
76
61
43
36
37
40
42
49
65
67
50
38
34
25
25
40
55
57
48
42
51
64
66
65
54
38
29
37
53
61
57
56
65
76
87
88
88
88
86
75
70
80
91
97
84
70
72
75
70
52
33
21
28
52
72
73
66
60
66
76
86
86
77
70
66
70
80
84
73
59
53
48
44
48
43
27
0
-29
-44
-52
-52
-46
-27
2
22
34
49
69
80
82
81
73
67
61
61
75
85
77
73
81
90
83
80
89
92
88
89
93
99
92
85
82
80
83
77
69
67
72
65
49
56
67
54
35
26
33
34
20
11
18
18
22
37
49
41
36
39
38
34
28
34
39
41
40
35
27
24
20
18
28
48
43
25
9
19
39
43
43
52
60
68
56
44
49
53
53
48
38
36
34
24
23
28
36
37
34
26
28
35
38
32
8
-5
-19
-25
-12
-8
-21
-27
-22
-2
0
-5
11
38
42
32
25
35
48
39
33
41
50
44
52
67
72
60
53
56
61
68
80
88
85
75
67
70
83
84
67
56
64
70
66
59
50
40
43
49
43
38
33
27
28
26
28
35
39
35
25
23
28
32
36
38
40
45
44
35
28
39
45
49
49
52
55
60
70
76
83
82
82
88
93
91
85
91
99
96
90
102
112
112
109
102
85
67
58
57
53
54
50
28
11
17
24
27
27
20
10
6
7
-3
-14
-12
-5
-1
-5
-7
-4
1
-3
-10
-22
-12
-4
3
16
35
49
43
36
37
41
44
40
41
52
69
83
96
105
112
113
107
98
84
75
71
73
70
56
48
50
52
43
28
18
18
24
34
39
34
25
35
55
68
58
51
44
38
33
28
32
37
49
59
59
43
29
34
44
50
39
24
28
50
58
54
56
61
72
80
90
91
87
85
69
57
52
38
24
20
23
19
4
-8
-8
-4
-11
-23
-24
-21
-5
16
21
6
-3
3
12
21
24
33
36
35
36
35
24
11
16
22
34
53
72
84
86
92
96
85
76
76
81
84
97
120
136
144
154
0
167
156
137
130
120
90
71
66
48
24
8
-3
-19
-26
-24
-6
17
42
65
68
57
59
74
75
66
56
59
69
71
66
61
66
61
49
39
39
50
56
61
58
50
45
55
68
69
68
75
73
66
61
49
34
34
50
64
57
48
44
53
60
59
53
49
53
52
37
24
20
21
20
10
5
8
6
5
7
9
16
23
32
40
41
19
0
2
12
21
25
24
19
6
5
22
41
52
59
56
32
2
-7
-6
16
45
61
84
100
101
106
108
106
96
81
75
77
81
80
82
80
75
74
65
49
50
52
51
54
57
45
25
20
29
37
36
42
43
37
40
37
36
45
56
65
72
80
70
60
64
70
77
80
56
37
42
48
41
42
51
56
55
49
41
43
53
59
68
67
64
66
59
49
40
36
36
29
16
5
5
7
12
12
9
2
-6
3
11
10
4
-9
-10
5
21
33
34
28
24
18
16
24
39
42
42
44
43
35
26
20
23
39
51
52
45
43
56
70
73
73
70
70
70
59
57
59
55
42
32
23
21
20
25
36
40
43
42
37
26
25
26
24
26
38
48
52
56
54
50
48
43
44
50
56
68
66
58
43
28
37
57
60
57
52
52
53
56
56
53
54
67
71
66
53
35
23
24
28
35
40
39
34
28
26
26
25
26
39
43
27
20
34
51
68
68
65
60
64
60
58
48
35
36
48
60
66
58
48
41
42
41
38
42
55
52
40
41
49
55
57
53
56
65
69
71
70
59
52
54
61
72
83
80
55
37
49
70
72
59
59
58
60
64
64
57
49
45
42
42
50
51
53
58
68
74
61
49
50
40
19
16
32
54
60
51
41
52
68
65
43
24
16
7
-3
-14
-21
-18
-11
-7
-4
6
24
36
39
44
50
55
67
80
83
73
49
34
42
58
59
53
49
49
59
66
65
66
59
51
43
42
35
33
50
64
51
35
35
39
39
27
24
36
44
42
35
28
24
16
11
28
50
53
55
53
43
34
37
51
58
60
56
52
51
50
51
57
57
55
43
35
34
38
40
32
25
26
27
26
24
19
23
35
27
17
19
34
40
44
59
73
70
57
42
41
48
49
50
59
64
56
42
48
58
69
68
66
59
50
52
61
70
73
70
61
53
48
51
57
59
45
33
38
38
33
35
39
42
42
40
37
41
58
74
72
64
58
66
66
60
0
65
84
85
71
57
56
65
76
89
93
88
83
81
80
65
48
51
70
90
99
100
115
124
117
97
60
41
42
60
75
74
72
59
48
39
34
24
20
25
28
26
28
39
40
37
41
40
34
23
26
36
32
26
33
39
42
43
40
41
52
54
51
52
60
64
59
66
66
56
48
36
32
44
59
58
41
28
32
38
39
35
34
41
48
42
29
12
11
19
16
10
16
21
17
10
13
16
17
24
36
36
36
32
25
32
44
58
60
52
32
13
23
52
65
51
33
22
17
13
22
22
7
1
9
29
38
33
18
7
4
1
2
18
40
52
51
45
54
54
44
34
21
22
25
18
10
17
27
27
25
19
22
26
23
26
38
43
51
53
50
52
56
50
40
44
59
68
69
58
36
24
38
54
53
43
48
55
53
42
40
51
57
56
59
58
58
59
69
81
90
101
100
97
88
77
68
60
51
49
44
41
39
33
26
37
49
44
43
54
58
45
26
18
24
34
37
36
43
55
65
65
55
48
52
57
53
37
24
6
-14
-25
-27
-33
-45
-59
-49
-29
-25
-18
-10
6
37
61
74
81
68
52
57
77
90
89
88
98
99
92
82
66
58
58
71
85
87
74
61
60
80
89
85
82
96
107
96
82
83
85
84
83
76
67
53
42
44
48
38
35
37
27
17
10
11
8
8
21
27
32
29
32
41
44
50
57
60
59
52
42
40
40
40
36
32
37
45
48
38
35
40
48
52
53
54
49
41
42
44
49
58
75
82
65
54
67
82
71
61
74
77
55
29
23
27
35
34
28
26
21
16
11
12
19
18
12
8
18
38
54
54
41
36
41
52
51
43
48
58
56
50
43
52
55
50
50
60
75
71
59
65
71
65
54
66
83
91
86
67
58
68
77
70
50
35
33
33
37
51
66
59
34
19
23
36
36
39
52
60
45
26
21
20
19
27
43
61
70
64
60
71
70
60
65
72
69
60
66
71
69
70
72
67
57
58
67
80
71
57
54
52
50
44
50
60
56
50
48
39
27
8
-2
-2
-4
-4
-2
-5
-3
11
33
44
44
39
41
49
52
56
67
72
76
76
73
69
59
52
54
66
57
43
44
61
80
75
69
72
83
91
88
82
77
84
93
102
108
108
98
82
69
61
60
57
64
66
57
52
57
69
72
72
71
74
84
84
66
37
16
10
0
9
4
8
33
58
66
45
32
33
37
34
25
33
40
35
24
24
35
39
35
28
22
23
27
21
17
24
32
22
16
24
44
61
72
76
76
70
64
54
55
59
54
37
24
13
5
-2
6
28
45
53
36
20
17
23
32
32
25
20
18
18
18
17
25
39
40
39
43
44
52
58
59
56
52
40
33
19
11
19
33
43
52
43
39
40
36
35
44
48
51
58
53
52
56
67
72
59
43
22
10
11
23
28
21
0
-12
-14
-14
-24
-34
-35
-30
-20
0
20
29
38
59
85
86
77
74
80
76
67
69
83
99
114
114
92
76
68
72
89
102
102
86
75
73
72
76
90
102
97
86
85
80
72
67
68
68
53
24
4
5
21
34
37
35
35
43
43
40
35
22
10
13
25
36
41
49
53
58
57
52
44
44
56
73
71
57
67
86
84
73
71
85
100
96
86
83
80
72
66
64
61
64
66
68
66
57
48
49
55
53
59
68
69
55
35
23
24
29
24
19
13
11
4
-1
6
19
25
25
22
11
5
-1
-10
-17
-4
17
25
26
28
37
52
60
66
68
64
70
82
85
88
90
86
83
76
75
73
66
56
43
41
43
42
42
48
49
44
33
19
19
22
27
26
17
5
9
21
24
23
32
53
72
81
68
43
42
49
44
41
41
33
25
35
48
58
75
71
56
40
28
37
51
60
64
67
81
85
76
67
56
69
86
84
81
82
75
69
59
55
54
50
38
26
36
43
34
23
24
35
27
19
19
18
20
26
38
50
49
44
53
59
52
29
16
22
33
41
50
43
25
10
21
35
39
42
59
77
81
71
66
71
84
98
101
90
70
53
48
49
41
27
13
5
11
21
20
13
13
18
20
19
25
28
26
25
26
36
41
40
37
35
37
37
29
28
37
55
70
67
58
56
59
59
44
36
50
72
74
72
84
85
76
66
48
42
55
76
90
81
68
65
57
43
22
1
-2
9
27
40
43
41
44
45
37
35
45
52
39
34
38
44
48
35
25
40
60
68
73
80
64
50
51
52
43
33
37
58
67
60
61
68
67
60
69
91
104
75
59
80
99
98
83
68
59
64
65
50
32
18
9
0
-10
-30
-55
-57
-33
-18
-19
-13
6
34
51
67
82
73
44
35
41
53
60
61
60
65
71
70
68
59
56
61
70
72
73
85
87
71
61
69
80
0
87
83
83
99
106
101
89
69
58
58
56
44
36
42
57
66
65
50
41
42
32
19
19
25
20
6
4
9
12
22
36
45
57
66
56
35
22
23
34
40
42
28
19
22
35
44
51
49
41
38
48
57
65
59
43
34
26
32
39
44
41
44
52
54
56
55
54
50
48
48
36
17
12
32
48
52
57
64
70
69
54
48
53
56
56
58
48
33
36
53
64
70
77
80
76
77
82
87
85
83
86
89
84
83
84
75
68
64
55
48
37
32
40
55
52
42
28
19
25
35
43
42
35
25
26
29
29
19
4
-1
9
25
39
44
44
43
38
44
66
80
69
53
57
65
64
69
81
73
56
50
54
66
77
76
68
68
71
72
60
44
28
16
16
25
29
24
21
18
16
11
13
17
24
42
58
53
33
22
28
39
36
25
21
22
28
33
25
22
29
48
73
89
82
68
66
71
69
58
60
71
72
70
71
69
67
70
77
83
75
73
70
64
60
66
69
58
53
49
38
32
28
26
18
7
7
17
34
45
35
6
-4
3
5
5
3
0
-3
1
2
2
16
21
16
0
-5
0
3
10
23
35
38
33
32
42
52
43
28
36
57
64
50
45
53
50
53
64
67
67
71
72
69
65
66
68
59
49
43
49
53
59
59
55
56
64
66
55
41
32
26
18
7
7
11
10
9
23
28
21
23
32
40
43
50
50
49
54
57
51
34
24
35
53
64
71
80
76
84
104
117
113
101
75
49
25
18
22
27
23
28
44
65
69
75
88
101
106
105
102
90
84
89
98
101
112
113
96
81
70
68
66
58
56
59
65
55
49
50
51
44
29
20
27
44
52
44
49
64
66
60
59
55
43
39
41
40
37
33
28
34
41
42
34
23
16
22
33
45
49
40
40
52
61
73
73
58
49
43
40
39
39
44
54
68
77
74
60
43
39
43
42
37
38
42
40
28
26
38
34
23
28
39
41
37
38
41
39
39
42
43
38
26
25
40
53
53
48
52
58
54
42
38
43
57
67
60
53
58
60
53
48
38
23
13
19
27
38
37
22
6
4
10
27
33
21
12
18
26
48
58
43
19
12
23
39
39
35
24
12
18
20
11
11
18
23
43
68
69
57
56
68
80
80
70
64
74
100
102
88
67
54
52
59
61
60
58
55
53
51
53
54
54
55
0
59
66
69
80
82
76
70
54
41
48
54
59
64
52
37
39
53
57
54
42
38
48
65
75
81
74
70
70
64
45
36
34
40
43
41
52
54
56
71
87
92
97
92
89
80
69
71
76
86
93
92
82
80
83
76
65
41
28
37
54
61
57
53
45
40
42
43
36
29
28
32
28
28
37
41
33
9
3
19
36
40
28
9
8
23
37
34
23
19
18
23
35
44
52
40
29
27
35
41
36
29
32
35
50
54
53
52
51
49
41
41
48
52
53
44
39
38
32
23
24
27
28
22
23
35
40
36
27
33
49
64
58
49
39
40
43
38
39
49
61
72
80
76
67
59
69
81
81
61
43
40
59
84
99
100
96
89
81
71
67
64
57
40
19
5
-13
-39
-55
-66
-75
-75
-59
-52
-42
-24
5
24
33
44
58
66
66
52
40
44
51
54
64
71
71
59
48
42
55
73
87
89
85
82
84
76
73
76
71
71
70
69
69
75
83
73
69
83
90
82
68
55
50
53
60
56
42
28
21
16
20
28
37
44
41
36
38
40
35
20
21
38
51
54
40
34
48
59
57
45
40
44
52
54
53
58
60
64
67
72
83
84
82
86
84
80
74
72
71
64
53
49
59
72
76
75
65
40
25
33
38
33
23
28
39
40
25
5
-2
-1
2
17
34
44
54
58
52
43
39
41
43
48
53
65
87
101
98
106
115
107
96
87
86
90
97
83
55
39
33
35
48
52
34
12
2
-1
3
17
26
24
10
6
17
21
20
23
36
49
58
71
71
64
57
57
65
69
73
71
65
64
58
44
36
38
42
40
32
36
52
57
54
50
45
42
43
40
32
27
36
54
71
70
58
49
42
49
58
57
60
71
72
64
51
48
52
45
35
23
18
22
20
13
3
0
5
19
36
41
40
41
44
57
64
42
22
20
24
38
53
53
39
40
55
72
70
51
48
65
86
87
73
54
49
49
44
40
25
17
17
12
4
-3
-4
-4
-9
-18
-23
-21
-8
6
3
-13
-25
-17
4
16
21
23
21
12
17
27
32
40
45
41
41
54
54
48
44
44
39
40
55
64
53
36
26
33
43
50
48
42
48
56
56
57
54
38
26
32
38
40
37
29
28
28
34
36
36
36
37
44
54
60
73
75
72
67
65
67
64
50
40
38
42
51
45
44
53
52
45
52
64
55
39
0
25
12
2
-3
-8
-14
-17
-7
5
10
13
37
72
105
123
121
108
101
105
108
103
96
85
82
80
68
56
54
68
80
72
59
55
53
44
38
38
41
27
16
21
37
37
22
19
33
48
49
33
24
22
37
56
61
64
75
86
92
98
92
77
57
44
55
66
64
64
67
68
66
70
71
68
67
64
70
75
60
40
42
60
81
86
83
69
56
48
49
51
50
43
43
43
40
26
18
21
32
42
49
49
53
57
48
26
29
39
40
37
41
51
52
41
40
51
64
69
70
74
85
87
92
100
96
81
66
60
74
89
97
89
77
73
71
65
60
55
45
35
20
21
33
39
42
49
52
59
72
68
56
43
39
44
55
51
42
40
43
51
45
37
37
39
33
26
29
42
54
64
58
45
43
64
81
74
56
38
32
34
41
51
60
66
66
59
53
45
40
41
45
49
48
44
55
61
59
61
74
82
74
70
73
72
58
53
52
51
51
57
61
52
41
43
44
35
16
9
23
42
45
41
40
44
45
41
37
34
33
34
43
48
33
20
21
26
26
16
17
27
25
18
21
39
49
39
17
5
6
12
24
23
23
39
50
43
37
25
19
19
10
0
-3
7
18
19
13
21
34
37
40
51
55
50
52
58
55
53
57
68
61
45
50
56
58
65
70
76
72
57
48
40
35
37
44
55
65
61
51
41
39
45
52
51
49
49
49
40
37
51
57
59
66
70
61
51
44
44
50
60
71
70
58
53
41
32
25
18
11
8
23
48
59
60
71
85
86
81
73
69
71
72
68
55
29
-3
-25
-21
-7
-2
2
6
18
26
39
50
58
74
86
85
88
100
99
90
90
99
103
92
76
73
70
66
68
71
65
52
43
36
28
26
35
35
19
8
17
34
52
60
50
36
33
34
25
22
24
39
56
60
53
45
50
48
38
45
61
66
57
60
66
64
65
70
68
58
54
60
82
96
102
99
87
83
84
92
99
88
71
64
53
49
41
29
27
23
16
13
24
34
29
16
5
10
19
23
26
24
19
12
8
6
9
11
23
39
42
34
27
28
33
40
42
48
56
64
69
61
50
49
55
66
73
80
82
81
81
70
67
73
73
58
35
20
24
25
5
-18
-34
-41
-29
-7
17
32
32
22
18
16
16
19
18
18
32
52
60
56
59
61
53
35
33
43
51
53
41
0
25
23
32
48
54
55
58
67
77
86
76
64
60
76
98
109
107
101
91
75
71
74
82
81
82
72
61
57
53
37
17
10
18
33
41
41
37
38
43
51
58
59
59
57
66
71
70
68
68
59
59
55
49
39
35
39
43
44
45
54
57
55
56
54
45
43
42
37
39
58
67
66
60
60
67
75
86
81
57
26
6
16
36
32
17
7
10
23
36
33
8
1
10
21
25
27
26
23
18
22
33
22
8
9
18
23
20
8
-1
-4
-2
17
38
49
56
68
70
64
59
58
65
72
60
54
56
56
56
56
55
48
34
32
27
20
22
39
59
60
55
49
38
34
52
74
74
66
65
59
52
45
53
68
70
55
49
44
32
21
23
28
37
41
49
53
57
61
55
36
18
17
21
25
32
28
24
29
42
52
51
59
76
84
84
82
85
86
73
66
64
53
38
37
41
42
27
12
11
16
16
22
41
55
52
40
43
57
57
41
34
42
64
75
69
53
40
35
38
43
48
50
50
48
48
55
61
59
59
75
89
85
74
68
67
66
65
67
69
72
76
72
54
25
16
29
51
60
53
51
36
24
35
44
54
51
36
27
32
33
33
36
38
43
50
48
39
39
36
22
21
35
51
50
35
37
54
56
41
23
24
40
59
67
54
38
40
52
58
44
42
54
61
67
74
84
87
72
54
54
56
54
48
39
42
49
52
52
40
35
34
40
51
51
52
45
41
53
69
74
67
52
52
60
65
58
53
52
58
70
73
68
57
54
54
65
82
85
81
82
89
90
76
55
41
49
52
40
33
38
48
49
49
53
45
41
41
35
29
23
4
-5
9
44
74
88
92
89
85
91
92
73
60
52
37
26
35
48
60
60
58
45
22
3
5
12
24
33
23
12
22
34
27
16
9
19
38
52
59
64
58
57
55
60
82
96
99
87
69
49
41
52
58
52
34
20
7
-11
-29
-33
-19
-8
-6
-6
-11
-12
-1
11
17
9
-9
-18
4
36
50
54
54
49
50
59
66
75
88
91
85
68
67
82
96
107
109
100
81
64
65
72
72
72
73
72
61
51
50
59
72
86
91
80
58
41
33
32
41
49
51
51
42
28
21
20
18
22
34
35
21
4
-2
-1
0
7
26
34
27
32
40
54
71
88
106
108
96
83
83
86
88
89
87
81
72
67
53
48
36
23
0
22
27
37
52
60
67
72
71
64
55
56
56
44
28
39
56
58
50
29
7
-1
4
21
38
40
41
49
56
52
40
42
57
65
56
55
52
43
37
33
35
42
38
29
29
33
45
61
65
61
65
65
52
44
49
56
75
93
97
89
84
77
81
88
88
75
60
51
43
36
22
9
5
8
11
19
18
10
10
16
16
23
39
48
41
35
34
26
25
32
32
26
25
28
37
40
37
41
51
57
50
34
25
44
76
87
73
53
45
43
51
66
71
56
37
41
66
74
73
73
72
68
64
60
57
55
50
45
49
38
26
37
49
48
50
57
64
66
53
38
33
39
48
42
39
50
67
77
84
76
59
48
52
61
71
69
68
68
68
73
83
91
96
83
70
73
80
76
66
58
54
52
56
60
65
65
60
58
54
40
27
28
37
27
6
-4
4
11
13
22
34
42
43
42
37
32
23
23
39
54
54
53
54
60
64
55
35
20
20
21
37
54
56
49
50
66
74
75
70
53
43
42
37
27
23
18
12
19
27
32
28
28
33
29
33
40
37
27
33
38
20
2
1
13
22
18
-3
-28
-57
-38
1
23
32
21
12
37
83
101
91
66
57
82
103
108
106
104
107
105
99
98
102
97
74
69
76
70
57
60
64
41
22
16
13
20
22
24
28
23
16
13
16
6
-3
-7
-5
0
0
-4
-12
-9
-1
6
8
11
23
34
42
53
60
55
50
58
81
96
102
96
90
90
82
64
51
44
43
48
44
50
58
57
44
32
27
18
8
12
24
37
52
55
49
53
52
51
56
57
43
29
21
26
28
4
-13
-7
19
51
70
76
84
82
69
60
57
53
43
39
42
54
67
73
77
80
80
80
66
51
51
52
50
49
53
57
60
76
86
83
75
71
65
55
54
49
50
54
55
56
65
67
56
36
28
38
51
66
70
67
64
59
60
68
67
67
72
72
71
77
84
81
75
87
102
103
88
69
53
49
45
50
48
28
7
-4
-13
-23
-27
-27
-28
-27
-17
-4
9
23
22
18
23
28
23
25
35
34
23
25
25
32
38
48
53
38
18
9
23
40
37
32
38
43
41
42
48
42
41
41
37
34
42
58
66
52
35
39
56
58
51
50
58
80
82
70
65
65
73
84
82
81
82
81
84
90
86
76
70
71
80
80
82
84
69
57
57
69
72
67
65
54
52
0
64
61
49
45
50
38
21
10
20
38
58
67
64
57
58
56
55
51
43
45
57
71
75
64
48
39
38
36
37
36
35
40
51
60
65
60
58
49
34
27
42
51
40
32
41
65
81
81
77
71
69
70
71
75
82
72
57
51
52
55
53
50
54
66
66
60
68
81
85
75
76
54
25
19
11
0
-7
-5
3
16
18
20
21
11
12
19
24
33
39
49
58
68
68
65
58
64
74
82
85
82
67
69
75
67
55
41
42
58
65
58
57
56
55
54
50
35
25
32
34
42
48
41
26
22
33
39
36
33
27
27
33
33
34
40
49
49
44
43
43
45
49
44
43
35
23
20
26
41
53
55
49
35
26
33
41
52
64
72
67
52
35
23
25
37
38
37
42
48
44
43
51
57
42
26
23
35
51
61
64
56
50
52
54
57
64
64
44
35
36
44
52
44
29
18
10
-1
-19
-35
-37
-26
-6
23
50
51
43
44
55
66
66
66
72
75
76
76
73
60
51
44
42
41
28
21
20
22
24
27
34
44
54
57
57
