28
23
20
34
52
61
68
88
108
125
131
109
74
52
56
59
56
52
55
54
40
40
80
122
129
88
55
55
72
80
76
76
80
87
89
72
59
52
45
40
37
54
86
102
86
58
55
61
64
53
40
27
24
35
50
57
53
61
73
54
21
18
39
51
40
25
22
37
50
68
83
65
44
41
42
45
40
21
3
8
19
22
19
11
20
32
26
4
-13
-12
3
17
18
-2
-22
-13
3
-2
-19
-25
-17
1
18
32
32
17
16
17
11
19
34
40
35
18
17
26
38
59
61
44
19
9
29
52
52
44
40
32
12
13
35
65
80
67
44
43
53
44
25
13
13
16
17
20
36
50
58
56
45
35
28
34
48
54
57
68
74
65
42
20
9
19
34
43
49
42
36
26
28
55
68
57
48
45
41
35
38
35
13
-19
-59
-84
-88
-91
-90
-73
-55
-40
-17
16
45
74
97
113
128
120
96
74
84
114
117
85
72
84
106
112
101
96
106
120
107
81
69
83
92
87
87
100
113
112
91
83
82
74
68
57
56
57
49
38
27
12
10
23
35
36
33
33
40
42
34
24
28
22
2
1
16
23
22
18
17
20
18
10
27
44
38
21
20
34
39
37
33
41
53
59
52
36
9
2
33
67
0
69
55
50
42
37
45
58
58
45
26
16
18
20
12
7
12
21
21
20
9
20
52
76
75
57
51
53
57
53
37
26
25
37
59
73
64
49
41
38
41
52
56
48
40
38
38
48
65
81
71
44
34
50
45
40
52
58
56
57
59
64
61
53
26
2
8
35
52
55
72
80
60
37
19
8
12
25
36
41
58
73
73
68
68
80
80
70
64
59
66
71
76
81
83
76
57
36
29
51
73
72
57
54
71
88
87
66
55
65
60
50
45
39
35
32
24
28
37
29
32
34
44
51
39
25
10
-2
-9
-4
6
13
10
10
13
12
25
39
29
21
33
40
42
41
45
49
50
52
44
35
18
-4
-4
12
26
24
12
12
28
42
36
24
22
28
37
35
34
43
51
54
64
68
59
57
68
72
52
33
27
39
58
68
58
43
43
68
86
84
60
51
58
75
85
85
81
70
61
59
55
53
49
37
39
49
50
41
38
43
50
39
22
12
20
33
44
51
55
68
81
83
70
53
49
54
44
43
72
86
68
45
41
51
60
61
51
38
38
36
26
28
49
69
86
97
83
54
27
23
37
58
60
27
-13
-34
-40
-45
-71
-115
-136
-115
-59
-22
-25
-27
0
41
73
88
97
98
87
67
52
56
70
76
82
85
84
83
84
90
102
113
106
99
91
96
100
101
104
105
101
85
77
89
86
72
64
53
49
45
43
39
43
48
44
51
66
58
21
13
38
68
71
51
34
33
43
50
53
53
40
25
10
8
19
39
58
59
42
21
4
0
7
21
22
12
9
20
28
34
39
43
39
29
27
36
48
64
64
43
28
28
36
43
23
2
19
44
45
32
26
25
29
41
49
43
35
28
23
24
35
44
51
49
42
43
43
48
52
40
26
19
11
17
29
38
45
52
49
52
53
41
36
50
59
52
44
52
53
35
8
20
56
72
55
48
66
86
88
76
77
83
76
68
70
73
74
74
82
83
77
73
59
57
71
83
83
84
86
88
83
70
64
85
100
92
74
69
74
80
73
56
27
39
85
92
57
34
37
40
41
40
29
9
1
10
25
34
35
32
16
3
2
1
7
26
40
35
34
32
28
24
27
44
55
44
29
32
42
49
42
37
41
48
49
38
28
50
70
85
92
92
80
73
82
87
86
88
100
105
103
101
99
100
90
76
66
55
69
90
87
0
75
70
60
52
49
42
42
54
58
56
57
49
33
20
10
22
37
40
38
42
52
50
35
25
26
37
42
41
40
44
43
38
35
29
33
42
52
44
33
34
38
26
7
10
33
44
52
40
34
38
41
49
43
17
0
-1
8
27
44
38
22
11
6
3
2
7
9
7
4
9
10
4
-3
5
25
42
60
68
65
61
68
69
56
38
19
5
0
-5
-18
-37
-56
-66
-74
-70
-53
-56
-59
-26
34
99
136
136
121
108
112
124
136
129
103
85
102
129
128
107
98
99
99
88
82
72
73
84
96
98
90
76
71
84
89
84
72
60
66
74
69
65
75
97
103
87
73
74
81
80
81
89
71
48
66
105
123
121
108
97
101
116
118
105
82
55
45
59
74
75
67
54
49
39
28
22
20
26
34
38
32
22
28
41
42
38
33
28
27
29
23
4
-10
-12
-3
17
18
8
9
5
-7
-17
-21
-20
-8
6
11
10
12
24
39
42
40
42
45
49
41
39
43
50
51
51
53
53
45
45
52
60
74
76
72
65
66
65
43
22
4
-1
34
82
88
67
65
80
97
101
92
68
37
16
23
53
65
27
5
23
48
61
66
64
70
77
71
55
28
9
-2
-4
3
8
24
34
19
6
8
26
38
37
28
20
5
5
20
32
24
7
7
34
55
51
37
33
18
2
4
17
36
50
41
34
40
48
45
55
68
68
60
55
50
42
41
45
54
66
70
69
83
105
106
99
89
66
45
57
84
99
90
67
57
82
105
101
85
66
51
50
56
68
75
80
80
75
56
43
58
81
87
82
69
69
68
53
33
43
67
56
37
35
37
57
84
106
108
80
38
32
49
64
69
52
27
20
25
36
37
28
33
42
53
57
43
20
4
4
16
24
11
-7
9
43
65
58
48
36
25
28
52
58
51
38
35
41
44
37
36
43
48
36
26
23
38
51
43
37
50
44
24
18
19
19
12
1
2
43
74
74
59
57
70
81
68
50
51
57
64
61
68
82
85
86
89
83
70
67
68
58
44
37
18
-9
-38
-60
-71
-72
-81
-72
-30
18
48
48
60
96
104
98
85
76
68
58
67
73
64
56
67
72
72
68
53
44
48
55
70
69
59
53
49
52
57
58
60
64
54
28
17
38
73
88
92
93
99
99
89
77
67
53
43
48
43
36
39
51
67
71
52
33
29
40
56
58
0
43
38
39
48
56
58
48
26
21
20
12
8
6
-4
-24
-39
-21
0
-4
-12
-19
-20
-12
-1
6
9
6
-3
-2
9
20
23
35
49
37
19
18
21
12
4
3
2
6
10
8
10
24
32
24
21
28
38
38
37
43
56
54
40
34
41
59
60
37
25
48
72
80
72
59
55
53
50
55
72
80
68
61
59
75
90
91
84
74
58
51
38
29
37
51
67
72
59
45
58
81
77
68
64
60
72
81
70
51
44
55
61
69
73
71
66
57
53
67
73
60
55
69
86
81
43
20
25
54
86
97
92
86
84
74
59
53
43
39
60
72
53
34
40
64
60
32
18
38
57
56
59
72
71
49
20
1
-17
-21
-10
6
35
51
57
67
73
70
55
41
40
52
66
72
68
66
58
59
85
92
70
39
19
17
10
5
34
71
84
80
70
59
57
59
58
48
36
25
25
27
27
27
27
8
-9
-3
5
11
23
25
18
20
36
53
60
59
52
35
24
26
34
44
44
38
43
64
71
55
44
53
65
70
72
68
59
59
58
60
59
42
27
29
38
35
13
1
12
28
28
18
10
25
44
51
59
67
64
51
49
48
27
20
25
36
39
49
66
80
81
84
75
60
49
35
25
10
11
33
50
54
56
65
65
52
42
43
50
48
34
13
0
12
49
67
60
60
60
53
28
8
4
1
-8
-23
-54
-84
-99
-101
-103
-104
-93
-78
-53
-11
22
36
39
65
97
112
99
80
75
77
80
91
99
84
65
59
64
67
69
56
37
32
34
36
36
34
48
68
74
57
41
40
49
59
67
64
68
73
60
48
38
39
43
50
50
42
39
39
38
35
20
21
40
44
28
25
32
50
65
60
48
40
44
33
16
17
33
42
38
26
17
17
32
43
42
39
42
48
51
57
69
71
56
45
43
39
32
27
35
51
64
67
69
68
64
60
65
58
51
49
49
50
38
24
25
29
43
49
49
50
55
57
58
54
36
29
45
60
61
56
57
58
66
76
92
96
80
68
71
66
53
53
65
58
52
57
73
80
73
90
107
109
108
108
89
74
74
81
80
82
85
87
88
90
91
89
85
82
83
92
102
97
75
56
59
75
71
49
26
38
75
93
85
71
67
67
56
51
64
71
60
56
61
77
83
51
33
44
56
42
24
21
24
37
58
75
76
59
45
52
70
97
106
90
80
0
72
75
73
69
71
80
69
48
34
42
51
43
37
29
27
32
28
36
55
60
49
21
2
16
43
53
54
60
66
51
36
36
40
32
23
36
57
61
52
40
37
38
39
39
42
39
23
17
27
34
27
20
18
21
19
20
32
35
32
39
50
49
38
32
28
33
28
12
11
26
41
42
37
35
41
52
49
33
26
23
18
17
20
22
21
9
10
22
32
24
20
19
16
9
10
10
-2
-26
-39
-19
16
29
34
37
39
37
22
16
20
26
24
17
9
12
23
29
38
45
50
52
48
52
61
67
71
71
67
64
70
84
87
73
64
65
73
77
68
59
68
74
88
92
81
70
74
90
102
102
96
83
72
83
96
86
59
40
32
29
19
-5
-24
-42
-66
-97
-103
-85
-59
-29
-5
22
49
66
82
89
82
61
59
60
54
65
84
89
87
86
82
72
64
56
64
71
73
72
76
87
86
75
67
60
60
66
70
80
80
64
41
29
34
51
58
44
32
33
29
28
34
41
55
58
68
73
60
40
26
35
52
52
38
36
49
57
53
44
58
61
41
27
35
51
60
59
54
57
80
76
50
16
3
34
70
81
64
49
51
58
57
49
42
44
48
37
25
51
92
112
90
48
18
17
33
35
26
26
35
36
37
41
44
51
54
48
43
65
101
113
89
66
55
49
38
32
32
41
59
74
68
45
27
23
38
59
74
76
66
65
70
75
84
80
61
65
86
97
91
85
83
90
97
103
109
97
76
76
77
73
64
48
28
24
28
27
19
13
21
32
36
29
28
35
38
38
25
8
1
8
20
16
2
0
11
19
19
22
25
24
22
26
38
51
44
33
22
24
33
38
45
45
36
20
8
10
16
22
25
25
26
26
34
48
55
42
37
38
33
25
28
34
42
55
68
73
70
68
66
59
60
65
57
52
58
66
71
72
72
73
69
64
60
44
25
41
60
55
48
39
37
51
69
74
66
50
35
36
39
26
12
10
16
35
56
57
39
33
40
57
70
70
68
57
54
52
43
36
35
48
71
89
86
72
69
65
64
56
44
41
40
38
36
37
42
44
56
72
80
69
52
41
33
20
24
44
59
70
76
74
65
54
51
45
42
40
36
35
52
65
57
35
18
21
36
43
41
28
21
37
64
70
64
55
54
59
57
50
44
39
35
44
60
66
61
54
48
52
0
59
66
68
59
51
51
42
23
6
19
48
68
71
73
85
88
87
89
81
60
42
28
33
36
10
-25
-59
-84
-88
-94
-107
-108
-90
-69
-49
-20
16
51
88
105
104
98
91
102
102
91
88
96
96
86
76
67
65
69
66
72
81
82
81
70
57
51
52
65
84
86
68
49
56
71
71
66
57
64
77
74
37
11
26
48
51
55
58
70
73
59
44
42
48
50
57
66
61
60
64
68
64
56
44
33
32
41
44
43
38
34
37
42
52
60
51
37
40
60
76
77
65
44
50
73
80
65
44
41
67
82
71
42
22
32
49
43
32
37
60
77
82
73
64
57
50
32
16
12
12
21
37
43
51
53
48
25
6
5
12
19
38
60
61
44
17
2
12
38
49
41
41
45
52
64
70
60
52
64
86
89
82
85
88
87
88
77
48
34
56
74
74
74
61
49
52
61
51
34
32
33
37
44
57
59
53
48
37
18
7
2
7
23
19
2
-2
1
-3
-10
-8
-1
5
12
19
21
10
7
11
3
-6
6
33
35
25
28
52
67
65
67
68
70
72
69
68
54
53
75
90
76
60
61
72
88
113
132
116
91
90
86
74
61
50
36
32
38
54
72
69
52
25
22
37
40
32
27
45
57
54
49
40
38
24
5
6
28
50
51
34
22
20
17
11
17
33
44
49
36
27
38
60
69
55
28
7
1
5
18
16
4
7
25
51
67
65
49
33
26
23
16
16
28
53
57
51
45
41
35
24
25
32
34
26
28
40
39
40
36
34
49
64
53
26
4
11
40
64
73
70
60
65
75
86
87
81
72
65
57
56
55
55
55
51
48
42
39
48
57
60
56
60
68
59
52
53
42
28
37
64
74
74
74
82
90
91
83
69
56
49
36
23
20
22
23
27
43
59
56
34
16
6
0
-17
-39
-53
-75
-108
-117
-92
-59
-34
-17
5
39
75
99
114
132
135
137
141
141
125
104
86
73
69
73
69
51
45
44
40
42
44
43
38
34
50
71
84
81
70
71
75
81
83
76
67
64
57
49
49
60
70
66
57
48
33
32
37
38
37
28
23
33
42
49
52
49
40
28
17
19
35
41
32
18
11
16
24
34
37
44
51
51
54
57
58
61
71
71
61
60
68
75
83
80
61
53
52
43
27
24
27
36
37
28
34
57
68
42
11
4
19
29
26
24
0
38
54
64
71
74
73
66
60
69
70
68
74
74
73
74
70
61
55
52
52
68
74
67
64
70
76
68
49
38
50
66
67
60
59
54
45
42
65
84
84
69
56
49
48
44
32
17
35
68
89
99
92
68
43
39
45
52
54
45
41
53
64
70
80
84
80
64
44
43
39
25
25
36
44
52
51
40
41
57
65
54
40
35
38
44
50
38
25
29
48
58
56
45
52
70
87
98
105
105
85
64
54
56
53
41
32
26
32
37
40
52
65
57
60
69
76
88
84
67
65
64
39
21
21
25
37
54
59
58
69
80
75
70
74
81
70
56
48
39
24
21
35
40
41
42
42
34
19
5
5
23
50
58
50
45
48
49
45
32
20
20
22
22
25
33
37
35
20
12
25
42
51
37
20
19
35
48
40
29
37
48
58
69
67
49
26
16
19
25
26
21
20
11
-3
-8
9
29
40
41
51
57
54
52
53
42
34
41
58
70
67
59
53
49
51
58
68
70
60
53
35
20
18
23
27
32
37
41
43
54
68
82
81
71
68
67
57
52
56
70
75
69
57
58
74
74
58
57
50
27
7
-4
-9
-24
-46
-74
-101
-116
-125
-120
-100
-73
-53
-39
-19
22
69
87
84
75
77
84
89
87
87
91
98
97
80
67
82
102
97
83
77
76
89
104
104
98
93
102
117
116
99
85
81
76
67
53
40
32
41
53
52
42
36
35
41
38
26
26
36
34
27
32
28
19
11
9
2
-13
-12
4
11
6
8
17
20
24
24
22
21
18
24
25
25
33
38
41
56
67
72
65
59
60
70
88
90
71
52
43
43
52
69
85
75
65
58
50
39
27
33
54
71
72
73
77
66
64
99
139
138
107
84
92
108
116
103
80
58
58
72
90
108
116
104
90
87
74
66
69
80
89
91
92
92
86
67
49
41
51
67
75
69
57
59
65
76
91
89
69
65
73
69
43
36
41
44
53
66
67
53
37
25
17
9
16
25
36
37
43
49
36
32
41
65
80
71
55
39
21
22
29
24
11
3
5
18
24
9
-4
-6
-9
-12
-9
-2
10
17
17
24
24
17
16
20
21
20
24
24
24
37
43
33
22
12
16
24
32
33
27
29
39
51
57
61
61
55
40
43
58
59
50
45
45
45
40
37
36
38
36
39
51
55
43
33
41
57
60
57
61
82
83
65
0
42
35
43
59
51
22
11
27
38
29
27
38
50
42
34
35
34
32
33
37
39
43
54
55
52
48
50
55
60
70
70
58
44
28
25
33
34
38
38
33
37
52
58
48
27
12
18
40
55
41
25
22
25
33
28
27
40
53
50
41
48
53
52
54
54
48
48
56
60
64
69
66
57
53
60
80
91
84
84
75
54
49
54
67
80
91
96
88
83
85
85
83
84
81
76
77
83
87
83
67
45
25
10
-3
-10
-34
-55
-70
-81
-98
-107
-103
-83
-59
-35
-18
7
41
56
64
76
72
52
49
56
65
68
70
70
71
76
83
85
74
60
59
69
64
56
65
72
81
85
73
61
61
65
59
54
55
70
75
76
82
92
100
96
85
67
52
49
51
41
49
73
96
106
116
121
112
97
83
71
57
49
49
61
72
75
75
80
83
81
72
75
85
75
69
68
68
73
76
69
56
44
49
53
51
50
36
22
33
45
44
33
28
44
60
56
49
42
28
16
11
8
0
5
20
33
43
45
42
43
52
57
61
69
71
65
53
48
50
55
55
55
52
41
35
33
26
23
23
34
45
55
67
68
51
43
55
66
74
75
68
59
68
81
81
66
60
66
53
49
54
65
76
82
74
68
64
64
60
49
26
34
65
82
74
67
58
56
60
69
74
76
76
72
65
56
49
52
58
68
80
85
85
80
70
68
70
75
76
69
66
70
65
67
81
72
43
29
32
42
66
86
90
87
74
50
44
55
67
66
52
57
69
59
55
55
49
45
45
39
37
35
16
-7
-8
18
39
37
28
33
33
25
9
2
7
9
11
9
8
24
51
73
76
70
70
68
59
56
55
53
54
60
56
43
35
35
41
40
28
21
19
22
27
28
26
25
23
21
22
35
41
33
13
-4
-9
-10
-6
7
34
58
66
58
64
69
66
50
34
17
8
22
28
22
18
23
24
9
-3
2
21
38
35
17
-6
-18
-3
12
21
36
48
42
32
28
40
49
48
38
38
57
73
80
76
61
41
28
27
37
42
43
43
45
51
55
57
60
59
36
16
16
21
22
19
16
19
22
29
38
45
55
65
67
65
50
32
21
6
-11
-27
-44
-65
-62
-55
-50
-43
-26
-4
21
68
114
138
150
162
166
156
137
120
118
118
116
112
107
100
96
91
92
99
93
83
83
74
56
39
37
48
52
48
41
43
51
58
0
70
72
61
59
66
69
60
41
32
32
44
53
50
42
42
33
12
11
25
34
37
51
67
70
58
26
7
12
32
53
65
61
65
72
61
41
32
34
45
45
48
55
70
74
73
72
59
29
25
45
53
38
21
28
65
92
102
98
88
82
87
96
98
99
92
98
108
119
121
115
104
93
83
71
64
59
75
104
122
115
92
70
59
64
75
70
49
39
53
67
60
48
28
20
20
20
23
40
64
76
59
25
21
43
48
23
9
18
34
42
41
33
18
12
19
19
25
50
52
35
25
23
34
49
55
56
50
40
44
52
52
44
44
43
35
33
43
52
57
70
80
59
23
-7
1
35
56
60
51
37
26
16
6
11
11
8
20
36
29
16
9
11
11
13
20
20
4
5
20
33
41
44
41
25
6
6
18
12
-7
-5
25
48
56
64
70
69
67
57
41
33
33
29
39
61
88
99
92
69
42
21
8
11
26
43
41
21
10
36
51
51
52
49
42
43
49
50
27
-7
-17
18
42
40
28
23
27
38
54
67
55
24
3
7
20
25
23
25
32
39
44
50
56
64
53
24
19
53
87
80
53
39
41
51
58
56
45
32
21
24
25
32
38
54
69
69
58
57
58
33
5
2
10
22
28
26
26
51
73
82
81
58
25
5
17
39
42
33
26
35
42
50
60
72
80
80
76
73
66
65
68
69
57
53
59
65
55
26
-13
-62
-83
-61
-37
-43
-78
-102
-93
-75
-56
-28
3
33
74
117
128
117
114
120
122
99
74
88
116
123
120
124
133
121
101
81
70
81
90
97
102
99
67
44
51
55
50
34
21
29
45
52
42
28
21
16
11
17
25
41
54
54
43
38
34
40
54
68
82
84
73
67
65
69
76
80
71
71
75
76
73
61
53
44
27
22
41
65
67
43
22
22
35
43
40
28
19
16
17
24
36
40
38
28
34
44
53
56
54
51
54
58
53
42
40
54
67
64
54
54
58
50
37
44
64
75
85
90
88
75
71
66
40
17
16
12
8
12
35
59
65
50
35
28
34
43
49
43
39
45
59
68
64
48
40
44
53
59
55
42
50
66
70
49
22
26
48
42
27
28
42
57
61
54
41
33
27
32
36
36
35
29
24
16
22
41
49
40
29
26
33
32
16
4
3
6
17
38
54
52
50
55
54
50
53
56
52
33
18
28
0
54
61
54
45
52
59
68
72
66
54
50
52
48
49
65
69
66
64
53
48
65
74
61
42
33
27
25
21
13
11
17
23
19
16
19
25
24
33
52
68
66
61
64
64
69
76
74
64
55
55
58
67
69
67
65
66
72
84
82
69
55
49
56
68
69
71
76
74
72
61
49
28
21
26
25
18
18
16
16
17
12
8
7
16
27
42
48
42
18
-5
5
25
33
28
26
35
54
65
73
70
44
32
29
39
56
66
65
59
57
55
57
75
100
97
82
81
80
72
69
73
85
88
70
54
60
73
80
73
71
81
87
80
65
68
82
81
74
81
86
81
59
39
29
21
-1
-52
-93
-92
-75
-65
-55
-52
-41
-19
5
32
54
69
69
54
48
58
68
71
67
58
71
88
91
102
115
120
120
113
100
90
88
90
90
93
98
98
85
67
54
53
68
76
73
74
86
87
75
55
52
58
69
75
69
61
59
53
51
54
57
53
43
41
50
56
52
39
36
51
59
60
54
49
48
33
17
27
50
64
59
53
41
35
36
36
40
54
72
83
81
74
69
57
48
39
33
37
52
51
50
48
54
72
85
85
82
73
72
71
58
54
52
44
33
25
34
43
36
21
20
20
21
26
17
-3
0
26
66
90
96
85
74
74
73
67
56
32
5
3
27
56
67
52
27
37
67
84
80
53
37
42
58
64
55
44
43
53
52
42
34
25
21
18
21
35
37
32
20
17
28
48
54
50
38
27
32
35
32
23
17
21
39
43
22
18
37
44
27
17
17
29
52
55
39
33
32
28
25
24
21
26
35
34
26
16
7
18
35
50
45
36
24
22
35
40
35
28
29
32
37
42
37
34
40
50
57
58
52
50
49
40
39
45
50
54
51
48
52
61
65
55
38
52
81
74
58
55
52
54
67
73
70
58
45
42
52
56
61
70
67
58
45
37
37
41
48
49
39
20
10
11
18
19
17
26
43
60
75
83
75
66
48
28
20
17
9
10
16
20
22
20
27
53
73
71
64
64
72
84
81
68
52
35
36
51
64
66
69
75
82
82
73
61
49
48
48
48
50
57
70
66
50
29
33
58
83
76
60
59
71
81
71
64
71
82
61
38
51
81
87
58
33
19
5
-13
-35
-61
-91
-103
-103
-102
-76
-40
-17
0
21
43
68
96
119
130
120
98
87
91
89
88
0
93
116
136
140
130
116
98
89
90
75
53
41
56
84
106
109
96
75
70
70
65
56
55
52
42
38
49
68
69
53
36
27
23
16
8
16
35
44
41
34
33
39
34
25
16
10
11
9
10
17
20
23
12
1
-7
-12
2
34
49
51
49
39
39
40
36
40
41
39
40
38
37
41
42
40
33
21
17
23
23
24
21
10
7
18
22
18
16
25
40
38
22
10
6
11
8
8
10
11
20
27
33
36
49
58
53
53
56
54
50
40
28
49
69
65
59
72
84
90
91
88
96
100
86
69
64
60
57
55
53
56
70
72
64
56
64
70
59
42
34
40
50
44
38
35
34
40
49
48
41
43
48
54
56
49
39
28
36
49
44
38
39
54
56
54
57
55
50
55
59
56
52
40
32
40
68
82
60
39
43
57
71
74
57
34
19
18
16
16
22
35
43
43
33
24
38
54
56
56
56
56
56
52
36
33
40
49
53
56
54
54
57
55
55
52
42
34
32
32
23
21
23
27
37
43
56
68
75
77
68
54
64
