66
87
92
90
92
100
97
76
49
35
50
60
72
82
76
68
60
56
54
57
58
67
77
81
77
81
68
42
33
37
42
58
77
84
73
70
71
68
59
58
67
75
74
70
60
58
59
57
52
49
52
55
45
42
54
54
48
35
20
16
21
18
21
24
27
36
45
51
45
38
35
37
43
41
40
51
64
66
59
54
53
50
33
20
19
24
28
28
24
33
42
51
50
49
37
25
23
25
42
73
89
83
64
58
69
73
71
67
57
71
97
93
71
55
48
44
49
50
49
52
61
70
70
76
90
100
87
69
65
66
66
68
70
67
58
58
68
75
87
96
90
80
72
77
96
106
97
80
65
66
70
73
87
89
85
81
74
66
58
58
64
58
55
65
71
65
54
38
28
24
40
66
71
66
56
50
43
42
49
51
44
41
39
38
40
42
44
52
53
49
35
18
5
3
9
20
23
21
22
23
24
24
25
25
22
21
27
32
23
23
41
51
44
38
28
18
1
-9
-5
1
-5
-18
-10
8
32
32
16
8
21
36
40
34
27
25
26
25
21
10
6
18
37
51
53
48
43
39
34
33
35
28
23
27
38
59
83
81
58
55
61
74
82
73
68
74
88
89
73
56
54
65
61
50
38
38
44
54
64
69
70
70
71
69
68
74
86
82
66
59
74
83
77
67
53
41
35
34
37
50
59
61
41
17
11
17
10
5
1
-1
-4
-7
0
-2
-11
-12
-7
0
-1
5
18
38
44
36
23
19
32
41
41
33
22
23
34
54
66
59
55
55
59
64
60
67
71
69
68
56
39
42
65
83
83
83
101
116
107
99
85
68
58
65
71
73
77
89
99
96
97
89
69
41
25
38
64
68
54
28
-4
-36
-61
-77
-76
-77
-87
-91
-73
-50
0
64
99
100
88
82
80
86
93
100
108
106
99
96
91
93
91
75
60
51
57
80
97
96
85
72
67
70
84
76
59
44
43
71
97
106
102
87
84
91
99
93
81
71
58
55
72
99
104
92
82
68
66
72
70
61
57
58
61
58
53
41
42
57
64
52
44
53
53
52
59
54
42
32
8
-6
3
27
49
54
50
27
12
8
9
4
-5
-8
-14
-22
-19
-17
-23
-30
-26
-12
-2
-4
-10
-11
-10
-5
6
20
25
26
27
28
21
20
34
40
43
44
36
36
51
66
60
43
28
24
32
41
59
74
75
68
67
75
86
86
87
96
104
100
88
80
75
72
71
70
75
84
76
68
69
80
80
69
65
67
55
37
38
50
49
50
54
49
44
44
41
39
45
42
19
1
10
24
24
27
50
72
75
74
82
84
74
68
56
59
81
84
68
69
83
92
86
69
59
59
70
70
52
36
29
35
41
44
37
27
26
22
32
38
35
25
35
55
54
32
10
2
-1
-2
1
6
12
18
9
2
-3
-1
5
-9
-21
-13
-6
1
10
20
27
49
66
68
49
33
39
49
51
52
58
59
51
40
44
57
67
59
49
49
61
69
57
41
32
24
28
33
34
38
40
38
40
51
65
69
64
57
44
29
29
41
55
58
51
40
37
34
39
59
83
72
48
35
33
32
49
68
74
65
49
43
44
38
28
29
36
41
45
44
42
45
43
34
23
23
7
-8
-1
19
32
25
19
28
39
37
25
17
24
54
76
75
65
64
75
77
67
54
42
37
36
40
39
32
22
11
2
-1
4
10
27
44
43
23
9
22
49
65
64
50
38
41
56
70
70
65
59
66
80
85
75
64
45
40
50
60
49
26
20
32
42
39
23
20
22
32
51
58
52
38
34
40
48
40
21
-8
-37
-55
-74
-99
-122
-122
-105
-99
-89
-59
-35
-7
24
56
87
102
101
106
118
120
118
112
117
123
109
99
87
93
116
129
125
115
108
113
113
98
80
73
77
80
80
86
85
73
68
73
80
70
57
60
67
55
51
67
72
60
0
43
33
28
28
34
36
45
50
42
35
24
18
28
41
49
44
42
41
41
34
22
24
32
25
32
39
43
42
43
45
49
43
44
52
49
40
38
42
42
41
40
44
52
53
49
41
28
25
36
45
51
45
39
39
37
26
13
10
19
28
37
48
49
43
43
37
32
37
54
66
75
81
83
86
89
92
86
81
82
88
80
68
82
96
83
66
60
64
60
67
81
85
80
73
70
70
74
88
108
113
92
83
73
66
67
74
74
64
53
49
50
57
59
43
25
25
36
45
52
57
64
61
57
56
57
58
68
84
98
97
73
45
37
44
51
41
29
38
70
96
89
75
74
84
90
82
69
68
73
75
73
50
25
20
22
34
40
29
26
43
66
68
56
59
65
50
39
41
45
44
38
23
22
28
37
43
43
33
24
27
36
49
69
82
74
64
50
33
23
20
33
52
58
55
49
38
44
65
81
72
48
34
28
20
13
19
36
57
69
61
50
48
49
60
72
68
64
54
44
45
58
72
71
60
45
40
44
38
26
29
36
39
37
37
48
50
41
38
38
38
40
42
45
52
55
61
66
66
65
65
64
48
37
48
60
66
55
29
20
45
67
67
57
52
52
50
42
34
28
27
21
17
16
12
16
17
22
20
18
20
24
23
27
49
66
73
84
74
54
51
64
72
72
66
43
48
69
74
60
42
39
54
66
67
65
55
36
25
23
24
33
50
55
58
65
53
39
23
23
37
43
34
27
33
33
39
35
6
-43
-93
-116
-115
-109
-108
-90
-57
-24
3
21
28
45
69
84
97
104
105
107
107
109
116
108
88
81
74
75
80
65
39
37
45
43
37
34
32
29
34
34
29
34
45
60
70
66
64
70
80
73
66
61
65
50
23
10
26
53
73
81
73
65
50
39
43
53
69
71
56
49
57
71
74
64
49
34
20
17
38
66
76
70
49
40
50
54
49
45
49
40
34
32
33
27
27
36
39
32
24
38
57
66
57
44
41
38
21
16
23
25
23
32
42
44
53
64
76
82
81
84
81
67
45
28
23
35
44
48
43
48
51
43
36
48
56
44
35
34
28
33
48
54
42
25
10
18
39
52
57
56
44
37
39
45
42
34
41
49
39
34
35
51
60
68
72
75
73
67
73
90
104
100
68
22
9
29
54
65
60
52
39
32
36
44
61
0
71
71
70
69
67
54
41
33
37
54
60
55
50
50
52
55
48
34
26
25
23
17
10
5
5
19
32
26
25
26
26
37
48
37
23
21
27
32
32
40
43
32
11
8
20
24
8
-2
5
8
9
10
20
27
36
56
69
60
49
44
52
64
64
53
53
56
58
44
28
33
52
57
52
50
53
50
36
32
35
41
48
36
18
19
34
37
37
29
21
18
19
27
38
38
39
43
44
50
56
51
39
41
50
53
50
51
54
54
65
83
84
82
80
58
36
22
23
28
35
44
58
57
53
57
55
49
39
34
25
21
26
39
52
52
50
41
37
35
26
25
36
51
59
51
34
26
34
55
70
74
71
64
65
61
56
66
75
77
76
75
76
81
84
83
74
65
56
66
81
87
96
108
122
130
123
118
104
92
91
83
80
88
88
84
88
102
114
116
118
117
107
98
90
87
73
53
16
-30
-61
-75
-82
-81
-76
-71
-50
-9
21
54
74
84
93
107
105
101
103
102
90
81
86
98
104
108
104
101
88
71
69
76
86
102
112
103
90
80
74
84
92
92
86
77
73
73
67
51
40
43
50
43
38
45
55
55
38
20
18
27
39
36
27
29
29
39
49
38
22
24
36
40
39
38
40
36
26
18
21
34
25
10
3
3
2
4
13
28
33
23
16
9
2
-1
0
-5
-5
7
17
10
1
-8
-12
-8
-3
-1
-7
-3
22
39
39
22
3
-4
-3
-1
2
7
11
9
17
32
26
16
10
11
9
8
8
1
3
27
55
57
44
37
38
40
38
39
41
57
72
75
68
65
68
58
44
45
56
58
53
51
69
87
86
82
73
76
83
77
77
86
98
87
69
57
60
69
73
70
65
67
69
68
64
71
75
72
71
64
57
68
85
89
82
74
74
76
74
72
72
72
67
64
56
40
33
37
36
40
58
59
51
40
36
36
48
56
52
39
33
40
38
25
18
11
9
17
32
43
49
48
49
51
54
67
71
66
65
59
50
39
45
58
53
38
26
19
19
24
40
51
56
66
70
67
51
40
49
66
72
73
72
59
50
52
58
54
37
23
26
39
51
48
40
41
39
23
5
0
7
13
17
17
13
22
28
33
33
33
34
24
26
36
22
13
20
34
40
35
28
34
38
49
57
53
33
24
41
55
50
37
36
36
35
34
40
39
27
28
26
21
21
32
0
45
54
50
52
59
65
52
44
48
44
41
48
56
59
54
49
48
49
53
55
49
44
53
57
50
44
55
51
39
48
58
54
48
39
38
49
58
50
40
48
59
65
64
74
92
102
99
90
74
48
28
28
23
5
-20
-43
-58
-61
-65
-67
-68
-55
-28
-3
27
72
114
122
119
117
108
91
77
72
73
85
100
104
89
72
59
49
43
56
64
56
52
44
28
21
38
60
64
43
23
26
41
54
54
39
36
50
72
89
90
83
83
88
84
73
58
53
49
42
40
38
34
24
24
40
52
55
53
49
44
41
34
33
38
39
51
57
38
17
9
8
4
4
-5
-8
-4
-7
-11
-18
-13
-3
10
18
25
33
41
53
49
28
20
23
23
25
24
26
35
39
39
41
51
66
75
73
59
44
44
45
58
80
82
82
84
86
75
51
27
24
35
41
41
34
39
57
71
54
33
27
28
23
24
36
49
57
69
67
56
52
44
52
65
82
90
84
71
64
67
82
83
71
57
49
45
55
57
58
64
61
59
58
57
64
65
60
65
69
66
66
80
103
113
99
81
60
53
56
66
80
90
98
97
88
84
86
90
87
80
73
65
52
40
35
49
61
51
37
36
45
55
68
75
83
86
90
88
69
51
40
44
60
76
67
55
66
83
86
76
69
60
56
50
44
49
60
69
76
83
76
60
52
64
73
76
77
84
87
74
61
65
73
89
77
66
69
68
60
51
41
32
28
35
36
40
43
49
41
28
18
9
11
25
22
2
1
16
24
26
24
19
13
20
26
18
7
6
9
18
25
22
11
12
17
5
-13
-19
-3
8
18
29
43
49
49
44
45
48
40
32
35
48
53
53
50
57
70
69
59
60
69
76
74
59
51
50
48
34
19
23
25
24
26
40
58
68
69
59
44
38
37
35
23
16
11
12
20
19
18
19
21
22
25
28
32
36
41
44
42
40
33
28
27
26
24
12
0
-14
-21
-18
-20
-37
-66
-93
-121
-136
-134
-114
-89
-60
-24
3
25
48
61
67
66
58
69
81
80
74
83
96
96
84
76
73
74
74
74
72
67
68
65
60
61
71
74
81
87
91
89
90
93
84
69
59
56
54
52
51
59
76
76
72
71
60
56
55
53
54
59
70
60
43
36
36
43
64
66
58
64
68
67
65
58
53
54
55
52
41
38
51
67
72
70
67
60
56
53
0
50
48
40
40
42
42
45
45
41
42
50
53
52
50
40
28
25
35
48
49
49
51
50
40
17
8
17
20
8
-3
-5
0
5
11
13
19
34
48
51
39
23
19
21
27
36
35
36
41
48
45
52
56
65
72
75
76
76
71
57
57
73
83
74
65
60
60
50
42
52
56
49
36
25
23
37
54
54
48
51
57
53
43
45
51
57
60
70
83
84
70
60
58
65
71
75
71
54
51
64
70
74
70
66
66
64
64
67
77
93
97
89
86
98
113
103
83
80
91
98
96
84
80
77
74
73
80
72
54
44
43
52
54
48
39
32
23
24
37
53
64
67
64
52
39
42
50
53
57
71
81
72
54
50
53
60
74
86
82
60
45
52
66
68
53
43
42
52
66
80
76
65
53
48
53
67
82
86
80
71
71
70
69
58
53
53
49
33
26
33
43
49
39
24
12
18
29
43
50
37
18
20
28
42
44
33
12
11
17
16
20
29
37
32
22
20
20
26
43
68
80
69
55
49
40
24
22
28
41
58
76
81
72
60
57
65
65
64
75
83
72
60
57
54
49
39
33
33
33
33
39
41
39
32
21
16
9
23
36
36
26
24
27
26
19
9
7
4
-2
-3
-4
-21
-53
-84
-106
-120
-119
-102
-84
-67
-42
2
59
98
106
98
89
82
76
80
88
86
66
50
56
77
100
106
107
104
97
91
82
68
54
50
49
49
45
35
22
12
7
9
16
12
10
24
40
33
16
8
6
6
16
29
34
33
28
28
37
43
42
40
35
28
37
48
56
56
53
50
44
37
35
43
50
50
57
69
75
75
76
74
72
64
56
45
39
44
54
59
56
35
23
28
37
38
43
56
64
69
69
54
37
41
50
55
59
61
54
43
44
55
61
59
56
48
44
55
68
77
80
77
80
64
53
59
59
48
39
39
40
43
49
49
58
80
90
97
101
101
98
96
83
72
69
75
88
102
103
87
72
58
50
43
42
48
57
65
57
52
58
60
53
40
36
37
34
33
42
49
45
50
44
42
51
59
67
58
48
38
34
35
42
53
53
43
28
25
36
41
40
36
38
57
68
65
56
53
48
42
50
58
52
48
57
57
48
38
28
23
40
56
54
38
19
12
21
25
26
24
21
25
38
54
41
12
3
5
9
18
27
29
24
23
21
24
34
40
36
33
40
0
50
49
48
56
64
53
35
34
57
84
86
74
74
71
57
50
60
71
57
49
49
48
54
68
75
69
60
58
65
66
52
48
53
51
39
28
24
25
42
64
74
72
69
66
66
57
38
26
24
34
52
59
56
44
41
52
58
56
54
58
59
55
43
38
49
64
68
65
56
42
32
34
38
33
26
24
32
49
55
66
70
66
59
66
81
85
88
99
102
97
84
75
73
73
69
71
83
82
69
65
64
55
52
66
67
58
65
77
87
88
97
113
114
106
106
104
89
68
56
50
34
17
-17
-53
-99
-149
-165
-139
-104
-83
-69
-49
-13
26
53
67
72
72
70
67
72
77
70
64
69
75
80
76
73
73
71
69
69
68
72
81
80
69
64
55
50
44
42
38
48
68
82
83
76
68
53
42
36
37
45
56
56
42
35
35
44
58
69
68
57
54
53
39
20
19
20
17
24
40
43
41
37
36
42
48
48
44
43
40
42
48
55
61
53
37
32
40
51
52
37
21
22
43
56
45
37
37
38
33
21
16
24
33
32
25
34
50
55
44
36
28
28
37
40
38
38
45
52
51
43
38
48
51
37
25
35
51
52
42
33
32
40
50
57
50
42
44
49
52
53
57
69
73
68
55
49
51
64
85
96
82
59
54
59
69
64
61
69
72
81
83
72
68
70
72
70
76
88
83
65
35
19
28
41
49
48
35
13
7
12
13
11
12
3
-5
-4
7
18
19
18
22
33
48
53
48
40
48
55
58
54
49
49
55
49
36
45
69
81
86
93
85
80
75
67
55
56
59
65
71
80
86
89
98
101
89
76
68
67
77
83
71
60
65
72
76
67
61
55
48
49
64
64
52
38
38
44
45
37
28
25
32
51
66
66
57
51
35
17
10
13
22
34
37
33
24
37
43
41
35
34
25
21
21
19
19
21
13
8
10
26
40
44
32
21
21
28
43
51
42
36
33
38
51
45
35
27
27
35
39
41
41
34
25
25
27
20
13
27
50
52
34
24
32
40
55
67
75
90
103
102
92
76
55
35
26
28
37
35
36
37
53
67
64
60
59
57
61
70
74
70
58
53
55
54
49
67
81
66
49
49
66
83
86
83
75
66
50
38
35
28
12
-9
-30
-57
-68
-68
-75
-78
-61
-29
7
40
64
72
80
96
108
117
121
123
121
115
102
92
90
89
96
0
102
117
134
134
118
103
90
86
93
97
85
69
66
68
70
66
59
58
67
70
66
66
54
33
28
34
25
13
22
28
25
16
0
3
20
25
20
9
5
6
4
7
22
35
40
40
37
28
24
18
8
12
35
51
52
41
32
38
54
60
59
57
56
48
34
27
34
26
16
9
12
29
40
33
24
22
19
20
23
13
1
-3
7
23
37
41
37
33
38
44
49
43
40
39
38
28
17
19
37
50
41
33
34
34
28
33
38
39
44
53
56
51
43
53
65
66
59
66
82
87
80
72
64
48
36
43
65
68
66
67
74
83
85
83
83
77
72
66
69
74
64
48
37
35
39
56
72
74
71
60
45
34
28
37
53
59
56
48
38
45
56
48
36
32
33
34
34
40
44
42
43
60
82
80
58
43
49
64
71
70
83
103
112
104
89
85
75
70
75
81
85
89
82
70
56
50
59
70
81
91
100
112
129
123
107
97
88
80
69
73
81
86
96
104
105
88
65
44
60
87
87
68
57
55
54
56
60
55
52
50
40
28
24
41
56
43
28
41
55
40
16
1
3
8
12
23
23
18
17
21
22
13
12
21
25
24
26
25
21
22
25
20
12
20
28
33
24
12
10
11
11
26
43
41
34
33
38
44
29
8
6
18
20
19
18
20
28
38
50
51
40
33
35
41
41
42
50
54
50
43
39
37
38
40
44
57
64
60
58
55
51
43
43
48
59
72
81
82
75
81
88
99
99
87
73
53
24
10
7
-8
-34
-56
-70
-73
-74
-59
-37
-13
18
41
53
74
99
114
114
107
103
97
92
93
82
60
54
60
60
52
41
37
52
68
72
66
67
84
103
101
73
49
50
69
86
92
84
71
70
85
93
90
84
76
61
56
70
87
82
61
57
70
67
55
41
34
40
57
68
60
43
36
49
52
43
36
26
22
32
44
48
35
21
17
7
-1
-1
11
19
23
22
13
8
17
23
27
35
43
61
77
76
59
36
27
41
43
24
1
-5
1
3
2
5
12
17
10
6
5
8
17
29
37
26
11
11
20
19
24
24
18
20
23
27
28
23
19
23
33
40
41
41
48
50
58
66
60
56
60
66
60
56
58
65
68
60
59
69
71
73
80
70
51
38
43
64
69
59
41
25
29
49
65
72
73
70
55
38
37
59
76
66
50
44
52
54
48
0
27
23
41
55
55
40
27
26
33
38
49
59
69
68
61
56
66
83
86
73
64
66
76
86
84
75
80
88
91
90
85
76
68
69
64
53
48
37
39
39
35
43
67
72
71
66
54
43
35
26
27
37
37
34
32
29
25
26
28
29
28
20
13
18
18
16
16
17
19
17
27
53
68
67
69
76
69
58
50
50
50
49
40
38
44
48
45
50
55
53
52
42
26
20
29
44
43
34
28
28
19
16
25
42
53
58
57
40
22
17
18
29
49
56
53
52
52
54
53
58
64
53
36
32
39
38
28
28
36
41
43
40
26
21
22
21
33
40
55
66
69
64
45
26
19
25
43
70
76
64
41
33
49
58
54
58
66
65
66
55
40
40
49
52
54
58
51
33
16
6
6
6
-4
-24
-42
-59
-77
-93
-93
-83
-62
-50
-24
10
36
52
66
69
70
82
104
118
112
97
84
81
91
91
82
69
69
87
109
116
108
102
91
75
67
76
84
69
48
45
58
68
55
43
45
40
24
25
41
51
43
50
72
91
90
92
93
82
70
65
69
90
103
90
69
55
58
74
85
77
67
70
81
82
85
91
92
83
70
68
65
59
59
65
68
74
80
66
58
57
60
71
80
85
72
53
49
50
49
43
36
24
24
42
60
64
48
38
54
74
74
64
64
80
96
92
70
37
22
23
28
41
52
43
28
23
25
36
45
43
38
26
26
36
37
38
40
38
35
49
68
68
70
72
69
70
69
58
52
53
55
50
45
48
48
48
48
40
41
45
37
42
65
83
83
65
56
65
61
53
44
48
55
65
70
76
86
88
72
57
43
39
35
25
21
13
4
1
10
21
26
20
12
22
34
36
33
21
16
21
24
34
43
53
53
50
55
54
55
60
69
66
53
49
52
55
45
34
33
40
39
25
11
6
4
12
26
25
6
-1
11
26
24
17
17
19
32
52
55
37
12
6
21
35
34
34
37
28
25
32
32
24
27
39
41
39
48
54
50
40
26
27
41
49
43
41
39
41
51
51
50
51
54
51
48
52
65
69
64
57
54
52
41
28
20
12
12
19
27
39
45
43
29
21
22
33
42
42
38
41
44
48
43
42
58
69
60
48
42
40
35
41
58
70
74
74
71
61
56
58
60
67
68
65
58
60
73
76
70
64
66
74
81
75
69
60
60
68
0
64
53
54
68
80
82
70
69
84
90
83
76
80
73
67
57
33
3
-14
-39
-72
-101
-121
-124
-103
-77
-65
-57
-39
-1
44
83
102
119
121
112
101
99
96
88
74
64
51
36
42
74
103
115
120
128
119
102
96
90
83
91
102
100
96
104
120
112
81
60
68
76
80
77
68
53
42
44
53
72
90
101
99
87
82
82
84
77
69
65
59
71
77
75
71
57
44
48
59
65
50
32
36
42
38
24
17
11
21
34
26
20
24
18
-5
-21
-21
0
24
29
17
6
10
19
27
35
37
28
20
8
3
7
18
22
22
25
32
37
35
35
44
53
50
43
32
23
19
13
16
26
36
57
73
61
39
21
16
27
44
50
53
59
56
55
60
72
75
67
52
43
55
85
97
90
74
71
73
76
81
68
57
67
72
80
82
81
73
70
74
80
77
83
87
80
70
74
82
70
59
52
41
43
60
72
60
44
37
42
51
51
55
65
69
64
61
69
73
71
57
44
36
37
40
48
57
66
61
51
36
28
27
34
34
38
49
55
44
28
28
36
41
33
17
4
-3
3
19
26
26
25
27
32
33
44
60
68
59
43
34
40
53
48
32
26
23
26
37
39
34
23
21
41
73
88
75
60
60
66
67
71
74
68
68
72
66
53
44
56
71
83
75
68
70
71
71
70
71
84
86
81
69
58
65
68
53
35
29
34
44
54
53
43
24
9
9
17
27
38
38
28
28
40
43
39
41
39
34
28
34
22
2
-2
11
33
48
50
49
48
39
28
24
36
52
53
43
45
56
67
71
69
66
59
45
36
34
39
44
43
39
39
44
51
57
58
54
56
66
74
80
69
54
42
43
48
44
49
56
67
72
70
53
43
42
43
48
41
34
25
13
0
-11
-29
-65
-83
-88
-99
-108
-119
-118
-100
-74
-39
6
44
59
51
51
75
97
90
80
81
86
101
104
88
72
67
74
98
119
115
101
101
101
101
99
86
73
67
65
72
85
84
73
64
58
71
83
86
84
81
76
70
69
68
69
75
76
54
41
54
69
70
67
57
42
25
24
37
41
34
20
16
16
12
12
8
6
16
18
17
16
9
1
-5
1
6
2
3
17
27
24
8
-4
-4
7
9
-1
-10
-9
1
9
24
35
26
19
21
25
43
54
43
33
28
35
38
38
36
37
43
49
50
55
60
57
61
65
59
0
65
76
75
74
82
90
89
80
69
73
77
73
72
73
69
59
56
58
70
85
97
98
90
75
57
49
57
83
89
84
81
83
82
76
80
82
72
61
61
59
60
67
64
54
49
38
36
41
44
45
50
57
67
73
87
91
85
73
53
43
49
45
51
59
57
50
45
44
39
42
52
50
44
42
51
60
56
43
39
52
64
60
59
54
49
40
34
28
33
37
38
36
42
45
42
38
37
42
43
41
38
39
52
74
92
97
80
65
51
44
45
53
56
56
51
44
39
45
55
58
68
73
72
69
60
50
43
53
53
44
41
39
42
52
59
53
34
17
18
34
50
48
38
33
34
41
48
41
34
32
39
38
35
32
27
26
34
44
54
54
51
41
32
27
35
35
40
44
26
5
5
25
49
54
44
40
55
82
88
90
101
91
70
53
56
80
101
100
