58
66
69
71
70
73
82
83
80
68
59
59
65
66
65
56
48
40
35
34
37
38
42
50
49
44
37
37
40
41
41
41
38
36
34
35
37
37
26
12
2
-6
0
18
37
55
67
66
55
43
35
36
43
52
56
66
69
51
27
22
33
38
48
66
75
74
64
52
35
9
3
5
-4
-19
-24
-9
11
20
11
6
5
18
34
43
37
12
6
11
5
4
12
23
26
23
6
6
28
26
6
0
7
18
26
28
24
23
27
25
23
26
28
28
26
13
12
23
23
16
5
-4
-6
-5
-7
-4
1
9
26
42
48
49
55
68
69
68
67
67
67
55
38
41
58
68
56
38
35
48
64
58
48
54
58
36
24
44
59
59
69
81
83
86
101
103
91
86
89
96
92
83
75
83
82
66
41
13
-12
-33
-53
-82
-106
-116
-92
-60
-36
-10
23
56
83
87
80
72
77
90
104
114
107
97
89
87
77
55
43
45
60
72
75
71
67
58
58
69
72
67
64
55
48
51
58
65
60
58
70
76
73
66
64
64
56
49
54
64
54
26
10
21
44
53
39
25
19
18
19
22
32
28
22
29
43
35
39
58
55
37
25
10
9
38
57
55
44
32
25
42
57
53
38
41
59
66
58
67
80
81
0
85
80
70
72
75
74
72
68
70
76
71
61
57
55
55
56
55
48
37
35
34
40
49
42
39
45
39
27
36
41
41
48
52
51
52
49
39
36
42
59
75
72
51
29
27
41
49
48
51
48
48
50
50
41
26
20
24
36
44
42
27
26
43
64
68
49
32
29
34
36
37
42
45
41
33
23
34
54
66
75
83
72
60
65
76
76
64
53
57
68
73
70
68
64
54
51
49
48
45
28
9
-5
-5
1
6
11
19
39
57
51
38
37
38
41
34
28
34
43
43
35
32
40
60
80
86
88
91
86
72
66
67
74
71
60
59
69
74
71
71
80
91
104
101
91
81
91
123
130
105
81
85
129
163
154
129
100
82
61
54
64
72
70
65
60
65
67
61
55
51
53
53
55
48
42
49
64
73
75
68
55
50
51
60
70
72
70
67
55
38
19
11
26
39
16
-23
-37
-19
5
13
9
5
7
2
-3
4
8
-1
-7
-8
4
24
37
33
19
36
58
57
48
48
53
51
44
51
64
65
56
43
44
66
74
68
59
55
51
51
55
58
57
51
36
20
25
42
43
39
36
48
64
68
66
60
61
57
44
41
27
-3
-34
-58
-86
-108
-116
-115
-91
-59
-39
-27
-13
-3
12
44
76
114
132
131
121
108
101
101
102
103
107
107
100
104
112
104
99
100
101
104
104
100
99
102
106
105
100
88
84
88
83
92
109
108
96
82
73
74
75
72
58
50
57
70
60
48
41
53
75
92
97
88
81
74
66
55
36
20
19
37
59
76
67
40
28
40
41
35
18
1
10
37
36
11
-6
-11
-5
3
5
-2
-8
-6
5
18
19
16
8
3
-13
-27
-20
3
19
21
21
10
1
-1
12
26
34
43
55
56
52
48
44
43
35
27
26
32
44
44
33
22
8
3
18
41
53
43
28
21
19
16
21
28
34
32
27
34
33
12
7
16
21
18
9
1
0
5
13
23
21
5
0
10
19
17
22
20
9
0
2
5
8
16
22
22
26
42
49
49
40
39
40
39
40
34
24
26
35
32
23
35
44
38
32
36
49
54
64
65
65
68
69
67
72
74
57
37
29
40
53
57
57
65
66
49
26
22
36
50
55
51
28
12
17
28
36
41
55
70
66
51
44
42
42
39
33
34
48
65
75
86
82
75
85
96
103
107
108
100
99
97
92
91
88
84
88
0
97
102
103
106
115
112
99
89
88
89
82
66
53
57
66
67
60
53
49
52
59
58
52
39
25
22
26
28
32
36
41
55
54
49
52
57
65
65
45
39
51
60
64
58
54
44
39
37
35
44
55
69
81
72
66
69
83
89
84
76
71
58
42
36
50
74
89
90
83
66
57
56
65
82
72
50
48
59
65
70
68
74
89
98
85
67
69
88
100
86
57
33
22
18
8
1
-22
-53
-67
-68
-69
-73
-72
-54
-25
12
45
69
92
98
86
88
102
106
96
76
66
60
55
57
76
99
104
90
65
51
73
100
93
68
42
33
37
43
51
56
57
50
34
29
35
41
42
33
19
18
16
11
11
21
36
43
52
41
24
26
29
23
22
35
44
45
38
27
23
36
56
67
59
37
20
20
19
11
18
29
29
23
23
27
35
36
35
41
51
51
49
41
34
45
64
55
38
34
39
45
59
73
66
49
45
52
55
52
53
52
43
38
27
25
27
28
28
27
23
13
7
5
0
-7
-13
-9
11
36
33
20
20
24
38
68
83
69
55
55
69
59
35
21
36
56
70
80
85
84
85
82
75
70
67
67
76
86
75
71
61
43
25
20
34
55
59
49
44
49
54
51
42
42
49
53
59
57
51
51
55
61
56
44
35
32
36
33
27
13
-4
-13
-10
-1
20
49
74
84
67
42
21
10
21
38
49
49
48
51
43
50
57
58
54
48
36
23
17
21
34
33
32
36
26
19
27
40
49
49
41
28
23
32
34
21
17
20
26
34
40
39
24
19
17
8
-1
-3
9
33
39
27
8
8
21
32
45
61
56
38
22
11
7
9
21
29
49
58
43
27
32
43
56
52
40
44
56
67
68
67
53
29
17
13
32
50
53
56
58
65
69
54
29
16
28
67
97
91
71
59
74
96
102
96
86
84
92
117
124
105
83
70
75
90
108
114
97
81
81
91
96
97
86
70
80
102
109
103
90
83
72
69
71
69
64
48
38
48
67
69
57
49
41
52
71
81
69
52
29
19
23
32
32
34
28
3
-23
-59
-93
-99
-100
-92
-74
-35
9
44
67
80
74
67
72
73
58
41
34
37
41
49
54
58
64
67
64
58
54
48
36
38
34
26
27
45
66
59
40
36
41
44
42
41
37
32
33
40
43
45
36
28
36
43
42
27
18
10
-7
-17
0
18
32
48
0
72
86
89
80
56
37
27
37
59
80
74
57
51
54
52
45
42
54
68
66
53
48
48
48
33
25
18
5
16
41
54
51
38
12
-9
-5
8
21
40
59
53
39
23
21
29
29
19
12
18
28
40
37
28
36
44
34
19
35
57
68
66
64
71
64
50
49
55
66
68
70
71
66
59
55
56
54
53
55
54
48
53
73
92
96
85
80
68
56
65
76
83
73
65
70
67
55
43
33
28
36
37
26
26
39
45
37
34
39
52
57
56
54
49
48
45
51
48
34
35
52
66
60
44
35
37
40
49
52
51
41
35
33
25
18
12
26
57
76
74
57
38
32
41
59
53
25
5
5
19
40
56
60
51
27
12
16
25
34
34
32
25
24
36
44
43
36
26
24
19
11
10
18
19
24
27
9
-5
-1
13
28
43
51
38
27
32
39
40
42
55
60
52
49
50
42
27
25
40
51
56
68
77
65
50
50
57
53
44
49
54
58
64
52
50
49
32
22
20
24
39
56
68
81
83
70
53
49
54
51
25
7
19
41
54
43
38
49
72
81
66
48
35
40
51
59
59
52
49
58
70
66
68
76
88
96
83
72
90
119
117
88
66
64
68
58
43
25
17
27
52
70
75
85
93
81
52
40
48
58
73
84
88
81
50
21
4
-5
-6
-17
-37
-53
-70
-97
-117
-113
-90
-71
-57
-49
-21
19
57
81
81
61
59
84
96
83
71
71
72
82
90
87
73
81
92
91
88
84
69
56
52
59
74
80
66
43
41
53
64
59
51
36
20
21
23
22
19
28
44
42
25
19
23
26
17
10
20
25
24
21
20
28
43
52
43
27
17
19
25
17
6
17
34
40
39
44
53
54
51
54
70
80
73
64
64
71
73
68
60
60
57
54
58
58
55
52
54
53
52
55
50
39
33
28
37
42
43
49
56
54
50
64
73
81
72
59
56
59
74
84
80
60
35
16
20
52
83
89
84
72
56
49
34
23
39
74
86
67
56
70
86
89
68
44
50
68
72
67
70
81
75
59
58
57
50
41
32
23
16
7
12
36
53
55
56
64
66
65
58
44
35
23
24
37
52
56
51
39
36
38
33
28
34
35
32
41
45
33
22
25
35
35
20
8
12
16
11
18
21
10
6
12
24
27
12
11
26
38
39
39
41
33
35
45
50
49
52
55
51
54
0
72
91
98
85
72
71
75
87
96
85
72
68
69
80
69
40
37
58
72
66
65
69
57
42
50
66
68
56
49
48
50
42
33
22
23
40
50
48
38
33
45
56
39
32
37
40
37
26
19
16
18
17
12
5
-2
1
4
7
17
12
2
-2
0
-6
-10
-4
12
25
27
33
36
40
38
38
48
50
49
49
54
66
66
59
54
44
51
75
96
89
81
90
104
102
96
90
86
81
76
76
75
76
77
72
59
52
55
56
53
59
73
87
88
77
76
101
120
88
40
24
45
88
119
117
106
105
108
112
91
67
48
39
40
35
10
-12
-42
-65
-73
-68
-42
-18
-9
2
23
51
84
105
106
105
107
107
98
75
59
56
64
60
64
70
84
100
103
82
71
75
75
73
75
82
92
93
84
66
53
45
38
28
33
36
40
43
37
27
33
38
26
10
2
-3
-5
-3
3
4
0
-1
2
4
7
13
25
35
33
25
27
33
32
17
8
18
25
42
56
48
37
36
24
7
5
10
20
27
24
19
18
21
22
27
26
18
17
20
10
4
12
26
34
28
32
40
57
71
75
73
70
66
72
83
71
66
80
86
90
105
108
102
93
88
75
51
38
56
76
89
98
107
123
140
144
122
114
121
132
130
119
117
113
96
80
70
69
69
71
76
72
74
90
91
74
52
42
64
96
120
118
97
76
66
72
89
91
84
86
98
106
97
70
53
55
59
55
50
54
70
80
67
44
39
52
51
43
40
35
26
25
32
34
39
45
39
38
43
41
26
11
21
38
27
17
23
32
25
19
11
7
13
22
17
9
17
33
42
55
53
29
18
26
44
50
44
42
42
43
44
43
32
18
19
24
37
50
54
49
23
-1
-9
-5
-8
-19
-13
6
25
43
51
49
49
54
56
54
45
35
34
39
55
70
74
70
67
72
80
73
68
60
66
81
80
66
53
49
49
52
54
60
60
52
35
26
34
28
5
-10
-6
7
5
0
-2
8
12
16
17
12
17
10
-4
-14
-22
-17
-5
0
2
-2
6
20
6
-10
-14
-11
-17
-22
-22
-12
2
16
28
37
41
43
48
48
45
48
52
53
52
44
42
50
41
35
42
53
58
60
66
65
66
76
87
83
66
56
54
36
12
10
28
52
70
71
60
59
68
64
43
16
-3
-2
4
9
6
-17
-35
-46
-56
-50
-27
-9
12
35
44
53
69
93
90
0
69
64
74
92
103
114
118
106
88
64
53
57
65
70
60
56
65
57
52
56
60
57
56
66
70
70
69
64
40
17
12
25
33
36
52
68
84
91
83
69
55
56
60
54
45
39
41
52
68
64
39
21
13
16
16
8
9
20
34
40
41
44
54
56
38
9
-1
11
22
17
10
12
25
29
17
2
1
19
39
48
56
61
66
59
56
54
53
65
80
76
66
58
70
76
64
42
34
27
22
26
50
56
48
38
34
38
48
54
56
54
40
21
11
24
48
53
40
33
43
59
60
58
59
64
73
84
77
72
73
65
52
53
68
75
76
81
72
66
59
53
54
53
48
56
67
57
40
28
32
42
56
66
70
72
71
69
68
71
72
75
76
75
69
69
67
55
45
52
65
69
55
39
38
40
44
51
54
60
70
81
88
99
104
103
105
104
93
85
81
83
87
84
76
82
81
66
64
75
75
56
43
44
41
34
38
55
52
37
34
38
44
48
27
1
-7
7
39
54
53
54
64
83
89
85
80
58
37
39
54
71
84
80
71
61
49
33
32
41
40
38
38
36
44
71
74
57
28
9
22
44
51
45
38
33
32
40
55
54
38
20
12
19
8
-1
4
11
23
29
19
16
21
23
22
25
34
29
13
8
21
27
21
13
19
29
38
29
18
9
12
25
29
18
3
7
27
45
45
39
40
36
27
22
21
34
49
54
51
44
36
38
48
54
51
41
39
41
49
49
35
23
27
43
70
83
81
70
60
56
60
73
80
74
72
77
92
107
105
98
92
104
114
114
112
87
59
76
101
82
39
11
12
7
-7
-27
-50
-72
-81
-55
-12
22
59
89
106
113
114
116
121
130
120
90
64
55
69
91
106
101
87
88
100
102
99
91
85
80
70
67
77
92
90
84
74
67
58
72
93
89
66
43
41
53
57
55
49
42
28
19
42
76
82
58
37
28
28
41
43
33
24
24
36
51
48
32
21
24
38
48
38
28
18
16
23
19
5
4
26
36
26
17
8
9
19
23
12
1
2
22
37
27
4
-7
2
18
28
36
34
38
43
41
37
34
26
23
25
32
38
50
49
41
41
37
35
36
33
27
35
37
32
37
54
60
53
42
37
38
40
40
40
39
42
44
42
39
40
54
68
75
85
84
71
64
60
67
69
71
84
97
102
103
103
107
105
97
0
93
98
100
96
87
90
99
99
99
90
74
54
43
41
50
59
64
69
66
56
55
55
39
39
64
75
64
44
33
27
37
44
41
34
36
39
35
41
54
53
43
40
41
42
40
36
37
36
41
53
51
32
10
11
23
16
3
5
17
20
28
42
48
50
60
74
72
68
66
70
68
57
52
58
72
82
86
71
51
40
41
44
40
33
33
33
42
50
50
55
67
73
66
58
70
76
71
69
67
56
49
49
42
34
23
19
24
29
23
23
37
44
45
42
32
35
50
58
60
51
43
41
39
44
49
50
44
34
32
39
52
50
38
25
17
8
16
35
48
38
41
56
68
77
67
38
22
21
24
27
34
37
43
54
56
39
16
8
24
37
44
43
39
50
48
33
24
24
33
41
44
49
60
71
70
50
37
43
42
32
19
0
-8
10
41
56
59
66
68
64
59
68
69
60
45
44
55
73
83
70
67
69
68
57
45
44
51
64
74
67
36
-2
-37
-55
-59
-76
-110
-130
-106
-68
-43
-22
19
51
68
90
116
124
122
112
99
80
74
81
86
87
83
75
81
88
84
61
48
54
81
87
67
51
41
42
52
49
40
40
51
57
52
44
49
49
53
56
59
61
60
65
73
80
72
64
59
56
52
54
69
83
89
86
80
60
49
43
42
48
50
51
53
57
57
53
52
44
44
54
57
45
40
41
38
16
-2
10
40
59
65
60
80
108
131
115
83
74
98
115
119
117
109
96
82
67
66
92
120
122
115
120
123
118
103
76
52
41
51
58
77
102
107
92
61
34
25
45
73
90
87
83
92
114
124
120
102
88
83
88
96
96
86
68
64
69
72
74
74
77
70
50
28
27
42
53
57
57
54
67
93
102
77
43
32
37
41
25
0
-13
-18
-7
9
11
3
3
13
20
8
-14
-23
-21
-18
-13
-13
-14
-7
3
11
21
9
-2
-5
-2
2
1
4
16
19
18
13
9
0
-3
-1
10
25
32
18
4
3
3
5
10
29
36
7
-7
17
38
36
21
20
22
22
33
44
50
52
52
40
33
35
42
52
55
56
57
57
56
52
48
57
72
70
64
56
54
52
39
17
8
21
34
43
55
56
40
22
18
26
38
39
37
33
28
39
52
52
38
18
8
11
22
33
37
39
38
20
12
21
36
41
32
35
40
42
50
50
35
23
27
39
44
39
20
8
17
0
26
27
33
43
51
55
60
71
81
82
72
40
9
0
8
38
69
74
69
57
39
28
25
26
43
65
68
66
69
70
70
74
61
37
22
40
73
91
92
86
54
23
10
21
45
59
42
37
57
69
51
35
38
48
45
44
55
66
67
56
42
24
8
0
-3
-11
-19
-37
-66
-84
-85
-66
-42
-27
-17
4
39
67
84
87
100
115
115
102
74
57
60
74
76
59
44
49
70
90
102
99
89
86
89
85
71
69
76
84
85
92
93
76
57
43
48
59
75
74
52
35
37
50
60
57
36
16
19
33
37
38
43
40
33
32
23
18
21
17
6
3
-3
-5
7
24
32
33
32
35
42
44
50
51
41
36
36
28
23
32
36
39
65
80
76
71
66
59
74
85
73
42
25
40
68
84
83
72
70
72
58
38
33
50
64
56
39
24
24
38
42
21
-11
-29
-24
3
38
44
25
10
19
37
43
33
21
25
48
65
66
59
42
27
43
71
84
76
80
104
130
124
96
69
60
74
84
72
65
66
58
36
35
56
64
48
37
43
61
68
55
39
27
34
51
59
52
39
35
32
13
7
21
33
36
32
32
39
37
28
32
26
21
24
36
44
45
43
41
48
40
34
40
48
44
48
48
42
51
59
67
69
77
82
69
55
42
37
39
45
51
50
50
53
59
70
71
69
58
44
38
42
48
48
45
43
48
54
51
49
42
37
38
34
12
10
23
36
43
44
48
51
44
36
25
22
32
44
50
53
53
50
50
58
71
65
50
34
33
41
51
51
53
60
66
68
60
49
39
40
43
49
43
49
57
65
66
64
54
38
23
18
39
72
83
77
82
101
123
122
100
75
64
64
71
88
104
97
72
51
39
36
45
42
36
39
58
71
70
69
75
82
75
65
54
42
48
66
65
42
28
34
41
45
34
22
36
55
59
45
51
68
73
69
64
57
50
34
33
35
32
28
48
70
88
97
89
82
72
66
56
40
33
21
1
-18
-37
-62
-92
-108
-99
-73
-58
-58
-35
9
40
64
82
84
88
92
92
102
114
114
106
98
96
101
104
114
129
137
131
120
107
98
103
106
90
76
76
73
68
71
88
100
80
51
49
65
84
91
80
64
60
56
44
37
45
48
39
25
22
27
33
33
36
44
54
57
45
38
40
39
38
38
36
32
25
24
34
32
18
16
17
5
-3
-7
0
-4
16
28
24
16
9
2
1
9
19
35
53
59
53
38
26
27
36
38
40
44
48
54
54
49
53
60
65
56
49
53
65
73
64
48
41
42
48
48
40
29
25
20
18
16
11
13
16
11
5
-3
-19
-21
-10
9
36
64
81
86
88
97
90
84
80
76
92
104
108
107
102
103
102
96
85
68
57
51
40
34
39
52
55
51
42
32
21
22
39
51
51
40
37
41
41
25
11
18
33
42
54
57
56
60
68
69
67
60
67
82
85
73
51
33
18
21
38
42
37
32
37
53
58
44
43
51
51
48
51
50
42
43
53
59
59
65
74
82
82
71
67
69
68
76
90
85
80
71
68
64
55
50
37
29
38
35
10
2
11
20
16
6
3
8
8
5
8
12
21
28
39
54
60
51
38
35
40
41
44
56
54
49
40
32
40
56
68
69
70
65
56
54
64
65
60
66
68
61
58
55
53
44
34
29
33
37
38
37
20
-7
-19
-14
-6
10
28
39
42
42
52
66
77
69
57
58
66
57
44
55
71
71
71
67
65
53
48
54
56
50
39
36
40
57
72
74
68
57
55
64
64
45
37
50
68
85
84
69
69
80
86
87
76
67
57
64
68
54
27
9
-3
-20
-38
-57
-70
-71
-68
-46
-18
9
26
35
48
70
82
83
87
87
70
53
43
28
16
16
51
90
104
99
85
73
80
100
123
130
120
112
103
97
97
97
86
70
50
38
39
48
52
43
37
35
38
38
40
42
43
40
36
32
33
38
48
48
41
36
39
45
42
28
18
21
23
25
40
41
27
20
11
16
27
43
51
53
55
45
28
22
26
42
53
56
53
49
42
39
41
54
60
55
54
57
67
59
52
48
37
35
37
39
39
44
53
58
60
57
41
23
18
21
25
24
23
16
13
32
58
59
40
19
16
33
50
58
57
54
43
34
41
60
70
64
71
85
85
81
72
64
57
51
49
49
50
41
39
44
56
54
52
61
65
48
33
37
53
57
43
32
35
53
51
43
41
43
43
39
39
48
56
70
75
55
42
36
27
17
11
27
45
52
51
51
58
65
67
72
67
59
67
80
88
76
59
56
58
65
67
73
84
86
81
71
70
75
74
65
50
42
52
58
56
61
73
65
50
42
41
36
38
49
50
38
27
26
28
29
32
35
38
44
52
44
41
42
34
33
43
0
48
52
51
42
35
26
27
35
35
36
34
27
28
36
39
26
6
3
12
25
32
21
13
21
25
20
20
20
16
11
19
23
19
17
17
21
22
32
35
32
36
37
44
50
43
39
36
42
52
51
37
28
33
39
45
40
37
41
51
59
82
101
90
74
72
73
82
96
101
99
96
89
87
89
89
101
103
80
56
51
57
58
50
41
43
57
65
64
58
48
36
33
28
20
22
36
40
43
53
54
58
68
77
75
65
45
25
16
7
-10
-43
-85
-113
-107
-77
-53
-38
-17
17
56
85
92
98
99
101
112
128
139
145
139
133
116
103
103
107
122
138
139
131
115
106
93
72
66
76
101
130
134
108
75
60
68
84
90
80
50
24
18
27
41
38
29
38
53
44
34
38
52
56
53
52
48
48
48
48
50
42
37
34
32
16
12
24
39
44
48
51
48
42
51
57
66
67
55
44
48
53
54
58
59
57
43
33
32
44
56
56
49
42
33
34
45
50
41
34
16
5
3
-1
-11
-14
-5
0
1
4
16
32
48
55
53
51
54
53
51
50
49
44
51
61
81
80
59
56
58
54
48
55
68
64
64
67
53
40
43
45
50
53
42
26
19
21
23
35
43
41
38
38
48
49
43
52
57
45
35
29
26
13
18
32
42
39
36
40
38
27
35
49
53
48
26
13
26
59
80
70
45
40
49
52
51
42
38
40
45
48
44
49
60
60
48
51
61
53
39
40
35
22
16
23
50
60
51
50
60
86
98
88
81
84
89
83
72
68
76
91
85
68
72
85
105
125
129
114
103
90
85
83
86
89
83
73
71
89
100
99
92
90
88
91
101
96
82
75
73
72
69
58
53
58
65
67
64
48
23
11
20
34
40
36
34
29
19
21
23
6
-10
-4
16
27
28
16
-2
-10
-10
-10
-19
-33
-38
-46
-52
-37
-17
-9
-7
4
7
2
-2
1
9
11
8
6
11
18
27
35
38
34
32
34
35
39
38
37
35
35
44
60
58
44
48
66
70
68
70
76
87
85
72
59
50
48
53
57
55
55
55
42
35
45
65
70
74
68
50
34
21
1
-26
-59
-90
-106
-115
-109
-86
-60
-54
-50
-28
12
57
84
93
112
124
132
118
102
92
99
108
101
88
92
103
96
86
88
83
60
40
33
42
57
57
49
50
68
83
83
71
44
28
37
49
57
60
52
34
33
49
0
67
70
65
68
76
80
75
71
80
85
82
69
53
51
54
54
66
68
59
55
54
57
52
37
29
29
34
39
44
44
49
52
56
65
64
70
77
69
60
55
57
66
60
39
28
43
53
39
28
37
40
37
33
37
39
39
33
24
25
25
13
11
27
41
54
59
69
81
73
60
64
69
74
75
72
67
74
84
83
71
59
51
60
86
99
99
92
85
74
74
90
103
103
104
104
105
115
119
101
74
67
77
76
55
52
83
106
117
107
85
72
74
72
72
70
67
74
82
75
71
73
74
61
45
33
25
33
54
69
67
59
42
20
9
20
28
28
26
34
48
54
43
36
32
23
11
9
21
22
16
1
-5
2
2
-1
-1
-5
-7
-7
-6
-1
-6
-9
-3
11
21
16
7
8
9
16
22
25
25
24
23
27
27
23
21
18
18
29
48
53
58
53
38
21
13
17
19
19
16
13
22
27
40
44
39
48
52
48
41
35
34
38
50
61
64
59
61
59
58
64
69
69
43
18
16
24
37
56
70
82
75
59
48
56
67
68
