51
42
44
37
34
40
49
38
4
-14
-25
-35
-35
-46
-74
-73
-49
-29
-19
4
38
67
81
86
96
102
92
80
73
76
82
88
100
105
109
108
97
76
68
56
39
35
39
45
36
16
3
16
55
92
102
74
51
54
65
58
42
39
56
75
85
91
92
84
67
41
32
26
17
12
17
13
19
19
11
16
17
0
-11
-5
17
40
49
33
27
42
64
77
74
71
65
49
39
37
41
42
37
33
35
34
0
32
40
49
66
85
82
60
42
38
44
45
51
51
34
20
19
25
23
19
18
26
60
97
99
76
58
67
68
52
42
35
27
17
8
17
32
35
20
13
41
66
71
74
82
86
85
67
49
48
66
71
59
60
71
80
83
75
73
69
61
57
60
66
80
88
81
60
43
34
33
42
59
64
59
69
72
69
67
65
64
64
71
77
97
118
138
152
155
149
140
136
135
139
152
156
151
150
152
144
125
109
114
124
133
140
151
146
123
114
122
132
112
84
77
98
117
119
102
86
92
124
149
147
123
104
97
85
74
73
73
68
53
51
57
57
54
57
68
82
97
104
100
74
55
53
55
54
68
86
87
83
86
84
72
42
11
6
11
18
22
26
32
22
22
21
5
-10
-21
-11
9
28
49
53
40
28
21
21
33
49
52
40
21
5
16
35
32
19
2
-10
-1
19
38
37
7
-20
-28
-29
-27
-12
18
51
65
43
16
16
22
17
16
18
32
36
32
34
34
25
23
20
21
11
0
3
16
20
11
-1
-19
-26
-17
10
41
54
48
37
24
21
32
37
44
55
41
25
33
55
82
87
70
59
76
105
99
52
11
-6
-6
-2
5
21
44
69
75
71
57
53
59
54
32
19
27
27
23
26
21
5
-5
-6
-3
-3
-10
-12
-4
-6
-12
-10
6
19
23
29
42
60
80
80
56
39
38
35
38
45
43
42
34
28
32
34
40
42
39
41
51
53
51
48
41
37
36
39
45
53
56
67
73
74
59
40
26
21
20
10
-8
-20
-13
-5
-23
-52
-73
-83
-67
-34
-4
8
32
52
52
40
42
53
57
53
42
35
34
39
43
42
40
37
21
16
34
58
65
65
75
81
65
49
64
80
81
75
55
45
52
43
17
3
21
45
50
51
49
43
51
56
49
38
35
40
56
70
82
91
86
82
86
92
81
44
16
12
22
24
35
55
66
59
57
73
87
89
80
59
42
38
51
56
55
41
26
22
21
16
5
0
13
32
24
4
8
26
25
4
-4
20
56
71
65
43
38
49
58
51
39
39
50
50
37
28
36
36
32
22
3
-8
3
19
18
11
12
38
73
93
85
72
66
58
51
41
39
58
80
82
76
76
85
77
48
19
9
5
10
48
82
99
92
85
82
77
80
80
82
84
80
81
81
84
85
75
67
64
53
57
81
99
106
100
83
70
67
70
83
104
121
0
115
109
119
112
87
71
65
64
54
51
50
49
57
66
58
32
7
9
26
48
53
35
18
27
49
51
35
32
42
44
36
26
26
27
17
5
5
11
19
4
-4
10
44
74
86
75
58
34
11
21
41
49
43
48
53
69
88
83
66
51
41
56
81
100
101
92
88
73
49
36
36
38
38
50
64
70
65
59
59
50
34
34
65
87
92
96
99
97
75
52
44
42
37
34
28
20
10
12
23
33
32
11
-6
-10
-4
9
26
28
18
-4
-8
5
23
43
58
52
42
37
34
22
7
3
8
6
-8
-34
-51
-38
-7
9
10
9
22
54
87
77
33
-2
-6
3
26
57
69
60
59
67
71
67
56
35
11
12
25
33
39
45
40
27
19
17
21
29
39
38
19
12
43
64
45
36
48
64
68
70
70
64
51
48
42
39
38
43
53
65
72
73
73
77
83
83
76
67
52
40
36
39
51
65
60
50
36
36
44
50
44
35
20
7
24
51
64
57
38
18
20
34
36
25
0
-12
7
37
44
38
25
28
35
32
38
44
41
49
55
64
70
68
66
67
72
81
86
64
39
40
36
21
4
-18
-39
-55
-62
-72
-85
-87
-62
-35
-11
2
22
55
101
121
120
105
89
87
102
120
125
121
102
87
81
83
83
77
73
76
85
81
72
70
82
88
83
68
39
23
39
66
60
50
58
81
102
107
88
67
51
38
38
42
42
35
24
25
32
28
24
12
2
7
21
29
26
19
24
44
59
64
59
54
54
42
11
-4
7
42
81
97
86
72
66
56
49
42
49
65
80
89
102
102
86
61
51
52
60
71
66
48
44
57
64
70
69
66
59
55
60
72
66
43
36
39
49
57
60
67
75
86
74
49
32
37
53
55
48
49
43
33
16
-1
5
24
33
35
38
32
36
55
72
76
67
52
50
45
39
34
36
55
67
60
53
54
50
52
70
84
75
55
41
50
64
68
66
73
89
91
88
85
82
71
56
39
39
50
44
35
32
27
28
32
24
17
11
6
3
16
23
21
21
19
12
16
16
10
2
4
24
44
53
50
44
49
53
57
67
65
54
53
53
44
38
35
26
26
40
60
80
82
72
68
84
107
112
101
107
118
100
81
80
69
49
39
43
56
58
59
59
50
36
19
26
65
73
43
18
17
41
67
68
59
58
55
49
48
45
38
34
42
65
80
0
84
91
96
99
99
103
92
70
57
58
67
67
53
50
53
51
51
51
43
38
32
33
50
57
51
37
32
40
48
50
42
29
27
33
41
48
40
28
25
28
26
24
23
16
5
9
36
39
20
3
11
35
48
41
33
26
22
18
12
12
11
18
29
39
41
42
40
42
44
65
73
60
44
37
37
38
38
43
50
52
50
29
18
23
33
36
36
39
44
57
67
69
68
61
55
42
28
21
19
19
32
54
67
56
42
48
59
64
45
38
41
42
42
44
49
45
51
66
87
90
66
54
66
76
82
82
68
41
20
19
34
41
53
71
70
51
41
41
44
40
24
18
24
41
59
67
53
35
33
34
25
13
3
1
4
10
16
8
2
-10
-30
-43
-41
-37
-26
-13
-9
3
24
42
64
81
86
88
87
84
90
98
96
97
113
125
121
122
135
133
115
104
96
85
86
73
74
114
141
136
120
107
105
101
88
71
49
28
27
34
41
58
75
89
99
90
66
42
42
57
72
56
25
24
42
58
58
42
26
21
24
37
58
83
98
102
96
74
45
37
45
50
45
32
22
28
42
49
41
36
33
32
25
25
39
50
48
50
51
50
44
32
8
-8
-12
-17
-19
-7
6
10
13
34
53
57
53
38
24
24
28
33
39
55
68
74
68
55
53
52
50
44
33
19
22
29
33
40
56
57
53
43
27
11
6
13
29
41
42
26
29
60
80
84
86
87
89
90
86
74
69
54
38
38
55
58
50
51
64
60
48
34
27
34
34
32
40
43
36
25
21
34
48
33
5
3
42
99
121
103
70
50
41
43
40
36
28
26
44
69
73
60
41
27
26
38
52
56
53
53
60
69
70
73
72
67
68
72
60
38
35
48
54
51
37
29
36
43
42
41
43
41
34
33
35
35
26
17
17
33
49
52
55
50
44
64
76
65
42
27
29
53
70
70
60
55
58
68
67
58
53
50
42
34
34
37
28
12
18
25
20
12
20
37
50
42
27
16
18
32
41
34
22
24
34
26
28
35
37
40
58
83
83
67
64
67
69
60
53
54
54
49
52
60
71
88
85
61
52
68
83
81
76
85
101
118
128
128
122
105
75
52
49
60
75
82
85
85
61
32
26
26
18
12
16
13
25
43
56
65
72
82
82
82
77
67
35
16
18
43
75
74
43
17
17
36
53
66
0
65
59
57
56
50
42
44
48
49
42
40
50
60
57
48
37
27
19
7
9
18
17
11
16
16
18
21
32
41
23
-18
-25
0
36
71
91
85
69
49
42
66
92
100
77
48
41
67
97
90
60
28
7
8
32
50
55
73
98
105
92
85
85
83
72
55
37
22
26
37
41
50
50
41
19
-4
-9
-4
-1
-17
-54
-105
-133
-126
-84
-24
6
9
16
36
56
73
82
75
68
73
87
115
133
133
123
104
86
84
86
73
68
87
107
108
101
102
107
121
132
123
107
93
82
67
49
40
33
26
25
23
17
8
13
10
-2
-8
-8
-9
-6
10
22
23
24
23
20
21
25
26
34
49
56
50
33
12
12
23
26
32
39
51
64
68
60
56
57
59
64
52
26
20
42
67
68
66
60
56
41
33
27
23
21
28
49
66
74
70
64
71
81
70
57
53
45
32
41
60
58
33
12
18
23
21
35
58
60
55
65
77
83
75
65
53
42
32
43
60
56
53
52
49
49
56
66
72
73
68
64
59
51
44
43
41
29
20
13
11
9
6
13
25
20
11
13
9
7
18
16
2
17
38
55
55
50
33
18
27
57
66
60
60
59
65
60
42
29
34
40
40
50
66
74
71
64
70
88
92
86
74
60
57
71
72
55
37
29
36
61
89
98
88
68
54
60
92
104
82
56
39
42
70
102
116
112
92
71
64
72
84
85
72
58
51
56
59
60
54
50
55
64
73
88
97
86
71
57
40
21
12
29
54
72
81
77
67
44
20
8
8
18
28
39
48
41
23
10
16
25
37
49
50
41
41
41
36
34
24
17
13
22
41
53
32
18
26
38
50
53
38
24
25
40
54
53
56
68
59
39
26
35
43
39
32
26
27
27
32
29
25
27
43
45
42
43
49
44
39
42
41
37
40
57
68
69
68
68
68
59
51
48
52
52
41
28
29
43
55
61
66
68
67
57
50
43
36
27
34
41
52
70
82
80
72
58
45
38
26
19
19
33
54
68
50
22
21
45
73
88
87
68
58
57
56
54
57
50
37
36
54
67
68
55
42
44
49
50
49
53
58
58
54
53
51
41
21
1
2
18
38
59
75
85
86
76
73
75
74
64
54
39
33
41
59
60
52
38
27
34
43
54
57
53
60
69
59
52
52
49
38
32
40
60
72
70
66
68
67
54
0
49
39
34
33
16
-6
-28
-37
-38
-54
-81
-87
-73
-59
-38
-11
3
21
49
66
65
68
70
59
53
56
66
76
68
42
42
50
53
67
76
75
80
87
88
87
92
105
108
105
101
83
73
87
105
112
91
67
55
58
76
83
60
34
18
8
2
7
32
48
44
50
50
37
26
25
26
28
26
22
22
29
39
42
39
25
9
-2
0
8
10
6
17
41
43
23
26
42
43
33
38
54
60
59
61
60
55
51
40
25
11
16
18
4
0
28
60
65
49
49
65
81
82
66
50
43
33
34
50
65
55
34
22
27
38
48
55
60
58
60
49
27
33
43
29
10
9
27
48
54
55
53
43
44
57
69
70
66
55
50
41
39
50
49
26
19
28
37
42
43
43
48
52
52
52
52
48
40
44
53
53
52
42
27
25
43
66
65
56
65
71
74
74
67
53
52
66
90
112
103
74
53
51
55
66
56
36
22
25
43
50
38
13
-2
-8
-10
-20
-25
-18
2
18
22
12
4
18
48
59
48
28
29
43
55
56
55
53
39
20
17
33
58
72
65
60
64
67
66
51
51
65
82
83
73
66
75
98
105
99
82
60
49
42
53
67
60
49
43
44
35
21
25
37
39
48
57
68
81
83
73
66
60
68
69
58
26
1
3
32
50
48
44
60
90
105
91
80
73
75
81
74
76
83
83
83
90
104
106
90
85
102
123
131
119
98
87
81
65
59
69
64
50
35
36
69
112
133
117
81
54
54
52
42
29
18
22
44
70
65
38
25
35
39
25
11
22
45
58
58
52
40
24
19
18
21
24
19
8
2
6
16
19
25
34
24
21
34
42
36
25
21
11
6
6
0
-11
-7
19
36
34
26
22
12
21
54
80
71
55
57
58
53
43
34
32
37
53
66
70
85
98
102
106
104
96
85
76
75
77
80
75
69
64
64
54
39
35
37
37
41
53
64
70
74
74
66
52
50
66
69
57
54
41
32
27
22
17
0
-27
-51
-55
-43
-35
-50
-70
-70
-45
-26
-6
29
67
75
71
68
69
85
112
114
101
97
84
65
58
57
64
73
91
101
103
99
91
86
80
82
82
84
82
72
70
76
72
68
66
67
67
64
55
49
44
41
36
33
37
52
69
89
105
104
85
53
27
11
12
29
54
73
72
68
70
74
72
61
36
5
-13
-14
-3
10
23
28
29
0
33
37
38
36
50
66
56
44
28
10
20
56
88
90
81
68
66
71
75
83
67
28
-4
-9
1
3
0
5
9
10
19
24
9
1
16
28
34
38
52
66
71
73
70
56
43
39
27
23
25
36
40
48
59
53
40
44
58
59
28
-14
-36
-7
38
73
84
70
51
50
60
72
72
56
56
82
101
98
76
66
43
28
29
45
69
82
96
105
104
104
100
90
80
67
58
51
48
48
68
82
70
58
59
66
55
43
36
19
0
-3
13
41
52
34
21
24
33
33
27
34
40
38
29
24
17
17
8
-3
-18
-10
0
2
7
12
10
3
-6
-17
-17
4
28
38
38
48
66
59
44
37
23
19
24
36
43
43
40
41
52
69
74
67
52
45
52
56
52
35
18
13
11
17
25
36
41
42
41
44
59
69
71
59
39
41
55
67
69
67
58
55
64
71
61
56
72
76
58
42
42
50
54
55
60
65
70
73
68
59
53
53
60
75
81
65
39
27
28
32
37
52
74
98
107
112
96
59
32
33
48
43
23
3
9
56
92
80
43
22
23
42
64
54
34
27
34
36
32
26
48
81
93
89
75
68
67
68
60
42
33
43
69
81
61
37
34
54
56
42
44
53
56
51
39
45
59
50
21
4
-2
9
41
67
76
76
81
80
56
33
20
19
28
38
39
35
39
44
43
56
80
91
89
76
69
71
69
56
41
35
38
53
72
81
76
75
73
66
56
59
64
58
44
22
13
36
50
44
41
39
39
42
45
41
36
38
49
53
58
59
64
69
71
58
51
48
43
38
32
26
9
-9
-14
-19
-25
-37
-50
-53
-43
-30
-18
6
33
52
73
85
77
60
58
65
67
57
44
37
41
52
57
58
57
61
69
68
56
40
36
43
48
43
52
58
66
59
40
23
26
48
57
65
73
75
76
81
75
67
65
64
75
97
102
98
90
82
67
60
58
55
55
56
55
49
42
44
49
40
24
18
33
50
51
49
52
59
59
41
23
26
39
41
43
54
55
55
55
45
40
41
48
55
57
64
65
55
42
45
60
71
60
44
43
53
60
68
69
74
85
84
60
38
33
36
42
43
40
37
49
71
91
91
82
72
65
66
74
65
44
43
56
60
64
80
98
96
74
61
50
28
21
38
56
57
67
88
96
86
77
73
65
57
69
89
99
102
112
123
120
118
129
140
0
148
138
129
124
105
90
86
70
49
41
57
54
18
-5
-5
0
-3
-10
-19
-14
5
26
36
34
35
38
38
29
24
17
11
20
24
21
6
-17
-20
-3
8
7
20
37
44
37
27
39
58
60
58
57
58
48
33
36
44
41
33
29
33
29
24
22
25
32
23
19
28
44
52
41
27
34
44
48
45
49
54
64
54
33
16
13
27
40
40
36
32
27
27
32
28
36
55
73
83
87
97
100
86
66
58
61
64
56
55
65
84
97
87
65
43
28
9
0
0
0
25
67
101
120
115
77
49
36
35
48
53
45
38
43
74
97
83
55
37
23
23
28
24
16
23
38
49
38
26
39
50
48
37
28
24
25
35
35
18
8
19
41
68
73
59
50
54
54
40
9
-7
4
37
75
99
96
73
56
39
19
12
24
22
17
24
50
91
124
114
74
50
35
34
45
66
80
75
59
56
56
48
33
21
16
12
21
43
58
68
68
54
34
26
22
10
1
7
17
18
8
7
16
26
37
54
61
59
59
67
69
51
22
2
-7
-4
12
35
51
54
49
41
48
66
77
76
77
76
69
71
85
92
75
28
-11
-11
17
39
39
24
20
24
36
55
84
96
87
73
59
50
36
7
-35
-53
-54
-34
-17
-27
-65
-76
-59
-50
-40
-21
4
26
54
82
85
81
76
69
61
65
67
68
68
58
51
44
41
48
65
72
65
52
51
69
88
98
86
67
43
38
48
48
49
53
48
34
10
5
21
28
34
41
50
59
64
49
35
45
66
66
44
21
7
7
24
33
16
7
18
39
58
53
28
11
0
-8
-3
8
28
58
86
88
80
74
72
72
84
91
89
90
100
118
131
112
85
88
112
123
112
85
67
58
64
68
81
101
103
91
83
81
75
66
55
52
58
77
99
104
92
96
93
70
26
2
3
27
59
80
71
43
20
8
-9
-25
-27
-13
8
24
39
57
57
36
33
42
41
33
37
53
70
66
65
67
64
59
53
50
50
44
44
49
52
59
65
45
38
41
40
40
34
26
26
36
51
50
32
12
3
1
17
55
96
102
85
71
69
65
53
43
38
34
37
54
76
86
87
74
67
60
41
22
16
23
51
81
90
89
89
99
115
106
83
55
18
-8
-8
5
24
33
24
20
20
9
4
10
26
45
44
33
26
33
48
60
55
49
50
60
84
76
37
18
25
36
48
0
72
99
116
114
104
87
77
76
84
80
66
65
76
90
102
104
90
81
71
52
19
-9
-21
-5
7
2
-6
-9
-7
-10
-5
8
20
8
-2
-4
-6
1
12
12
0
-6
7
32
42
42
33
21
24
32
40
59
75
77
73
72
71
55
44
54
73
89
88
80
80
83
99
116
114
99
80
69
59
44
25
12
12
24
36
35
22
21
35
44
55
43
27
19
18
20
10
-6
-23
-22
5
38
56
64
66
57
56
67
68
40
19
32
60
100
130
138
135
115
82
57
51
42
38
48
67
88
86
66
51
40
22
9
18
21
16
2
2
8
8
21
44
75
90
70
51
43
36
32
39
54
73
90
89
71
57
60
72
83
86
81
69
72
96
122
145
133
99
72
68
83
101
97
75
50
37
42
40
34
39
55
55
49
43
36
33
25
10
-9
-25
-54
-78
-86
-99
-123
-123
-82
-37
-20
-13
1
23
44
70
76
67
55
65
89
107
102
85
75
74
67
59
68
90
116
128
117
102
112
119
106
90
80
82
99
108
99
72
55
57
58
54
54
55
58
50
40
42
50
54
64
65
57
42
24
0
-20
-5
32
64
73
68
50
40
36
22
7
4
1
0
10
22
36
56
69
84
85
73
66
69
72
58
24
8
12
22
18
11
32
66
91
90
60
35
35
44
49
48
39
32
29
32
37
40
42
40
26
2
-9
7
32
55
86
97
82
69
54
39
39
54
73
97
103
97
81
65
55
55
64
72
88
90
68
50
53
51
27
18
33
50
56
57
61
72
87
98
84
50
24
25
27
25
18
12
17
22
28
36
39
36
40
57
57
38
19
7
8
17
27
52
75
87
99
102
98
87
82
90
101
106
108
106
100
100
101
96
75
60
60
66
69
69
68
56
48
44
35
24
11
-1
-2
17
36
45
44
33
18
8
0
4
1
-13
-19
-10
-4
7
0
-14
-7
19
27
11
12
48
71
66
55
59
68
57
52
59
73
77
69
50
36
28
28
34
32
22
24
35
43
49
54
52
39
34
37
56
75
89
100
91
75
65
55
51
50
40
37
54
77
85
69
49
43
51
44
27
27
39
59
84
87
75
64
56
65
80
89
88
76
61
49
35
20
11
16
34
54
57
54
58
50
36
33
25
35
50
58
57
52
45
35
20
3
-7
-10
-6
8
26
32
19
11
7
-3
-6
-7
-9
-1
21
33
0
39
52
48
24
9
12
20
23
21
25
39
51
49
33
16
18
22
24
34
51
58
54
44
36
27
25
34
57
88
96
74
57
60
75
89
86
75
69
66
64
64
57
56
64
65
57
48
41
44
58
72
75
67
51
36
37
50
61
64
50
43
58
69
59
53
50
44
44
51
57
59
56
52
49
54
58
50
41
42
53
52
51
50
34
1
-27
-20
25
73
82
44
19
25
55
80
70
48
32
39
59
88
113
107
82
49
27
24
9
4
8
6
-21
-52
-51
-37
-27
-25
-5
28
60
82
99
107
112
106
92
83
73
69
80
85
86
86
72
58
56
55
65
88
109
107
88
86
98
97
85
67
50
48
55
66
74
74
68
61
65
60
48
37
27
19
13
6
-6
-11
4
38
67
67
43
26
24
37
43
42
41
38
36
50
66
68
70
76
71
56
44
38
37
49
39
13
6
17
32
37
48
66
82
74
59
44
35
41
58
67
66
52
40
32
27
33
40
44
43
48
54
56
55
59
67
66
66
66
55
39
36
28
7
-2
9
26
35
33
41
55
64
67
60
39
32
38
37
22
20
34
45
36
27
42
54
45
35
25
18
16
17
21
23
22
19
11
6
28
68
80
61
43
48
64
81
83
76
73
72
57
35
13
16
35
59
77
65
48
48
69
72
56
48
50
60
82
97
97
86
82
85
84
75
64
64
65
42
17
11
24
20
10
12
26
59
87
85
64
52
51
53
70
87
88
70
53
65
83
89
71
35
19
23
42
57
55
45
42
36
24
13
12
12
16
18
22
26
32
41
49
48
34
34
55
84
102
92
74
57
39
28
33
54
71
71
71
75
75
65
56
67
70
64
53
42
40
43
43
34
29
49
70
73
60
43
33
27
28
16
3
13
51
69
52
38
52
82
106
106
85
65
57
55
52
44
35
26
28
36
39
41
37
27
28
40
52
54
55
67
75
69
64
61
70
69
68
72
72
68
64
59
48
32
20
18
27
48
58
50
35
10
-8
-9
1
24
41
35
12
0
-3
21
51
56
42
27
21
25
29
18
4
2
18
35
36
25
21
32
44
43
28
11
9
24
36
32
13
21
44
51
38
21
25
51
75
86
84
69
52
50
56
67
71
72
70
64
52
44
34
21
17
27
55
89
108
88
54
43
43
44
49
45
35
26
34
52
77
102
0
114
97
65
36
21
22
34
39
48
70
96
98
83
60
53
74
83
58
24
6
-2
-9
-26
-51
-58
-46
-37
-29
-19
0
18
43
69
74
70
68
70
83
98
103
92
76
72
83
85
82
80
84
92
91
85
55
17
11
27
33
35
39
41
41
40
43
56
65
58
41
18
7
10
6
1
-4
-11
-19
-12
3
5
4
22
40
37
34
39
44
50
52
53
56
45
20
8
24
44
54
53
64
77
75
54
32
24
33
48
53
43
34
36
41
52
57
43
35
43
54
51
43
49
59
55
39
32
28
35
35
33
34
37
54
65
59
65
67
64
56
50
53
59
59
69
83
93
103
103
93
71
51
56
68
68
58
65
81
77
74
85
88
76
71
83
90
87
86
76
65
71
96
102
82
56
41
44
50
49
52
53
51
44
40
37
53
90
108
90
64
57
70
64
48
49
55
68
90
116
117
83
49
41
48
42
36
37
43
54
53
51
49
36
25
24
25
28
34
38
53
69
72
72
80
83
82
76
66
59
54
57
68
71
70
49
10
0
17
34
43
36
19
10
17
34
49
28
5
7
25
50
65
59
54
65
55
23
10
19
28
38
54
59
70
84
99
91
71
64
54
41
37
26
12
9
8
13
25
28
26
19
21
32
33
26
27
36
49
66
74
76
80
71
48
19
13
26
38
40
45
53
55
40
28
27
25
9
-21
-36
-9
49
87
88
82
81
73
59
44
33
45
74
81
67
64
73
87
85
69
52
49
44
36
35
50
65
70
56
34
20
16
20
24
25
19
17
32
38
37
41
44
43
56
72
69
52
44
48
64
84
83
72
69
68
57
45
44
51
61
60
43
29
34
43
39
26
18
17
3
-12
6
54
72
54
29
24
37
43
27
19
8
-6
-17
-18
-2
27
60
67
43
32
37
51
54
54
42
18
8
28
58
72
