32
16
24
39
42
49
44
33
35
41
40
35
56
81
82
74
61
56
59
70
82
89
102
104
80
43
37
52
58
50
40
41
43
54
66
75
83
68
56
66
84
92
88
73
70
74
69
50
39
37
21
11
24
36
26
0
-30
-61
-77
-75
-74
-71
-58
-27
11
38
60
80
86
77
72
67
65
81
96
82
58
40
38
32
25
38
58
75
82
73
66
65
60
60
67
73
74
53
22
11
34
51
36
11
8
21
23
16
5
2
-1
4
4
9
28
51
52
42
25
7
5
12
24
36
48
57
75
88
85
73
72
80
80
66
57
69
97
115
97
70
65
64
58
58
53
49
44
48
44
34
16
2
7
35
53
42
26
35
50
59
58
34
0
-12
-7
20
49
48
37
40
52
49
48
53
59
57
36
19
32
57
67
70
85
101
99
88
86
103
121
123
107
86
61
54
66
88
98
92
82
74
69
57
51
56
60
51
42
40
42
41
36
37
52
70
73
57
37
12
0
7
32
58
65
48
42
58
68
48
24
17
13
23
38
48
51
53
56
51
40
38
41
43
51
69
80
77
74
72
75
72
52
34
19
21
24
22
32
43
50
50
45
42
48
56
61
70
71
56
42
34
27
25
35
48
39
25
23
25
20
0
-26
-40
-39
-22
-8
-5
6
24
28
20
21
24
23
26
50
68
83
105
113
104
102
91
73
67
85
113
120
109
97
93
90
77
60
45
32
23
35
48
42
0
36
28
23
10
-1
-7
-6
4
17
25
23
4
-9
7
36
40
22
-1
-10
2
27
49
49
43
55
67
67
71
75
56
27
24
44
83
119
124
107
87
69
52
49
64
75
72
55
44
38
33
36
33
21
25
42
45
39
40
43
49
42
36
42
49
44
44
54
54
42
21
2
-11
-20
-10
12
42
57
53
27
11
24
42
44
36
20
12
20
27
33
27
27
41
49
44
44
42
45
49
53
60
67
59
52
50
50
48
49
57
64
68
70
76
83
86
92
76
54
44
36
28
28
35
39
41
32
20
19
18
27
38
51
51
22
-9
-9
7
37
52
49
43
44
38
35
22
4
-10
-27
-42
-50
-43
-38
-35
-26
-22
-21
-13
8
35
54
88
115
102
75
64
67
71
80
80
61
55
60
65
75
90
85
72
71
75
85
84
72
57
52
55
54
43
24
17
21
37
57
72
71
58
54
60
69
73
65
45
28
19
18
19
19
32
41
48
49
51
51
42
38
34
26
6
-4
4
12
16
18
24
32
23
16
24
37
23
10
12
24
41
51
54
51
45
39
26
19
18
18
21
35
58
82
77
66
73
100
122
120
99
84
90
100
98
91
81
75
84
87
87
83
66
50
54
57
44
33
23
24
32
42
54
64
69
61
59
60
54
26
-4
-13
0
21
37
49
52
52
51
52
53
50
43
36
38
48
43
27
25
54
74
82
76
71
77
91
105
103
96
102
114
102
87
88
97
92
82
75
73
57
43
35
32
32
41
40
18
-6
-10
1
25
41
35
17
6
22
36
27
17
10
10
19
24
25
24
24
21
12
5
5
21
43
52
39
34
43
65
69
65
60
68
67
57
59
58
58
69
73
65
59
55
50
52
68
69
45
13
7
21
35
36
24
7
-2
-2
3
4
0
-6
-5
6
21
35
38
32
19
11
18
35
43
43
37
32
44
65
68
57
52
52
48
44
58
98
123
115
99
87
74
68
57
52
68
92
100
86
74
77
86
85
74
69
72
71
68
67
71
71
66
60
59
60
57
53
50
56
57
44
45
58
57
56
58
54
37
20
18
32
42
40
37
45
57
53
34
25
21
21
40
66
80
88
92
84
68
60
69
67
49
39
53
72
71
43
26
25
25
20
25
28
17
9
19
33
41
48
50
57
64
68
66
42
18
1
2
23
45
66
84
98
87
68
65
81
0
90
80
61
50
41
37
44
66
73
64
48
32
24
43
64
54
35
37
69
91
84
53
26
27
28
21
17
24
36
45
51
55
49
39
32
18
-1
-24
-55
-73
-68
-57
-65
-73
-61
-44
-37
-23
18
55
72
82
87
85
65
40
33
34
38
51
70
88
76
65
57
59
58
48
34
34
42
57
83
96
87
71
60
52
49
37
10
-4
-2
10
20
26
36
41
34
26
35
40
42
48
36
16
3
11
38
65
85
84
69
74
71
50
41
39
24
17
21
35
64
90
91
82
65
44
42
54
64
60
64
71
69
56
53
58
53
39
48
52
42
40
53
57
57
40
23
36
53
58
53
37
28
24
25
25
28
43
51
50
49
55
55
44
41
40
38
38
44
52
58
68
69
61
52
54
68
82
88
85
70
56
52
51
49
51
56
59
67
74
73
67
71
88
96
70
39
38
51
52
48
41
29
18
19
22
27
43
54
49
39
28
26
25
22
27
32
37
40
37
40
59
81
85
65
55
67
80
80
64
43
41
49
44
40
54
69
72
87
99
98
87
81
74
67
52
28
18
32
52
57
58
65
64
55
50
55
52
45
54
61
51
49
66
69
54
44
50
66
82
92
85
70
56
38
27
21
19
23
41
64
84
86
59
33
24
26
41
60
60
54
68
97
100
75
48
25
10
7
8
9
9
8
16
34
39
17
-7
-18
-14
-4
0
-5
-2
4
8
10
20
34
35
23
24
38
42
43
52
51
37
20
11
16
23
45
73
81
77
80
71
55
40
23
11
17
35
50
56
67
81
82
80
84
74
69
76
82
72
54
37
34
48
57
61
67
66
59
33
-9
-33
-37
-29
-7
10
20
29
51
74
90
90
69
33
7
8
23
44
58
59
64
50
43
53
65
72
72
60
58
69
81
82
66
45
43
44
34
11
1
11
28
22
2
-2
16
43
65
54
36
18
2
5
24
27
13
6
6
5
2
4
1
0
8
16
23
25
36
51
56
55
50
43
36
33
42
57
60
57
59
71
87
97
90
89
87
84
84
65
28
11
10
3
-3
-21
-54
-73
-74
-60
-50
-52
-56
-43
-10
19
35
45
51
44
52
69
76
64
43
49
61
64
58
56
50
41
42
53
65
64
57
57
67
80
85
97
106
106
101
93
86
81
67
60
69
83
84
67
44
37
49
65
67
59
54
52
53
51
41
40
0
44
45
33
19
24
48
68
72
68
56
35
11
9
19
25
40
55
60
59
44
44
50
43
43
50
66
83
85
81
91
91
68
45
36
44
67
85
83
76
77
88
97
99
98
85
64
49
41
36
23
10
27
60
70
53
37
32
43
65
72
56
39
36
43
42
37
43
33
12
18
37
49
57
65
69
71
60
41
37
45
50
56
57
58
67
73
70
55
49
55
65
66
73
89
100
96
86
77
60
43
40
51
70
83
68
55
58
57
49
34
27
33
36
35
21
3
3
9
10
20
37
55
64
59
59
56
45
34
37
43
41
38
33
23
33
69
100
100
83
56
41
56
82
84
69
56
56
69
97
107
99
88
81
74
75
71
66
57
42
28
32
39
41
27
10
7
8
7
-8
-29
-33
-20
0
12
17
5
9
36
39
12
-11
-6
23
41
43
43
43
38
36
38
27
7
-3
3
7
6
10
27
40
34
26
26
23
24
37
42
41
25
17
23
35
38
41
33
19
6
5
7
3
-4
-5
-6
-11
-4
11
23
25
27
38
38
27
24
26
40
58
65
49
29
32
40
54
71
73
66
57
64
72
75
83
89
99
90
70
73
86
86
84
82
83
85
86
85
71
59
55
48
39
23
21
32
39
39
25
16
20
26
32
45
69
83
82
58
36
24
36
52
60
70
74
74
75
86
96
91
70
41
28
27
35
54
86
102
108
117
113
103
92
81
69
59
55
54
54
59
77
100
112
92
82
91
102
85
60
50
28
10
4
4
-8
-24
-28
-22
-17
-20
-11
-20
-38
-59
-75
-86
-107
-133
-130
-103
-76
-34
12
44
65
67
68
90
118
130
121
114
109
106
108
115
107
104
103
105
100
80
53
33
39
57
65
60
64
57
52
39
33
35
42
51
42
22
17
23
37
49
43
34
24
16
6
10
33
55
66
53
39
27
20
33
44
44
55
87
112
112
104
93
96
113
119
108
96
89
84
73
70
85
102
103
102
102
100
92
77
45
9
7
32
43
36
37
44
41
37
36
37
40
42
32
17
20
28
28
19
13
16
18
13
11
6
9
33
58
72
70
68
60
54
51
36
27
39
51
54
59
66
65
64
67
65
57
54
49
41
38
45
68
80
67
50
40
50
67
75
69
59
52
40
28
23
26
32
43
54
40
18
1
5
40
70
71
56
58
73
77
59
28
8
-3
7
40
0
84
102
90
68
45
27
12
17
40
71
84
66
54
57
57
43
25
18
24
53
83
83
68
72
88
88
68
43
28
23
25
37
41
42
26
1
7
34
56
52
29
7
18
35
38
57
74
69
57
60
83
92
82
64
57
60
71
75
72
69
67
67
70
68
55
50
50
54
68
71
64
57
55
45
32
25
20
8
0
-2
8
16
8
17
21
22
22
28
44
57
44
34
44
53
38
18
23
40
50
51
34
25
24
25
28
37
43
53
67
70
57
42
28
33
55
58
35
19
27
55
80
86
81
74
75
69
58
70
86
82
81
73
59
53
48
41
33
12
6
36
75
107
121
115
107
98
75
58
51
49
58
74
86
82
58
48
49
37
20
18
24
32
27
19
21
36
44
50
36
25
26
38
45
41
23
11
9
10
9
16
24
43
70
81
71
53
41
44
50
51
51
50
55
53
41
28
23
10
2
7
17
27
49
68
80
86
97
85
64
51
52
68
82
86
86
84
83
80
70
65
60
66
65
54
35
20
-1
-23
-53
-88
-117
-122
-100
-65
-37
-18
-5
17
48
76
99
115
119
108
97
88
99
115
121
119
108
97
82
81
97
100
87
86
89
88
82
71
80
99
101
83
68
75
89
89
73
45
26
36
54
58
54
48
44
32
10
5
25
42
39
24
17
23
39
53
64
67
70
72
70
75
86
89
74
59
52
49
48
48
56
68
56
39
28
28
49
66
61
50
27
18
28
36
37
36
33
38
49
55
55
55
65
57
39
32
35
42
50
53
50
38
28
18
5
13
36
44
40
27
25
35
37
43
54
53
48
50
51
49
48
41
37
34
23
22
18
8
6
12
39
67
75
69
56
55
59
54
40
33
41
51
48
36
26
28
38
60
73
73
77
83
81
74
65
56
55
52
48
52
52
44
48
49
34
16
17
36
43
36
22
25
55
80
75
61
53
60
77
85
81
72
75
87
84
80
80
77
68
41
40
59
55
36
27
49
80
88
72
64
67
85
91
64
34
37
51
49
28
25
49
65
48
20
12
22
25
18
5
0
-2
7
25
39
49
59
59
49
44
49
44
43
49
57
77
86
70
68
71
70
66
66
53
27
5
-1
6
23
48
69
87
99
99
88
74
60
42
32
36
54
61
57
52
53
55
56
53
37
23
33
58
68
57
58
64
59
56
44
0
34
37
35
29
21
8
8
21
27
33
19
10
27
57
74
71
68
71
68
50
26
17
24
33
24
16
21
29
27
24
35
43
44
32
8
0
20
50
55
49
39
34
41
53
66
80
86
75
59
55
56
48
35
27
37
43
34
27
42
59
80
88
70
43
35
43
66
71
60
54
53
49
58
69
65
58
53
38
23
13
19
27
22
12
9
16
13
6
11
24
19
16
25
44
51
51
57
61
53
56
73
84
83
76
75
72
71
64
38
18
6
4
17
28
26
0
-34
-58
-75
-90
-87
-72
-58
-42
-19
18
50
75
74
51
38
56
97
123
122
107
85
65
64
55
41
51
60
68
70
73
91
119
131
107
73
54
45
49
57
73
85
91
100
107
115
105
84
73
58
29
11
18
28
41
53
55
58
65
68
70
59
45
35
22
25
50
65
64
57
56
58
65
71
74
71
57
39
34
44
54
55
56
55
53
55
48
41
59
76
84
89
87
86
77
64
59
58
56
59
53
50
50
49
48
40
23
24
42
37
21
9
-4
-2
20
29
21
16
17
23
22
11
6
4
-5
-14
-6
27
60
64
59
69
65
56
57
68
75
72
66
73
92
104
106
109
102
86
73
72
69
68
70
74
89
104
108
104
96
73
58
59
68
58
54
50
41
42
48
48
44
36
13
21
39
38
29
26
10
-1
4
26
40
37
22
11
8
17
26
35
35
29
28
45
70
70
52
56
72
71
56
56
82
106
108
99
85
76
65
42
35
45
69
81
68
49
53
76
99
99
80
65
51
37
28
27
19
16
22
26
27
25
27
29
24
16
8
10
20
22
22
33
38
39
36
26
19
26
44
51
52
51
45
41
49
59
59
49
43
59
86
87
75
76
73
49
27
35
54
69
67
48
40
28
8
7
-2
-36
-53
-39
-4
42
80
76
55
39
43
52
53
57
61
65
64
65
70
69
51
24
12
25
60
81
69
49
36
23
12
19
24
24
24
35
48
55
55
40
11
1
7
26
49
57
59
60
58
66
73
59
39
32
36
42
43
43
40
37
45
60
68
50
24
16
27
37
26
11
8
20
38
44
39
33
38
40
35
27
16
7
16
33
57
89
104
89
59
35
25
41
59
73
88
92
89
96
102
99
81
56
55
70
80
72
65
64
58
41
24
16
16
32
28
-11
-51
-61
-73
-83
-77
-61
-42
0
-24
-5
8
21
42
73
84
82
87
88
82
70
71
75
77
88
101
100
91
80
68
72
80
88
104
105
88
60
42
43
56
58
52
50
51
45
48
52
51
45
38
35
34
40
44
40
41
51
44
41
56
72
72
58
48
48
48
45
51
64
68
64
69
77
85
87
97
101
88
71
69
72
82
90
85
76
81
84
88
93
98
88
74
80
89
89
72
57
55
51
42
36
25
16
19
23
26
34
34
16
-5
-2
24
40
38
28
13
6
7
10
19
22
18
25
42
51
49
37
17
-7
-9
6
28
48
59
61
60
66
69
60
55
52
55
67
69
57
51
43
43
44
37
19
4
2
4
13
26
27
17
7
18
40
55
59
64
75
81
68
56
58
65
65
69
69
54
42
43
45
39
40
51
52
38
35
33
22
22
32
27
21
12
11
20
23
26
34
27
20
23
27
35
37
27
17
11
8
3
9
33
41
29
19
24
53
82
72
43
37
52
69
76
67
58
68
66
53
48
44
48
54
66
69
59
43
35
50
71
80
82
88
87
80
77
86
82
68
53
49
54
54
56
54
39
35
56
65
52
28
11
12
23
22
16
-1
-12
-2
22
33
26
27
28
32
27
22
33
36
33
34
36
49
55
50
40
43
57
69
67
66
82
96
99
102
98
85
70
68
71
57
40
34
39
37
28
34
38
23
16
25
37
38
37
34
26
21
22
21
21
26
27
22
13
10
23
40
42
24
10
7
11
24
37
38
42
50
69
81
86
83
70
56
58
65
72
83
88
83
80
85
92
84
65
69
90
99
86
69
66
66
53
26
12
26
54
69
60
40
42
70
88
72
53
49
55
66
72
76
86
88
83
80
75
71
60
52
38
28
39
50
42
36
12
-11
-28
-35
-33
-29
-34
-26
-3
24
56
82
87
87
87
92
101
98
89
82
70
61
56
56
67
83
73
53
44
41
49
60
67
59
57
65
67
59
51
48
53
53
44
33
36
50
48
32
20
23
35
45
56
53
35
21
25
48
64
66
53
53
57
57
68
71
56
50
53
59
70
81
80
60
42
36
26
22
29
38
37
28
19
16
27
43
41
38
24
9
13
37
55
66
55
29
21
21
33
39
28
18
20
28
28
35
57
89
118
120
96
60
43
48
55
49
38
36
36
42
56
61
58
50
53
56
55
54
54
57
58
52
0
50
50
54
67
71
58
50
51
60
64
53
43
58
73
66
58
83
99
81
68
73
89
86
72
59
48
43
49
54
69
71
50
43
44
44
45
36
27
28
42
66
87
98
100
92
91
85
69
67
73
74
61
42
21
18
37
43
27
2
-11
-7
-5
1
6
12
23
34
43
48
45
42
37
37
42
50
52
48
37
36
42
44
44
56
67
65
55
45
43
51
41
8
-10
-11
-3
11
27
33
25
17
7
9
35
58
61
43
13
5
17
34
41
49
59
65
55
49
53
56
49
40
33
25
26
32
24
22
43
84
97
73
50
52
67
65
48
24
22
37
53
71
88
89
83
64
22
-4
-3
9
5
-3
11
45
86
113
107
88
84
88
91
86
70
52
56
60
64
52
41
38
34
26
25
37
43
51
53
57
66
61
49
37
37
36
39
40
37
29
35
35
32
48
65
66
53
40
38
41
35
25
26
27
22
24
29
26
18
13
20
19
5
-7
-1
21
41
49
40
36
40
49
55
58
60
64
56
48
35
33
42
50
66
87
92
90
81
66
60
67
82
88
83
83
85
69
40
21
19
12
10
17
27
40
53
65
76
73
52
37
26
9
-4
-17
-39
-59
-62
-50
-28
-25
-29
-25
-7
23
60
89
101
103
101
90
82
85
98
107
112
109
118
134
144
130
104
91
102
108
96
64
38
42
73
102
112
91
65
42
34
36
28
17
9
17
32
49
57
54
42
32
37
41
26
18
40
56
51
49
44
50
64
69
55
40
28
25
32
39
40
38
41
57
73
84
77
59
50
48
41
35
36
44
41
28
23
32
38
32
28
38
50
54
55
51
44
65
76
59
50
56
61
59
70
99
103
86
72
68
77
92
82
64
58
73
80
59
36
26
32
33
22
8
9
22
27
16
3
19
37
48
50
49
48
48
43
38
40
43
43
34
16
18
32
36
38
35
27
33
38
44
42
40
51
70
82
70
52
53
50
35
41
70
88
83
66
48
48
57
59
43
28
29
32
38
54
72
81
73
65
61
61
56
42
34
26
27
37
52
59
55
50
53
49
32
16
7
13
26
29
25
18
10
21
37
40
38
45
51
48
42
40
40
52
80
97
69
20
7
42
83
82
56
43
59
81
84
70
51
35
32
37
40
43
51
41
22
17
32
53
68
66
64
73
69
44
34
18
-4
-10
-12
-8
0
9
34
53
56
43
28
32
34
28
25
17
8
4
10
21
36
41
40
27
12
10
25
49
65
76
85
70
60
67
81
86
84
85
87
86
84
72
51
39
35
26
27
35
42
48
50
49
37
28
21
17
20
28
40
38
26
24
35
51
66
72
58
43
28
6
-6
-2
9
23
32
35
37
38
50
64
66
72
73
66
65
60
58
68
80
84
83
87
89
74
65
68
66
65
71
73
66
51
34
27
20
9
16
16
0
-2
16
26
38
50
52
45
35
25
26
33
27
32
43
43
26
22
38
53
60
68
75
73
82
97
96
75
58
65
87
108
117
123
122
129
135
128
106
85
68
65
75
87
56
2
-37
-49
-68
-99
-109
-102
-89
-83
-74
-61
-21
35
60
44
16
0
11
39
59
59
50
44
54
72
87
82
64
55
58
64
60
64
72
83
90
101
120
132
125
107
87
80
88
106
120
108
88
74
66
54
49
39
33
28
29
28
33
35
35
36
28
17
3
5
19
34
35
35
37
40
42
34
36
51
67
88
88
54
23
24
45
57
48
37
37
50
69
88
108
122
116
100
90
100
102
91
85
92
103
106
93
61
34
32
49
61
64
57
41
37
41
34
16
7
12
16
8
18
36
39
24
19
22
16
10
13
17
25
44
58
71
89
96
82
67
69
70
59
59
66
67
67
66
66
67
61
69
86
91
88
80
66
51
38
34
49
67
68
68
67
44
18
7
12
23
29
32
41
64
83
89
61
20
5
18
22
27
35
37
39
24
12
23
40
44
50
48
45
60
69
73
80
74
66
59
51
22
10
35
64
75
80
75
56
43
55
70
82
87
72
50
48
58
64
54
38
26
26
27
17
10
24
41
35
26
34
41
39
36
38
44
54
68
67
37
22
20
18
21
28
38
51
57
65
66
55
55
40
9
-3
6
21
37
64
67
54
45
42
35
19
11
21
22
17
23
29
28
34
39
56
74
69
52
42
44
51
53
49
43
52
59
68
80
86
85
69
52
41
33
32
39
50
59
67
66
66
64
49
34
34
38
39
37
32
33
34
25
21
20
7
-2
-3
-7
-6
0
3
2
2
18
42
51
33
16
28
56
69
74
72
65
69
84
92
88
66
52
53
57
67
67
66
70
83
90
84
71
66
66
74
90
89
88
90
83
67
57
54
50
50
52
52
44
38
34
0
34
34
25
3
-2
8
21
22
27
33
29
21
18
21
12
10
20
35
50
56
54
49
43
39
28
27
39
50
51
40
28
4
-19
-23
-22
-23
-21
5
51
89
109
113
106
107
113
105
103
116
108
92
88
85
82
90
88
68
58
60
66
68
56
39
33
34
45
59
59
53
52
50
43
49
59
76
93
103
96
71
55
58
66
74
80
73
72
74
67
65
71
67
59
55
48
50
60
68
67
73
81
84
85
76
71
69
65
65
60
43
26
27
22
6
0
1
11
35
44
39
28
13
17
40
55
41
22
9
5
13
23
22
9
-2
1
9
33
50
49
38
34
42
48
43
43
49
60
67
50
24
5
0
20
51
65
71
82
84
70
54
49
51
67
91
104
100
93
98
99
89
67
24
10
35
54
52
35
23
24
24
28
28
20
6
-2
8
23
32
43
41
25
24
37
52
58
53
44
38
25
8
-1
17
32
26
34
49
51
43
44
54
64
69
66
58
53
57
68
81
87
85
90
101
91
65
53
64
59
36
19
21
40
53
41
26
32
36
24
16
6
10
29
39
25
18
22
21
16
18
26
35
50
64
55
41
48
57
59
56
58
60
49
44
57
75
82
73
57
59
75
97
93
74
45
40
65
90
101
88
66
51
48
49
51
45
27
12
22
55
77
57
26
16
26
54
76
81
74
72
71
70
67
69
70
60
51
43
44
54
66
73
73
57
45
29
19
24
51
86
117
136
124
98
66
42
38
41
39
40
49
54
57
61
58
56
50
42
35
24
19
13
17
27
28
16
-12
-29
-25
-25
-21
-13
-12
-17
-13
2
29
44
49
48
51
56
64
74
80
82
75
57
55
64
59
65
77
91
91
80
67
67
70
64
50
40
40
39
40
52
54
48
41
39
44
39
38
49
56
64
64
48
29
12
-2
-8
-6
-4
-3
1
10
20
17
6
5
13
24
32
33
36
36
27
37
41
29
19
44
72
76
81
70
54
42
36
12
-20
-42
-44
-41
-28
-5
4
3
6
28
69
96
100
96
88
92
97
87
73
67
66
57
49
51
64
73
80
71
55
50
49
44
48
41
40
57
71
61
50
50
58
64
66
71
83
91
91
87
76
77
84
92
96
87
83
82
83
75
69
67
71
89
97
81
74
80
83
70
44
36
43
52
52
50
50
52
66
75
65
43
38
44
52
51
48
0
39
35
32
28
29
24
8
-5
-19
-19
-4
20
57
102
124
119
108
101
96
92
77
74
86
93
98
92
77
65
52
51
67
65
59
64
76
102
113
99
74
50
32
23
32
42
52
59
67
66
57
41
28
28
36
50
73
92
75
38
29
50
65
54
25
22
48
72
75
66
48
34
28
45
57
55
59
66
64
54
45
41
48
56
57
52
58
82
91
80
64
45
35
37
41
38
23
17
12
1
-9
-11
-2
5
7
9
5
-8
0
29
42
40
33
25
23
33
41
50
51
45
48
57
59
69
77
72
60
53
36
22
12
7
10
24
40
45
45
42
40
37
41
64
68
58
59
64
68
67
57
40
21
10
21
28
21
12
16
16
8
11
17
18
18
16
19
24
21
20
27
43
57
64
66
58
42
35
35
42
54
60
60
59
66
80
82
76
72
64
55
67
