70
52
34
23
25
49
74
87
75
48
27
32
20
3
22
55
71
74
73
75
77
72
70
70
59
37
21
23
36
41
34
25
6
-12
-13
4
24
21
5
17
49
82
97
85
57
36
25
28
39
49
54
54
45
41
50
58
58
34
17
19
18
10
11
22
35
39
50
69
73
58
41
35
40
50
60
66
56
41
35
37
51
80
114
128
121
112
93
67
42
33
39
48
49
54
60
64
59
48
37
36
36
36
41
41
43
59
77
80
72
66
52
35
23
22
23
33
39
41
36
34
32
35
39
37
34
27
24
28
36
38
44
51
53
53
54
44
33
29
27
22
25
27
29
32
37
54
66
53
34
23
23
28
28
33
37
41
52
65
69
54
38
37
42
36
20
20
27
27
21
25
50
67
72
70
58
50
44
38
27
11
11
32
60
83
91
87
71
48
24
6
-12
-25
-29
-37
-50
-60
-53
-22
7
23
33
54
74
89
99
99
85
65
49
53
72
91
101
98
85
71
55
39
34
38
48
39
16
0
2
16
17
17
28
38
42
42
38
35
27
27
34
37
51
81
96
82
65
66
74
80
74
83
96
98
89
82
84
96
90
70
43
28
29
40
44
55
57
49
38
32
33
39
43
33
20
18
20
18
20
22
18
10
7
22
55
81
76
58
49
67
81
74
58
55
70
72
64
54
41
20
10
28
57
71
59
44
44
58
77
83
75
72
68
74
86
81
58
42
25
3
-11
-7
9
23
36
56
80
77
48
6
-26
-30
-1
24
36
51
75
96
92
83
71
59
50
35
25
0
34
48
59
71
60
43
34
26
24
35
54
84
117
132
116
88
58
34
24
27
37
45
58
66
64
52
40
28
28
43
59
71
76
80
72
60
43
33
28
29
36
37
36
37
38
43
57
58
37
11
-2
3
12
21
37
71
102
115
112
102
97
87
76
71
69
53
32
29
52
65
60
52
24
-3
-6
7
20
37
58
67
65
60
65
67
67
55
32
16
23
50
59
52
37
23
33
52
66
67
61
52
50
55
58
67
72
65
50
51
65
66
51
29
19
12
21
26
25
16
8
25
52
60
52
41
41
61
83
80
66
53
41
22
8
6
17
29
32
24
10
4
5
21
48
55
50
37
37
45
56
64
56
37
12
6
27
51
43
11
5
27
53
57
41
23
23
48
72
80
69
61
58
57
56
43
40
56
67
59
48
38
34
33
29
28
33
23
2
-12
-3
22
37
49
45
37
28
24
28
42
51
40
25
25
39
56
72
80
74
70
68
58
35
11
16
27
33
36
49
66
72
68
73
81
72
76
90
89
70
60
81
89
81
70
65
65
74
76
56
29
5
-18
-39
-57
-73
-97
-113
-115
-104
-90
-86
-60
-5
51
76
70
77
103
118
105
74
44
34
34
35
53
84
98
101
103
105
103
88
80
76
77
68
48
28
32
53
75
97
107
108
107
100
88
72
56
44
39
34
28
35
40
49
56
56
58
55
43
33
24
17
8
5
17
36
40
26
4
-6
3
9
6
11
38
69
82
80
70
56
44
39
35
26
19
21
33
52
75
88
85
72
69
70
70
73
66
48
28
12
5
8
16
20
21
23
27
28
28
26
28
33
32
33
36
25
19
20
39
57
54
43
52
67
74
75
71
57
44
39
42
51
66
88
115
129
120
105
89
86
82
60
34
22
33
55
66
60
52
49
43
39
35
36
52
67
85
118
146
146
124
104
88
86
91
84
74
71
71
72
70
54
34
18
6
9
33
56
74
73
56
40
38
43
52
53
44
24
12
33
68
96
85
58
55
65
70
60
54
56
59
48
40
48
55
64
50
25
19
29
51
71
86
84
65
44
38
34
37
43
44
50
56
52
42
44
57
64
54
48
44
41
42
49
49
52
64
74
76
66
53
48
44
42
34
21
16
23
38
39
36
29
33
39
49
50
49
43
34
35
40
43
53
56
50
40
24
18
16
7
8
0
21
40
51
52
51
44
43
57
76
75
52
29
28
29
26
22
17
13
17
20
34
45
40
32
33
32
11
5
8
19
25
29
27
28
28
21
18
24
24
27
44
64
64
53
38
23
20
28
37
42
52
66
81
82
76
68
58
57
66
69
75
84
86
71
55
52
55
60
66
66
68
65
58
66
73
75
74
64
56
67
72
57
44
42
42
44
45
42
38
27
16
20
41
48
34
26
29
34
43
59
72
70
55
43
40
33
27
24
25
28
34
40
42
38
24
7
-5
-22
-36
-45
-53
-61
-74
-75
-59
-35
-14
0
20
48
87
118
124
118
120
134
140
134
115
88
75
84
108
132
140
140
136
130
122
122
108
90
73
60
68
87
106
120
118
93
75
84
97
91
81
75
80
80
71
60
49
40
48
56
57
52
45
55
66
75
89
84
58
56
72
82
90
97
91
72
44
26
18
13
12
18
27
37
36
24
23
32
36
28
13
8
13
23
24
23
26
26
21
21
22
19
20
22
22
13
4
11
29
50
64
53
23
-3
-8
6
25
32
21
11
8
19
43
56
52
40
37
41
52
53
41
23
6
4
28
61
81
81
69
59
53
43
43
51
51
51
55
67
80
71
38
10
8
22
48
70
74
73
88
106
106
100
85
68
44
28
32
56
93
103
80
61
61
68
84
103
117
118
104
89
83
81
72
51
34
36
41
53
82
106
122
133
121
90
65
56
59
57
43
24
4
-4
5
19
27
29
34
37
42
54
65
58
41
29
29
25
12
5
5
7
25
45
41
28
22
23
32
23
13
6
6
21
36
44
57
66
58
50
54
72
73
45
18
8
10
20
24
9
0
5
22
42
58
60
54
44
42
44
55
73
88
96
99
96
85
69
45
29
18
18
24
35
49
64
64
43
37
41
39
32
33
53
70
73
70
73
82
91
98
84
61
54
53
48
37
36
49
57
58
54
51
50
41
28
19
17
16
10
7
16
18
11
10
29
49
51
50
43
35
35
33
19
11
22
34
39
41
42
43
42
40
41
40
34
28
35
43
44
36
25
21
23
20
17
19
25
36
40
41
49
50
43
45
60
68
72
76
67
51
42
44
55
64
56
52
55
61
59
52
54
67
71
73
83
93
101
103
100
90
81
64
44
40
50
67
71
65
66
91
119
119
86
37
11
7
8
4
-6
0
-5
9
22
23
12
2
-4
-1
8
10
0
-19
-38
-54
-56
-49
-61
-89
-97
-77
-65
-57
-46
-23
4
34
58
70
74
82
88
96
92
86
89
101
105
99
86
92
106
106
101
89
83
89
99
99
96
101
108
116
116
113
101
82
73
84
96
97
93
85
66
48
51
64
68
57
35
24
43
66
68
44
20
8
10
20
33
36
32
32
41
54
58
52
36
36
54
81
90
76
54
42
40
51
65
57
50
42
43
53
65
73
73
60
45
34
37
48
57
67
59
45
39
50
61
66
68
73
84
80
56
37
34
44
64
75
73
57
43
55
72
75
60
39
26
24
35
50
54
49
42
41
43
48
51
48
44
48
43
35
26
25
27
28
24
13
11
24
32
28
22
18
23
23
25
40
51
56
57
59
72
88
88
69
54
66
82
72
53
56
65
74
86
83
69
48
48
85
129
138
121
103
100
114
131
135
117
86
58
48
54
60
54
44
43
37
26
28
40
51
57
59
44
29
22
21
34
41
37
26
13
6
13
38
57
60
52
48
36
32
40
43
34
18
11
21
33
33
37
51
50
24
4
5
21
36
35
27
19
2
-5
13
43
59
67
80
88
81
59
39
23
28
55
81
92
89
75
58
42
38
56
80
84
74
73
82
72
57
42
22
6
6
9
16
34
50
55
50
36
33
51
74
77
70
61
57
53
44
41
43
43
48
56
55
42
37
36
35
41
54
64
59
52
40
35
32
17
12
39
71
98
103
99
102
107
107
102
91
83
72
60
49
40
42
43
39
29
24
27
36
40
44
48
44
23
-1
-6
8
26
39
42
34
19
21
36
50
54
49
44
51
60
67
60
48
38
36
38
40
43
49
56
67
68
66
67
66
54
36
33
40
53
67
73
70
71
76
77
71
66
58
53
51
55
60
56
49
48
40
26
12
6
9
12
16
27
34
25
41
76
99
97
86
76
68
43
22
9
-9
-40
-56
-61
-50
-28
-20
-17
-19
-26
-20
6
39
71
100
113
101
75
56
59
71
80
91
104
99
86
75
72
69
56
50
38
26
20
21
41
83
107
99
81
73
74
73
74
80
73
52
39
45
56
55
48
42
51
54
45
40
39
45
57
71
72
60
43
22
17
24
33
40
39
36
32
32
36
44
57
64
59
44
21
6
6
18
38
49
52
48
37
27
24
24
25
26
0
29
34
32
27
22
27
43
56
53
48
41
41
48
43
37
27
16
8
16
21
17
18
33
43
45
44
44
42
35
32
38
40
36
38
48
43
32
24
27
38
49
53
53
52
54
60
67
64
53
33
11
18
59
104
118
112
99
84
76
72
60
58
60
83
112
128
132
137
130
100
65
41
35
44
64
73
86
107
123
117
91
64
44
41
38
42
50
53
61
65
55
29
17
25
35
38
37
36
32
17
2
-1
3
7
20
43
55
60
58
43
25
16
17
20
18
10
8
12
20
28
40
39
28
20
19
25
32
28
28
37
51
69
86
104
104
73
36
18
12
27
61
87
89
74
64
69
77
68
34
3
4
24
36
35
37
42
44
41
40
43
38
26
24
36
48
45
26
3
-2
1
6
21
34
39
48
55
56
50
48
57
67
75
84
84
80
80
81
82
72
71
82
86
83
69
55
42
39
49
56
53
38
32
33
42
48
50
50
41
19
1
12
43
61
71
69
57
48
43
44
50
44
37
41
54
69
83
83
69
52
37
21
4
-4
-1
10
25
26
24
27
40
49
44
44
55
69
68
53
45
42
44
49
41
24
18
27
37
25
6
-7
-7
2
19
25
20
21
32
40
44
41
26
11
7
7
18
33
45
55
57
54
50
44
36
40
48
48
52
64
73
84
89
88
76
71
72
73
67
48
32
39
60
70
69
66
66
69
81
90
88
72
57
61
71
68
64
56
43
28
16
-5
-24
-50
-60
-53
-39
-34
-36
-23
9
43
65
72
67
60
65
69
80
89
86
72
58
53
50
44
42
55
66
59
61
87
102
91
75
72
76
82
88
96
89
84
84
96
101
88
69
51
50
53
56
60
55
40
36
42
54
59
55
45
51
57
54
51
49
39
33
29
34
43
50
32
8
8
26
40
35
34
41
53
60
59
52
44
42
37
39
49
56
57
59
67
70
67
53
39
33
36
49
66
66
51
53
69
84
102
114
102
83
69
71
82
77
65
54
59
77
85
69
44
26
11
7
7
11
21
19
8
-3
-7
-3
8
18
16
13
16
12
16
28
42
43
33
27
37
51
61
66
65
66
67
66
61
54
42
40
55
65
61
61
55
50
49
50
51
42
43
52
48
37
35
40
36
22
19
35
53
72
93
102
96
83
83
86
80
54
35
37
54
68
74
74
74
74
70
57
0
44
49
60
68
68
71
74
59
35
23
25
33
35
22
4
1
27
64
80
72
57
43
26
19
33
50
51
41
34
25
23
35
50
50
40
27
19
17
25
37
48
48
41
52
71
76
67
59
58
56
49
26
6
1
19
36
33
19
16
26
41
38
22
8
11
8
4
18
38
52
53
35
25
27
29
33
35
35
52
61
48
38
48
69
88
85
64
50
42
55
69
64
40
28
39
55
64
59
56
57
71
83
71
39
23
28
44
57
65
66
64
58
68
72
60
43
36
38
44
51
51
51
44
39
36
49
61
59
61
65
65
54
44
42
49
58
61
55
40
33
22
8
2
-1
-2
-1
10
28
36
33
33
28
20
26
43
54
61
68
64
64
57
52
55
54
52
52
52
43
28
21
23
21
12
19
32
26
24
40
64
66
61
66
54
36
33
35
45
65
80
73
60
56
60
66
59
51
38
34
49
64
57
49
42
37
35
38
33
26
24
43
67
76
74
65
51
43
42
42
42
36
22
3
-20
-43
-57
-67
-61
-43
-25
-7
3
8
19
48
91
123
129
113
100
100
104
108
105
90
72
65
66
74
85
87
81
71
66
60
64
67
71
75
84
86
73
66
69
84
100
105
97
91
88
77
58
40
42
55
59
54
42
38
41
56
70
71
57
36
28
27
25
36
39
32
20
28
50
55
48
42
37
26
28
42
61
86
96
87
71
56
42
39
36
33
37
33
24
22
20
28
36
26
16
22
41
54
51
42
51
76
96
87
64
53
65
87
100
89
67
52
48
53
53
35
21
19
27
45
71
75
68
65
60
59
41
18
-3
-4
10
29
39
36
24
18
18
19
26
32
33
34
37
41
41
51
69
82
96
113
133
139
128
109
106
112
113
104
96
89
97
108
114
100
85
86
82
70
67
69
73
77
77
82
77
60
48
48
57
67
66
58
53
43
36
26
16
6
-1
0
19
39
48
49
49
42
27
8
-2
2
11
22
20
2
3
26
50
55
48
41
43
42
39
35
37
34
27
29
32
24
32
40
40
44
53
60
57
50
44
50
59
68
65
64
61
53
36
35
43
50
48
38
35
36
34
43
54
57
55
56
65
80
80
70
59
44
41
50
56
55
50
42
39
35
33
28
27
33
35
27
17
4
-8
-7
5
24
36
41
37
32
34
40
45
53
60
67
68
58
0
42
32
28
42
54
44
25
25
33
34
32
32
32
26
24
27
39
42
38
34
36
38
40
52
52
37
28
36
42
44
50
51
42
38
43
42
37
34
35
35
25
21
17
2
2
21
34
34
37
40
40
42
48
50
52
60
57
44
36
33
41
59
68
58
49
49
53
54
50
43
38
27
13
12
27
49
60
64
65
69
70
72
74
83
82
74
67
57
54
53
49
41
33
27
35
41
49
65
72
69
57
56
59
55
50
52
66
72
69
57
44
34
19
-9
-43
-68
-86
-88
-70
-39
-13
-9
1
32
55
73
85
74
65
84
108
107
98
91
91
92
89
83
75
74
76
80
84
86
75
60
49
40
42
48
41
28
34
50
44
29
27
45
58
58
54
55
57
54
48
25
1
-3
16
28
29
35
34
22
18
20
20
22
23
22
27
40
51
60
55
32
6
-1
10
29
38
41
48
48
38
24
22
33
38
35
32
36
50
57
57
45
24
7
-1
-9
-7
4
17
36
49
48
41
51
66
75
85
83
66
48
28
22
27
37
39
43
58
71
73
70
61
52
50
52
60
69
65
58
64
70
87
102
103
90
84
84
81
72
68
64
64
64
65
59
53
50
49
49
49
49
48
58
69
73
71
58
56
64
74
88
93
88
80
75
80
81
81
75
71
74
73
59
43
40
51
69
76
73
67
65
80
91
85
70
66
66
60
54
51
42
38
34
24
22
39
69
77
80
75
84
91
87
72
72
84
73
54
56
84
106
101
73
44
28
21
25
41
61
75
73
84
105
113
97
74
66
64
68
85
100
98
87
76
71
70
59
35
6
-2
4
5
4
13
28
32
20
8
12
36
59
69
60
42
37
50
55
51
45
38
26
23
28
38
42
37
26
22
26
29
36
48
43
25
9
17
32
50
52
36
26
35
53
56
45
36
37
40
35
33
37
42
49
56
54
44
44
53
52
43
41
44
45
44
40
32
21
21
35
43
43
40
40
39
37
41
36
19
11
27
50
71
88
97
85
65
57
66
81
90
89
67
43
40
49
55
67
75
69
49
34
40
55
56
54
64
84
98
97
89
81
67
53
45
51
44
40
48
58
76
93
101
92
68
39
38
60
83
85
85
88
91
98
87
56
25
5
-3
-2
3
9
22
33
25
12
3
1
5
6
6
11
35
56
65
64
60
59
49
40
0
41
57
70
75
72
66
59
44
18
-8
-36
-67
-88
-76
-36
7
27
25
32
54
74
83
86
87
84
88
105
115
104
84
82
92
96
89
90
91
96
92
87
86
90
91
86
85
81
76
81
71
53
41
43
50
53
61
64
60
68
71
70
68
60
59
64
72
81
75
56
37
35
41
32
-1
-12
-2
11
24
36
42
42
33
19
19
26
29
25
25
28
32
34
38
40
38
36
27
17
12
11
11
12
8
8
17
23
25
22
18
20
33
42
56
71
69
53
43
38
40
49
52
50
49
45
51
51
42
34
32
26
24
27
38
50
49
52
60
60
44
35
43
65
80
73
56
48
37
37
48
44
29
21
37
69
96
105
101
81
58
56
53
51
52
54
60
69
77
84
77
60
42
39
41
39
36
26
21
28
40
44
42
50
59
67
60
51
39
29
10
-8
-12
0
18
34
44
52
43
32
34
40
50
53
52
41
38
50
60
61
58
57
56
48
40
58
77
84
84
82
83
89
88
72
50
35
28
25
28
33
37
40
43
43
38
41
52
57
58
52
50
59
76
89
77
51
39
35
32
32
35
28
16
0
-2
7
16
18
26
35
35
37
48
61
76
87
84
70
56
48
39
35
22
4
-2
7
23
33
34
22
18
25
29
37
49
56
58
52
44
50
57
56
54
42
21
10
19
35
41
50
67
76
73
71
80
84
88
96
90
86
90
99
102
93
69
40
29
23
12
10
18
23
26
26
32
33
23
9
-7
-13
-5
11
25
24
12
5
-5
-6
4
9
13
20
20
16
19
21
20
11
5
3
1
8
23
32
33
36
48
53
55
64
72
82
89
92
85
71
65
61
66
70
65
57
68
76
70
54
40
33
41
54
50
33
28
52
81
97
86
68
65
69
73
75
67
40
24
20
33
60
88
97
90
74
55
49
54
60
60
54
40
35
34
37
42
50
58
66
72
83
89
77
60
50
40
42
38
20
0
-9
-11
-18
-38
-67
-92
-108
-107
-102
-89
-70
-36
3
35
64
81
90
90
90
97
93
88
92
108
115
117
122
123
113
104
102
98
89
83
87
89
80
69
67
76
83
68
48
41
43
42
38
24
9
9
23
34
37
40
41
40
43
44
44
44
44
40
41
45
57
74
88
90
97
103
97
77
59
60
68
65
55
52
61
68
66
59
60
57
49
50
56
65
60
49
0
48
58
64
55
43
38
35
27
18
7
5
23
42
44
42
48
52
48
34
11
-7
-24
-25
-9
8
22
27
39
58
81
91
96
87
71
67
72
75
74
80
96
116
121
115
106
97
73
49
35
34
36
48
57
52
40
34
23
19
21
29
38
40
36
22
12
6
6
9
18
36
54
76
102
116
114
98
75
64
60
57
42
37
38
38
24
12
6
4
11
25
36
36
38
56
71
77
74
60
52
55
56
51
56
76
90
85
73
66
59
55
45
40
43
51
45
28
17
18
22
20
22
27
36
40
39
36
36
41
36
16
1
12
41
67
77
85
86
80
64
54
55
66
60
55
64
72
74
73
69
67
74
80
67
56
52
51
44
48
55
55
36
17
4
0
8
28
44
52
48
37
27
17
-1
-5
3
11
16
20
24
33
44
48
34
10
5
20
39
54
60
58
42
28
32
43
52
45
32
21
16
19
29
42
54
64
77
92
92
83
66
44
24
10
19
27
32
38
41
33
25
23
16
4
-2
-1
7
19
36
51
57
60
54
48
43
48
45
48
49
50
57
64
66
68
65
69
81
80
72
73
74
82
92
99
89
71
50
38
37
40
41
36
23
18
20
38
68
80
59
34
27
42
54
49
36
37
48
52
51
53
58
59
64
64
60
68
76
74
65
45
32
28
43
54
60
70
69
75
83
81
72
67
65
57
53
45
37
26
25
24
21
16
9
11
11
16
25
27
27
36
51
60
69
80
81
66
51
43
26
4
-17
-38
-57
-65
-56
-45
-43
-40
-28
-7
28
67
88
90
84
74
88
108
114
101
85
74
73
83
82
68
56
50
37
22
20
22
29
36
39
57
73
72
56
42
51
69
76
84
84
71
55
53
68
85
93
92
87
82
68
49
32
19
18
20
27
41
51
54
56
56
58
71
76
67
61
70
73
71
68
65
71
75
72
64
45
34
27
32
38
44
55
64
61
65
69
67
66
65
60
57
54
50
48
44
36
29
28
16
1
-2
7
25
34
34
34
37
35
33
25
22
28
33
26
22
27
35
28
24
34
42
40
39
49
64
66
58
50
38
38
52
65
64
57
59
60
52
38
39
50
60
76
86
77
60
54
56
57
65
75
87
92
92
87
71
54
41
45
58
69
72
59
49
43
51
57
54
53
57
68
73
71
60
56
58
66
70
71
69
71
0
83
91
87
64
37
35
43
60
87
103
96
73
55
44
39
24
3
-1
12
38
69
97
106
105
107
106
87
66
56
56
57
56
55
68
80
73
64
44
17
-2
1
13
24
27
27
25
27
34
40
48
56
60
60
64
65
56
50
44
39
42
50
42
26
20
44
60
60
66
69
72
73
68
56
51
51
50
38
17
-2
5
22
36
44
52
58
64
65
71
75
74
70
71
70
68
69
60
55
50
49
51
49
38
28
26
28
33
37
52
52
37
24
22
27
32
19
3
11
41
58
53
48
53
74
102
108
84
55
43
44
42
39
40
42
43
40
34
36
40
27
21
19
10
2
-5
-6
3
10
20
32
38
39
32
20
8
17
40
53
40
19
13
34
60
81
76
55
27
16
17
27
51
59
49
38
41
52
66
74
71
66
64
60
57
56
60
59
41
26
24
19
8
6
12
17
20
21
22
28
42
49
48
42
37
37
48
58
74
89
100
97
85
75
69
65
54
42
25
17
10
-8
-36
-57
-71
-84
-91
-75
-50
-28
-7
19
50
72
85
93
91
81
72
72
76
69
49
38
39
51
66
72
74
75
82
87
74
55
52
57
53
38
36
52
70
82
81
69
64
58
52
48
44
42
48
42
37
37
37
27
20
21
32
44
54
51
38
24
23
35
52
56
38
22
22
22
22
27
42
60
65
57
57
70
69
59
54
48
45
55
73
87
90
89
83
76
72
70
75
81
73
61
58
56
49
48
45
40
36
32
19
4
3
7
9
5
4
8
1
-7
-4
4
13
26
39
44
41
32
33
37
38
38
26
19
26
40
40
35
32
35
40
52
65
68
75
92
105
100
89
75
64
66
76
82
81
76
74
68
66
76
92
97
93
96
88
73
59
58
58
53
49
53
59
67
77
86
89
84
74
59
53
52
49
39
36
42
52
52
49
52
52
44
33
27
49
70
84
91
88
66
43
36
44
57
57
60
60
50
34
19
11
20
37
41
35
29
34
37
38
39
51
56
53
44
42
48
37
19
16
17
18
21
25
28
32
23
20
29
45
51
43
38
42
64
85
103
119
137
153
155
134
107
96
96
91
68
42
50
86
114
107
90
72
58
40
29
26
21
24
29
38
52
50
29
12
9
11
23
35
49
57
48
32
34
52
73
81
69
49
35
34
48
66
71
67
65
60
67
72
0
71
65
66
72
75
66
54
59
70
66
45
26
24
44
75
99
104
103
96
86
84
85
76
69
60
51
40
34
27
33
27
20
24
36
38
26
17
22
32
32
24
23
32
32
26
37
44
37
29
36
40
34
26
27
34
36
35
35
34
34
43
53
57
54
55
55
42
24
23
42
68
82
70
56
58
61
55
44
38
35
37
48
41
27
25
35
50
64
59
51
39
32
27
27
27
32
33
28
40
57
71
71
57
50
48
37
25
22
10
-8
-28
-52
-70
-84
-81
-61
-55
-54
-43
-14
20
56
80
81
77
70
60
59
69
82
90
88
76
58
56
72
89
99
96
75
59
66
81
90
90
70
49
36
26
26
37
51
52
42
37
36
37
48
50
51
51
38
