69
71
50
26
17
27
49
49
35
22
10
5
12
24
44
66
72
69
65
66
67
61
52
45
55
60
64
60
50
50
55
54
50
43
35
27
28
28
17
5
10
20
22
32
40
33
26
51
71
72
56
44
44
50
52
44
40
41
49
53
45
25
9
9
6
0
10
33
43
36
24
27
27
18
10
9
5
8
20
33
37
33
17
-1
-5
5
21
35
43
51
55
64
67
60
54
48
43
49
40
37
48
54
55
58
70
76
71
56
54
65
70
74
76
70
59
65
71
73
69
65
69
76
80
75
64
43
40
51
67
82
90
85
72
72
83
86
77
65
57
68
87
89
73
51
32
25
28
39
48
60
72
85
90
96
100
103
109
104
92
88
84
81
88
92
71
39
33
44
71
88
82
64
50
44
54
65
59
49
39
50
65
67
51
25
5
1
-6
-7
-1
-4
-22
-36
-26
-4
11
26
33
28
22
8
-7
0
29
42
23
5
22
43
55
54
34
5
-5
9
42
61
59
52
57
74
80
64
50
52
66
82
80
80
86
100
103
86
66
49
33
37
59
83
93
88
69
53
45
52
60
67
66
68
77
84
81
82
88
89
75
59
38
23
23
37
53
59
60
60
59
58
57
61
70
67
56
60
0
71
75
71
56
52
59
59
52
39
17
10
28
49
51
36
24
42
59
48
16
-7
-7
12
35
53
64
54
43
45
54
35
9
-10
-12
8
40
60
67
59
58
56
43
25
16
20
33
38
55
74
81
71
64
72
73
56
48
42
35
25
25
28
38
49
55
50
37
26
37
50
45
41
41
39
28
2
-26
-45
-65
-81
-71
-45
-27
-36
-49
-29
-2
22
39
55
73
85
82
87
103
107
101
97
103
112
109
92
82
90
98
88
77
75
76
84
92
97
90
89
88
68
41
34
38
39
38
40
44
43
38
48
57
69
73
80
68
43
21
5
0
7
23
40
60
72
66
53
58
55
32
3
0
23
48
52
44
43
43
37
28
22
10
11
22
32
36
35
26
24
37
54
53
19
-10
-17
7
32
20
1
0
18
37
55
52
38
37
48
53
57
55
53
50
39
35
42
38
11
5
22
38
43
49
51
48
41
37
25
12
12
28
52
67
65
45
24
17
21
22
19
13
18
32
43
59
72
73
61
48
49
71
80
76
81
84
71
50
35
35
44
59
67
66
66
56
39
18
11
24
39
51
68
88
99
89
67
41
27
23
22
12
2
5
20
36
39
51
68
70
48
18
2
3
11
7
-10
-9
19
37
34
36
54
69
66
52
42
34
25
34
41
41
37
28
23
26
36
40
37
35
37
35
34
45
67
69
57
49
45
53
65
74
72
70
73
91
107
100
85
67
54
56
51
28
17
6
-2
-6
-7
-4
-1
-8
-21
-18
0
17
22
34
36
28
26
38
44
48
48
55
71
85
81
66
56
56
53
43
38
37
35
37
53
64
75
90
93
84
73
61
50
34
25
28
33
25
26
36
50
66
73
58
50
55
56
42
19
2
-3
-2
6
18
33
52
61
57
52
49
50
54
57
70
85
90
98
98
76
61
69
65
41
23
22
34
39
41
44
35
16
4
1
4
12
16
6
1
6
20
21
8
8
28
54
58
43
18
2
9
24
38
48
50
40
28
44
70
74
64
53
51
53
58
65
66
64
71
90
104
102
81
49
25
16
5
0
20
57
86
89
68
51
41
38
33
25
25
24
23
21
25
40
54
60
56
65
88
103
101
82
64
60
60
70
88
92
89
86
83
90
101
101
99
97
84
76
74
57
32
5
-13
-21
-20
-29
-53
-60
-52
-45
-52
-45
-26
0
33
57
60
0
54
57
72
87
97
90
72
59
60
76
90
83
57
43
48
49
56
76
81
70
57
41
28
33
48
76
115
140
148
148
138
122
105
84
56
33
27
40
65
81
75
64
55
55
52
53
57
60
58
43
33
43
53
38
10
-7
-2
21
29
24
16
1
-8
0
19
23
22
25
36
37
26
19
17
19
20
18
21
24
25
38
44
26
12
23
28
26
25
35
44
50
53
52
43
36
33
27
25
28
43
61
68
57
50
55
59
45
27
34
52
66
57
41
37
43
41
28
22
21
21
22
28
45
57
50
27
20
27
42
49
49
39
34
39
53
64
68
57
40
35
54
76
80
75
70
68
60
58
60
64
57
52
56
73
84
74
64
55
44
36
33
49
59
51
44
56
74
75
68
55
45
51
59
64
56
54
54
45
42
37
20
9
19
43
56
45
26
10
16
27
39
41
35
25
22
27
34
37
45
45
35
27
27
26
28
32
35
49
58
52
44
43
52
66
73
74
75
75
76
73
58
34
19
18
27
50
71
81
57
25
8
0
-5
-4
-10
-11
-5
12
41
57
52
39
38
34
21
0
1
22
45
65
56
38
25
26
43
49
16
-2
17
48
72
97
120
122
117
98
69
53
52
64
65
51
36
44
102
136
100
69
57
65
65
40
21
17
28
40
34
23
11
1
3
8
5
-4
-14
-7
18
32
34
37
34
28
23
21
21
13
21
51
61
32
2
20
52
90
93
89
89
99
125
146
134
114
104
96
71
49
45
58
69
57
41
34
36
50
64
56
36
21
11
16
25
24
17
20
25
21
35
41
25
8
6
19
35
34
21
20
27
25
10
-4
-10
5
17
1
-3
17
50
72
59
34
32
50
66
69
75
97
101
90
75
59
56
68
71
70
67
66
70
72
61
52
56
67
75
74
68
61
67
72
70
58
55
72
91
100
97
92
84
59
36
17
-6
-26
-38
-35
-33
-33
-33
-29
-21
-6
10
34
59
84
90
88
89
100
108
104
84
57
48
51
51
51
51
55
71
81
80
69
58
53
54
50
38
39
54
67
60
48
43
43
29
17
26
53
65
66
66
65
54
36
23
20
23
40
52
50
43
35
27
33
41
48
45
40
41
50
52
57
61
60
53
36
19
10
16
28
44
58
69
69
71
75
73
57
34
23
26
28
35
49
60
71
76
81
80
70
64
64
61
0
64
68
57
45
49
59
69
65
56
56
65
72
70
57
51
57
61
44
24
13
11
13
12
12
22
41
50
42
35
34
38
36
25
12
9
26
58
71
57
48
49
51
51
42
40
52
59
64
73
80
69
60
52
40
38
49
69
86
91
87
75
66
57
50
45
50
51
55
53
54
57
43
22
17
17
22
24
23
25
27
35
35
24
2
-14
-3
23
39
39
40
57
76
73
54
38
39
54
55
40
23
16
13
16
16
22
41
57
57
50
44
48
53
53
52
53
39
18
3
3
20
43
60
66
73
82
80
53
19
5
6
12
21
34
52
74
82
67
55
49
32
18
17
29
49
56
50
40
34
36
38
28
25
40
57
60
50
39
43
54
61
68
72
76
71
66
74
82
85
92
99
92
87
90
87
68
51
51
55
55
54
43
25
29
66
106
128
109
73
49
42
48
36
7
-6
2
24
44
52
57
57
50
38
28
12
8
29
61
88
102
106
104
100
88
74
59
42
28
42
64
66
57
57
60
68
67
51
34
24
19
24
48
71
85
99
105
97
83
65
52
44
37
34
38
32
21
29
57
73
66
50
42
49
53
52
40
34
33
32
25
13
6
3
6
22
34
29
19
17
27
25
16
-2
-11
-17
-13
-13
-7
4
25
42
28
2
-2
16
22
22
28
27
22
19
21
21
21
33
43
51
41
22
22
51
69
66
54
50
43
34
40
52
59
57
45
40
48
64
72
71
73
77
69
55
44
38
25
6
-8
-19
-33
-50
-53
-45
-35
-20
-3
19
49
81
106
114
101
90
77
60
44
40
43
57
82
91
82
66
66
72
73
73
74
85
100
93
80
74
77
85
90
90
86
81
75
67
52
39
39
49
52
57
67
73
70
66
59
54
41
37
54
82
93
81
61
55
54
50
20
-8
-19
-4
11
24
41
52
51
43
26
9
-3
-12
-7
13
40
57
59
49
39
43
56
52
33
16
21
39
52
52
49
45
59
70
66
57
57
44
40
51
61
54
36
32
40
48
53
54
44
32
25
33
40
38
34
34
43
56
69
75
80
66
55
55
50
28
18
12
12
18
28
28
12
18
53
80
82
76
69
54
41
33
28
29
32
44
71
82
66
40
34
45
68
72
50
26
32
64
88
101
90
52
28
39
57
67
65
59
54
48
45
42
41
43
40
37
49
50
37
28
43
65
0
68
58
52
45
17
-5
18
65
98
104
87
61
50
50
43
22
0
2
25
35
16
-2
19
50
67
66
64
65
50
35
32
27
25
25
17
10
16
22
42
59
58
48
29
25
26
27
33
49
65
77
70
42
23
24
38
43
41
27
20
12
5
1
8
19
28
43
65
90
106
105
91
82
72
69
68
50
26
22
42
66
72
67
52
37
32
28
33
25
17
10
5
3
11
25
26
26
41
52
49
50
67
76
64
33
8
5
24
45
53
43
35
24
26
39
53
53
41
39
36
21
3
-11
-5
19
38
42
37
34
39
41
37
29
34
41
44
50
45
39
38
32
21
26
43
66
90
105
97
82
52
36
36
27
18
13
25
42
53
55
57
57
65
74
70
59
55
51
49
44
40
37
34
39
53
66
69
61
43
33
36
41
44
40
32
23
27
42
58
64
59
56
58
73
92
109
103
76
65
68
64
48
39
42
44
51
57
58
49
45
41
34
29
35
43
49
42
38
43
48
49
49
26
8
20
36
43
51
56
66
83
81
54
23
16
19
26
40
41
25
0
-24
-46
-70
-84
-74
-57
-39
-11
25
58
83
91
93
85
76
83
96
97
80
48
17
6
23
58
93
108
105
97
81
83
92
88
82
80
73
73
82
82
68
70
80
68
42
23
20
29
55
84
75
41
21
34
54
61
56
48
39
37
33
29
33
39
48
51
68
92
100
86
72
68
69
66
60
60
53
49
52
37
11
0
-1
10
36
57
64
51
42
42
44
49
37
21
16
21
26
22
17
16
11
7
5
16
18
20
34
32
18
13
21
40
45
40
42
52
42
32
16
1
-4
0
7
25
35
35
39
44
48
58
67
60
50
37
27
40
55
52
41
55
84
104
116
115
87
58
53
60
60
56
44
41
53
68
71
55
35
20
19
33
51
56
57
73
87
76
57
39
24
27
45
58
65
67
64
59
69
70
53
29
18
23
34
32
39
64
87
102
106
100
92
84
74
68
64
52
51
71
85
75
64
66
73
70
49
22
9
4
5
6
8
24
45
55
55
57
64
57
37
13
-2
-8
-4
-2
-5
-9
-11
-9
4
24
40
45
50
52
54
49
33
16
-2
-9
-10
-2
21
41
52
61
57
43
41
42
38
37
35
29
24
28
37
48
57
57
58
64
56
39
25
23
29
32
24
21
22
24
27
29
22
0
12
23
48
76
83
65
59
73
72
50
34
26
34
44
52
54
48
41
39
38
41
53
66
67
67
73
88
96
83
58
40
38
39
37
32
33
48
53
51
43
38
25
23
43
68
75
73
74
70
48
26
9
6
7
7
0
-2
9
20
13
9
-1
-14
-18
1
21
29
36
39
38
38
50
58
51
33
24
26
35
44
49
55
65
67
64
58
48
24
3
-3
11
37
56
61
52
37
29
43
71
83
70
49
41
52
66
77
85
86
90
97
85
64
68
90
101
88
68
53
50
56
59
60
57
56
59
71
87
89
76
59
52
50
55
54
44
37
34
33
29
37
52
56
55
59
66
67
67
58
40
28
10
-6
-29
-52
-59
-55
-54
-43
-25
-9
9
43
84
115
129
132
140
148
136
114
96
81
71
72
69
61
66
80
82
69
72
75
64
55
56
51
42
41
52
66
67
68
69
70
70
64
55
48
27
8
6
10
12
16
18
20
26
32
33
27
25
22
19
25
40
45
44
53
67
72
77
85
80
71
74
73
70
72
74
92
104
98
81
61
48
35
36
52
50
40
38
49
52
40
22
6
-8
-21
-24
-11
-2
1
12
28
35
38
40
37
20
-3
-9
-5
1
9
13
18
22
28
40
55
67
72
74
76
80
75
81
91
114
129
123
117
115
121
119
107
96
81
69
69
69
70
71
68
69
80
83
74
83
89
80
60
50
40
37
52
74
80
66
61
75
81
67
53
50
52
61
64
50
40
49
56
51
41
35
38
49
65
85
97
89
73
65
70
88
90
80
71
75
84
89
88
83
58
19
-18
-46
-58
-52
-36
0
35
48
52
67
81
71
42
10
-3
6
19
6
-6
-4
1
-6
-11
2
24
34
38
37
34
37
44
50
50
48
38
39
48
54
66
69
71
75
85
91
88
71
44
35
45
69
82
84
74
58
52
51
49
49
42
36
37
54
72
75
59
33
10
16
27
29
25
28
39
40
39
37
34
40
49
55
53
49
59
86
88
60
52
70
81
83
83
80
81
88
85
68
48
39
45
53
58
75
84
83
75
58
39
32
38
54
59
48
37
50
59
49
42
55
57
37
23
20
20
28
39
49
54
53
49
50
54
53
41
23
24
43
52
50
40
34
40
57
61
55
41
26
25
21
3
-3
3
12
24
34
36
21
2
-1
9
27
42
44
43
36
25
27
37
49
0
64
65
48
29
36
50
55
52
44
28
11
11
42
76
90
90
81
71
80
84
72
54
37
32
40
51
56
64
58
41
38
37
19
10
24
45
60
68
65
53
32
17
10
11
24
32
29
16
-13
-45
-71
-71
-55
-39
-27
-29
-25
-4
32
70
91
91
86
75
64
41
24
49
105
137
140
138
132
123
112
105
97
81
80
99
114
108
106
102
85
75
66
38
16
17
22
22
21
28
40
42
45
41
35
35
39
44
48
49
37
20
21
42
53
37
18
8
19
44
61
54
51
64
81
84
74
69
65
59
55
64
87
116
123
108
91
81
80
74
80
91
89
84
89
93
83
67
54
50
45
44
42
38
35
34
38
42
50
51
48
34
17
17
34
40
38
18
3
12
35
44
48
51
60
68
64
56
55
59
53
42
48
53
55
51
41
32
25
25
37
49
40
32
35
39
32
17
12
26
43
43
34
24
22
32
43
50
51
61
69
52
34
25
25
23
26
34
48
56
54
60
72
70
59
59
71
74
71
65
51
42
58
88
105
98
74
61
70
82
81
69
66
84
99
100
84
72
73
71
55
38
29
22
22
32
29
24
33
33
10
0
9
19
10
-1
-4
5
17
26
38
44
50
55
48
34
25
18
10
3
-2
1
8
18
19
22
33
36
34
27
24
26
42
66
70
64
44
35
39
50
53
49
41
51
66
66
56
50
36
28
37
38
35
19
3
-2
8
25
32
28
21
12
17
28
43
42
33
25
27
28
32
33
33
27
36
60
84
88
83
73
59
57
67
67
60
72
74
71
69
65
55
42
32
17
11
20
27
33
36
39
42
58
71
73
73
69
71
81
68
53
52
58
66
70
80
83
83
83
76
73
57
48
59
80
91
99
91
75
66
69
72
64
42
34
40
56
58
55
52
49
37
27
22
20
24
32
35
39
43
34
26
33
38
51
64
72
75
68
68
73
72
73
76
85
88
84
81
74
73
84
92
97
104
112
115
113
99
84
76
71
53
39
36
42
52
52
43
33
6
-33
-66
-82
-97
-100
-86
-61
-50
-50
-29
3
41
70
83
80
73
75
80
88
104
112
97
81
81
82
88
106
131
146
145
137
133
132
136
135
117
98
82
68
68
76
77
68
57
57
65
70
72
54
35
20
6
1
4
18
20
13
13
18
10
-1
-7
-4
12
27
32
27
25
12
0
-10
-11
10
23
6
-10
-13
-6
8
36
70
82
80
81
73
59
56
60
66
65
65
67
71
82
93
97
69
37
24
26
43
60
60
35
5
-2
23
56
59
44
32
22
17
16
13
7
0
-2
0
5
8
21
37
42
34
20
13
21
38
42
20
-5
-8
-5
4
24
43
51
52
48
43
50
56
58
60
59
52
50
60
87
106
107
103
96
86
65
42
37
36
28
33
28
21
27
42
55
60
61
67
67
57
38
29
41
59
72
71
70
75
80
72
53
36
35
48
56
53
49
44
41
44
55
54
43
40
53
60
49
28
18
16
26
36
34
19
11
18
24
23
27
41
50
52
50
52
59
58
50
50
51
41
35
21
10
22
52
81
91
90
89
86
81
64
48
25
5
9
33
55
83
93
82
61
53
71
85
73
51
38
35
40
49
50
51
54
64
70
72
66
53
38
32
28
35
37
42
48
54
51
43
48
55
67
64
42
34
35
39
54
71
74
74
68
58
53
44
42
51
57
58
51
36
32
38
38
48
58
67
68
66
59
49
37
34
27
24
24
21
27
41
38
34
37
34
19
4
0
1
17
27
32
24
21
26
26
33
42
45
40
35
36
43
44
43
50
55
42
25
23
33
27
20
26
53
84
93
86
81
69
55
53
59
70
80
80
80
80
80
75
68
50
35
39
56
77
88
97
98
76
45
35
43
54
49
36
26
9
2
6
18
42
64
69
67
68
80
80
58
48
44
45
44
49
49
42
43
37
19
5
-1
-5
-26
-66
-88
-68
-36
-19
6
45
83
98
100
92
88
82
77
75
84
100
105
96
76
70
68
55
43
53
57
49
45
45
56
68
73
82
96
89
67
48
41
55
70
67
57
49
34
34
48
56
67
74
76
76
69
65
74
83
82
83
80
74
68
69
84
84
72
70
82
89
80
59
48
36
27
28
36
39
42
56
60
39
9
-3
1
10
26
41
42
51
71
86
86
73
65
58
51
44
55
70
69
56
40
29
34
41
52
60
53
38
28
32
40
48
50
52
51
56
77
90
81
56
38
33
34
40
39
35
28
23
17
6
-1
-7
-3
13
28
21
20
36
43
38
37
35
35
32
22
32
51
57
48
35
39
44
43
48
57
59
55
44
42
43
42
40
33
28
33
29
24
34
42
40
48
57
60
70
77
76
74
70
65
53
40
0
33
29
41
74
104
112
105
102
93
96
99
88
73
68
65
64
67
68
57
41
38
48
50
41
51
76
92
83
68
56
49
33
16
17
28
54
72
73
68
67
70
75
73
64
52
43
40
51
68
75
70
50
28
25
32
37
32
18
1
-10
-3
22
49
58
56
58
51
37
37
35
25
29
41
49
52
44
26
25
44
52
35
23
28
53
80
89
84
60
43
51
54
52
56
66
57
51
60
89
108
101
74
53
37
29
37
44
41
33
35
34
23
13
8
3
7
35
52
49
49
51
56
67
69
58
49
37
27
28
32
21
17
33
48
57
55
39
21
21
26
33
21
8
11
29
48
54
42
25
17
27
58
85
98
90
77
74
75
60
42
28
28
35
38
50
69
70
53
37
37
44
40
24
18
20
18
24
34
36
37
32
33
42
51
40
26
23
32
37
32
25
20
10
11
21
34
42
42
48
61
72
81
100
115
107
91
82
92
113
115
101
76
66
72
69
56
41
26
24
23
8
-9
-30
-51
-69
-82
-91
-93
-85
-67
-28
16
45
56
55
51
51
53
57
71
91
97
93
92
88
83
82
90
88
74
65
66
77
86
88
98
104
114
106
102
109
114
100
76
66
56
52
57
66
58
37
25
27
25
8
-12
-13
0
12
6
-6
-2
0
-5
-8
-6
2
3
3
3
-8
-20
-26
-13
5
20
19
5
8
13
20
26
32
35
43
52
50
51
67
81
89
96
87
72
64
55
43
41
58
73
68
51
43
35
24
29
53
69
65
54
53
52
56
68
74
72
65
54
44
42
41
36
29
32
28
28
36
40
52
55
55
57
60
66
59
61
72
69
55
40
21
12
20
36
59
80
84
85
92
101
93
75
53
42
34
20
17
27
40
41
44
51
43
26
16
19
23
24
26
28
32
36
38
41
37
26
25
33
40
40
35
35
35
26
23
28
42
68
70
51
41
41
53
67
74
71
61
58
64
72
72
67
60
68
75
75
67
54
52
59
72
82
84
84
75
61
43
28
20
17
19
24
29
32
36
41
35
23
21
26
33
20
7
12
32
48
53
35
16
21
34
27
20
17
17
23
37
53
61
69
65
51
41
42
41
35
25
21
18
22
34
44
43
32
21
24
34
42
50
48
42
45
43
39
49
59
57
43
37
38
54
77
91
86
82
75
58
45
50
44
36
57
102
0
128
120
101
76
66
67
80
90
74
48
38
49
69
80
80
70
56
39
41
61
67
64
60
65
58
42
33
34
44
58
59
64
69
82
89
83
72
69
54
27
12
8
21
33
36
41
53
53
48
41
44
43
36
25
25
34
34
32
33
29
24
28
48
69
75
71
67
56
41
40
54
59
56
55
56
61
57
44
35
36
43
51
53
50
40
36
36
43
52
43
40
44
48
39
27
19
16
19
16
2
-7
-17
-35
-54
-67
-61
-41
-34
-34
-23
11
57
90
101
98
88
91
108
124
124
116
102
87
74
73
88
92
87
81
85
99
100
91
84
84
90
88
77
68
59
60
68
69
67
71
69
54
41
32
25
36
49
55
52
38
23
22
26
27
28
35
35
37
41
40
40
40
40
35
24
18
26
40
48
41
40
53
66
65
67
72
58
40
33
27
23
12
9
20
24
19
23
26
22
26
36
41
38
34
39
43
50
56
59
50
32
24
27
26
22
34
53
50
28
25
40
49
54
66
81
89
83
70
55
53
53
41
35
32
25
29
39
40
26
21
32
38
40
37
33
26
23
26
39
55
64
60
60
59
59
71
87
92
86
84
87
91
96
90
100
100
87
87
90
86
84
83
73
65
60
66
74
85
96
90
76
67
57
54
52
44
49
53
44
41
44
42
34
34
40
39
37
34
28
23
21
16
7
7
11
16
24
28
19
6
4
7
19
40
56
58
51
49
44
34
34
51
57
57
55
56
67
82
97
107
104
77
48
28
35
48
50
42
45
52
51
48
40
44
55
59
50
29
12
18
26
21
9
32
74
99
105
96
80
69
66
68
64
51
48
52
48
43
51
53
38
28
29
33
37
37
34
27
32
49
75
102
107
92
86
90
98
87
65
51
52
50
48
48
41
33
23
24
29
21
11
12
21
35
39
29
19
6
2
11
18
8
9
23
32
28
26
22
26
38
43
43
39
37
50
68
69
42
12
17
32
40
56
75
74
57
48
41
41
45
48
51
59
60
55
52
54
58
56
38
18
8
-1
-9
-7
11
34
43
37
25
19
22
33
44
59
60
50
38
33
39
57
67
76
89
90
83
77
80
74
68
69
81
98
107
103
87
75
71
59
41
38
49
59
69
70
69
80
86
76
64
44
28
19
26
42
40
24
16
-4
-33
-59
-88
-93
-89
-92
-89
-71
0
-41
-17
0
19
40
49
49
44
33
19
23
40
56
65
66
72
75
76
88
93
84
75
72
80
81
68
51
51
52
42
33
34
37
49
50
44
49
43
37
34
21
5
11
38
72
89
85
82
72
64
52
44
39
26
11
5
17
35
49
56
55
58
69
73
71
75
85
90
87
82
76
76
82
85
86
89
84
71
66
69
74
69
60
70
73
67
60
67
72
64
50
41
36
32
26
39
54
70
72
57
37
23
27
36
41
58
72
76
75
73
68
58
65
82
82
69
73
86
90
87
92
98
89
81
73
68
64
60
68
65
53
52
53
50
53
59
65
59
42
32
35
43
56
60
65
60
54
52
53
50
35
19
12
10
9
24
38
38
35
34
32
32
43
58
59
57
66
67
72
90
101
96
77
72
73
84
87
87
87
73
55
23
-9
-23
-7
16
34
49
61
73
70
65
58
48
36
26
32
36
54
75
86
86
70
43
17
1
3
10
18
12
17
32
50
56
58
59
50
36
32
36
48
66
76
75
72
69
64
55
55
49
32
