-66
-70
-65
-54
-44
-44
-44
-30
0
27
48
60
72
71
85
103
97
66
42
51
75
90
90
83
76
72
64
55
56
60
55
40
26
20
27
40
49
50
52
61
66
48
38
56
82
88
74
59
49
33
24
34
48
53
48
35
36
54
60
52
38
34
39
49
51
42
37
27
9
0
-4
-6
-4
8
23
34
28
20
22
29
39
45
50
43
19
6
17
21
12
19
37
51
51
35
18
10
19
36
54
71
82
74
64
51
49
55
66
70
66
59
53
52
56
61
56
48
42
39
32
21
18
18
18
17
12
11
16
21
34
52
65
69
70
70
61
37
18
27
53
57
54
54
66
86
89
70
43
37
45
57
66
68
68
65
44
27
26
33
37
41
49
61
71
65
64
73
76
74
68
59
67
83
97
103
105
103
89
67
50
50
54
56
57
51
42
40
42
43
38
33
27
25
26
37
40
35
25
24
33
48
40
24
39
68
85
82
58
44
37
34
43
60
69
73
75
70
57
43
50
61
66
67
54
41
38
38
42
36
16
6
19
33
36
42
52
54
42
34
22
18
25
25
23
27
44
55
44
26
21
32
51
57
43
33
36
44
56
68
70
64
52
35
24
28
38
48
52
64
72
81
88
96
0
98
98
89
72
49
34
44
71
83
67
51
28
7
5
13
19
13
10
19
8
-20
-44
-42
-19
3
5
-3
-5
8
34
50
45
33
16
7
9
12
21
40
58
60
55
38
18
13
33
55
57
32
9
16
33
49
57
64
56
43
36
40
52
52
44
39
37
35
23
11
24
43
52
58
71
75
71
68
59
45
22
0
-7
7
25
34
39
40
36
37
44
42
34
26
34
49
58
60
57
50
42
42
55
58
56
60
70
80
70
48
38
52
72
82
82
74
68
71
75
61
52
57
60
57
49
41
41
50
59
59
43
23
26
44
49
35
22
21
20
8
-3
-17
-27
-42
-53
-51
-42
-26
-4
19
37
51
68
76
82
88
97
96
93
87
74
71
65
54
49
27
10
20
40
56
55
50
42
25
11
12
18
32
57
81
88
88
93
98
76
52
41
39
38
43
52
51
49
45
37
26
28
48
64
73
75
58
41
34
28
25
24
27
38
43
52
61
76
85
82
66
43
39
50
59
60
53
40
41
56
67
73
67
44
25
19
32
52
60
50
36
24
16
13
20
24
28
26
22
-3
-21
-2
18
19
21
28
37
35
37
49
56
45
28
25
37
50
50
41
35
39
56
75
70
59
49
35
26
27
32
26
34
53
60
43
41
58
67
59
49
32
19
22
38
57
69
57
34
16
12
25
37
39
39
50
55
51
39
37
38
39
35
33
34
28
27
44
58
68
60
43
26
22
35
54
68
80
83
73
56
40
40
45
48
52
65
71
71
65
64
68
76
73
55
48
54
73
85
77
69
59
52
49
45
40
41
44
54
60
49
29
21
18
20
19
21
35
51
56
56
59
61
61
60
56
55
53
49
49
50
49
36
20
20
33
42
42
25
4
-1
12
37
60
68
51
48
73
99
98
73
49
36
28
37
56
57
40
33
40
52
58
57
52
45
45
44
41
52
58
55
48
50
65
69
56
28
19
33
44
60
83
87
76
65
61
69
54
20
1
18
51
61
57
55
55
53
60
66
59
57
43
21
11
20
20
17
10
8
12
24
25
22
21
24
37
52
68
75
65
40
23
17
17
12
11
23
42
68
75
69
53
38
44
52
56
66
60
56
60
57
41
25
22
25
24
21
25
26
27
37
49
58
53
41
39
40
39
37
35
32
23
24
22
5
5
24
38
42
41
36
33
0
36
53
67
71
72
60
48
35
27
29
36
42
43
40
45
66
74
61
38
32
48
54
44
37
36
35
34
32
29
48
65
73
70
65
66
68
70
67
65
73
75
58
38
38
51
54
39
5
-27
-43
-52
-68
-77
-69
-54
-35
-14
2
27
48
39
37
54
80
89
89
86
82
74
71
73
72
59
57
67
70
70
67
53
43
43
43
48
48
40
50
65
71
64
41
24
28
42
43
39
36
28
34
40
43
43
42
51
65
72
61
52
50
48
37
23
10
4
12
23
33
39
37
37
40
49
48
36
22
17
22
32
37
40
35
38
53
57
59
56
37
25
26
27
41
58
59
41
32
32
28
27
34
40
26
25
56
97
106
99
90
84
83
83
80
66
55
57
57
53
49
48
55
57
39
16
10
32
49
43
29
22
25
28
33
44
53
44
27
12
13
27
38
42
39
28
22
22
27
32
27
35
40
32
21
26
39
42
42
50
52
45
40
41
44
51
51
51
58
70
75
64
44
28
26
25
22
24
33
48
61
65
66
71
72
61
51
48
48
44
33
22
33
54
67
60
50
41
44
59
70
71
71
76
77
74
82
76
67
60
65
75
74
70
80
88
74
48
40
54
59
38
6
0
12
26
35
40
40
43
43
41
40
37
37
38
45
45
36
35
52
56
42
19
1
3
25
41
36
19
9
17
20
20
23
32
41
64
76
80
85
99
116
122
104
83
80
88
92
90
83
70
69
71
56
44
37
29
35
36
25
10
3
6
8
-3
-5
17
48
70
87
89
72
54
49
40
28
22
20
24
37
54
80
102
114
109
80
42
27
35
39
38
37
33
29
34
39
50
64
68
67
68
82
91
86
56
24
17
35
51
38
18
8
4
9
25
23
9
4
16
24
25
32
37
37
33
24
24
21
26
35
38
37
37
42
39
37
53
67
74
71
66
59
54
52
57
61
58
43
25
21
28
42
53
58
54
49
42
29
28
21
4
-7
-6
8
32
52
54
52
50
51
43
27
19
20
24
27
35
44
52
51
49
49
44
36
34
37
42
53
60
58
48
39
48
69
90
97
83
59
44
40
42
48
51
58
72
80
72
58
57
56
27
-13
-34
-25
-21
-36
-56
-65
-52
-40
-34
-19
6
36
67
74
58
65
83
87
87
93
104
100
85
68
53
42
48
56
55
45
40
50
67
74
0
69
57
57
69
74
72
60
54
48
38
50
83
116
112
92
88
86
70
51
40
48
52
35
18
7
7
26
41
34
21
25
39
45
43
29
1
-24
-10
20
39
51
60
68
74
76
70
49
32
20
11
12
25
41
38
25
21
32
56
84
88
77
68
69
69
58
57
60
60
56
44
37
36
40
42
42
43
44
43
38
37
42
39
38
50
57
56
52
41
35
37
39
36
28
25
26
20
1
-12
3
23
26
27
29
26
23
26
27
20
7
22
58
90
105
117
116
101
83
74
70
71
72
71
76
85
76
70
71
81
83
66
42
49
73
97
101
89
72
56
55
59
64
64
67
72
83
100
113
103
88
84
82
76
69
55
45
40
38
49
60
71
61
41
29
34
50
70
83
80
68
60
51
40
37
39
33
23
18
17
11
5
8
22
35
38
32
10
-8
-2
17
37
54
58
52
41
27
23
21
10
1
-9
-11
-10
1
16
28
50
55
48
39
53
74
71
49
34
36
51
72
90
106
113
113
92
60
54
76
97
99
81
64
58
65
60
48
25
17
29
32
11
6
11
17
20
24
34
37
37
49
45
43
56
65
60
48
26
18
19
33
48
64
75
80
67
44
38
44
54
59
54
34
20
29
58
75
72
53
41
35
41
49
35
17
5
7
11
12
23
40
51
48
28
4
-17
-18
-2
9
19
22
12
10
19
20
18
9
4
8
22
33
36
37
44
60
70
65
43
33
38
56
71
70
59
45
26
24
26
25
18
17
26
32
42
64
76
87
84
67
61
70
73
72
53
34
33
42
57
68
52
24
17
22
29
35
51
69
76
80
72
70
73
71
58
51
52
55
54
45
48
64
77
84
82
80
76
82
85
83
75
59
35
11
-2
-17
-35
-45
-55
-61
-51
-33
-22
-24
-9
24
67
96
88
67
54
65
85
93
83
67
60
52
44
42
50
61
60
51
44
51
58
58
52
49
43
40
48
59
72
73
68
66
64
52
43
49
64
64
38
21
36
60
69
59
54
51
49
49
52
50
49
40
28
33
42
50
45
34
25
39
60
66
57
56
51
39
24
9
10
23
35
50
57
52
43
38
39
42
52
56
54
56
59
67
74
88
93
87
68
45
36
41
51
67
72
60
45
37
39
55
65
54
43
43
57
74
87
83
64
39
20
8
9
27
38
28
20
25
41
41
36
0
35
42
51
44
32
12
7
12
38
68
83
85
76
71
68
57
40
28
27
29
36
42
65
92
107
105
93
86
72
44
25
23
25
41
67
81
73
57
38
23
23
28
39
50
50
53
64
66
66
71
70
55
42
42
50
53
50
48
55
80
92
84
64
51
51
56
54
49
42
29
32
42
59
72
72
57
39
28
24
22
34
44
44
37
24
0
-18
-20
-18
-4
22
45
59
67
64
49
42
52
58
51
26
17
29
52
61
49
35
39
64
81
75
65
59
58
64
69
68
68
73
81
85
76
69
74
84
87
84
72
70
66
65
71
61
51
56
57
49
54
69
66
57
57
52
41
45
64
77
98
103
92
76
51
23
2
-11
-12
-5
19
44
53
52
36
21
19
24
37
36
26
16
26
56
52
21
16
36
53
66
69
59
55
65
76
83
70
41
23
21
23
26
38
22
-2
-4
17
27
25
18
10
7
10
18
11
-7
-36
-59
-60
-41
-21
-4
1
4
13
22
29
28
12
-6
-24
-25
-12
-7
-10
-8
5
26
45
56
59
57
48
42
49
58
67
69
71
71
76
86
91
86
87
93
100
93
82
75
74
64
43
37
32
24
28
44
60
60
53
42
37
35
41
56
68
65
53
45
51
58
58
59
58
53
55
65
70
70
69
65
57
50
53
58
43
25
21
19
13
10
2
-10
-11
6
29
39
37
28
35
52
72
76
67
67
72
68
56
49
40
39
36
27
22
18
22
23
18
18
17
22
39
56
64
59
53
51
57
67
73
71
64
58
57
60
68
65
64
73
72
70
73
74
80
93
107
103
75
48
39
48
64
81
93
105
118
118
103
83
67
60
54
34
12
4
8
13
9
5
10
16
13
23
37
41
34
24
19
18
13
9
16
25
28
33
41
48
43
38
36
33
21
5
0
7
24
44
53
57
55
45
35
34
23
5
-1
7
23
28
41
55
52
42
40
48
49
50
43
29
23
36
57
71
64
60
68
73
70
58
43
23
11
32
64
76
67
44
28
22
24
45
74
72
50
37
38
52
65
64
51
39
38
40
36
27
39
59
65
52
37
36
42
56
66
54
32
27
44
56
68
81
93
101
92
88
83
81
82
74
64
57
67
70
80
96
99
86
81
82
70
44
32
35
43
37
23
26
39
48
39
38
42
44
44
43
48
50
50
39
27
29
37
39
34
0
24
28
42
61
74
81
80
80
81
70
58
57
59
56
64
80
92
99
98
99
90
73
68
96
122
115
92
87
83
72
71
61
43
24
8
12
22
12
-5
-4
10
21
19
10
13
35
49
53
50
39
36
45
50
38
35
50
59
57
52
44
41
42
45
48
48
45
52
50
44
67
92
104
105
87
69
71
73
68
50
27
37
64
83
91
82
53
25
16
8
10
18
19
16
17
18
12
6
2
0
6
20
34
41
45
42
39
42
43
35
20
4
6
20
27
24
22
35
38
33
29
26
18
6
4
13
24
40
43
36
29
32
38
52
53
38
29
27
32
48
65
71
65
49
35
19
7
16
38
44
38
27
16
8
20
42
67
72
60
54
55
60
60
49
44
52
48
35
22
24
40
44
24
7
19
49
67
64
51
44
38
36
55
72
67
58
54
41
25
20
19
2
-33
-67
-73
-54
-24
9
28
33
48
75
97
115
135
138
130
128
124
114
99
96
102
109
106
88
75
73
74
71
66
70
75
74
81
86
87
87
70
40
24
23
10
4
19
41
52
48
41
24
10
10
19
32
33
32
39
50
49
53
49
36
27
48
67
73
82
82
82
84
72
64
67
57
43
41
49
59
60
52
39
26
17
21
38
53
67
72
64
58
68
66
37
20
32
48
50
49
53
60
56
44
34
33
44
44
34
17
8
5
6
12
18
8
-2
8
19
12
13
17
20
20
20
26
36
53
71
83
85
74
54
37
39
39
36
39
38
40
49
49
44
40
37
44
60
68
69
59
56
61
68
66
69
73
73
71
69
81
97
98
87
81
80
80
86
88
85
74
70
75
84
83
73
66
69
76
73
67
64
56
52
38
25
42
65
67
57
45
40
49
72
84
71
65
69
69
67
66
58
49
49
53
49
33
34
55
64
48
39
45
48
37
23
10
12
22
33
36
26
32
29
18
10
12
17
11
12
27
42
42
41
49
49
48
52
53
44
39
28
16
16
27
43
60
70
64
50
37
28
21
24
39
38
23
16
22
42
58
56
41
34
41
43
37
34
34
25
26
43
53
43
33
23
18
18
27
39
44
55
71
85
82
59
23
3
20
54
73
73
65
54
61
91
115
122
118
103
88
82
81
84
86
72
59
65
80
84
73
65
53
35
23
16
11
4
7
27
39
27
17
17
17
10
0
11
24
40
48
41
48
67
72
61
49
37
38
48
54
58
53
44
39
42
58
71
73
64
40
29
44
64
67
56
51
54
72
83
76
58
28
5
16
28
26
11
2
-2
-3
2
19
36
41
35
27
23
20
11
9
17
22
32
38
32
24
28
33
33
35
26
24
33
48
61
67
56
33
24
42
67
80
75
65
49
41
48
41
37
33
17
10
19
16
6
8
18
23
23
11
1
-6
-10
-11
-18
-42
-68
-81
-75
-78
-88
-84
-67
-38
-11
3
19
49
89
119
124
112
108
121
133
132
109
96
96
92
89
83
90
124
161
177
164
140
116
98
89
83
66
45
41
53
70
89
103
93
69
49
39
34
17
9
23
40
43
33
25
49
74
77
65
52
49
45
44
41
43
57
76
96
105
98
84
80
72
72
74
68
57
55
48
34
33
34
42
59
66
60
65
73
72
53
35
36
53
71
74
67
58
41
17
-1
-8
-17
-20
-14
0
18
34
37
33
27
28
27
25
21
7
-5
-4
8
24
39
45
43
48
50
51
51
52
65
76
81
76
70
60
54
45
49
49
44
42
44
52
58
65
70
71
66
51
35
26
29
43
58
54
44
37
33
40
51
52
54
57
50
36
37
44
55
58
53
44
43
51
64
67
55
42
39
48
54
51
37
23
21
39
55
54
55
67
66
42
12
5
25
51
66
68
57
54
53
51
42
32
24
12
17
34
54
72
84
90
96
93
91
86
70
44
33
35
34
34
37
39
48
57
57
53
54
54
66
81
84
89
83
66
54
45
37
42
64
67
49
32
36
42
36
26
28
48
67
81
68
38
20
17
35
53
48
32
21
10
9
17
16
10
3
5
12
19
24
29
21
9
20
37
49
65
73
65
52
48
49
50
59
69
68
51
45
52
55
52
36
25
32
42
51
53
54
53
55
64
73
82
72
54
42
51
60
60
53
41
33
39
68
85
85
81
83
88
89
84
69
61
56
41
48
57
52
38
41
54
64
69
70
68
65
60
68
72
64
36
16
10
11
25
36
24
9
11
36
57
52
35
22
10
10
5
4
17
37
52
64
64
52
35
20
9
11
28
54
64
52
41
37
39
52
59
61
61
66
81
88
85
68
43
34
40
51
56
55
49
41
50
66
85
100
93
82
85
98
104
104
90
73
50
34
40
50
48
36
25
10
6
17
0
19
9
5
8
25
34
23
-2
-37
-60
-69
-60
-43
-35
-27
-17
6
37
59
64
57
58
60
59
59
68
76
81
73
61
50
44
55
66
73
86
93
96
99
100
88
82
75
66
50
38
55
86
97
86
81
85
88
74
64
70
74
60
43
51
80
114
120
116
112
98
82
85
103
108
85
55
50
61
71
66
43
35
36
44
55
52
40
45
56
48
39
38
26
25
44
72
87
88
75
59
53
49
45
41
39
39
40
49
49
44
49
48
48
50
43
37
27
23
24
17
10
18
29
28
18
11
17
19
9
3
7
21
32
32
41
53
40
35
40
45
52
52
49
28
13
21
24
25
32
36
41
55
66
67
65
59
54
50
44
56
70
73
59
38
33
56
97
119
107
84
61
58
64
50
29
12
16
34
56
80
91
99
101
83
60
51
38
17
3
6
22
37
45
52
51
40
35
24
21
40
73
93
104
101
91
89
101
112
107
91
65
39
33
38
65
84
77
48
23
22
44
65
50
20
3
5
23
42
53
39
17
7
19
43
68
72
65
50
39
41
36
24
22
37
55
52
27
20
40
72
85
74
55
40
38
40
38
23
8
3
17
39
45
34
25
18
7
10
11
2
4
19
28
38
52
56
51
48
50
44
36
28
29
23
-1
-1
8
18
25
27
32
36
27
12
20
36
43
37
33
33
28
32
33
34
36
44
60
72
69
69
72
71
67
65
58
54
48
41
48
56
53
44
44
39
37
51
64
57
55
53
48
49
56
64
50
39
45
59
60
44
40
50
57
48
33
36
55
70
74
76
66
54
57
69
68
42
17
11
29
45
50
45
36
19
12
12
19
24
13
-2
-5
3
16
22
20
22
35
42
55
55
40
41
50
50
43
55
67
71
68
68
82
91
87
80
72
77
91
98
82
68
67
55
48
48
59
68
65
52
38
24
4
3
20
40
55
61
66
59
56
55
39
19
7
9
9
-4
-21
-37
-61
-81
-76
-68
-53
-38
-26
-6
16
26
27
29
48
70
84
84
86
88
72
54
53
56
59
66
72
70
71
76
84
89
100
107
97
73
76
89
83
57
34
24
32
48
67
89
107
113
116
121
119
105
89
81
73
70
82
90
83
70
66
67
64
55
48
33
26
40
67
97
102
84
73
77
75
68
52
34
32
37
40
49
56
66
70
70
72
71
71
77
0
74
52
25
19
28
44
53
42
32
34
40
43
40
36
35
38
49
64
71
69
65
58
65
69
55
41
45
50
44
45
44
34
29
40
48
36
24
33
51
69
82
83
83
74
65
58
44
34
32
38
49
49
41
38
42
51
54
43
33
23
23
34
38
32
28
44
64
69
68
67
57
38
32
42
60
68
50
26
21
35
53
76
92
91
67
41
36
43
52
53
60
72
71
58
51
58
70
71
75
84
82
69
55
53
54
44
32
22
10
2
11
36
54
65
70
71
69
59
44
41
48
45
41
39
48
60
69
71
59
43
25
12
9
21
41
54
52
50
45
39
39
40
36
32
29
33
38
49
43
35
28
25
23
22
20
22
34
40
40
55
69
65
57
45
36
48
66
74
68
59
58
67
66
54
43
32
16
8
17
29
35
41
52
50
38
43
58
61
54
45
39
34
28
36
44
40
32
36
42
41
42
37
36
44
44
34
12
0
4
10
19
24
25
32
41
51
50
37
26
27
39
58
74
76
69
61
54
54
60
61
38
26
38
48
45
49
51
49
32
5
-8
-20
-10
28
51
35
5
0
33
70
83
75
66
72
93
105
96
72
53
41
33
21
18
26
40
41
40
40
51
68
83
90
82
64
52
54
72
81
84
84
71
58
55
53
53
50
55
72
81
81
90
112
113
99
82
71
80
82
85
90
73
51
55
76
88
86
74
57
44
37
32
28
26
29
43
52
43
27
11
9
21
18
-12
-52
-76
-75
-52
-28
-10
2
16
40
70
88
83
70
71
72
68
57
51
59
72
71
67
65
68
81
96
87
72
68
75
86
87
82
72
70
74
70
66
56
44
36
32
26
24
39
56
51
21
-3
-10
0
11
7
10
22
32
35
35
39
44
40
39
38
27
9
6
35
67
69
51
28
24
33
32
23
10
-1
6
23
29
42
64
75
76
75
68
54
45
36
22
20
26
24
18
20
20
11
3
-2
-1
1
-2
3
16
23
27
33
32
26
17
21
41
41
25
10
7
16
28
35
29
21
22
18
3
-8
-7
11
24
23
26
37
37
32
27
25
28
32
32
39
54
70
81
77
69
58
56
53
49
50
58
68
64
53
41
37
50
82
96
82
57
48
71
99
104
89
74
85
106
114
104
90
83
90
104
106
108
108
106
105
103
88
67
52
50
57
57
49
43
43
0
44
55
68
75
89
89
74
49
24
25
36
37
29
22
17
27
52
61
58
64
68
54
38
42
56
59
50
37
32
36
45
51
48
43
43
43
40
41
50
56
50
33
29
50
73
76
65
52
38
34
54
75
81
72
66
60
51
39
44
50
52
53
42
34
24
24
33
41
44
48
50
52
57
64
60
66
65
44
22
13
24
53
85
109
117
104
97
98
102
90
56
28
33
44
60
86
102
107
99
76
50
33
28
35
55
75
72
56
42
41
35
13
8
34
72
99
83
40
17
24
35
39
39
28
19
18
10
5
10
22
25
18
-1
-9
-1
7
4
6
21
36
36
28
26
34
44
49
58
58
54
59
68
59
54
44
34
33
43
60
72
77
92
108
123
134
121
85
50
38
50
67
68
51
45
51
41
34
39
40
33
19
6
5
8
12
5
-3
2
8
4
-3
2
10
17
16
7
6
11
9
6
13
28
39
38
28
22
12
7
3
-9
-22
-34
-39
-39
-37
-23
1
34
64
83
85
80
72
85
101
98
89
89
92
86
82
70
52
53
66
73
77
68
60
56
52
56
64
55
38
20
11
24
32
34
29
25
28
34
27
32
48
59
55
41
44
72
106
121
114
96
73
60
56
52
64
73
75
72
72
74
70
58
44
40
44
45
49
43
45
54
54
59
71
69
52
27
17
22
36
50
53
38
27
34
27
28
36
28
23
26
49
76
86
77
67
54
51
57
52
42
54
65
71
72
71
66
66
64
55
49
41
34
33
38
37
33
26
24
20
19
25
26
24
24
21
4
-7
-7
-8
-20
-22
-8
3
2
1
4
13
27
44
57
64
58
57
69
84
92
88
86
88
83
71
76
103
134
148
144
139
132
114
98
86
81
83
96
106
103
80
55
58
74
65
42
40
54
74
82
75
80
83
73
67
57
53
59
56
37
34
40
41
36
32
35
37
32
25
23
17
5
-4
-4
8
12
6
8
35
54
54
58
58
50
35
27
35
41
41
36
33
27
28
36
40
42
49
65
80
75
60
54
57
74
91
92
80
76
76
69
59
58
66
72
74
77
89
88
82
82
84
76
59
41
41
51
50
39
38
50
74
96
90
86
84
77
74
67
48
29
18
18
26
32
24
18
21
35
51
60
64
53
45
45
37
28
22
16
12
12
17
25
33
34
42
49
24
3
4
18
27
0
39
52
51
52
56
55
49
33
35
40
41
34
7
-9
6
44
73
74
57
49
50
48
36
16
0
3
12
18
32
53
52
25
0
-10
0
16
16
4
0
7
10
11
23
36
45
65
76
67
64
66
59
55
56
60
67
61
58
59
64
60
57
51
60
74
82
86
74
53
40
36
50
60
55
43
42
45
51
57
61
58
52
50
40
23
5
4
20
33
39
44
48
58
74
75
59
51
38
12
-23
-50
-49
-39
-37
-39
-42
-41
-25
-6
24
56
85
102
113
115
114
119
121
115
102
106
123
128
122
122
122
122
118
91
68
59
64
64
67
65
60
59
55
51
35
10
-1
5
20
32
41
42
32
19
20
27
36
44
42
38
44
56
60
57
42
25
23
34
40
38
39
54
69
68
66
64
65
71
81
85
74
52
26
6
4
21
34
38
38
29
16
8
12
21
33
28
24
33
36
32
25
22
19
16
10
11
11
9
18
24
35
45
37
24
28
52
77
84
71
52
49
67
84
90
91
81
67
52
50
61
70
56
38
36
49
56
49
