10
21
33
39
43
40
34
7
-21
-23
-5
7
0
-6
-9
-17
-12
0
17
34
44
41
25
23
44
75
88
75
65
61
77
108
128
131
122
108
97
105
108
96
66
39
32
38
66
77
61
40
36
38
20
-3
-18
-8
5
19
33
49
56
44
25
8
1
10
28
29
17
11
24
49
69
69
69
68
58
55
65
72
69
59
64
80
85
75
70
82
93
90
87
72
53
50
55
68
81
80
68
60
57
50
41
40
38
32
26
26
29
36
32
26
22
21
23
28
32
26
27
41
53
53
49
39
36
42
51
56
65
57
42
38
41
43
40
39
41
43
49
54
54
43
40
41
50
40
29
29
32
32
35
41
45
48
40
21
19
40
64
69
55
36
29
32
35
32
20
16
22
34
38
34
42
58
57
50
41
40
49
58
74
86
90
82
65
53
55
58
65
72
68
53
41
44
55
58
57
54
54
52
48
56
68
70
72
72
80
89
81
60
50
39
25
18
21
22
25
34
49
57
59
60
56
52
58
75
82
68
51
49
58
71
77
83
75
58
38
40
61
76
73
73
76
74
65
51
38
34
28
23
10
2
1
10
18
23
28
25
17
4
2
16
27
48
54
40
39
37
32
29
37
48
45
51
0
57
66
69
57
56
73
89
103
105
91
75
74
81
89
90
91
91
96
87
77
75
83
80
59
50
54
66
74
75
75
75
64
38
20
20
23
39
57
65
65
60
60
66
66
71
76
60
38
26
27
41
59
67
65
67
68
68
60
45
36
34
37
43
53
58
55
40
26
26
40
44
44
53
66
73
72
64
58
66
64
44
32
36
49
58
45
33
26
24
18
8
6
12
21
26
25
25
25
23
20
22
21
10
6
10
17
11
7
11
26
36
36
35
36
41
41
34
33
45
68
81
83
74
69
70
73
65
42
26
28
38
28
20
24
34
28
16
8
12
34
44
48
39
34
52
67
71
73
75
74
73
73
71
71
80
85
84
81
76
76
82
81
72
72
70
61
58
70
81
73
56
48
51
60
54
48
50
49
42
37
32
24
25
22
10
6
16
19
5
-5
-4
6
20
26
33
33
21
9
11
23
37
44
42
33
28
41
61
70
65
44
32
37
53
71
77
73
69
67
73
80
88
99
96
83
67
51
42
41
43
49
49
41
29
32
43
48
29
8
0
0
3
13
20
22
12
-1
0
16
35
38
26
12
12
21
29
28
22
19
26
41
43
38
44
58
66
66
67
71
69
58
56
61
77
89
85
65
49
42
43
53
60
56
40
27
28
36
41
52
53
41
28
16
11
13
22
32
38
50
64
58
39
22
18
18
17
8
8
10
9
11
23
40
54
56
57
73
85
87
89
85
75
69
68
70
69
68
69
65
55
50
52
58
56
40
26
34
48
64
74
83
81
67
55
52
58
60
52
40
36
37
38
38
48
64
72
69
53
37
27
35
50
65
68
59
48
41
42
42
50
58
68
68
71
72
71
70
71
66
57
53
35
21
26
50
74
67
39
21
23
37
35
18
12
26
49
58
52
37
24
32
43
51
45
43
37
27
38
55
65
50
28
21
18
25
45
69
75
69
57
54
53
43
39
37
35
36
49
57
57
65
70
66
56
55
55
58
60
56
55
51
48
49
51
54
59
56
60
81
84
65
53
53
59
60
64
67
73
80
82
83
84
83
69
57
58
52
38
27
33
45
59
64
56
50
42
38
41
49
51
50
48
43
49
53
51
52
53
50
44
39
28
21
25
32
34
35
40
53
59
56
42
38
51
67
68
54
37
35
42
52
57
66
0
74
80
69
53
52
49
40
36
40
41
35
38
43
45
44
43
44
48
41
33
22
18
22
21
18
12
20
33
42
43
40
34
26
27
34
39
36
32
33
41
54
65
59
52
42
35
36
44
57
72
74
65
54
53
58
68
67
57
52
52
56
55
41
40
54
68
71
73
69
52
37
33
35
40
50
43
38
35
33
27
27
22
12
1
4
8
20
27
41
56
61
67
66
60
48
28
20
16
13
25
38
35
27
25
40
50
50
54
64
69
68
59
55
48
38
35
41
54
70
73
58
43
42
52
53
40
26
4
-3
4
10
12
20
35
53
76
96
89
69
60
59
54
39
32
44
59
67
67
57
50
44
45
51
50
38
25
25
29
38
43
43
51
53
48
38
45
55
50
37
29
23
19
24
27
32
34
35
39
37
34
34
32
27
28
37
50
65
65
51
45
52
49
41
43
43
39
36
36
41
53
55
51
48
45
44
41
48
65
80
84
91
92
81
67
56
48
43
50
54
58
65
68
66
57
35
16
11
11
12
12
12
10
0
-1
5
8
9
11
16
26
40
45
51
55
55
49
37
36
41
39
37
33
36
49
54
44
39
43
53
61
67
65
54
43
39
35
28
24
23
12
9
26
51
56
57
60
65
61
56
55
64
59
59
67
77
88
86
71
53
42
45
56
69
83
84
73
56
51
56
51
36
26
29
42
57
69
70
60
50
56
86
107
109
105
91
75
73
80
83
68
42
32
29
34
49
64
55
33
11
4
16
32
34
32
23
12
10
22
41
41
25
5
1
7
25
36
36
35
34
33
38
37
54
73
72
65
55
38
16
8
26
53
58
42
50
87
104
89
70
54
51
53
55
54
41
33
34
32
27
23
17
17
26
42
44
33
21
17
18
16
8
11
24
37
34
20
19
27
40
43
41
42
53
64
55
44
48
68
90
105
115
112
112
112
114
113
113
124
134
136
133
114
99
91
82
69
69
76
90
88
80
65
53
42
32
16
4
5
10
28
45
43
33
21
23
34
40
51
55
52
48
42
35
21
18
25
41
60
72
74
75
77
85
90
83
69
60
64
72
86
96
91
86
88
96
97
89
75
59
50
45
36
21
18
23
27
33
37
54
70
56
26
3
-8
-19
-22
-14
3
27
39
34
28
34
43
65
72
57
45
49
57
58
54
0
58
67
65
69
88
108
114
118
124
115
100
89
80
82
80
59
36
18
2
1
19
29
26
24
25
32
28
20
2
-19
-34
-33
-23
-4
20
40
44
40
37
33
24
21
7
-10
-17
-2
12
24
21
16
22
26
26
16
23
48
57
64
74
85
86
74
71
76
71
64
65
55
43
50
59
58
53
48
41
37
33
25
22
20
13
17
13
8
3
-1
4
21
35
42
39
34
32
23
21
18
19
28
38
43
48
52
56
52
49
49
43
39
36
33
43
72
92
88
71
66
68
65
58
72
87
85
80
75
81
86
76
54
33
12
2
9
35
50
45
48
69
84
72
52
26
12
20
26
22
21
32
41
56
81
91
92
87
81
76
76
80
75
83
82
71
66
67
82
87
90
96
98
99
97
97
86
82
75
56
40
38
44
42
41
41
38
23
7
-4
-5
6
20
24
33
48
49
38
36
40
37
25
13
-4
-12
-12
-9
-4
9
33
52
60
54
37
20
4
-5
-5
8
35
64
90
112
117
115
109
102
96
89
86
88
89
82
68
61
55
49
57
70
69
57
45
35
22
8
6
13
26
35
40
42
41
40
38
36
40
43
42
44
57
74
82
70
50
36
39
55
70
76
81
80
76
80
75
80
81
68
44
33
38
50
55
53
55
64
71
75
72
51
25
20
22
19
3
-6
2
25
35
22
12
5
-3
-9
-12
-18
-6
4
12
28
41
44
50
43
37
27
18
13
18
27
36
37
34
27
26
21
21
27
34
38
48
66
81
82
69
71
91
102
87
66
48
45
49
52
53
39
27
42
58
58
51
36
25
25
28
34
36
36
44
49
38
19
5
6
17
26
32
25
27
36
36
34
33
27
21
16
12
10
10
18
27
38
45
55
56
51
48
39
34
27
32
50
73
89
96
90
83
76
81
82
83
85
68
41
29
36
43
42
39
41
56
70
67
57
52
41
24
13
11
23
36
45
52
45
45
44
36
38
49
64
69
60
48
49
61
65
57
52
52
58
67
76
90
98
93
87
87
96
98
92
99
107
118
118
115
109
104
98
87
81
72
75
91
96
91
84
72
61
56
65
75
76
67
60
57
65
71
80
80
71
59
59
69
74
66
52
50
66
83
82
70
68
77
90
90
86
74
66
65
56
50
49
56
71
77
68
40
10
3
13
34
39
35
39
48
39
35
38
0
45
49
41
43
53
60
74
84
81
75
69
49
21
11
24
40
43
34
19
10
21
27
27
27
24
21
17
6
3
9
18
21
22
29
44
54
56
44
25
13
10
9
6
7
8
5
1
2
6
10
7
8
11
23
33
25
11
5
7
8
5
6
11
17
20
27
28
26
26
28
40
60
74
66
43
28
28
38
42
40
41
48
50
50
42
35
38
42
34
20
20
28
32
23
22
27
33
41
54
64
60
57
48
34
24
34
53
52
48
50
52
41
33
35
48
53
50
41
33
34
37
33
23
24
37
49
51
42
29
21
21
32
40
32
9
11
34
48
44
42
48
44
39
32
34
38
21
1
0
18
36
41
37
19
10
17
25
32
39
44
42
38
40
53
70
86
98
90
70
70
84
98
93
86
82
76
82
87
87
80
69
60
54
44
45
50
51
48
41
38
34
34
39
43
50
53
51
40
36
41
42
37
28
32
48
60
57
59
73
77
74
70
65
54
41
37
39
44
52
60
68
70
59
51
49
43
38
41
44
52
53
53
51
50
44
42
32
17
6
16
27
44
66
71
57
50
38
28
28
32
37
37
35
36
43
57
69
71
65
55
48
35
27
34
40
53
70
75
54
39
50
66
80
80
58
49
57
64
51
36
42
54
60
58
44
28
27
33
35
28
20
18
26
40
52
55
55
48
37
32
34
42
56
59
54
55
57
61
72
73
65
53
49
49
56
72
85
81
59
40
36
49
53
49
40
38
49
54
53
53
53
54
52
57
72
71
56
49
59
67
51
39
42
41
43
59
73
73
72
73
73
68
54
48
40
38
40
50
57
58
48
36
39
48
44
39
53
57
42
33
29
26
18
13
19
37
50
54
56
57
56
54
37
18
19
25
23
20
23
25
36
42
39
38
37
42
59
64
50
35
32
35
44
56
64
57
41
32
29
37
52
57
58
53
44
43
40
20
17
23
25
23
22
26
35
34
24
11
7
9
16
22
34
42
44
38
25
12
7
16
25
27
27
36
52
59
67
72
69
68
70
73
64
51
51
75
91
85
64
52
57
72
82
73
51
33
32
33
27
22
18
7
2
8
12
10
11
16
20
22
22
22
24
25
33
36
25
19
21
26
26
23
24
36
54
60
53
48
52
58
58
57
54
41
33
35
40
44
44
52
65
66
0
60
59
54
43
44
52
48
39
35
38
49
59
74
89
89
80
66
58
68
73
69
57
48
43
49
50
58
71
68
52
48
52
65
74
71
59
55
57
61
60
43
24
12
27
57
75
76
73
73
76
73
58
40
34
36
41
41
45
57
58
50
49
48
38
41
64
85
92
81
54
32
16
4
8
32
48
52
59
58
45
35
33
44
60
73
73
49
24
23
29
33
36
50
68
81
73
61
55
65
71
80
88
89
82
70
65
68
60
53
54
69
74
61
51
48
36
21
12
17
26
28
42
68
85
84
82
88
98
102
102
100
89
81
83
85
75
68
67
67
82
99
109
115
107
89
74
59
52
43
29
19
16
24
49
66
66
50
34
21
21
28
45
43
35
29
34
38
38
33
18
10
18
24
26
29
32
29
23
16
6
6
20
34
42
42
40
40
53
70
70
60
54
48
50
57
60
56
55
58
55
48
52
58
56
48
36
25
21
20
17
3
-9
-6
5
6
5
10
10
9
9
7
7
12
26
39
37
36
45
58
64
73
82
84
76
57
39
33
38
50
50
53
68
82
89
97
91
76
57
55
69
76
72
65
58
64
74
77
69
48
27
23
24
26
26
39
60
74
76
71
67
67
68
71
83
97
89
75
68
67
70
71
68
58
49
52
55
52
51
56
56
57
56
52
48
41
39
36
39
44
36
16
8
21
36
50
53
48
39
44
54
59
57
52
43
42
42
42
37
35
45
65
75
80
71
59
55
49
38
34
35
36
43
51
53
58
58
61
59
38
10
8
33
55
69
68
57
57
72
75
60
40
26
32
44
51
50
34
10
17
36
35
24
19
26
32
33
26
19
19
22
25
26
24
26
35
37
40
33
19
11
22
32
29
25
29
35
41
43
43
43
43
52
55
58
68
67
55
44
50
64
70
65
55
52
60
69
69
76
86
90
96
83
56
42
36
32
37
49
54
56
64
68
65
64
69
71
57
44
40
44
44
37
39
53
54
45
41
35
23
10
1
6
25
39
49
54
57
52
44
40
39
38
32
22
11
11
26
35
38
38
34
23
16
16
18
29
39
39
53
71
83
87
88
87
83
72
65
58
55
55
55
55
60
64
66
65
48
35
38
50
50
39
35
39
42
45
44
41
44
44
35
26
24
21
22
27
35
34
26
25
29
44
0
60
65
56
42
35
36
40
49
59
72
74
66
59
66
71
70
66
60
67
69
67
59
67
85
92
85
77
76
73
68
70
72
68
72
88
86
75
71
66
57
55
55
55
54
43
43
56
57
40
25
33
56
73
70
52
36
37
40
37
33
39
43
43
41
49
54
42
33
36
52
59
55
55
66
75
77
73
70
69
71
81
85
85
81
82
81
81
76
70
66
65
65
67
58
54
65
80
89
84
73
66
57
51
51
54
51
40
28
23
22
17
6
4
-2
-7
-6
1
16
33
37
32
16
8
10
8
11
10
11
23
39
41
38
37
44
50
38
33
35
37
28
21
26
37
39
36
34
42
52
55
52
39
26
12
5
10
21
26
33
34
25
16
17
22
27
21
5
2
18
33
36
38
43
54
55
52
53
56
56
56
56
57
53
51
44
48
58
73
83
76
77
84
91
98
97
90
86
84
88
97
90
80
71
75
82
70
51
49
54
51
41
40
49
64
71
68
64
58
64
58
50
39
32
34
41
42
40
38
37
38
43
55
66
70
69
59
55
53
45
50
68
87
93
90
86
83
76
70
64
59
67
68
60
59
59
58
54
49
52
57
45
41
55
61
54
40
34
38
45
40
34
35
33
27
28
27
32
38
41
36
26
22
27
36
48
56
61
55
54
60
66
52
39
37
40
41
33
16
19
33
33
22
22
39
53
50
34
13
1
0
16
40
57
61
53
38
25
20
18
21
21
11
0
-4
2
4
0
-3
0
9
9
4
5
11
7
1
7
17
17
10
22
34
42
51
56
55
52
52
51
49
48
51
58
65
57
49
50
56
60
66
61
59
64
59
53
43
44
55
58
48
32
21
21
25
39
49
42
36
32
24
12
17
24
24
25
26
32
27
20
17
8
1
5
17
28
36
29
21
19
28
42
53
51
41
35
36
43
54
51
39
34
33
41
57
57
53
58
60
57
45
41
52
64
67
66
69
75
81
83
84
83
83
85
70
60
61
58
55
61
75
80
74
74
71
65
66
64
54
43
44
44
52
68
74
67
54
45
41
42
40
37
42
53
64
56
41
34
32
35
35
32
29
20
17
28
42
51
49
35
24
20
20
34
44
56
67
68
61
57
59
60
60
57
48
32
36
48
54
49
43
55
67
67
65
65
66
70
73
72
68
64
52
41
0
38
39
36
44
67
77
71
55
43
38
39
49
53
59
71
77
77
75
75
71
67
71
76
70
59
51
50
50
50
44
37
32
24
19
10
-1
-12
-18
-21
-23
-25
-25
-14
-6
-2
5
21
38
50
65
70
54
42
50
57
61
64
64
69
74
76
76
82
86
84
81
77
75
74
66
57
60
72
82
86
80
66
61
56
41
42
54
59
54
44
35
26
34
40
41
39
38
34
32
24
23
28
24
10
9
18
23
32
35
28
19
13
16
28
49
70
82
74
67
57
55
57
59
67
74
81
82
74
67
61
60
59
57
58
67
60
52
50
50
49
40
33
21
12
11
8
5
8
17
22
28
25
20
21
29
38
34
25
36
51
51
44
40
34
38
51
64
73
76
66
65
74
80
76
68
59
69
81
88
91
100
103
98
92
93
98
89
75
65
51
43
48
54
56
48
33
22
16
5
1
1
-2
2
5
7
9
20
26
23
25
38
52
59
59
52
42
40
45
51
57
59
69
75
71
59
61
67
65
65
60
60
65
65
67
69
66
66
65
65
72
77
71
57
54
55
52
44
37
33
23
18
22
29
44
53
52
44
35
33
38
36
33
36
42
44
39
35
42
49
49
48
43
38
39
50
52
49
48
51
68
81
83
82
82
84
82
70
60
65
74
85
90
96
102
106
108
108
98
88
76
73
81
74
54
39
38
48
60
66
56
42
39
52
51
44
43
45
54
56
49
36
27
32
35
33
39
54
66
61
64
59
50
35
21
17
18
13
11
26
51
57
55
55
48
37
32
40
56
60
53
41
38
37
26
25
37
43
53
60
59
69
81
69
45
32
25
23
26
34
39
43
53
59
50
25
5
5
20
36
43
44
43
39
35
29
28
26
25
33
36
32
32
35
36
32
28
26
26
32
29
27
27
42
60
67
61
61
64
64
66
61
44
28
24
24
24
21
20
22
21
17
12
20
34
45
53
49
45
40
32
37
43
48
56
59
50
39
42
50
42
40
41
33
21
25
40
50
53
52
48
51
64
71
70
67
65
57
53
54
58
61
64
60
52
42
44
67
87
98
93
86
74
67
57
50
41
42
33
26
28
25
12
7
10
12
7
1
9
23
32
32
27
34
48
48
41
42
41
32
8
-18
-29
-23
-8
6
26
35
27
28
51
77
98
106
102
87
71
64
0
72
81
77
73
64
56
60
57
53
64
70
58
43
45
60
69
65
53
39
21
13
25
36
27
20
22
29
32
27
32
38
41
37
35
45
59
69
69
67
66
75
80
73
57
42
51
61
66
64
57
55
56
58
65
73
67
54
42
37
29
28
36
48
57
66
51
25
24
23
11
2
0
7
18
24
23
21
26
35
32
29
37
49
61
71
68
67
68
69
70
69
69
68
65
64
64
60
66
72
82
80
80
89
90
77
65
50
41
42
41
45
57
68
74
70
53
33
23
23
32
51
69
81
76
53
24
21
35
45
53
54
44
40
43
50
59
69
67
61
60
59
58
55
50
42
44
51
50
57
71
71
60
56
53
48
48
54
65
73
76
73
59
52
50
52
59
60
58
52
50
53
55
58
56
39
29
36
36
28
32
36
22
5
0
11
32
34
28
34
34
27
25
32
38
48
43
37
37
39
37
36
37
44
53
48
32
21
26
36
40
41
40
41
35
27
24
23
25
33
36
49
67
69
59
59
65
70
82
91
90
65
35
44
65
66
52
50
54
50
48
42
40
37
40
50
48
43
44
38
27
20
21
33
50
54
43
27
21
23
36
44
40
41
51
59
57
53
55
58
51
43
42
52
67
71
58
43
37
45
60
66
66
57
54
54
60
68
68
65
56
51
54
59
66
55
33
21
26
33
34
36
39
39
41
42
41
49
50
43
49
55
56
56
56
57
60
70
82
84
81
80
80
73
68
56
51
49
59
74
81
80
73
65
64
70
68
59
43
27
17
5
-3
0
4
12
27
28
16
8
11
10
5
11
24
36
33
20
28
49
56
44
33
33
37
35
40
54
64
68
66
54
49
54
66
68
68
75
85
88
86
81
73
60
57
57
52
43
40
35
32
35
39
35
27
22
27
34
23
8
-2
0
17
38
50
53
48
41
32
25
36
42
53
61
72
73
61
54
51
57
72
86
97
103
104
102
108
113
102
88
80
80
83
87
87
86
83
67
49
39
44
66
72
66
53
39
32
32
25
19
12
16
19
27
32
22
13
7
8
5
0
-6
-7
-2
-1
6
22
41
59
81
99
112
116
107
96
86
81
71
64
60
56
58
68
70
73
74
66
53
51
49
40
39
38
38
32
11
2
11
23
26
32
27
22
22
20
16
10
16
21
22
25
26
26
0
34
49
58
67
73
68
64
72
84
86
80
71
71
65
57
57
55
50
54
59
55
48
49
55
54
51
39
25
21
32
32
23
20
20
25
26
32
41
44
40
35
29
26
18
9
12
33
43
40
34
39
44
37
23
22
36
34
18
8
22
28
25
27
49
67
70
59
52
52
45
35
24
20
22
23
23
25
28
34
40
49
55
53
57
68
75
72
57
41
38
40
51
57
57
64
70
72
70
66
64
66
73
84
86
80
76
80
84
83
76
72
68
56
49
51
57
65
65
59
53
48
48
58
61
60
59
66
67
71
74
81
87
88
80
66
53
48
44
48
51
50
50
45
40
37
48
57
53
39
26
11
16
28
50
53
53
58
58
54
57
65
68
59
50
49
52
49
40
36
38
34
23
20
28
40
49
54
54
48
32
17
18
35
41
34
28
36
42
51
56
68
75
67
51
55
59
69
86
90
74
54
42
43
52
59
67
77
80
70
64
56
66
77
83
83
73
58
50
44
42
41
43
42
39
35
35
40
36
29
38
54
60
66
64
57
52
43
41
49
49
41
24
23
39
55
68
74
76
70
59
64
74
86
89
97
104
109
104
85
74
82
88
93
97
96
97
92
87
86
85
82
75
70
64
56
54
53
42
34
23
8
-1
3
4
2
-5
-17
-19
-11
-8
-10
-17
-12
-7
-17
-36
-41
-23
-9
-10
-10
-5
4
4
2
1
9
23
27
22
24
33
50
65
65
58
53
57
69
77
82
71
65
59
58
65
73
75
65
48
35
36
43
43
33
21
17
25
32
23
13
23
42
53
44
40
41
42
39
28
26
34
43
43
41
55
74
82
74
60
50
45
54
57
48
33
26
34
34
33
36
43
50
50
44
41
35
35
51
56
50
36
23
21
33
52
72
82
80
66
64
70
70
65
60
55
49
53
66
73
72
61
48
33
32
40
49
54
57
66
74
83
84
76
73
71
61
51
42
54
66
67
67
65
60
59
57
52
49
51
48
29
20
19
17
19
26
44
64
75
85
89
87
77
67
55
54
61
70
68
66
67
68
67
60
50
39
38
50
57
50
35
35
55
68
68
73
76
71
68
60
51
36
25
26
29
34
39
43
41
35
28
32
34
32
22
17
16
19
23
18
11
20
27
34
39
43
45
41
32
24
23
26
35
28
23
23
28
38
44
48
51
0
52
55
59
59
56
54
50
40
37
41
49
53
56
65
81
96
88
71
59
59
59
64
68
68
68
57
51
42
36
35
41
43
42
32
23
22
24
22
28
45
52
57
64
54
40
36
42
59
72
59
51
53
57
58
54
53
55
61
66
69
67
54
48
51
60
64
54
60
76
80
65
51
51
61
57
43
43
41
38
49
57
54
43
25
16
24
38
38
26
17
20
27
23
16
5
6
21
34
35
27
33
44
54
42
21
17
26
29
35
41
43
43
42
49
59
72
80
81
84
82
68
41
25
26
41
51
54
58
67
74
76
73
81
90
86
65
51
53
55
53
54
59
64
65
55
43
33
21
19
26
35
34
35
37
42
43
39
38
49
54
55
49
42
53
66
64
58
54
50
52
54
60
67
61
53
53
64
70
58
48
51
55
60
69
70
53
36
27
23
25
33
43
51
44
32
16
12
19
22
18
23
33
40
40
38
40
38
33
37
38
34
32
37
39
38
42
50
48
41
39
37
37
36
37
37
40
42
40
49
58
65
