40
50
68
80
76
58
36
20
25
37
37
26
19
20
17
9
17
32
48
59
70
80
69
48
41
43
40
37
37
27
24
33
48
61
69
64
59
57
43
33
34
42
59
74
76
64
51
40
41
50
43
35
41
52
54
55
51
48
44
34
19
10
12
12
6
7
22
41
57
76
73
60
54
39
28
35
50
52
53
56
55
50
44
39
28
23
27
38
41
41
55
70
74
82
85
74
68
59
48
39
41
50
51
44
43
50
48
39
37
37
41
48
53
55
54
51
49
50
55
58
43
29
35
50
56
60
57
43
28
27
44
52
42
29
24
27
28
28
36
37
28
25
42
66
69
55
44
37
28
39
58
67
58
50
51
53
42
35
39
55
68
71
53
38
38
45
53
49
45
41
38
42
33
10
8
16
20
19
17
20
40
60
72
80
72
60
49
41
34
33
54
70
75
72
67
67
66
58
58
60
59
60
66
80
91
88
75
80
90
88
74
67
71
80
87
92
85
74
80
89
97
93
86
83
75
61
57
60
65
71
71
65
60
54
57
66
64
52
44
43
48
58
69
61
48
42
41
38
26
18
13
12
20
22
23
36
44
38
13
-7
-18
-8
-4
-10
-22
-23
-11
7
22
28
25
24
32
37
33
22
35
58
71
71
73
81
65
42
42
49
51
44
49
54
57
58
48
39
43
42
39
38
36
38
49
51
44
44
53
57
58
53
51
48
48
59
74
75
68
0
61
73
87
76
57
41
40
42
52
61
68
73
72
70
73
73
64
58
57
51
54
73
73
65
48
19
0
1
21
27
22
24
28
26
28
41
52
43
23
5
1
21
42
49
52
53
58
70
65
55
59
67
59
52
60
69
60
42
32
37
58
73
70
67
81
102
117
117
103
88
77
73
66
53
50
59
72
64
37
12
13
28
37
33
24
32
37
29
19
4
-3
3
18
19
13
20
27
33
33
37
42
44
41
29
21
27
53
66
60
59
71
72
70
77
88
92
88
73
61
60
57
44
32
21
9
-3
1
24
49
58
49
35
27
26
22
20
26
34
40
43
41
43
44
40
40
33
21
27
42
49
37
21
11
16
27
38
42
57
68
73
70
60
50
32
10
16
34
45
60
70
66
51
34
18
8
9
20
40
60
70
44
8
-7
-5
9
21
28
19
3
-3
-2
6
22
36
39
40
38
35
32
32
37
50
59
56
54
50
49
43
39
32
35
39
36
39
40
48
60
55
37
43
72
88
75
58
53
59
70
65
51
40
40
55
70
69
56
38
28
38
57
68
73
80
85
85
76
61
49
41
44
53
72
101
109
93
75
72
85
98
106
106
91
74
70
77
92
97
88
86
85
96
100
97
91
73
70
83
76
55
42
41
36
22
12
3
-4
-7
-3
8
20
26
38
43
51
53
56
51
43
50
67
77
76
68
52
50
49
44
45
56
61
54
44
39
38
42
42
40
49
66
74
83
86
86
91
93
85
58
32
16
10
16
24
20
11
21
32
25
18
21
24
23
17
8
4
11
11
5
22
44
54
52
39
39
37
34
26
32
44
57
65
58
42
28
29
41
52
60
68
72
75
71
67
66
64
57
54
65
72
71
72
70
66
60
44
24
18
19
17
7
3
9
25
36
34
28
36
48
44
34
38
40
25
19
26
41
41
33
41
68
86
87
86
80
68
58
59
68
86
92
82
68
69
77
85
92
100
93
84
82
83
86
77
67
70
81
75
65
55
53
54
53
49
42
36
27
26
33
37
21
6
3
4
-1
1
13
36
43
44
50
49
37
25
25
25
24
36
58
74
73
69
65
57
54
42
37
58
89
106
112
101
90
93
92
75
60
53
52
56
67
81
84
80
72
73
71
58
42
21
19
36
49
54
50
44
45
38
20
7
7
20
36
32
17
0
17
26
36
28
19
20
27
32
36
42
41
48
52
53
51
50
43
43
58
71
81
82
83
74
58
48
40
40
42
44
51
51
41
27
24
28
34
27
11
2
9
19
21
28
22
1
-12
-17
-2
17
25
33
39
43
40
27
33
51
70
81
72
55
52
57
80
99
102
97
91
76
70
74
72
66
72
86
91
86
74
69
75
76
66
49
38
37
37
45
44
38
32
25
28
35
42
45
33
12
7
21
39
50
56
55
49
37
37
51
57
58
55
58
69
67
57
53
44
42
36
34
44
55
57
56
50
28
23
27
27
18
16
27
27
11
6
9
21
37
40
41
43
38
25
7
-7
-13
-6
4
12
29
48
54
56
42
27
27
36
52
72
87
87
87
99
112
120
121
96
57
40
48
54
44
37
49
69
85
97
104
108
103
89
75
68
60
50
39
54
72
69
59
54
68
96
106
86
42
21
19
23
32
28
13
19
34
45
54
56
56
50
36
38
48
57
64
64
64
69
72
64
56
57
64
68
75
71
49
37
52
68
44
24
26
37
39
28
24
29
26
12
-4
-13
-5
6
9
7
3
-7
-23
-17
3
5
8
21
33
37
42
42
37
33
32
32
32
42
53
60
64
59
59
60
60
64
65
60
52
40
42
52
50
44
52
54
54
52
51
38
35
38
27
13
1
-5
-5
-3
2
5
19
29
38
39
35
42
50
43
41
44
40
35
37
43
52
45
32
23
36
53
64
72
71
60
59
68
70
71
81
88
87
85
87
86
70
55
52
56
55
40
32
32
24
32
38
48
53
51
48
48
52
55
52
54
57
54
48
44
51
61
61
58
70
88
104
103
97
93
100
113
120
123
118
107
107
101
85
80
81
80
76
83
76
69
73
81
70
55
53
64
83
99
104
101
96
89
84
61
38
35
43
53
56
40
20
27
50
45
23
18
16
6
-1
0
9
36
55
57
53
45
34
26
25
26
36
52
56
60
69
73
65
58
72
88
80
71
71
66
48
26
11
9
19
38
55
54
53
53
44
32
17
7
20
42
66
85
83
61
44
50
60
52
29
26
34
27
21
21
26
35
42
48
48
37
23
10
4
8
24
41
52
60
68
71
69
58
48
32
20
20
34
54
60
54
52
55
52
40
36
41
40
32
34
41
43
38
33
36
39
33
27
29
26
23
22
24
35
0
56
72
64
44
43
58
65
64
56
55
54
44
40
51
57
54
52
54
58
55
43
43
50
45
42
54
66
68
60
56
56
57
50
44
52
56
54
52
50
52
54
56
56
50
34
26
26
32
48
64
60
51
50
52
51
37
24
19
24
39
56
68
69
57
52
53
37
17
7
12
28
38
36
32
35
54
73
75
80
86
84
71
54
40
40
54
74
77
59
51
52
56
67
69
50
32
28
35
39
40
38
37
40
43
39
42
53
57
55
50
39
44
52
52
51
52
52
43
37
34
37
48
52
52
53
54
57
69
85
85
71
65
59
52
51
53
60
60
54
54
69
86
84
73
65
58
56
56
49
43
44
41
33
33
39
43
49
52
65
69
65
56
54
67
68
55
54
58
55
43
28
25
26
26
21
18
22
26
25
25
33
40
43
50
50
35
19
12
17
25
25
16
10
9
5
4
-1
-7
-5
5
13
6
-3
8
20
9
1
6
20
34
50
58
48
38
41
51
56
64
69
72
83
86
75
65
67
77
87
92
97
92
74
64
60
66
70
71
74
74
80
91
87
68
50
42
49
54
56
64
59
49
41
50
59
69
73
71
60
40
33
38
35
20
17
22
25
28
38
48
55
59
51
45
50
51
54
55
56
55
49
35
21
21
39
56
51
37
36
48
59
66
60
58
56
60
67
67
58
58
80
102
109
100
86
70
56
48
50
57
66
75
85
76
50
33
39
55
57
55
54
53
58
60
43
36
44
55
65
77
87
80
71
69
71
75
76
67
43
33
37
40
37
28
22
23
28
26
24
24
32
38
37
42
61
81
85
88
80
54
22
5
18
37
48
54
60
65
54
40
39
36
24
16
16
18
36
64
80
83
68
51
44
59
60
41
32
38
45
49
49
44
40
43
41
23
0
-10
-5
10
32
36
32
28
20
4
-1
-1
-2
4
12
11
-4
-9
3
20
37
45
40
22
7
12
36
48
45
42
40
35
26
33
41
49
48
41
49
54
53
50
51
51
44
35
26
11
6
16
28
35
29
27
27
25
32
37
36
38
42
49
43
26
17
27
50
69
65
52
50
52
54
56
58
54
40
27
28
27
29
37
38
28
22
25
19
5
3
2
4
2
-1
0
3
12
28
48
65
76
82
74
67
64
60
64
66
58
44
42
58
74
71
55
39
29
32
37
0
40
43
49
58
51
29
13
18
36
55
68
67
59
56
61
72
74
60
39
33
34
43
65
76
82
80
69
57
55
57
64
66
65
64
64
60
70
75
75
71
66
57
56
60
67
65
70
74
66
56
45
40
49
49
40
43
58
73
74
65
56
49
43
43
35
25
25
27
28
24
18
7
2
16
27
36
49
60
58
54
50
43
54
67
69
64
60
56
56
73
89
84
76
76
69
58
57
58
70
91
98
83
67
65
64
64
69
80
82
76
72
70
69
68
67
60
64
68
80
82
73
58
52
48
42
37
36
51
65
56
51
58
59
59
59
42
28
29
32
32
35
40
54
68
69
57
41
26
18
16
16
13
19
39
48
29
17
21
12
-2
-5
-6
-9
-9
-1
17
32
37
52
69
76
72
74
91
89
61
43
43
45
44
45
43
45
55
59
61
59
55
49
48
53
55
52
44
41
48
51
51
54
66
67
53
43
36
33
34
35
25
24
26
35
50
53
49
52
66
74
55
36
36
53
59
53
43
50
59
65
66
76
87
83
67
59
67
73
73
68
61
59
60
56
51
59
81
90
85
80
84
88
87
83
74
67
69
73
70
43
27
34
50
57
51
38
38
57
72
68
58
56
53
52
56
57
55
53
65
71
71
64
58
59
49
36
33
44
65
72
68
58
53
50
40
32
28
40
48
39
32
37
48
53
49
38
36
40
43
37
21
17
16
21
19
9
9
22
34
48
57
56
39
11
1
8
21
33
39
35
32
35
38
37
33
25
33
40
40
39
35
20
12
18
26
24
10
10
35
53
53
48
50
49
39
29
25
37
44
54
69
71
68
68
72
85
90
88
80
65
58
68
83
87
77
59
44
43
50
58
64
57
48
36
34
41
52
43
39
43
41
38
17
-3
-5
5
27
51
57
54
54
54
49
36
25
26
34
33
28
36
44
49
48
39
39
50
50
44
40
35
27
19
17
24
32
34
42
50
50
34
20
29
52
67
68
53
34
24
24
27
35
43
53
59
50
36
34
33
24
20
21
33
48
55
51
48
49
53
53
65
74
71
58
55
56
59
68
81
87
82
75
81
92
98
93
89
89
84
73
64
54
44
40
52
68
71
64
56
54
42
33
33
23
18
23
28
22
20
37
42
33
33
37
36
28
21
25
41
45
33
22
24
24
26
26
0
26
27
27
35
45
56
59
60
50
44
55
66
66
55
50
61
65
58
52
51
56
53
43
42
42
39
38
44
41
35
43
50
52
57
59
57
54
52
49
49
59
80
87
85
71
58
67
83
96
98
99
96
80
65
53
42
48
53
45
51
64
68
74
77
70
66
58
54
57
66
68
51
29
24
35
49
48
41
49
50
39
27
22
21
25
40
61
67
53
38
35
36
32
36
41
41
36
35
17
6
17
33
38
42
40
40
48
56
56
53
53
57
67
69
59
53
52
52
48
38
34
38
39
38
39
41
51
61
66
60
54
52
48
44
44
38
41
52
52
44
48
42
40
50
58
59
64
71
71
68
60
48
38
39
45
56
67
73
64
52
50
53
48
40
24
21
24
26
35
48
43
29
25
37
41
36
41
53
57
59
59
52
42
40
43
51
55
55
51
45
29
12
8
21
35
37
23
16
25
42
42
33
24
26
37
42
52
64
57
44
39
43
40
32
27
35
44
53
56
42
21
17
19
23
25
26
27
26
26
35
43
48
43
40
48
60
57
49
52
58
61
69
75
70
50
44
55
51
36
22
18
26
40
57
75
74
50
28
26
26
25
25
28
39
52
56
48
39
32
34
40
45
54
59
65
57
41
36
39
41
35
28
28
34
27
28
34
34
43
57
57
49
37
33
36
39
39
33
29
20
10
21
38
41
44
55
56
55
54
48
41
37
22
7
5
10
4
-2
17
53
69
59
49
44
43
54
59
53
52
59
61
68
72
66
56
55
59
54
50
60
66
59
54
54
50
28
24
37
52
59
61
54
35
12
8
26
50
57
54
44
35
35
53
64
57
52
49
44
39
51
56
54
67
90
90
68
49
50
67
83
96
93
80
56
51
64
76
81
77
66
41
21
6
0
0
7
-1
-18
-19
-10
2
10
7
7
19
35
40
37
38
43
54
69
75
82
88
77
59
53
54
49
32
29
55
91
115
106
86
75
75
76
69
54
52
61
71
64
56
56
52
49
58
61
50
34
23
20
11
9
16
21
17
11
28
58
76
75
74
74
69
57
51
43
44
52
55
61
71
66
41
27
28
25
19
18
18
20
32
44
55
71
83
86
86
85
64
49
53
60
60
58
57
43
38
40
41
43
50
49
39
34
32
37
40
38
36
28
25
33
35
43
52
43
0
21
18
38
53
52
64
73
76
73
57
50
48
56
66
72
71
77
97
108
115
113
107
106
106
105
91
69
65
81
89
83
73
72
74
73
66
50
38
28
18
4
-4
2
22
39
34
24
22
26
36
43
45
45
48
50
56
67
67
60
51
40
33
24
36
57
71
70
65
64
58
60
69
72
69
66
73
83
81
72
57
50
38
33
26
18
20
26
35
32
18
4
-3
-8
-19
-11
5
12
17
21
12
11
27
48
57
67
80
81
75
73
74
81
76
73
71
81
89
89
89
98
104
108
106
92
74
68
64
56
64
67
61
68
81
80
68
57
51
41
39
48
51
41
26
26
34
32
19
18
27
34
27
11
4
9
17
28
44
50
58
71
68
56
51
53
57
72
89
96
83
61
54
60
69
71
74
73
76
74
55
50
59
73
80
76
71
60
53
41
28
25
22
25
37
39
33
22
11
1
-6
-13
-23
-14
-4
4
18
24
29
38
36
34
29
26
20
16
21
25
20
2
-4
17
43
55
42
23
21
32
45
53
52
50
52
72
99
116
106
83
64
53
60
68
66
58
59
51
29
22
23
22
18
3
-8
-9
-2
5
3
-4
-3
6
18
24
26
29
35
35
19
9
19
41
64
69
57
44
52
74
88
84
81
83
89
93
91
93
98
90
86
102
119
120
113
92
76
70
72
68
52
48
52
57
69
75
70
54
38
27
24
23
19
19
25
37
44
40
37
38
41
41
32
19
17
28
45
58
54
43
40
44
48
41
49
65
76
75
57
45
37
39
56
59
50
44
49
55
58
58
60
59
48
43
43
28
21
22
35
33
23
20
11
3
6
19
24
24
23
27
28
27
25
18
1
-1
19
34
28
28
37
44
51
50
40
35
41
56
70
81
89
101
107
108
97
89
100
106
96
81
75
83
76
65
52
52
50
45
51
50
25
9
4
7
16
28
35
24
12
17
23
26
25
24
27
22
11
22
28
18
12
24
35
34
32
35
35
32
26
35
50
53
48
52
70
81
81
86
100
105
112
117
113
99
85
81
80
76
81
76
66
58
51
42
36
38
42
40
29
21
21
12
12
34
55
68
66
48
32
39
52
50
44
44
39
32
42
54
54
51
64
82
91
91
88
83
84
90
101
104
103
90
72
59
64
69
64
50
34
32
34
32
28
25
18
16
21
32
42
0
39
22
6
9
27
32
25
23
20
20
26
38
49
52
50
44
37
24
25
41
55
54
49
52
68
76
73
76
81
77
84
86
80
71
76
80
65
48
38
41
49
55
56
53
56
65
59
54
39
20
8
8
16
21
27
25
11
9
29
48
56
59
68
61
44
35
34
26
23
26
23
20
16
4
8
27
43
50
49
43
44
53
59
64
59
57
55
51
49
48
48
50
56
68
75
71
64
57
59
65
64
56
45
49
44
35
27
26
18
4
5
24
42
52
51
44
40
41
41
36
35
45
49
42
50
57
55
53
49
42
41
43
49
60
69
69
72
74
77
84
91
92
80
65
52
50
53
55
51
48
60
76
77
73
69
58
45
38
24
16
22
34
32
21
23
23
11
6
13
32
42
43
52
57
53
39
37
50
53
37
26
35
48
48
43
37
38
54
67
65
49
39
43
48
49
52
48
36
38
54
69
64
53
49
55
57
44
36
40
59
72
60
40
27
23
36
60
73
75
76
68
53
42
42
43
52
68
60
37
23
37
56
70
69
61
66
73
80
75
73
72
70
65
54
49
50
53
54
50
38
24
22
27
24
20
26
34
38
35
28
34
27
28
44
69
86
91
91
81
71
82
87
84
76
76
80
84
83
71
60
57
58
58
49
42
55
70
77
77
82
84
77
54
34
35
52
53
36
26
23
33
51
55
40
26
33
42
50
57
73
88
88
77
74
69
55
41
42
40
26
22
39
65
77
69
52
50
56
57
39
22
25
40
49
42
40
37
34
34
38
36
48
66
75
86
84
69
55
49
39
35
37
35
35
40
52
50
41
37
27
26
23
17
7
7
9
17
22
25
26
26
25
34
40
44
56
65
57
41
24
6
-1
11
12
10
26
48
42
26
29
41
43
43
44
39
27
24
32
21
4
1
4
7
9
20
24
20
23
34
41
44
49
38
26
22
29
44
58
70
76
74
68
72
90
91
77
60
50
49
55
55
54
56
60
70
85
97
90
76
67
67
76
88
96
90
84
73
65
58
57
45
36
28
32
40
50
59
69
77
84
84
68
54
59
66
60
58
57
57
59
61
59
72
92
91
73
64
67
73
66
49
34
28
49
83
101
98
90
86
76
56
23
6
11
35
49
49
45
51
52
52
53
49
53
67
68
55
44
42
49
50
49
0
50
55
58
54
49
40
35
36
35
27
29
51
75
89
90
76
69
71
69
55
36
33
55
82
76
56
48
49
39
24
16
13
10
7
4
2
5
17
17
5
-1
2
2
9
20
20
20
21
22
18
8
6
21
29
33
37
49
55
54
52
59
73
77
85
73
55
43
51
66
71
70
66
65
68
66
53
40
32
22
21
36
54
60
53
36
19
11
6
-1
-7
-10
2
16
7
0
6
25
39
38
34
25
25
40
48
55
58
54
40
33
42
58
64
64
73
75
70
65
58
54
45
39
37
49
52
51
65
75
73
68
65
65
61
50
40
41
44
42
26
17
16
17
20
8
3
12
25
36
37
35
35
39
52
61
66
60
44
28
36
55
72
67
50
44
49
44
39
42
45
49
43
37
28
17
4
2
10
28
39
37
32
35
54
76
84
53
25
26
33
34
36
37
33
25
17
8
16
29
42
51
52
48
35
32
37
48
54
40
32
38
50
55
56
51
50
52
53
66
88
103
107
105
89
74
71
68
65
57
44
40
53
72
81
75
66
54
54
57
60
52
40
33
29
28
34
37
42
48
40
36
48
66
70
59
42
27
22
28
35
28
24
24
26
21
10
7
11
20
33
51
55
58
69
74
64
52
49
60
67
57
49
38
24
11
5
10
19
13
0
-8
-9
-12
-21
-17
4
26
49
64
72
74
74
74
74
74
72
57
41
41
52
71
80
75
72
68
71
77
82
76
74
76
89
105
104
82
60
48
38
27
18
11
13
19
23
25
12
-4
-3
9
17
11
9
17
22
27
27
23
23
36
43
48
51
50
42
42
51
60
75
80
70
67
71
75
72
57
58
59
52
49
49
53
60
68
75
90
102
104
103
101
99
93
73
54
53
60
68
75
72
60
57
54
48
39
34
36
43
44
40
36
26
16
16
25
44
55
59
70
76
84
84
76
75
85
85
81
89
92
84
80
87
87
73
73
81
88
99
103
98
89
83
75
67
59
54
48
45
54
56
49
42
49
45
34
29
27
17
13
19
28
34
25
12
5
-2
1
9
12
18
26
36
48
48
42
52
60
65
71
74
70
58
54
57
52
41
41
56
72
83
73
59
51
42
33
26
24
13
2
9
12
11
7
-4
-6
-2
11
23
38
26
10
11
17
20
11
4
4
8
17
27
40
56
59
58
56
66
0
84
93
85
70
51
37
39
53
71
81
81
82
73
60
41
27
25
26
25
27
36
48
52
54
54
53
48
40
42
48
42
35
24
10
5
7
10
16
32
41
52
64
66
60
54
36
18
23
48
66
59
51
50
53
53
55
66
74
76
72
72
80
80
69
66
74
87
91
90
81
80
85
84
75
68
65
80
84
73
54
36
26
26
26
28
37
40
49
54
44
32
24
33
35
34
38
44
45
43
37
22
13
17
32
52
68
56
42
50
54
45
35
25
28
32
36
52
71
83
75
60
52
59
70
67
58
56
61
67
59
52
50
53
57
52
32
20
22
25
32
35
34
25
17
23
26
21
26
41
55
68
64
53
60
68
57
44
48
57
65
66
69
82
91
91
88
91
101
107
113
106
102
105
112
103
88
82
82
81
81
70
61
60
58
50
27
7
-1
10
26
38
37
27
27
33
34
36
28
24
23
24
26
26
12
1
-6
-2
5
2
-4
-7
-1
8
10
9
8
12
25
42
65
76
98
115
117
116
118
112
113
116
112
100
90
85
77
74
77
80
72
68
56
40
41
51
52
57
68
66
53
43
26
9
6
3
3
8
22
43
52
48
52
55
54
40
23
9
16
36
48
51
55
54
49
42
28
25
25
33
43
35
20
13
24
33
21
12
21
26
23
20
13
18
26
26
32
38
34
28
27
22
17
10
5
1
-3
5
18
25
27
25
21
21
34
43
40
29
26
41
59
68
69
71
58
51
68
89
92
99
97
75
71
87
92
81
68
56
49
48
43
42
43
40
25
19
25
35
35
40
49
51
50
52
54
51
51
52
54
67
77
80
70
66
67
60
43
36
32
32
36
43
57
68
65
64
71
80
86
81
75
82
83
81
73
71
72
70
71
69
72
74
65
53
49
49
58
59
43
34
33
25
20
22
25
25
25
28
37
36
29
23
23
27
29
27
25
23
26
26
21
24
37
42
42
43
50
53
57
67
81
87
85
77
67
69
73
73
74
72
66
66
66
57
52
49
39
26
24
25
24
20
22
23
27
40
50
51
48
38
32
35
38
32
25
32
37
35
33
38
51
65
73
76
77
72
66
68
73
81
73
60
49
49
56
61
70
74
83
91
92
76
55
49
50
54
61
70
56
37
21
17
17
21
29
36
40
51
48
40
37
29
26
37
49
0
57
55
53
54
58
59
60
57
51
41
25
23
28
32
41
54
65
73
68
56
57
50
50
66
86
99
90
73
57
53
60
71
75
71
68
66
53
43
40
44
54
53
49
49
48
37
24
26
32
36
51
66
59
42
41
48
53
56
55
54
54
56
69
74
74
72
70
75
76
69
58
49
41
39
38
33
22
19
25
35
37
28
23
26
34
36
28
22
19
22
26
25
17
24
44
54
49
42
39
37
41
51
44
29
34
44
49
41
42
42
39
37
43
55
56
48
36
39
56
57
53
50
57
74
82
70
61
69
71
77
96
84
58
42
49
59
65
67
70
66
56
43
34
35
44
59
68
73
69
58
52
41
33
25
21
21
21
22
27
37
43
38
22
13
10
6
10
34
56
69
68
59
52
49
44
42
38
23
12
19
23
16
9
21
27
26
32
39
