54
45
36
29
42
54
53
51
51
53
54
54
52
42
40
52
56
42
25
21
20
9
6
10
13
12
20
23
21
20
19
12
23
28
18
16
23
36
38
28
33
43
55
57
50
36
27
43
59
54
61
73
73
67
66
66
59
57
59
68
80
84
72
53
49
54
55
53
48
38
33
33
41
39
35
36
40
40
33
32
38
38
26
26
52
83
93
88
85
75
58
51
59
77
84
75
68
66
66
69
70
61
60
68
73
66
65
64
72
84
80
57
48
50
59
65
58
52
45
40
43
55
68
64
41
21
21
36
52
57
50
37
23
4
-4
5
16
32
38
23
17
11
7
12
24
32
38
38
38
51
65
70
67
53
43
42
51
55
61
73
74
68
52
43
51
57
61
65
48
29
21
16
8
8
4
4
8
22
37
50
59
59
53
58
82
90
80
67
65
77
82
69
66
73
89
97
80
58
58
61
57
56
59
59
61
67
80
97
101
90
71
64
68
69
54
38
34
39
50
55
51
39
25
17
10
17
27
41
51
49
41
44
38
22
21
21
22
40
68
72
58
45
53
52
40
32
28
27
19
23
41
48
39
40
56
69
64
50
41
41
48
54
58
67
56
41
40
43
54
64
58
39
23
25
33
38
36
40
44
42
27
17
19
28
38
42
33
16
4
4
10
27
43
59
60
51
51
58
67
58
42
39
54
71
64
43
43
48
57
86
102
88
70
65
75
91
76
53
0
44
49
54
59
64
75
89
98
77
55
51
60
82
90
81
56
40
37
33
34
32
17
6
18
32
38
52
59
53
44
58
81
84
85
86
87
92
96
85
74
73
80
84
70
57
65
74
85
80
75
82
73
58
54
61
76
74
65
59
60
60
58
56
67
81
82
75
67
65
67
69
58
36
26
35
56
64
54
49
49
50
55
56
56
53
39
35
36
39
37
27
10
1
8
21
16
8
12
25
32
24
18
21
27
23
26
34
38
43
34
12
4
0
-2
-9
-22
-27
-29
-18
-5
-3
-3
2
16
26
25
26
40
53
52
44
48
53
57
58
54
42
35
26
23
34
43
49
48
28
17
18
35
59
69
58
33
10
4
6
17
33
36
34
42
44
42
37
32
28
34
38
44
42
32
18
19
24
21
32
51
65
68
71
67
50
25
20
36
66
82
73
61
59
68
68
60
56
59
74
86
81
64
55
54
44
38
38
32
37
44
39
38
48
54
52
40
32
26
25
37
44
38
42
40
27
18
7
-2
-5
-3
3
3
9
27
44
50
49
41
35
26
26
21
18
19
21
28
36
50
69
65
52
57
57
54
60
71
53
26
20
26
39
52
65
67
71
86
90
97
112
105
82
64
65
72
76
76
83
60
26
17
24
28
34
38
33
22
24
26
22
19
19
19
22
26
26
35
40
50
57
60
60
53
59
75
74
65
56
66
73
70
67
59
52
50
64
81
81
71
73
86
92
96
93
82
72
73
70
58
38
19
19
34
39
37
28
17
4
2
1
2
11
13
5
16
49
72
75
66
56
50
36
29
39
58
65
60
55
48
48
60
52
35
26
20
19
20
24
32
38
43
37
27
38
56
64
52
37
22
21
20
17
22
24
18
21
36
49
64
57
35
18
9
23
49
58
65
71
68
67
67
65
69
60
26
6
12
23
23
21
34
51
59
74
74
72
76
83
82
70
64
70
77
70
64
52
48
50
41
24
13
16
23
41
52
37
18
9
16
11
4
5
9
8
12
38
50
37
17
2
0
7
21
37
40
32
27
27
32
48
57
55
58
68
68
71
82
96
103
91
75
76
88
97
88
82
87
87
85
76
67
60
54
56
52
41
49
56
54
52
49
41
35
33
29
26
33
42
33
23
36
64
82
91
91
76
70
59
54
55
60
69
65
67
75
80
77
0
86
98
88
70
61
59
52
48
54
57
48
49
65
52
37
34
25
9
8
25
42
49
52
60
66
72
80
72
54
34
27
32
34
33
28
38
56
60
67
77
76
50
25
29
53
75
91
107
102
88
73
69
80
77
58
48
69
101
112
92
72
65
66
67
52
41
38
38
44
55
53
34
19
17
8
-4
-4
-5
0
11
24
38
43
27
9
12
25
33
33
22
19
34
36
23
19
24
34
41
35
33
40
52
73
97
104
91
75
57
44
39
40
51
66
80
77
80
82
81
66
48
40
52
68
70
61
58
64
68
59
40
34
37
53
53
36
28
38
45
48
51
41
34
44
70
68
45
26
8
2
16
34
59
84
83
76
76
73
55
22
1
10
36
50
54
53
40
37
39
25
16
19
32
42
49
43
26
8
4
11
20
32
43
56
68
66
53
44
43
58
67
53
40
39
49
55
51
28
6
-1
3
26
56
64
51
48
43
35
29
34
34
33
49
66
65
42
23
13
17
23
25
28
48
44
19
17
26
37
34
20
13
27
43
51
52
39
27
34
44
53
45
37
35
53
66
54
36
29
38
57
80
80
75
72
58
44
39
48
71
88
84
71
66
58
56
66
76
82
81
67
59
59
64
60
51
52
41
16
26
64
75
56
36
33
23
5
-2
19
40
45
52
54
44
38
41
43
53
61
54
48
45
57
66
54
56
68
70
67
59
50
38
28
35
28
13
18
24
39
52
49
41
37
36
25
12
25
38
39
40
52
56
57
60
70
80
85
93
97
70
56
57
43
21
20
25
33
42
55
76
89
100
102
90
81
81
81
74
58
48
37
39
52
60
66
73
81
83
73
51
33
23
16
18
32
42
64
84
87
68
50
54
55
55
60
65
54
36
37
37
25
18
16
16
19
29
48
49
38
41
52
55
44
24
12
34
66
64
36
19
12
18
19
12
19
29
32
27
21
10
18
33
43
54
51
37
34
34
40
43
44
48
51
52
50
59
76
81
76
72
64
57
52
54
70
59
28
8
18
33
40
54
60
56
52
45
49
58
71
65
44
44
66
84
99
84
70
68
71
82
84
68
53
53
73
97
89
66
57
55
45
42
45
49
44
38
26
21
23
28
40
58
74
73
57
42
40
38
38
41
49
56
51
41
40
45
58
66
61
54
41
40
55
70
0
72
69
61
54
43
38
37
43
60
81
107
114
88
71
82
88
72
55
67
73
74
71
58
48
41
36
33
28
18
17
36
48
27
3
-6
5
23
32
37
38
32
18
16
20
26
38
50
59
74
82
74
57
45
42
48
53
53
44
43
53
67
72
76
87
92
87
74
58
38
26
24
17
20
25
38
53
51
41
41
38
27
27
27
24
21
12
8
12
25
42
50
44
41
50
48
33
41
68
83
81
64
42
39
55
72
75
82
88
91
80
54
40
41
50
50
50
48
35
9
-7
-8
-2
3
8
6
3
8
10
18
25
24
18
11
12
11
22
27
22
33
50
45
32
33
41
43
48
56
75
90
91
75
71
85
96
87
72
72
83
90
87
91
85
72
65
57
48
39
40
37
29
25
22
17
20
36
55
75
74
60
53
50
39
23
16
17
19
23
43
67
60
38
21
23
27
45
68
75
69
54
45
55
72
67
35
19
39
76
69
35
32
44
51
38
33
38
43
44
51
51
40
33
33
40
41
33
21
17
16
19
33
43
49
43
25
23
37
36
36
49
67
85
87
71
64
70
87
98
82
56
41
42
66
85
90
85
76
75
72
58
39
25
26
28
16
20
42
65
76
82
80
67
58
58
60
60
64
65
71
84
84
72
59
53
48
44
58
75
80
75
71
61
57
56
45
25
8
12
36
53
56
58
68
71
61
55
51
54
55
42
29
23
29
50
73
98
104
89
71
65
69
65
55
50
43
41
38
35
27
36
45
49
43
35
28
28
33
27
25
29
36
40
45
49
41
35
28
33
53
69
64
49
39
42
44
56
61
66
70
71
75
89
86
72
68
66
53
49
56
67
69
64
57
57
60
51
36
19
4
5
25
45
53
39
21
10
22
34
22
3
-3
16
40
56
53
36
27
34
40
42
38
32
34
42
52
40
25
17
11
19
24
36
56
76
87
75
64
57
65
80
97
106
100
72
53
56
67
73
60
38
17
9
21
44
57
49
35
28
19
12
18
25
37
50
50
53
53
51
54
59
58
45
29
28
43
70
81
72
45
43
68
85
77
68
61
67
72
68
70
80
76
51
36
42
38
13
-12
-23
-12
-6
1
10
18
16
11
32
66
67
58
52
41
41
49
54
55
55
57
70
86
73
44
34
37
48
64
71
73
70
55
35
32
41
43
0
44
50
57
52
35
35
42
44
40
27
25
33
36
32
23
17
13
19
20
19
18
17
11
13
13
18
40
55
55
38
24
18
22
19
16
27
35
28
27
37
41
27
18
7
17
32
35
36
58
88
89
83
81
74
67
57
58
69
81
87
72
44
39
53
57
43
38
49
56
43
33
32
36
29
19
6
0
8
32
38
25
13
17
22
35
49
40
17
1
16
48
60
57
60
55
51
43
45
54
52
48
54
66
64
66
74
80
74
80
83
86
81
73
82
80
66
52
45
39
28
28
25
22
26
35
29
20
16
13
24
26
19
10
13
27
35
35
35
25
17
21
45
77
84
68
54
55
53
51
48
48
57
72
83
87
88
74
64
66
70
69
67
60
61
74
88
97
89
73
60
53
44
34
9
-12
-18
-9
3
7
-2
-8
-2
1
-4
1
13
27
39
36
33
44
69
73
59
42
39
54
74
84
70
54
55
65
74
85
87
82
85
97
113
120
113
89
80
90
89
71
55
52
59
61
61
68
67
66
69
74
80
71
50
38
39
35
12
-1
-4
-11
-17
-7
5
25
34
23
17
23
19
13
18
33
49
57
61
64
66
58
45
39
42
56
59
58
68
77
72
68
74
72
57
50
61
81
92
75
49
28
27
34
28
25
33
42
50
42
37
36
40
48
59
68
58
43
37
40
48
52
49
33
34
49
68
84
87
85
82
75
77
98
105
101
87
74
77
87
97
103
100
89
87
88
86
85
83
73
66
60
66
65
61
64
59
55
44
37
34
33
38
42
34
25
25
27
27
40
56
68
80
86
84
81
83
74
65
51
49
40
37
52
73
88
97
99
101
99
86
73
65
65
72
85
90
99
103
87
66
50
43
48
56
49
36
32
28
33
38
35
18
5
6
20
27
22
24
33
36
26
12
-3
-8
3
4
2
7
18
26
36
41
41
50
53
59
70
59
36
27
40
55
60
64
83
100
96
65
43
55
71
60
45
54
72
83
82
71
60
54
44
32
36
53
51
41
49
60
64
48
26
25
33
24
17
23
23
23
34
36
32
26
16
9
16
20
13
13
22
21
9
10
21
32
38
40
42
41
39
54
66
57
40
22
17
36
61
76
82
65
50
48
40
34
37
38
23
10
20
33
36
40
36
16
9
25
45
44
37
35
34
35
40
55
67
71
89
80
0
56
53
52
38
27
18
6
-6
-2
27
67
86
83
72
81
93
87
64
42
32
39
51
57
64
67
57
37
36
41
35
22
21
16
8
12
21
25
42
43
37
38
52
61
65
73
80
72
58
54
60
73
84
88
90
92
102
97
82
66
53
38
33
39
52
66
59
42
32
25
34
43
43
36
35
49
66
64
40
18
22
38
41
36
32
34
43
44
38
40
50
49
42
38
45
56
54
45
36
34
40
53
71
82
74
57
54
68
66
51
55
54
40
44
66
68
50
29
25
25
28
38
42
39
32
21
26
41
44
43
48
45
39
27
19
24
44
53
42
36
29
16
2
-4
-1
5
19
33
40
41
39
33
26
28
36
44
57
60
64
73
86
82
70
64
60
54
29
10
2
3
25
43
52
59
43
16
6
6
-5
-14
-23
-33
-27
-11
-3
-4
-20
-45
-45
-21
5
9
10
22
36
51
61
65
55
52
43
39
41
53
64
70
86
100
105
103
99
90
90
103
109
98
87
84
83
92
96
91
87
76
68
57
49
38
17
11
28
35
39
43
40
28
21
23
16
5
-2
-5
-2
-4
-5
0
3
17
33
44
54
54
53
45
26
21
42
57
66
74
92
108
102
93
87
72
56
45
42
56
74
75
67
60
56
53
38
22
22
36
38
34
25
29
29
27
21
6
10
25
22
17
11
7
12
21
32
38
49
43
40
40
34
28
25
24
32
45
66
86
102
106
104
100
99
83
59
53
69
73
60
57
64
65
71
69
43
32
41
53
49
54
76
82
64
45
42
53
58
42
25
18
16
12
11
18
32
39
44
57
71
74
71
69
58
56
69
81
93
108
106
100
107
122
132
135
132
130
138
144
120
101
88
81
73
69
51
34
34
42
49
43
35
28
21
10
3
5
17
12
2
2
3
11
28
26
19
22
22
21
23
34
40
50
52
42
40
29
24
23
29
41
44
51
58
67
72
71
60
57
55
56
67
80
91
88
72
66
57
48
41
44
48
39
37
39
43
44
40
40
38
28
24
32
33
27
28
39
48
55
66
73
61
37
25
26
35
48
64
67
65
68
75
77
73
65
58
60
60
51
38
45
54
52
51
56
51
42
40
51
59
53
32
12
9
17
17
23
22
21
22
21
10
-7
-17
-4
7
12
18
16
22
49
56
36
11
8
23
39
35
24
22
24
32
0
40
50
52
55
65
70
66
66
71
88
88
76
68
54
37
28
29
35
36
43
52
58
64
65
52
36
28
37
41
40
34
27
26
22
37
55
60
56
55
56
49
38
49
69
70
55
42
39
52
71
82
80
82
97
105
106
119
116
96
68
43
38
51
59
53
39
41
48
41
27
27
40
44
54
57
57
40
25
28
37
37
41
43
41
42
53
57
45
33
36
41
41
32
25
33
39
50
58
72
70
53
48
58
68
70
80
88
75
59
55
48
51
61
67
61
52
50
56
58
59
59
48
37
33
40
38
36
23
0
-14
-8
4
11
17
19
22
25
37
51
52
40
29
22
21
18
16
26
51
56
43
38
49
59
50
45
74
103
115
112
115
117
106
97
98
100
97
82
64
54
65
67
50
27
12
12
27
43
48
38
24
16
16
21
28
28
21
16
26
37
37
35
36
39
41
41
39
36
42
56
59
51
44
43
36
35
39
42
51
57
68
87
75
52
44
50
61
68
61
56
52
54
64
74
69
59
56
59
60
61
67
69
65
59
52
49
42
44
41
32
35
49
58
51
33
22
21
13
22
35
40
48
53
58
56
49
42
45
42
27
27
36
55
74
85
74
60
57
57
58
64
58
56
52
51
53
60
69
71
64
52
45
48
41
38
43
38
23
12
18
26
39
39
36
37
39
44
41
36
34
34
44
66
75
72
60
54
43
36
41
72
85
70
68
83
87
69
49
42
39
51
75
96
99
87
84
87
70
49
43
48
50
53
55
50
43
60
84
81
53
25
12
9
23
45
57
58
38
5
4
25
44
53
45
33
35
51
57
55
44
48
55
55
41
25
29
48
50
57
68
64
64
58
54
52
45
45
38
23
23
36
48
38
33
43
54
44
37
42
49
51
44
33
19
13
21
35
37
32
39
49
53
52
49
53
56
51
49
56
64
59
55
64
58
51
55
55
44
49
60
68
58
43
35
40
53
52
44
50
52
52
50
51
55
67
68
51
41
55
70
76
76
70
55
42
39
43
50
44
40
49
52
51
40
33
40
57
68
44
18
10
26
36
33
33
34
35
39
41
42
52
69
84
83
73
59
54
50
54
61
59
57
56
60
73
84
86
81
73
61
52
50
42
39
43
36
20
6
-2
7
17
23
28
26
13
7
17
21
12
9
7
12
33
0
37
28
20
21
37
43
42
55
72
80
75
60
56
59
52
39
34
34
35
35
37
41
48
49
51
55
67
67
65
59
59
68
66
56
51
45
42
56
73
72
57
49
52
53
49
43
42
44
54
52
33
13
11
24
33
40
50
57
52
27
11
13
20
35
52
64
68
61
56
50
43
29
17
11
21
44
67
71
68
57
60
60
67
74
84
90
87
74
65
50
40
36
29
21
24
40
54
65
61
58
60
68
69
60
57
56
56
61
85
98
82
68
68
68
76
89
99
98
74
59
56
53
56
59
52
44
51
56
66
76
74
58
42
42
53
59
55
48
37
35
42
50
54
54
52
54
55
50
36
24
26
27
18
7
9
18
22
19
23
24
25
39
51
40
32
37
49
54
51
51
56
67
74
84
99
89
57
41
44
54
69
69
51
37
35
35
48
42
17
11
32
33
12
9
20
19
24
39
52
60
71
86
89
83
72
59
55
60
80
100
113
104
88
87
99
92
75
60
59
56
51
53
49
42
54
67
73
81
89
91
83
69
69
60
42
40
45
41
21
5
3
8
18
23
21
18
17
26
41
52
53
60
80
71
54
42
52
73
80
65
41
29
39
64
80
87
74
55
42
42
53
65
68
61
59
59
57
65
65
53
35
20
26
55
65
56
59
68
68
54
41
44
56
60
53
54
60
55
39
33
38
41
22
3
6
17
17
20
33
48
50
49
42
33
32
28
24
24
28
26
26
26
19
23
37
56
70
73
67
44
13
4
4
9
11
10
19
33
42
33
9
-7
-17
-10
1
9
22
35
26
23
34
34
20
7
-9
-26
-21
-2
12
19
23
32
38
50
65
88
107
114
101
83
77
74
69
72
76
88
105
122
130
118
85
66
60
53
39
28
22
22
21
16
16
24
21
3
-9
-9
3
28
28
9
-4
-3
9
19
16
20
40
60
64
45
44
60
80
84
73
66
67
76
84
72
67
75
89
98
84
73
68
56
48
40
40
41
34
27
32
37
42
59
60
44
28
18
13
21
36
42
38
37
38
26
5
4
17
29
42
49
49
49
58
65
42
28
41
54
57
68
89
112
108
102
104
114
104
82
65
55
58
64
58
58
59
67
68
56
43
41
50
42
20
10
17
22
21
21
24
29
36
42
42
40
44
50
42
26
16
16
20
33
51
67
72
55
0
40
45
57
68
58
52
60
65
59
55
57
64
59
56
56
61
74
74
64
54
50
53
59
54
48
58
67
52
33
20
7
4
8
19
39
38
24
6
0
16
37
51
60
58
38
35
57
84
77
43
37
51
59
77
83
80
91
107
109
96
84
87
92
97
87
76
81
70
41
48
80
101
96
81
69
39
9
12
24
22
10
1
-1
17
44
59
61
58
64
64
51
50
50
57
59
60
68
55
50
50
25
10
9
11
1
2
26
43
49
44
50
54
56
51
37
33
51
72
82
76
66
64
72
75
75
73
70
67
53
41
38
34
36
42
40
54
68
68
67
68
58
43
28
24
35
37
22
23
34
34
37
41
48
48
35
28
35
37
37
29
27
18
10
16
24
27
33
35
27
19
17
20
16
5
9
34
65
76
75
75
76
75
65
58
57
57
52
24
13
16
7
5
8
4
10
25
34
28
18
7
-1
-1
10
21
22
20
23
39
67
82
83
69
52
50
54
55
49
48
44
41
44
52
53
54
64
75
84
80
60
49
52
59
60
64
74
66
36
28
39
44
41
39
48
53
53
48
40
40
48
58
67
56
41
40
43
51
52
44
42
44
42
37
41
53
68
71
64
67
76
80
65
49
49
51
59
87
102
91
76
82
73
56
43
35
25
24
35
52
66
76
69
54
52
64
73
56
33
13
8
4
4
16
16
18
16
5
-2
-4
0
3
8
8
3
2
3
16
36
48
50
49
50
66
74
57
50
64
88
104
90
61
43
48
65
84
83
67
60
75
96
109
108
84
50
43
45
42
44
59
84
89
67
53
50
38
25
25
32
25
19
27
48
61
54
35
23
25
39
40
28
27
48
64
60
60
73
86
86
85
97
108
101
103
105
93
85
75
70
69
71
83
85
70
54
39
28
24
25
26
21
16
8
17
41
56
40
11
-1
4
23
35
22
11
17
24
27
22
19
9
8
8
13
20
23
27
26
32
41
49
55
65
75
96
99
88
80
81
93
104
99
80
60
66
70
76
81
72
60
48
38
35
32
26
25
12
1
12
32
35
27
24
26
25
17
4
2
17
24
24
39
57
58
48
38
36
56
88
102
102
108
121
121
105
84
72
73
66
67
87
100
99
84
58
40
35
35
40
49
60
58
41
23
12
21
38
45
36
27
36
49
50
38
29
0
25
18
16
19
23
26
38
54
59
56
48
36
32
36
56
64
53
44
42
41
33
35
55
66
68
69
86
100
98
87
73
72
72
60
38
22
18
11
-5
-19
-21
-19
-4
16
26
34
48
56
53
49
44
57
67
54
43
38
43
57
50
35
36
50
69
83
97
89
73
61
51
38
34
23
9
5
4
9
26
36
49
48
42
50
67
66
37
12
20
50
54
38
34
39
40
32
23
22
23
33
34
35
35
40
51
55
52
50
48
45
41
33
32
40
53
64
68
71
83
92
91
69
48
52
67
60
54
55
59
66
81
106
128
129
118
100
76
70
69
66
64
69
68
53
41
38
29
20
11
7
10
20
24
35
50
54
51
52
56
55
53
49
39
36
33
28
34
34
34
43
59
67
58
40
25
26
35
40
52
76
97
102
91
71
65
68
70
64
65
67
55
51
53
70
91
93
81
60
34
18
27
34
34
40
48
43
39
50
43
42
41
27
19
24
25
22
34
42
52
60
68
67
70
76
84
98
103
89
91
106
103
92
76
59
74
116
144
141
122
104
92
88
82
67
52
38
42
61
69
57
38
35
43
51
49
39
38
36
28
32
38
54
50
28
27
33
35
49
52
38
33
36
26
12
5
21
38
35
36
48
67
85
81
64
56
53
58
71
68
52
37
35
40
39
20
6
9
18
13
13
13
16
18
34
50
52
52
40
25
20
17
7
1
-4
-10
-14
-18
-11
-1
7
10
13
21
34
42
55
73
68
50
38
42
45
43
43
43
40
43
59
72
68
57
48
53
71
75
66
43
27
32
34
24
10
16
33
49
57
56
53
49
28
11
6
13
24
22
21
35
50
65
69
52
35
33
43
56
67
80
84
82
68
60
73
82
72
61
66
72
76
82
76
65
45
42
38
22
10
5
16
32
39
27
12
2
-2
8
18
11
7
7
10
23
32
21
12
18
24
34
38
32
24
35
52
54
40
36
41
52
53
53
68
74
75
75
85
101
106
105
99
82
70
66
54
39
34
34
35
38
42
38
34
38
36
33
28
33
38
37
36
36
38
41
35
39
51
52
50
50
54
57
61
69
67
67
69
68
59
48
44
50
59
65
70
85
104
104
89
75
74
84
88
81
67
54
52
64
57
37
25
22
18
7
-7
-20
-25
-20
-12
-12
-14
-13
-12
-9
-5
4
17
0
35
52
55
48
41
52
66
71
66
59
58
59
61
58
60
71
76
75
74
81
89
92
82
64
52
57
64
58
68
75
81
92
99
87
69
58
51
40
38
50
55
52
58
59
53
50
54
64
60
60
71
68
53
40
25
5
-19
-22
2
19
18
12
12
20
36
48
40
23
25
40
44
52
53
40
28
26
29
32
33
39
43
41
54
87
91
50
22
32
53
61
60
56
50
45
51
64
65
40
24
29
37
33
35
51
52
36
20
20
20
23
33
43
53
52
41
33
26
29
41
48
45
48
43
35
37
55
73
66
50
43
44
48
48
48
45
41
39
44
58
67
70
68
54
40
35
44
61
72
72
69
59
48
50
59
67
66
58
59
64
59
54
51
52
39
23
23
33
23
10
10
12
13
17
23
36
39
38
53
50
32
22
21
26
29
28
