91
-25
-34
89
135
9
-59
35
132
50
-52
-5
106
64
-57
-55
70
90
-34
-73
40
116
7
-78
2
118
49
-69
-27
106
103
-21
-41
85
137
39
4
116
208
97
-17
35
153
108
-13
1
152
193
80
36
132
180
55
-12
93
226
156
34
51
167
147
16
8
149
198
59
-12
74
161
68
-26
26
146
112
-4
-2
124
153
37
0
104
171
65
-9
75
183
105
-2
45
177
157
34
28
154
195
72
8
109
211
124
28
85
204
161
40
55
185
200
61
16
132
200
87
-4
72
185
120
6
25
138
120
0
2
133
172
40
-22
71
153
65
-26
36
162
121
3
9
118
109
-13
-35
81
139
27
-44
36
141
74
-27
9
140
124
1
-9
112
138
9
-37
82
169
56
-43
21
140
91
-26
-20
104
118
-5
-35
80
136
25
-37
60
165
74
-46
-8
122
98
-35
-45
72
104
-17
-68
36
119
16
-75
1
131
88
-33
-34
81
85
-39
-62
65
139
22
-61
22
138
70
-38
-1
117
85
-53
-86
23
60
-50
-97
8
98
6
-86
-26
83
28
-84
-56
73
73
-45
-67
52
108
7
-44
54
152
58
-57
-14
113
88
-35
-45
74
109
-7
-52
66
163
73
-20
41
160
104
-18
-2
125
135
20
-5
104
150
17
-70
3
98
12
-109
-73
61
50
-76
0
-97
27
73
-34
-72
32
103
-9
-100
-22
96
35
-73
-24
114
117
-9
-49
56
109
11
-40
54
153
67
-42
8
145
125
11
16
136
164
34
-27
72
157
64
-22
48
157
91
-24
-2
118
112
-6
-23
96
152
36
-52
9
90
9
-76
-9
123
90
-30
-25
96
104
-24
-71
34
108
3
-90
-25
86
32
-75
-29
122
144
27
3
107
136
20
-34
59
156
76
-23
25
160
134
12
11
132
148
21
-17
99
178
81
3
77
184
119
8
36
161
151
33
20
135
179
64
0
72
139
51
-23
50
162
99
-33
-17
129
151
22
-23
72
128
6
-73
10
130
58
-51
-3
134
122
-12
-37
61
83
-39
-97
5
105
22
-70
-6
119
80
-34
-10
128
150
12
-35
57
115
12
-49
34
134
49
-73
-40
96
100
-7
-12
106
149
28
-27
67
151
45
-68
-13
116
93
-21
-23
89
101
-17
-39
89
170
71
-4
75
200
160
60
91
198
168
41
44
179
214
89
21
106
193
98
-6
51
187
155
32
33
155
167
24
-22
99
185
88
-2
58
163
81
-39
4
148
149
33
19
132
166
49
-10
74
160
74
-17
43
162
108
-17
-12
112
130
10
-27
71
133
26
-53
22
130
66
-39
4
132
113
-11
-33
84
130
17
-34
69
155
52
-54
2
129
87
-27
-10
117
131
19
-7
91
128
-2
-71
21
128
53
-49
-3
130
114
-2
1
123
151
20
-44
50
140
41
-66
-21
91
57
-59
-55
71
99
-5
-28
86
153
44
-33
32
122
60
-24
33
162
137
11
-1
118
155
50
2
98
184
99
6
54
161
106
-9
8
144
160
35
-10
86
155
72
11
85
179
102
-6
32
160
134
2
-17
87
106
-19
-73
19
100
19
-59
8
125
66
-57
-35
101
105
-20
-50
59
116
12
-45
40
144
66
-43
-3
120
92
-35
-52
60
88
-24
-52
64
139
37
-50
25
146
105
1
20
146
149
18
-9
106
168
67
-1
72
170
91
-18
19
134
101
-20
-23
92
123
1
-61
25
93
-9
-105
-42
77
29
-87
-72
64
82
-35
-56
58
108
-7
-84
-11
82
16
-73
-11
125
100
-22
-29
85
107
-12
-56
56
145
41
-59
0
121
85
-17
-2
109
107
-9
-43
50
91
-22
-84
13
121
39
-72
-40
66
29
-73
-49
92
128
0
-55
49
134
40
-50
13
131
84
-18
3
123
128
10
-7
106
154
38
-21
82
186
100
-6
41
163
128
6
10
132
137
10
-22
92
169
54
-42
18
133
88
-11
10
125
0
106
-34
-59
64
120
10
-38
64
151
51
-57
-2
119
75
-46
-36
105
146
32
-5
105
164
40
-52
23
136
82
-19
16
136
122
-4
-20
104
154
27
-41
50
146
55
-52
-12
97
54
-70
-59
84
117
-8
-65
28
98
-6
-82
1
115
49
-71
-42
100
104
-27
-62
43
103
10
-34
59
150
54
-58
-24
83
49
-45
-11
122
138
-1
-53
51
119
16
-65
17
144
96
-20
-4
101
81
-33
-27
99
138
18
-43
41
120
26
-66
-7
106
60
-58
-52
68
89
-12
-28
92
168
61
-27
28
122
57
-35
10
141
117
-11
-24
89
128
17
-28
67
150
55
-40
6
112
70
-33
-5
123
140
10
-37
66
123
22
-41
41
153
85
-29
-10
101
90
-21
-18
105
137
3
-57
52
153
71
-19
40
168
132
17
29
157
168
43
18
129
189
80
5
92
199
123
7
42
166
146
10
-10
104
146
28
-25
75
171
80
-24
20
130
89
-17
-2
109
120
-10
-62
42
120
18
-72
-7
92
23
-83
-50
73
56
-52
-41
93
144
33
-2
122
224
123
19
73
183
132
5
12
148
165
50
16
119
182
75
-6
56
146
74
-27
4
122
112
-1
-13
87
114
-3
-49
55
139
49
-34
25
123
66
-51
-24
107
117
-11
-44
65
123
20
-51
28
140
80
-27
-3
107
86
-28
-26
102
144
26
-19
81
162
75
-4
58
168
115
-9
-9
100
100
-4
-8
116
176
58
-22
39
133
80
-5
34
144
114
-2
-6
108
132
0
-58
40
133
44
-49
0
100
50
-70
-51
77
85
-43
-73
52
115
5
-61
32
145
70
-35
12
150
131
7
-4
107
134
19
-11
98
178
88
4
67
167
113
17
54
177
154
13
-17
98
162
56
-10
68
163
93
6
57
168
122
-10
-19
104
145
41
-4
88
162
52
-42
20
144
101
-5
16
136
139
16
-14
99
164
71
12
90
173
82
-30
8
129
106
6
13
132
153
24
-44
27
100
23
-39
36
151
97
-25
-10
107
105
-17
-46
59
112
2
-67
7
98
38
-38
9
121
88
-27
-26
96
123
10
-35
58
120
24
-42
28
140
88
-23
-8
98
80
-41
-42
88
140
23
-40
52
161
84
-26
8
122
96
-10
4
133
148
12
-24
85
153
53
-30
27
129
64
-52
-38
73
71
-33
-35
86
133
12
-53
27
114
19
-89
-33
112
103
3
6
124
145
32
4
117
185
80
-19
29
129
83
-3
35
162
161
41
20
116
137
23
-35
42
130
50
-49
1
119
84
-37
0
-30
86
101
-24
-74
20
92
-3
-85
-20
76
25
-74
-45
75
76
-26
-37
67
93
-35
-102
-12
74
-3
-85
-20
93
51
-65
-52
74
92
-19
-42
66
139
50
-13
66
169
103
-9
16
131
108
-18
-26
96
137
20
-36
60
153
60
-43
-8
91
54
-53
-38
80
87
-27
-57
53
114
8
-61
20
132
60
-58
-38
77
59
-45
-39
85
133
22
-29
64
157
80
-13
38
149
100
-19
3
141
155
33
-1
108
183
71
-17
52
152
77
-25
16
139
114
-17
-30
89
132
6
-56
39
136
52
-29
34
145
96
-22
-4
130
148
21
-11
102
169
67
-4
76
185
115
2
32
153
139
26
32
161
197
61
-10
68
160
89
8
66
172
118
-8
-10
99
102
-25
-56
59
122
19
-50
25
123
58
-25
33
164
131
-21
-43
84
132
22
-26
57
121
24
-55
8
123
74
-36
-3
133
146
11
-29
70
122
21
-39
52
161
87
-11
32
154
129
-2
-17
96
130
18
-34
71
172
92
9
72
184
123
-8
-5
115
129
17
0
105
152
32
-43
37
130
52
-42
0
112
80
-42
-46
77
118
-2
-52
54
132
34
-51
7
123
88
-4
33
163
169
39
-7
85
136
33
-28
60
164
87
-23
1
106
76
-36
-35
96
129
-1
-58
38
120
23
-71
-11
98
54
-50
-27
93
99
-17
-40
70
134
28
-42
32
134
68
-30
7
116
85
-29
-20
112
150
43
4
103
171
65
-18
54
163
107
1
28
150
153
43
22
133
189
82
20
114
213
129
17
44
149
121
9
23
160
193
65
-2
76
139
39
-44
22
133
73
-44
-19
107
103
-22
-46
76
141
28
-41
37
123
45
-50
-4
109
77
-43
-51
56
84
-13
-40
66
147
51
-42
3
112
71
-25
-2
115
117
2
-19
88
133
26
-29
50
140
57
-50
-19
88
65
-36
-22
99
120
0
-43
58
137
44
-45
5
105
49
-49
-23
85
76
-37
-51
58
108
-6
-77
10
114
42
-51
-2
107
71
-37
-21
105
123
4
-29
76
149
38
-58
3
117
69
-34
-6
118
116
-6
-34
67
100
0
-37
69
155
59
-43
5
117
68
-55
-51
68
84
-42
-90
21
117
51
-14
37
123
54
-56
-29
87
80
-37
-52
60
104
-11
-87
-7
73
-2
-84
-14
106
74
-37
-34
83
100
-10
-42
68
144
48
-23
49
146
76
-22
19
146
135
13
-3
108
145
32
-24
70
167
87
-12
25
129
84
-28
-22
106
135
9
-35
68
131
35
-27
50
146
67
-45
-11
100
0
75
-37
-38
77
116
-1
-52
50
136
54
-35
18
129
77
-37
-25
100
123
24
3
117
187
90
9
75
182
120
8
34
148
124
-10
-45
58
115
32
-17
59
124
22
-72
-20
85
50
-55
-33
96
113
-8
-50
61
132
20
-57
26
138
72
-36
-7
113
103
-1
1
115
151
32
-23
73
167
92
3
53
162
117
0
5
135
160
48
10
114
192
104
26
87
184
121
17
52
178
164
34
7
115
150
36
-12
75
144
25
-76
-21
96
59
-41
-12
112
108
-18
-50
56
113
7
-54
28
132
57
-49
-6
128
121
2
-23
68
89
-27
-77
24
120
44
-36
22
120
54
-66
-36
97
114
9
1
117
161
37
-27
65
170
99
-3
45
173
149
20
-3
96
117
16
-21
67
128
25
-55
13
131
84
-22
4
131
135
6
-33
67
119
19
-38
51
153
74
-43
-26
87
75
-19
-1
124
152
24
-20
87
180
101
17
72
177
124
11
21
133
135
18
-14
87
140
32
-41
33
133
65
-43
-20
73
41
-76
-81
41
76
-27
-69
25
99
4
-83
-22
84
39
-62
-41
73
73
-38
-60
44
102
8
-50
27
117
33
-69
-19
107
99
4
18
129
150
41
-4
88
166
82
8
80
183
133
28
50
163
152
34
12
124
165
38
-30
54
151
80
-13
33
148
114
2
3
118
144
43
17
105
167
83
11
72
169
116
20
59
187
171
39
8
121
182
85
27
119
216
133
32
72
177
130
6
13
137
156
34
-14
82
156
72
-3
51
137
73
-34
-18
87
81
-27
-33
87
134
13
-57
33
123
40
-46
9
121
89
-26
-37
71
99
6
-5
106
167
54
-30
28
139
98
3
37
153
146
35
24
132
164
43
-14
73
168
75
-26
16
119
67
-52
-33
92
114
2
-38
55
116
19
-59
1
99
40
-66
-40
70
56
-58
-68
52
97
-7
-49
44
128
43
-39
10
113
65
-51
-43
82
104
-2
-25
84
157
67
-3
57
148
84
-18
18
147
138
11
-12
88
122
11
-33
64
144
55
-29
18
121
90
-5
5
107
119
6
-34
60
124
33
-44
22
130
74
-27
1
129
128
24
18
117
140
12
-51
37
124
56
-18
51
171
123
-6
-18
86
102
-2
-37
57
118
34
-13
67
150
65
-45
-12
93
76
-28
-33
74
101
-6
-49
42
119
24
-59
22
172
129
-20
-41
54
42
-73
-52
122
196
32
-97
-30
67
-19
-113
-25
140
106
-46
-54
76
99
-53
-106
29
145
25
-88
-6
146
97
-37
0
-19
123
124
-23
-61
64
122
0
-72
36
145
36
-99
-45
89
40
-108
-104
58
105
-37
-90
41
144
7
-121
-51
88
37
-82
-37
114
106
-59
-93
57
135
5
-67
59
194
88
-50
5
160
131
-11
-11
135
165
9
-50
74
171
65
-30
53
198
136
-9
8
160
164
21
-3
122
166
9
-85
16
132
48
-54
20
157
108
-41
-37
114
132
-29
-99
20
122
10
-85
2
149
88
-58
-37
114
112
-53
-88
72
164
43
-26
88
204
93
-37
27
177
133
-7
4
152
170
5
-54
83
184
65
-33
55
184
97
-57
-24
136
131
-17
-28
106
155
2
-77
38
156
56
-66
-10
124
71
-68
-42
116
130
-33
-74
69
169
41
-68
5
129
50
-83
-33
137
134
-34
-76
55
114
-17
-70
57
172
56
-83
-18
151
117
-28
-14
145
172
22
-19
108
185
53
-40
57
196
108
-37
-3
148
120
-46
-56
101
164
4
-75
48
166
60
-58
8
147
84
-72
-57
112
149
2
-50
77
160
22
-67
39
188
117
-20
18
163
131
-40
-55
102
157
17
-50
64
170
56
-61
8
160
108
-29
-7
152
171
9
-43
82
156
27
-56
48
182
98
-43
-7
140
121
-28
-33
133
194
39
-44
58
164
66
-24
64
214
152
-1
7
152
155
8
-18
129
208
66
-26
84
226
130
-24
17
180
167
11
1
156
199
53
0
138
247
109
-26
34
172
113
-29
-3
155
165
-4
-66
67
155
39
-40
67
203
106
-40
-6
147
130
-22
-28
118
156
1
-61
69
168
40
-58
39
194
138
-11
-3
137
140
2
-13
130
200
55
-45
43
160
90
-7
50
188
161
10
-11
113
151
12
-39
81
183
71
-57
-25
85
66
-2
71
241
266
119
19
65
108
24
-22
72
180
102
-29
-35
40
2
-107
-100
26
86
-4
-59
6
71
-3
-81
-25
84
39
-69
-56
65
87
-8
-24
85
148
38
-49
9
106
37
-76
-52
70
82
-10
-18
73
90
-18
-65
27
112
18
-78
-24
90
56
-50
-38
83
104
-1
-34
61
121
29
-44
12
103
44
-43
-10
103
88
-17
-12
106
137
8
-68
6
96
34
-40
5
107
68
-44
-51
49
57
-37
-46
56
105
-11
-89
-9
91
37
-59
-21
106
102
-18
-35
74
112
3
-35
68
152
60
-38
8
119
74
-35
-19
81
84
-1
-6
91
135
34
-33
43
137
54
-59
-24
96
76
-22
-12
100
122
5
-39
58
133
48
-24
39
151
105
-8
-3
112
119
10
-9
88
130
12
-37
64
164
85
-11
36
153
0
130
6
-6
103
144
43
1
84
151
56
-27
32
141
88
-22
-5
107
117
0
-35
56
105
13
-40
42
132
48
-51
2
129
115
13
20
132
154
28
-33
48
107
19
-53
12
131
88
-22
-6
115
115
5
-10
90
133
21
-37
51
148
74
-28
10
122
86
-27
-29
80
99
-19
-61
38
114
16
-69
4
117
67
-29
6
133
132
13
4
118
167
69
19
104
188
89
-29
2
119
112
24
39
150
163
35
-18
81
161
66
-22
44
165
117
1
12
138
140
20
-2
105
150
39
-30
40
125
54
-27
34
153
116
-13
-30
69
96
-5
-36
64
138
52
-18
42
136
69
-41
-17
103
101
-19
-36
86
150
54
-13
52
139
69
-28
0
106
90
2
19
136
154
36
-5
91
155
55
-23
43
145
81
-33
-10
104
99
-11
-28
70
115
2
-68
27
137
58
-49
-3
122
102
-2
-1
102
112
1
-26
84
168
83
9
88
194
125
24
69
188
163
17
-24
84
139
52
13
117
203
108
9
68
188
161
48
42
136
137
7
-33
82
167
82
3
66
160
87
-18
22
146
133
4
-22
83
119
0
-69
6
90
18
-66
-9
105
71
-51
-52
81
120
24
-2
99
154
42
-44
17
121
61
-41
-19
93
87
-19
-24
92
139
34
-28
48
134
52
-55
-26
70
32
-76
-67
52
69
-43
-78
21
84
-9
-72
5
101
26
-73
-35
84
80
-24
-27
91
132
4
-74
5
96
20
-68
-20
90
58
-58
-60
50
57
-56
-89
18
86
-10
-77
0
103
41
-54
-17
102
86
-29
-44
64
97
-22
-85
16
114
34
-58
-7
100
54
-54
-49
65
89
-9
-36
65
117
18
-40
42
141
72
-29
1
118
114
1
-23
73
101
-14
-65
39
133
58
-13
51
166
124
11
20
129
124
21
11
130
178
40
-57
3
104
64
-12
34
140
108
-22
-42
65
105
6
-37
56
134
33
-65
-7
96
43
-67
-43
89
107
-5
-36
56
104
1
-65
24
138
88
0
34
145
128
20
6
101
124
13
-33
57
121
25
-52
8
101
40
-69
-49
71
86
-14
-40
50
102
7
-58
17
114
50
-37
24
162
149
35
18
115
145
51
12
106
181
84
0
60
168
118
10
42
168
164
27
-6
99
148
42
-19
68
169
99
-10
12
125
117
18
16
129
153
41
0
97
167
68
-27
26
133
82
-20
3
118
118
11
-6
88
130
20
-42
39
128
43
-52
1
137
125
7
-6
100
121
3
-49
44
124
37
-41
26
141
88
-24
0
-3
114
109
-8
-46
45
96
-1
-59
19
112
39
-60
-18
100
74
-35
-36
80
108
0
-36
72
151
66
-7
61
177
129
22
41
165
170
65
45
136
165
44
-26
48
132
67
-18
23
144
122
9
-5
86
87
-26
-44
73
156
65
-18
45
164
120
18
36
134
115
-4
-19
98
148
43
-10
59
133
51
-52
-24
82
59
-37
-27
86
117
24
-5
82
136
38
-38
35
136
75
-30
-8
100
96
-4
-9
99
133
8
-55
34
134
73
-10
29
136
102
-25
-41
69
90
-13
-49
50
117
25
-49
8
91
26
-68
-17
120
118
-5
-30
76
119
12
-33
68
165
90
4
48
139
89
-13
-8
96
121
22
-17
70
140
69
7
72
166
106
-6
2
102
90
-9
-10
105
150
42
-12
56
123
43
-36
18
122
83
-34
-35
77
106
18
-8
90
160
76
17
86
183
136
44
84
195
179
60
48
155
192
80
28
122
212
137
40
73
168
135
43
84
217
240
129
83
163
211
112
38
119
232
177
65
74
170
151
37
22
133
164
38
-36
32
109
51
-14
22
105
65
-43
-50
55
72
-12
-29
64
118
17
-58
5
102
55
-21
17
120
101
-8
-27
70
112
18
-21
74
156
68
-33
6
107
76
-28
-19
98
108
-6
-46
49
108
11
-62
6
103
36
-57
-12
97
70
-41
-44
59
90
-4
-44
45
120
34
-38
28
131
72
-52
-41
82
90
-14
-34
67
130
36
-35
36
129
57
-40
-6
103
96
-5
-17
74
82
-45
-101
-6
77
11
-59
-17
64
4
-97
-67
57
67
-50
-82
11
66
-17
-77
-26
52
-8
-105
-73
39
32
-67
-68
35
51
-72
-117
-10
80
4
-66
8
128
75
-49
-39
90
119
33
12
103
141
35
-34
38
124
53
-49
-12
105
93
-20
-44
43
64
-38
-69
35
114
25
-58
-11
80
32
-67
-35
87
91
-22
-55
54
116
18
-55
21
116
44
-55
-26
70
41
-61
-50
81
128
28
-6
85
155
74
1
68
173
117
9
36
161
164
54
32
145
199
89
7
65
147
76
-12
24
124
100
1
5
114
130
7
-43
41
116
28
-44
22
132
77
-29
-4
104
91
-29
-67
38
106
28
-20
61
154
82
-23
5
106
83
-8
2
116
140
22
-28
58
134
59
-10
35
124
70
-39
-29
68
58
-41
-54
53
100
-5
-68
7
91
21
-67
-9
108
73
-40
-38
69
97
1
-28
60
122
36
-27
35
120
64
-26
5
121
117
8
-5
106
157
59
7
87
168
90
-8
32
147
0
132
34
45
167
185
55
-8
60
106
2
-69
2
114
64
-41
-20
97
84
-39
-76
11
55
-37
-85
0
87
23
-44
21
148
129
25
23
131
152
49
6
98
163
70
-19
37
146
103
20
59
170
151
34
20
130
167
59
5
89
177
99
6
39
138
107
3
8
115
123
7
-34
66
129
33
-36
33
121
59
-39
-13
89
73
-29
-25
100
149
41
-13
67
140
64
-19
35
149
128
28
40
152
162
50
8
100
163
69
-9
41
135
86
2
42
157
139
19
3
117
156
49
-18
54
140
80
6
52
147
97
-10
-1
98
99
-8
-39
54
117
38
-21
43
138
81
-20
1
104
86
-20
-18
99
138
35
-19
65
146
72
3
59
154
102
7
41
167
169
44
9
108
168
58
-27
29
123
81
4
41
141
116
1
-1
118
162
57
5
76
145
55
-38
-4
90
55
-43
-25
101
129
16
-21
76
131
24
-42
36
138
83
-8
19
120
98
-7
-12
87
109
-3
-50
39
119
49
-24
24
117
57
-65
-59
56
83
-4
-22
71
130
39
-25
36
116
45
-39
3
113
85
-33
-28
92
124
17
-35
51
133
59
-18
35
133
88
-9
5
116
122
8
-24
67
118
20
-54
16
120
64
-34
1
114
88
-22
-29
81
120
18
-29
56
125
41
-36
18
120
82
-18
-6
102
98
-20
-46
59
121
33
-30
37
122
52
-36
11
124
92
-29
-49
69
115
21
-26
50
116
32
-39
17
104
44
-54
-24
103
120
8
-18
90
145
39
-29
43
132
55
-45
-19
75
51
-43
-38
59
75
-33
-75
11
81
4
-52
25
129
66
-41
-20
104
116
5
-21
66
100
-8
-72
5
98
29
-61
-20
93
74
-39
-50
48
57
-42
-69
26
100
12
-61
1
104
57
-40
-21
87
81
-36
-56
40
86
-3
-58
6
72
-3
-85
-35
76
55
-39
-22
96
107
-10
-65
22
92
24
-27
40
131
60
-43
-17
102
108
8
-1
105
150
54
10
102
187
105
9
71
187
139
6
-2
113
136
36
5
106
180
80
-13
33
129
75
-23
-3
99
82
-33
-49
59
107
17
-33
50
139
69
-24
9
112
76
-30
-19
105
137
35
1
91
148
50
-24
42
144
81
-18
18
133
117
3
-20
77
120
18
-38
49
139
68
-18
21
118
75
-33
-24
88
107
1
-34
60
128
36
-35
33
138
98
22
70
187
168
45
25
134
179
76
24
106
176
86
-3
45
161
129
11
9
117
130
25
3
106
164
58
-21
41
138
85
-4
0
27
133
108
-5
-8
103
144
39
-9
70
148
82
3
44
147
106
-1
9
119
128
20
-13
71
124
37
-11
59
148
82
-14
21
137
118
0
-11
87
113
9
-34
59
138
53
-40
-1
104
80
-13
-3
106
121
12
-22
69
123
21
-54
11
112
58
-28
3
113
103
-1
-10
99
135
28
-27
40
112
39
-23
44
154
129
32
40
151
161
41
-2
92
155
61
1
74
169
117
34
69
164
135
12
-10
87
119
24
1
104
192
112
21
57
156
118
12
26
146
157
55
29
120
157
48
-19
64
163
108
20
52
155
133
21
12
118
148
32
-26
45
117
48
-11
49
136
74
-39
-34
73
81
-14
-28
80
135
33
-28
45
129
58
-25
13
113
73
-39
-39
72
88
-21
-59
29
100
4
-88
-35
69
26
-71
-49
68
76
-27
-53
43
97
9
-38
44
136
53
-57
-33
70
43
-50
-35
76
104
-4
-56
34
108
21
-57
3
114
69
-36
-22
81
73
-35
-55
45
85
-20
-69
25
128
60
-36
-8
91
74
-18
-7
98
108
-7
-50
52
140
59
-25
24
128
83
-14
9
124
128
1
-43
40
92
5
-49
27
108
34
-59
-20
91
75
-17
-5
102
121
4
-44
37
102
20
-40
29
129
81
-10
5
106
97
-6
-10
100
151
53
-11
59
147
81
1
55
167
133
12
1
103
129
28
-1
86
135
38
-37
18
114
66
-33
-11
89
91
-3
-17
80
107
8
-45
23
114
56
-22
17
117
87
-12
-9
98
122
12
-27
65
135
51
-23
33
124
67
-30
-12
96
100
8
9
114
148
41
-18
52
123
44
-40
5
115
85
-23
-25
80
88
-12
-38
65
129
28
-44
21
120
60
-38
-1
122
125
19
3
102
128
22
-30
37
108
33
-50
3
115
83
-24
-25
80
96
-12
-53
41
107
25
-24
51
139
75
-28
-10
99
101
12
16
122
156
44
-9
68
139
66
-5
56
166
122
-2
-13
92
120
27
4
103
166
72
7
85
184
129
28
51
156
136
12
-6
100
152
55
0
81
162
88
7
43
133
89
-6
12
128
137
17
-23
56
108
28
-13
60
148
74
-28
-1
115
105
1
-1
115
155
61
18
96
154
68
-8
49
152
102
-20
-22
84
103
7
-12
87
149
49
-37
16
102
42
-49
-8
112
101
-2
-5
101
133
39
4
96
183
121
51
101
194
151
49
52
149
149
33
1
102
151
48
-25
44
150
84
-33
-20
87
85
-2
0
107
144
39
-10
72
150
80
6
57
146
0
88
-23
-19
87
106
12
-17
71
119
24
-40
20
108
49
-38
2
103
84
-18
-13
99
128
22
-12
75
135
29
-68
-25
60
11
-82
-49
81
102
-3
-37
44
88
-5
-65
16
114
54
-33
1
102
73
-25
-13
97
123
5
-55
26
99
9
-57
17
123
71
-36
-19
98
108
9
-1
106
161
50
-23
49
137
71
-19
26
139
116
10
12
124
152
43
3
103
183
101
25
83
176
122
24
42
133
121
11
-7
105
171
85
32
101
172
97
10
53
166
146
33
23
128
155
53
5
88
153
60
-18
45
154
105
9
42
162
154
32
-2
93
146
44
-13
66
147
72
-18
20
119
81
-29
-22
86
102
-2
-36
54
112
9
-60
12
121
75
-22
5
122
122
8
-18
85
135
39
-17
59
140
67
-22
16
107
70
-38
-34
68
88
-20
-67
17
86
6
-72
-25
67
13
-88
-70
36
35
-60
-66
36
74
-29
-90
-12
69
1
-84
-38
68
40
-65
-59
48
58
-56
-93
2
72
-9
-83
-25
59
16
-58
-18
88
75
-35
-55
41
91
11
-34
41
123
38
-55
-7
103
74
-33
-41
54
