17
99
73
-22
-14
88
118
21
-27
38
100
35
-23
28
123
90
-7
-8
86
99
8
-14
66
116
42
-2
58
124
67
-6
24
116
87
-18
-34
58
91
11
-13
69
128
39
-25
45
139
75
-23
6
105
100
4
-11
73
114
23
-35
27
108
56
-20
9
101
84
-3
-2
98
122
19
-39
19
71
5
-38
33
118
73
-11
1
85
77
-10
-22
64
99
11
-36
28
109
65
-7
36
134
109
16
11
104
123
28
-7
70
123
36
-42
6
93
51
-39
-18
74
77
-1
-8
76
105
16
-23
59
145
80
-8
22
114
89
11
33
129
152
66
23
92
150
69
0
53
135
92
17
40
129
117
26
16
90
109
9
-36
38
116
70
12
54
130
103
12
9
98
115
9
-26
52
116
44
-24
10
87
56
-4
36
137
128
22
-12
58
90
9
-21
68
146
72
-19
9
105
93
10
10
88
89
0
-19
76
135
41
-27
25
107
69
-10
-4
66
57
-17
-27
43
80
7
-30
24
85
35
-19
24
109
72
-25
-23
70
86
2
-11
68
108
28
-17
54
144
93
5
34
135
120
7
-4
106
154
72
35
101
150
66
-1
55
163
138
44
39
117
114
0
-39
40
91
24
-13
51
119
69
-4
9
81
59
-22
-12
81
97
9
-17
52
112
43
-33
3
90
0
60
-17
2
85
86
2
-13
65
102
12
-41
4
69
27
-34
1
84
60
-25
-14
88
132
53
17
88
140
60
-9
28
105
61
-19
5
113
134
45
24
98
135
70
32
93
163
102
19
52
147
128
22
10
99
121
23
-21
48
103
32
-24
22
105
68
-18
-9
77
89
10
-5
68
101
8
-39
35
112
42
-46
-10
85
72
-21
-30
66
93
-6
-55
12
74
11
-44
1
83
42
-30
2
115
130
28
-9
57
90
11
-28
41
119
70
5
42
130
98
3
7
97
112
16
-25
48
121
67
8
42
116
81
3
21
116
121
27
4
89
131
45
-7
48
106
35
-44
3
104
86
-7
2
102
122
39
19
96
134
50
-5
56
140
91
4
36
134
131
39
25
113
144
50
1
67
133
64
-18
19
114
97
5
2
89
109
22
-6
66
112
33
-29
20
98
53
-43
-35
56
55
-37
-57
26
74
2
-34
36
106
43
-36
-2
92
68
-17
-2
99
124
35
-1
75
123
40
-18
40
123
76
-12
8
105
104
10
-10
77
119
37
-10
41
99
32
-40
4
102
76
-5
9
101
109
10
-28
43
105
38
-20
22
92
51
-19
17
107
86
-13
-24
64
105
23
-17
55
118
55
-1
44
125
86
-9
-7
82
90
7
-12
65
118
50
-6
40
123
88
11
27
109
98
6
-5
80
99
6
-28
53
118
39
-39
6
114
88
-8
-2
89
98
2
-23
71
129
50
-6
48
117
48
-35
1
98
86
2
-1
87
114
25
-10
66
131
58
-11
41
129
80
-24
-18
81
85
3
2
89
123
24
-50
-3
72
35
-33
-3
82
58
-49
-70
11
49
-18
-38
38
90
17
-49
5
90
56
-18
8
104
101
8
4
91
118
23
-24
48
128
68
-12
24
136
136
39
20
114
152
60
6
65
118
49
0
69
169
138
39
35
117
119
21
-4
82
131
35
-38
11
84
25
-44
-4
89
69
-37
-43
59
92
4
-39
34
101
38
-19
26
106
66
-17
7
106
113
7
-26
52
101
25
-23
34
105
50
-25
4
100
97
21
19
103
122
12
-35
41
104
42
-17
23
101
70
-2
20
117
109
3
-14
80
134
65
16
67
130
71
7
51
137
108
8
-7
91
118
23
-7
75
139
60
-9
43
133
88
8
44
149
144
40
19
116
180
109
56
116
179
102
12
41
132
109
18
18
106
122
22
1
97
149
67
1
44
116
57
-49
-40
53
64
-18
-37
33
66
-4
-34
41
118
70
6
0
58
156
123
11
4
92
113
26
5
92
141
52
-24
18
104
67
-10
6
100
104
8
-18
60
91
8
-29
38
109
42
-29
10
104
73
-28
-29
58
68
-28
-56
29
87
17
-29
22
103
59
-25
0
103
98
5
2
91
122
38
4
80
137
54
-27
19
114
74
-22
-12
74
87
4
-10
76
131
51
-9
23
83
40
-27
3
93
74
-17
-27
53
86
12
-8
68
118
32
-43
-4
85
66
-10
-4
81
92
17
9
101
140
48
-7
57
130
61
-33
-10
90
85
-6
-3
92
116
7
-38
36
99
34
-28
24
124
97
2
0
99
124
50
25
99
140
56
-9
35
101
55
-8
26
118
105
12
11
105
128
32
-7
66
132
67
-5
29
113
80
7
24
103
103
18
-9
56
93
23
-14
49
119
52
-29
16
113
86
-8
-6
91
128
37
-5
73
144
91
38
96
170
105
-5
-2
88
98
1
-26
55
107
26
-34
24
103
51
-20
17
103
81
-11
-24
52
76
-3
-37
42
107
32
-49
-5
87
59
-26
-7
99
105
4
-20
57
87
3
-33
50
130
70
-13
6
86
70
-12
-10
84
102
5
-28
44
102
35
-22
20
100
72
3
10
92
99
19
4
77
117
35
-24
34
121
84
8
34
118
89
-11
-18
76
104
24
-7
67
124
53
-12
26
104
65
-14
7
101
99
8
6
101
128
33
-17
44
118
73
2
24
102
66
-22
-1
98
108
9
-22
59
114
34
-26
28
105
51
-41
-23
82
98
21
16
87
99
-9
-72
-8
73
26
-36
10
92
58
-37
-27
69
87
6
-13
68
123
57
-6
24
99
64
-5
34
118
102
8
-1
83
114
33
-3
72
146
84
5
37
129
106
12
6
88
97
5
-18
66
121
39
-34
19
117
77
-18
-4
91
89
-1
-1
87
119
21
-14
61
129
61
-10
23
109
93
21
41
131
134
40
19
108
164
83
16
60
132
89
22
57
146
133
45
51
139
163
71
22
82
140
86
20
53
121
76
-12
-5
87
96
-8
-44
26
71
2
-52
4
88
53
-13
2
77
66
-13
-7
103
147
56
6
69
130
70
1
42
134
102
8
4
83
98
32
20
97
131
42
-19
42
123
72
-8
22
118
98
1
-5
80
103
16
-19
59
113
37
-18
41
136
107
22
36
125
119
13
-17
54
97
26
-13
42
113
58
-22
5
103
97
11
12
101
124
33
-7
64
129
69
6
52
134
93
-10
-22
56
70
-5
-14
73
114
24
-27
35
114
0
66
-5
22
105
86
-12
-30
58
84
4
-5
86
147
70
1
40
122
89
8
26
125
135
44
24
105
145
57
1
68
151
99
6
9
88
92
24
20
97
116
22
-11
58
114
36
-33
17
86
36
-44
-20
74
80
-9
-33
43
87
12
-33
20
75
20
-44
3
97
71
-23
-20
83
115
24
-12
64
120
39
-25
26
104
65
-20
2
93
89
-3
-21
72
108
16
-33
38
119
60
-26
-7
72
52
-23
-3
96
112
13
-18
56
108
38
-19
37
117
67
-20
-4
81
85
11
20
113
131
34
-8
60
132
72
-1
36
121
103
23
23
113
133
52
24
90
124
50
0
57
138
104
32
58
146
124
21
-11
58
98
20
-20
50
115
57
-10
13
87
57
-19
-1
98
115
16
-12
69
120
42
-6
59
149
91
-13
0
113
125
33
-8
56
98
20
-17
55
131
65
-13
12
90
71
0
5
90
102
12
-5
72
117
44
-6
38
99
36
-56
-33
65
65
-19
-25
58
85
4
-22
52
116
44
-43
-18
67
51
-22
-7
86
105
24
1
76
129
51
-11
34
105
58
-21
1
89
69
-19
-8
92
121
25
-17
45
100
26
-29
24
106
64
-29
-28
53
68
-10
-37
28
72
-4
-54
5
81
39
-23
16
104
84
-9
-22
52
75
0
-30
34
86
23
-35
12
104
80
2
26
116
112
9
-10
74
121
43
2
80
154
82
-8
23
115
97
4
3
91
102
-3
-44
23
85
22
-38
16
101
65
-33
-29
58
61
-34
-53
35
88
13
-42
16
99
54
-10
33
133
128
39
27
104
121
34
8
98
168
91
10
40
118
85
1
17
118
139
44
-1
55
90
18
-26
42
121
69
-13
8
101
77
-13
-12
65
68
-30
-65
22
91
28
-34
20
107
73
-8
7
107
118
24
6
91
128
33
-27
24
96
51
-6
34
97
44
-52
-44
61
105
34
8
86
144
69
7
69
172
153
74
82
163
161
70
58
139
165
80
35
108
185
114
25
58
140
112
22
32
120
132
34
-3
68
122
59
16
75
150
100
6
10
96
103
26
10
87
116
23
-25
38
114
70
5
29
106
72
-22
-25
64
89
17
-6
75
130
49
-14
34
116
81
-7
7
101
104
4
-18
66
104
33
-2
59
122
61
-19
9
93
65
-14
1
100
122
43
17
83
120
50
-1
57
136
85
-10
-7
92
109
27
9
80
100
3
-53
9
76
23
-34
9
98
69
-10
5
96
88
-13
-38
52
107
24
-36
0
21
107
66
-22
-3
89
88
-5
-12
82
114
18
-33
49
132
80
1
25
106
76
-13
-11
71
90
9
-17
59
117
51
0
57
137
81
-17
-5
87
87
-2
-25
54
98
18
-33
36
117
71
8
52
138
113
26
25
112
129
50
25
92
131
53
-9
32
105
73
13
48
128
108
9
-1
91
117
27
-5
76
144
68
-10
23
116
92
10
25
109
106
-2
-40
36
84
16
-30
33
109
57
-11
23
115
96
0
-7
82
109
7
-43
21
87
25
-35
21
114
87
12
18
86
76
-9
-10
84
123
34
-23
35
117
75
18
54
122
85
-6
-6
75
82
-13
-61
16
97
54
-14
2
61
22
-58
-39
45
53
-26
-51
20
59
-4
-43
20
104
70
-5
-3
60
45
-27
-35
36
52
-17
-14
76
132
39
-45
5
103
81
1
12
93
87
0
-6
84
121
32
-26
28
88
16
-66
-19
83
66
-28
-39
49
76
3
-22
49
96
18
-42
8
92
61
-17
-17
59
67
-13
-25
81
135
44
-7
56
133
80
-1
12
77
50
-22
3
102
130
42
5
80
137
66
-7
33
113
74
-4
11
96
88
18
33
128
162
71
3
53
117
58
-6
33
123
107
17
12
92
105
39
36
115
152
69
9
69
150
93
-6
3
93
107
25
0
71
101
25
-8
54
114
49
-12
16
89
68
-11
-4
83
88
-7
-44
23
71
-3
-52
13
99
65
-13
-3
84
82
-7
-9
84
121
55
28
89
138
67
-4
38
135
116
21
16
108
145
73
40
100
132
48
-7
43
124
86
11
33
113
99
7
-4
68
84
2
-27
33
80
9
-54
0
107
81
-21
-19
74
104
37
16
72
97
23
-7
65
147
91
0
7
86
81
4
16
99
115
19
-20
48
102
33
-39
5
99
64
-18
5
107
116
18
-12
59
115
41
-24
17
86
40
-26
4
97
84
-13
-29
60
89
-3
-41
38
113
44
-38
-9
59
24
-49
-10
92
108
28
6
81
128
57
4
60
137
98
27
56
150
140
52
36
108
131
40
-3
65
137
85
11
38
97
43
-53
-45
40
42
-39
-55
25
76
-2
-61
-8
74
45
-7
41
135
104
-4
-17
69
104
29
-17
49
118
74
29
81
154
117
35
43
123
133
55
39
112
144
69
26
90
161
106
18
28
107
92
2
-4
81
116
38
-12
32
75
23
-18
29
92
43
-35
-5
92
86
-2
-11
67
107
33
-25
23
92
50
-11
21
117
101
-1
-3
97
124
35
-2
72
133
0
65
-6
28
109
91
29
55
140
141
53
27
98
123
35
-18
28
84
23
-36
6
97
74
-6
-1
87
100
3
-28
50
107
39
-26
4
83
58
-17
-3
84
90
11
7
88
114
13
-46
3
72
29
-20
24
112
82
-9
3
92
103
11
-25
41
98
42
2
57
119
60
-12
19
112
104
8
-7
86
131
39
-20
34
96
29
-30
20
104
71
-21
-21
56
66
-26
-58
28
105
59
11
59
128
73
-9
9
104
107
19
6
92
133
39
-34
3
66
22
-29
9
93
74
-9
-9
84
96
-2
-33
45
103
36
-17
26
87
42
-19
22
106
91
1
-18
58
97
25
-8
59
130
73
11
54
145
121
33
32
124
155
84
56
132
171
83
21
84
162
108
18
27
108
103
18
6
77
99
17
-18
55
116
45
-27
8
97
72
-8
-9
66
72
-7
-23
59
102
7
-66
-11
71
42
-13
18
106
104
6
-26
43
88
38
19
85
137
65
-23
9
106
88
8
12
96
109
32
6
74
116
29
-35
12
81
27
-40
1
97
80
-14
-26
56
89
7
-33
24
81
21
-35
18
107
73
-19
-13
73
93
20
0
75
119
40
-17
28
99
60
1
36
128
115
20
0
66
86
16
-10
65
130
67
-1
12
76
54
-18
-10
60
52
-35
-57
2
25
-33
-58
8
96
68
2
2
45
23
-40
-21
82
136
85
45
87
130
74
21
71
150
117
23
9
85
109
58
54
124
161
90
48
102
167
114
34
58
147
136
50
33
99
130
66
16
65
119
65
-4
16
72
48
-20
-4
86
105
26
-8
51
92
40
10
72
134
88
20
29
86
70
6
6
75
97
32
3
66
128
85
40
75
139
116
52
59
125
113
22
-3
60
97
21
-21
35
93
40
-29
-2
76
59
-18
-23
44
66
2
-13
41
85
29
-24
-2
65
40
-14
-2
69
65
-14
-38
25
60
6
-13
54
129
90
23
45
129
117
40
27
89
97
16
-5
72
118
55
6
53
123
83
1
19
100
96
7
-22
41
71
-1
-39
12
67
25
-21
12
83
58
-18
-19
60
87
22
7
70
102
19
-45
0
85
68
11
32
103
101
27
19
92
133
73
37
73
101
43
-4
21
83
70
22
51
135
141
51
17
68
101
42
2
50
109
72
8
22
87
67
-26
-45
18
45
-13
-42
11
74
40
-5
28
93
71
-7
-12
67
101
44
12
64
108
55
0
32
103
81
20
40
116
102
8
-20
49
89
35
11
0
80
137
83
11
24
76
35
-45
-33
55
70
-1
-19
41
81
25
-12
36
93
49
-8
19
90
83
12
13
91
118
48
10
64
115
58
-5
27
102
85
26
48
131
136
64
43
115
153
75
17
51
109
70
3
21
91
85
11
4
72
88
16
-10
59
120
52
-10
16
75
53
-8
5
77
74
-9
-34
27
76
35
1
54
130
87
12
36
119
118
43
22
74
91
17
-24
39
102
55
6
48
116
90
19
19
84
85
16
-5
55
87
23
-7
44
108
81
24
51
108
76
-3
-5
67
91
38
-2
21
60
20
-8
42
104
57
-17
2
91
105
18
-12
56
108
54
6
43
105
72
33
69
136
116
40
41
113
118
34
-4
43
97
59
20
57
123
92
23
35
99
81
-3
-18
66
120
61
6
38
98
68
16
38
99
76
12
5
58
69
7
-13
37
71
5
-37
10
72
25
-36
5
102
102
16
-7
57
92
43
26
89
139
81
5
36
133
136
52
32
90
106
41
10
65
112
57
12
53
106
55
-26
-5
85
81
-7
-19
59
102
33
-18
33
97
55
7
50
123
88
-1
-13
48
70
23
9
65
103
50
12
67
145
124
55
53
99
86
21
22
102
134
59
13
57
108
64
6
38
114
74
-13
2
103
136
59
1
37
84
33
-22
7
67
41
-10
12
85
85
12
0
76
115
39
-10
24
67
23
-19
28
107
81
0
-2
80
114
69
44
98
135
64
-9
4
66
48
3
38
116
99
12
-3
67
101
34
-14
22
75
37
-7
24
86
44
-37
-35
49
80
22
-2
54
92
33
-22
16
81
45
-19
8
102
105
24
4
73
122
71
17
38
71
16
-35
17
115
103
21
2
60
82
17
-10
42
87
37
-8
27
92
69
20
50
116
88
-3
-14
57
89
20
-22
32
85
34
-27
-6
64
48
-18
3
92
115
32
-21
28
86
49
18
60
123
97
32
44
122
131
68
44
88
102
48
32
93
124
56
-2
32
101
81
12
18
83
71
-13
-42
24
70
7
-28
12
53
-1
-62
-27
65
74
13
7
73
92
22
-17
23
65
12
-38
-5
71
67
22
52
132
135
54
17
64
85
22
-17
34
101
70
3
23
98
93
24
17
84
97
17
-11
49
107
67
13
34
83
54
4
24
97
97
21
1
59
102
44
-2
41
115
83
7
13
88
88
1
-34
12
34
-2
7
72
98
35
-9
28
101
80
7
11
91
101
26
-2
41
67
0
16
-11
40
96
50
3
37
101
74
3
-1
64
93
37
-4
28
67
23
-10
26
89
58
-9
-1
72
81
18
8
75
115
59
21
44
77
34
-17
9
77
69
9
12
86
107
37
-1
66
133
80
6
23
83
54
2
39
119
117
53
44
104
136
71
25
66
118
70
1
24
103
96
23
4
44
57
9
1
66
101
36
-8
41
109
70
-7
-2
80
98
37
25
88
115
58
35
87
133
82
37
72
132
88
1
3
80
104
45
18
67
106
41
-18
18
86
60
2
17
87
86
12
-3
59
91
34
1
48
103
60
7
38
108
91
27
28
91
105
41
16
76
131
72
4
34
107
86
17
16
84
102
58
51
109
125
42
-3
49
106
55
-23
-12
55
51
-3
4
76
80
1
-18
48
87
27
-9
52
133
105
38
48
116
116
43
24
82
116
59
26
84
135
74
12
43
117
97
17
5
69
81
12
-2
69
117
52
-3
39
118
102
40
49
102
83
12
6
59
71
3
-26
33
88
44
-14
2
54
28
-34
-29
35
48
-9
-6
60
97
29
-25
-4
39
8
-41
-18
59
65
4
0
65
85
22
7
75
122
57
-3
29
103
86
20
36
102
88
12
5
76
107
24
-37
8
80
57
11
36
96
75
2
0
66
86
20
-10
41
83
12
-44
-3
74
51
-23
-22
52
71
6
-13
40
72
10
-25
42
123
89
26
36
90
75
-3
-12
56
83
25
4
72
137
83
11
28
90
64
-3
7
82
88
17
-2
67
107
43
-1
51
122
87
23
42
102
80
8
7
82
105
39
10
65
101
45
5
51
114
71
-10
-5
64
73
12
5
86
129
55
-1
45
115
68
-3
7
67
50
-17
-14
50
68
4
-9
67
112
54
1
35
102
80
13
18
89
104
41
23
76
106
58
25
73
119
60
-5
25
100
85
20
18
76
77
0
-34
13
65
18
-37
-1
68
49
0
18
84
82
12
-1
67
101
38
-5
38
89
36
-28
-5
64
54
-6
-9
53
64
3
-2
73
132
88
42
67
121
92
38
65
141
147
66
22
65
88
36
4
51
97
43
-13
16
88
73
11
21
88
100
20
-23
23
65
18
-19
24
75
37
-14
9
92
93
11
-23
25
56
-4
-42
7
68
32
-13
12
76
55
-17
-21
59
92
33
9
66
106
52
3
42
115
99
40
44
116
112
24
4
80
113
48
3
49
104
60
1
9
58
34
-18
4
81
98
22
-8
0
50
91
44
17
73
149
122
48
44
104
101
38
33
99
133
75
51
101
135
82
23
57
134
118
51
51
115
128
67
43
91
118
38
-24
24
113
102
40
36
85
81
20
18
77
88
6
-34
19
66
16
-33
-1
67
43
-23
-13
48
48
-17
-23
42
75
20
-13
36
106
85
37
51
116
115
58
60
132
156
85
39
74
104
54
21
61
124
99
19
12
82
101
42
20
76
113
42
-22
8
70
34
-36
-22
45
36
-33
-38
25
40
-35
-62
13
91
60
7
32
92
72
1
-4
54
66
9
3
64
99
43
5
44
90
52
-2
17
92
99
43
36
82
82
10
-12
43
100
52
-2
38
107
59
-34
-41
32
51
-20
-42
25
80
32
-7
36
81
21
-45
-17
65
53
-18
-19
59
85
16
-22
32
86
39
-9
22
88
69
7
12
75
86
22
2
57
98
56
21
55
92
36
-22
-1
64
42
-17
-9
66
97
41
5
37
71
25
-13
38
120
98
25
23
76
71
8
1
67
98
35
3
58
125
88
34
65
133
119
51
42
100
115
57
41
101
138
75
24
74
155
116
27
22
82
75
4
-1
88
139
75
24
66
109
48
-20
6
77
65
-5
-7
45
39
-40
-65
8
72
38
6
51
112
89
40
55
106
85
13
9
86
122
49
-2
43
113
76
9
21
84
69
7
12
87
102
37
22
87
124
48
-24
4
76
60
8
32
102
87
-3
-13
64
87
20
-7
57
113
50
-20
0
69
53
-17
-22
43
70
25
11
65
96
39
-2
35
87
53
-2
11
69
52
-14
-19
57
93
24
-13
39
99
57
-2
13
82
69
11
19
92
115
53
40
105
135
53
-11
24
91
66
11
37
107
97
21
10
82
112
42
11
84
148
88
12
24
92
85
35
51
122
133
57
24
81
121
55
-7
22
85
61
9
22
83
66
-3
6
84
103
25
-10
50
117
85
33
51
103
69
0
5
71
85
26
11
69
97
28
-6
41
101
65
19
55
130
116
39
24
88
103
38
24
91
138
73
17
64
145
116
34
28
105
120
52
36
104
139
65
3
54
129
85
-3
-10
54
59
7
2
72
97
13
-18
45
98
40
-10
26
97
64
-11
-7
73
99
34
7
59
98
40
4
55
116
72
10
38
104
87
24
21
82
93
25
-9
41
85
29
-24
19
97
69
-2
5
74
80
12
2
72
108
34
-17
35
102
65
-9
-6
61
60
1
0
59
84
0
34
17
66
88
13
-43
-5
68
35
-45
-52
16
42
3
8
81
109
34
-9
54
130
96
42
74
147
118
33
21
73
84
33
18
74
116
54
-3
34
106
84
8
2
67
72
12
17
97
124
48
-2
51
115
76
11
34
104
93
28
28
102
123
50
8
66
114
55
-2
28
101
71
3
10
76
81
20
13
77
103
28
-8
38
86
40
-20
6
85
69
-10
-21
49
72
12
-6
42
74
13
-18
36
90
41
-22
4
88
98
21
1
70
114
55
19
71
132
74
-6
7
82
69
3
4
72
96
28
-10
33
73
28
-9
26
85
55
-4
5
80
86
9
-1
70
113
48
5
56
112
56
-11
10
88
73
-4
-20
44
72
26
20
74
99
33
-11
28
91
67
26
64
140
135
58
37
96
120
52
20
81
138
83
2
18
88
74
8
16
68
56
-19
-40
21
67
17
-25
4
49
12
-40
-21
54
60
10
16
89
130
61
17
69
138
91
23
49
122
100
8
-2
84
118
55
23
81
131
84
37
61
102
51
-13
7
76
65
-7
-19
39
54
-18
-58
-4
74
51
-5
4
58
36
-28
-17
57
66
-12
-35
38
82
21
-17
35
106
77
24
37
92
76
10
10
80
103
42
18
83
146
97
39
82
161
136
53
56
136
148
77
43
88
117
44
-20
1
55
36
-3
35
115
100
3
-26
35
68
16
-3
57
105
48
-11
25
98
70
-1
8
84
99
37
22
87
116
48
-5
41
119
90
18
33
101
86
8
-5
60
80
7
-21
39
96
39
-22
4
70
42
-24
-11
75
88
8
-17
40
76
18
-14
34
106
89
34
44
99
67
-17
-23
58
100
41
13
82
139
87
10
17
90
102
66
74
136
130
45
26
97
129
66
24
75
150
120
59
73
133
114
35
11
73
104
51
27
84
119
57
6
50
118
87
11
12
74
71
9
9
89
128
48
-2
51
107
61
5
27
81
53
-9
-5
64
84
20
-3
56
99
34
-7
45
122
99
27
33
87
69
-11
-37
12
45
10
-2
43
71
10
-42
-13
48
21
-55
-56
7
36
-7
-24
35
75
18
-37
-7
43
26
-20
3
74
71
-1
-5
71
101
26
-13
34
87
39
-20
7
85
77
29
48
108
114
53
41
105
132
52
-13
22
99
70
4
19
91
84
-7
-43
22
60
0
-40
1
51
4
-52
-19
52
34
-36
-35
37
61
7
-7
58
102
43
2
55
120
80
19
41
109
103
18
-8
0
54
89
28
1
58
130
90
28
61
121
96
33
40
109
124
48
7
70
114
52
0
34
84
32
-43
-27
48
52
-13
-24
45
72
7
-17
42
100
59
10
34
98
65
-18
-14
68
101
52
36
85
120
61
20
72
132
87
19
33
99
89
22
27
109
134
66
32
74
113
50
-19
3
74
59
-1
4
71
82
5
-24
26
70
16
-22
28
102
70
10
42
123
108
20
9
93
124
43
-8
40
106
68
16
45
108
86
25
38
112
117
45
28
101
151
89
37
69
115
65
-2
12
86
83
8
-13
52
84
20
-12
28
73
27
-18
18
91
76
23
40
103
91
22
19
88
118
42
-10
28
102
87
40
42
83
61
11
35
112
117
28
0
70
129
76
11
28
91
82
33
45
107
97
9
-17
54
100
28
-20
25
83
50
2
25
91
73
-4
-13
64
106
41
-6
36
85
41
-6
25
92
64
-8
6
85
90
20
8
86
132
67
17
55
114
87
40
66
128
98
5
-6
70
107
57
24
72
109
43
-23
3
80
66
1
9
77
80
7
-14
35
59
3
-28
