52
44
52
54
43
28
24
35
53
65
74
87
82
65
59
67
67
51
35
37
43
52
64
60
52
33
23
24
22
20
8
7
28
49
54
54
55
55
44
35
34
37
36
38
44
50
44
38
26
22
29
32
21
23
38
57
71
66
52
52
54
58
66
56
53
59
72
82
84
80
71
59
53
56
50
27
20
18
6
-4
-5
0
2
0
-4
-3
7
18
19
21
18
10
7
19
28
27
21
22
33
43
35
12
12
37
65
72
68
60
64
73
77
69
64
59
56
44
36
48
68
58
27
11
27
49
58
50
37
34
41
53
55
55
40
25
24
26
33
33
25
26
33
34
35
36
44
53
57
59
58
50
48
56
67
68
57
59
60
61
69
84
103
99
81
58
51
55
54
51
49
53
53
49
44
48
48
41
38
38
36
36
27
23
37
44
45
48
43
27
19
29
41
37
26
16
12
21
37
59
76
80
65
52
40
45
59
64
55
58
80
87
84
75
83
89
101
104
89
81
87
91
81
65
59
73
90
93
86
82
70
60
71
85
96
103
114
117
114
118
118
112
101
100
114
139
165
154
128
117
129
130
121
107
92
92
113
128
119
106
105
119
131
123
100
76
76
76
60
26
-2
-8
6
41
0
81
74
25
0
7
29
32
11
3
5
19
28
34
18
3
-2
-4
-5
2
21
36
55
53
23
6
18
35
35
23
17
11
17
23
28
20
3
0
4
13
20
18
19
32
39
26
4
0
1
8
10
7
6
16
23
11
-3
-11
-4
9
19
23
17
9
11
6
-11
-17
1
25
42
41
29
26
34
42
54
60
69
66
54
55
56
54
52
44
43
58
65
57
41
32
36
45
54
56
50
40
40
56
69
65
57
56
49
38
38
43
50
50
43
51
42
24
17
22
21
17
17
12
17
18
16
18
25
34
50
50
37
24
27
49
65
57
45
49
43
38
36
40
51
44
25
26
44
60
56
41
36
48
58
55
41
29
39
45
36
20
6
2
7
26
36
37
41
44
42
35
10
-11
-17
-12
-17
-6
11
8
-9
-17
-12
-5
3
16
33
49
53
50
40
28
27
43
59
65
52
42
41
40
54
64
66
72
73
72
74
76
70
56
28
16
22
28
44
60
55
34
24
32
33
23
23
27
40
52
55
64
70
74
76
84
96
93
85
83
81
73
71
72
64
71
100
104
84
58
36
33
50
67
68
56
50
58
75
72
56
41
28
17
4
0
5
11
12
8
11
19
22
34
41
41
32
26
26
36
44
41
35
27
32
35
37
43
52
65
74
69
55
54
60
61
61
64
61
65
74
83
71
48
41
55
60
65
72
66
49
59
76
82
82
75
60
52
55
57
51
33
20
21
27
23
11
5
21
35
33
26
23
32
37
21
17
29
43
53
53
52
68
76
65
49
39
48
61
75
80
77
90
105
113
114
123
129
118
98
88
84
89
105
100
81
68
65
59
55
59
75
76
58
44
54
69
76
73
65
64
85
102
92
92
102
96
89
89
76
59
64
74
80
85
98
107
107
112
117
105
86
83
85
93
91
87
85
70
49
44
50
41
28
32
33
34
40
41
48
44
38
24
32
38
20
2
-19
-21
-11
2
11
1
-14
-21
-9
7
11
8
-5
-23
-39
-45
-33
-14
4
12
-6
-18
-10
0
3
7
25
38
42
43
35
28
24
5
-8
-12
-13
-10
5
16
16
16
8
16
20
19
28
28
19
17
27
44
34
18
9
12
17
6
-5
-8
-8
2
19
28
29
35
41
37
32
41
53
44
38
48
68
80
77
71
72
68
51
42
40
35
32
27
32
44
42
29
34
42
49
35
0
19
18
20
26
27
19
13
19
33
35
20
22
40
45
39
35
40
48
52
55
48
32
33
41
40
36
40
52
56
55
60
68
74
82
90
100
98
88
88
82
73
77
88
84
70
50
38
45
65
76
76
67
59
60
66
56
43
44
38
17
12
33
39
38
45
51
51
64
70
74
71
61
52
48
48
52
54
54
50
45
50
59
72
81
73
50
25
28
43
64
75
72
60
60
71
74
65
49
38
32
27
33
44
44
42
51
66
64
48
41
56
71
67
59
59
57
50
35
21
26
36
28
16
10
8
10
25
33
44
68
70
41
22
24
34
35
25
18
23
37
48
55
48
24
20
26
42
48
38
27
36
43
35
27
32
37
49
55
49
44
55
66
66
60
57
64
73
87
85
71
55
54
54
51
55
61
69
84
108
120
106
84
70
83
105
113
102
93
84
87
106
123
124
113
92
77
68
57
48
39
39
42
48
48
39
35
43
58
60
43
37
42
38
37
36
35
39
49
43
42
50
59
60
56
57
43
34
55
80
87
82
73
75
81
70
64
69
69
56
45
54
66
74
84
85
74
74
77
82
76
60
50
49
45
40
29
23
23
19
8
8
16
32
44
39
36
52
74
81
70
69
74
76
87
109
121
115
92
84
89
93
93
86
74
72
71
60
55
54
60
84
105
115
108
114
120
115
97
82
66
60
75
85
80
64
53
34
6
-10
-11
0
10
20
25
32
19
3
0
0
-4
-7
-5
-9
-22
-28
-22
-13
-11
-13
-17
-21
-21
-20
-12
-7
-6
-5
-6
-9
-8
3
17
21
36
39
32
25
22
27
36
37
25
13
17
26
42
56
49
25
26
39
42
38
24
11
12
29
40
38
27
19
18
28
21
-5
-10
3
10
11
1
-12
-21
-10
11
28
25
32
50
58
52
40
37
40
54
69
68
49
41
58
69
49
17
3
5
19
22
10
2
9
32
54
56
50
40
36
26
18
22
29
38
35
27
34
44
53
44
32
24
28
37
51
69
80
82
74
68
70
71
76
87
92
98
97
80
59
54
57
67
71
66
65
74
81
76
61
59
70
72
66
58
39
25
22
26
27
34
39
35
24
21
34
45
55
48
27
23
35
48
58
53
48
39
48
67
73
73
69
70
74
75
83
85
76
69
76
98
104
93
85
84
76
70
75
82
87
88
84
86
99
112
101
81
0
64
60
68
70
66
64
66
60
54
59
58
50
52
65
57
44
37
36
51
60
60
51
40
44
67
81
80
69
66
64
60
66
74
76
77
85
103
118
108
88
80
82
76
70
56
54
42
26
39
66
80
76
69
59
48
48
67
84
87
83
85
83
81
88
89
74
60
55
59
72
80
74
73
91
104
85
50
26
34
55
59
56
60
56
56
64
75
88
92
91
85
76
67
53
41
22
6
11
25
18
5
11
22
13
-10
-26
-28
-19
-2
4
4
6
18
35
45
49
43
38
42
45
38
37
38
32
9
-4
2
11
26
37
34
35
39
35
32
44
57
60
55
44
42
44
38
27
35
45
49
27
-1
-14
-20
-19
-20
-23
-25
-22
-24
-45
-67
-71
-57
-41
-46
-55
-46
-33
-2
18
10
3
11
33
44
39
35
40
54
68
67
60
65
72
74
64
48
41
44
56
67
60
58
66
65
59
68
67
53
26
8
9
18
17
-2
-29
-39
-28
-21
-12
-7
-14
-23
-11
4
16
18
9
-1
0
18
44
58
57
48
36
33
40
53
67
66
53
58
71
80
83
88
98
105
107
103
96
96
100
83
66
61
65
58
56
70
90
98
85
74
69
68
73
81
71
54
49
51
68
69
59
55
55
66
74
75
80
70
60
55
56
64
71
68
60
52
34
24
33
38
39
41
40
42
51
59
67
66
66
71
73
60
40
42
52
54
53
42
35
38
53
71
84
88
86
75
56
36
20
4
-10
-5
38
91
121
129
132
144
148
130
105
92
87
80
68
74
87
86
88
96
92
77
67
66
68
71
75
52
19
21
53
70
68
66
56
44
35
26
24
23
21
19
22
25
37
53
57
49
40
43
54
60
58
43
20
3
17
59
83
71
49
34
41
55
67
64
45
27
3
-4
18
48
72
82
66
38
29
39
42
44
50
43
38
38
34
25
27
33
18
-2
-10
-11
0
17
35
42
36
34
43
40
29
34
48
54
56
57
50
36
23
22
36
60
80
77
76
73
66
60
54
37
25
34
35
26
10
-2
-10
-8
-7
-11
-21
-17
4
18
10
4
7
11
6
6
2
-3
-7
-13
-21
-12
5
26
34
38
39
26
24
50
68
44
23
32
43
51
42
36
43
60
75
81
82
73
72
80
83
74
71
68
64
49
38
41
48
42
39
41
48
53
52
39
24
23
29
34
39
45
48
48
44
42
37
38
50
0
54
55
60
69
71
70
73
76
82
76
69
68
68
68
66
58
69
85
85
81
75
66
52
50
51
43
40
48
59
68
53
32
22
24
32
34
35
26
13
11
11
11
9
10
13
24
36
38
34
34
49
72
80
60
43
34
26
22
10
18
39
51
52
43
35
35
34
28
32
48
66
67
68
80
86
84
61
42
42
40
36
39
26
5
-5
3
24
40
53
53
37
25
17
18
26
37
41
45
38
35
37
38
38
40
39
36
42
56
65
60
45
36
37
54
82
90
90
82
65
67
70
72
75
72
76
86
84
72
66
67
68
56
49
56
70
72
57
41
36
38
42
44
49
57
72
82
85
76
54
34
26
38
60
73
65
54
58
70
74
57
23
9
23
43
56
74
88
85
74
72
70
71
68
67
80
88
91
88
74
57
52
56
64
67
57
37
32
37
44
55
49
34
32
50
59
58
52
42
40
48
65
73
64
49
44
53
53
37
26
34
51
56
55
56
52
50
51
42
39
41
43
42
33
18
17
29
36
28
17
6
17
37
51
54
41
32
32
48
54
42
24
17
27
28
8
-4
1
16
21
13
4
1
6
16
26
33
27
33
56
70
67
58
56
58
57
45
38
38
52
66
68
67
73
82
85
81
73
55
38
29
32
27
29
48
51
38
28
20
17
21
32
35
26
20
18
32
56
66
43
19
16
34
50
57
68
71
60
52
66
82
73
60
54
53
66
81
85
83
73
67
60
59
60
65
68
73
74
74
74
59
52
60
57
52
65
75
73
64
61
64
44
29
37
43
48
53
52
43
42
51
54
54
53
53
49
34
25
36
44
43
44
57
65
66
74
83
71
55
58
73
77
74
76
85
91
97
91
89
85
68
55
57
71
74
64
50
50
60
65
51
29
16
18
22
32
45
57
53
49
45
39
25
10
7
20
36
48
59
67
58
61
64
64
59
40
23
25
39
43
36
37
42
51
66
76
67
44
33
33
41
56
56
42
39
44
54
53
42
28
35
43
43
25
5
1
13
35
52
54
40
22
18
34
51
57
55
43
34
43
55
56
52
48
51
56
56
57
64
68
70
60
52
53
64
76
92
101
100
98
97
90
80
68
58
51
50
52
58
65
58
53
50
44
42
40
40
36
25
26
39
49
43
38
24
7
2
8
13
17
26
34
22
0
13
23
26
28
39
49
53
49
41
44
60
82
91
92
99
107
112
100
74
55
49
35
9
4
13
32
49
45
38
33
29
27
24
26
36
38
39
33
7
2
23
53
74
83
75
69
72
83
90
85
66
44
48
73
100
105
104
103
92
91
102
108
103
107
118
129
133
120
98
80
72
68
61
57
49
35
27
19
19
32
42
27
-6
-18
2
22
38
41
29
24
26
24
17
10
3
3
16
26
26
21
10
-1
5
24
37
41
49
37
27
32
38
49
57
57
64
73
60
41
28
24
26
32
28
27
32
37
37
34
19
-7
-23
-24
-25
-19
-3
3
0
3
23
35
28
35
48
50
52
60
59
50
43
39
40
39
32
38
48
50
54
58
59
65
72
82
89
87
76
73
73
70
56
44
40
44
39
22
3
4
7
5
-4
-12
-30
-45
-36
-18
-3
19
29
27
27
40
57
68
59
50
51
56
65
57
52
44
36
44
39
8
-6
6
24
34
39
42
51
54
68
76
81
88
99
105
91
71
58
52
48
48
41
37
34
32
34
42
48
39
28
24
24
28
29
21
16
16
12
22
27
26
29
43
51
57
60
53
42
43
51
56
59
66
61
55
56
64
74
92
100
102
121
120
104
86
71
50
27
19
28
40
42
48
59
74
70
51
40
42
53
44
24
22
35
36
24
20
27
38
45
41
33
34
38
49
59
66
70
75
75
72
67
68
68
58
55
64
81
96
106
113
90
74
87
97
85
60
43
35
24
19
17
17
9
11
16
11
8
5
7
18
36
44
35
20
23
27
18
4
5
11
25
38
27
21
35
49
57
71
83
87
76
61
48
49
75
96
74
55
58
72
75
73
73
74
67
50
36
20
5
6
12
3
-8
-5
6
17
21
20
13
7
16
25
35
43
49
40
27
16
6
1
-4
0
12
32
36
38
40
48
57
66
64
55
60
75
89
93
98
96
89
97
85
65
66
73
90
100
93
76
59
61
80
100
101
82
70
70
72
74
73
73
81
84
85
86
82
73
71
76
81
83
76
67
50
49
67
74
89
108
120
117
105
82
68
85
98
105
121
131
131
133
138
138
117
73
41
35
52
71
67
59
58
65
70
53
23
11
19
34
43
57
72
96
109
104
84
66
60
73
75
81
88
73
52
48
64
75
68
39
6
1
13
34
50
58
58
54
60
65
0
60
45
37
35
25
3
-7
9
37
48
34
22
17
3
-7
-18
-20
-11
-10
-19
-19
-9
-6
-4
1
9
7
7
21
28
25
18
22
34
40
43
40
40
40
35
28
22
12
13
24
26
25
23
24
26
18
16
21
27
23
0
-23
-30
-25
-14
-14
-26
-33
-35
-27
-19
-5
-2
-6
-11
-9
-6
-11
-11
-5
1
4
6
10
3
-11
-7
6
6
5
21
24
28
40
42
40
44
43
43
52
58
72
90
81
45
26
35
55
58
42
27
35
41
36
32
33
44
59
55
37
24
32
39
39
35
28
20
22
27
23
20
28
45
48
44
50
48
34
34
52
68
64
53
36
39
58
68
68
66
69
84
92
97
84
64
61
70
70
64
54
52
53
44
37
40
49
54
48
26
9
2
20
38
42
34
20
25
39
44
45
43
42
57
64
60
59
64
70
80
89
100
93
82
72
81
90
100
98
80
65
71
75
69
68
65
50
35
28
32
52
64
50
44
48
44
41
49
60
77
99
99
83
68
54
50
54
52
38
37
52
57
65
55
44
48
53
68
72
61
44
43
58
58
48
42
52
75
84
61
48
49
53
67
69
57
49
54
54
43
49
55
50
44
50
44
41
43
49
53
65
77
77
57
38
27
22
17
11
21
26
12
8
21
27
28
26
20
20
27
43
58
66
73
82
77
72
81
89
90
87
80
69
56
51
49
52
52
43
41
42
48
49
50
41
33
37
57
76
83
75
66
59
54
50
53
52
52
56
60
68
84
88
82
58
34
32
44
53
49
49
44
48
65
81
80
67
65
75
81
80
64
38
35
50
65
76
101
115
106
98
105
117
108
93
80
60
54
48
49
56
59
69
81
76
72
76
92
107
91
65
43
44
64
82
90
83
60
51
68
85
84
73
64
59
68
77
80
80
76
70
66
65
57
49
39
41
49
51
44
34
20
18
18
16
12
18
24
32
48
50
35
16
4
12
37
54
59
53
28
10
4
-5
-10
3
22
20
1
-9
-8
-5
5
13
16
6
-2
-12
-22
-28
-42
-51
-45
-29
-11
-9
-14
-4
10
21
18
4
6
22
37
54
69
58
42
51
64
72
74
70
67
65
70
81
86
74
55
40
37
35
33
33
42
51
56
64
48
25
12
8
11
27
37
39
32
24
36
44
41
27
18
12
20
33
35
29
24
27
39
42
49
48
40
43
52
0
52
57
67
60
51
41
33
33
52
71
82
74
69
75
87
85
71
60
61
72
86
83
60
44
34
21
19
19
20
16
25
45
65
75
60
43
35
35
41
48
51
41
29
28
27
35
50
53
42
22
6
-2
-1
16
33
39
43
50
57
64
57
42
38
40
53
68
73
61
39
28
34
36
37
35
34
38
44
50
52
65
85
89
85
84
86
74
64
64
57
53
45
37
33
26
22
24
28
36
37
41
48
48
53
51
28
12
21
36
45
50
41
36
44
61
70
61
48
28
32
39
37
28
22
16
13
24
39
45
41
33
25
28
41
51
48
42
40
37
36
36
28
24
22
28
43
54
50
43
49
45
34
39
56
65
72
82
82
81
89
97
100
90
75
66
59
57
57
51
44
42
37
36
45
57
56
44
36
27
26
36
41
52
60
57
54
57
60
52
40
40
50
57
64
55
42
39
44
51
52
48
42
52
67
72
71
64
64
71
76
80
68
60
69
82
89
100
105
105
101
91
88
91
88
69
52
51
61
75
80
68
48
34
35
44
51
66
81
74
65
59
54
41
29
39
70
88
83
66
51
37
34
35
42
51
43
37
48
64
73
80
80
80
86
92
93
101
108
115
112
100
83
85
96
98
82
67
65
66
71
74
71
71
72
68
61
53
43
34
37
56
85
91
83
75
80
88
90
80
65
59
73
86
99
104
106
109
99
84
82
87
99
107
93
72
67
69
70
80
96
98
86
75
72
71
82
98
80
52
40
35
25
33
40
36
24
21
25
28
29
29
24
12
10
4
4
20
37
38
24
10
4
1
0
7
13
10
-2
3
20
25
28
26
27
35
36
37
43
45
33
25
34
39
32
18
12
18
19
18
12
7
2
-1
-9
-24
-20
-13
-12
-7
-3
-2
-5
-11
-12
-9
-7
-6
-6
-2
7
22
42
53
51
53
58
59
52
42
41
50
58
68
72
74
67
67
72
61
48
38
38
41
49
41
34
36
51
53
41
35
38
39
33
34
55
84
82
58
41
32
24
17
8
11
26
40
42
39
37
33
36
51
53
40
27
35
44
43
41
40
38
38
41
57
85
84
60
48
45
50
44
37
37
37
40
44
51
53
48
44
53
64
58
43
35
34
41
53
54
53
50
44
36
27
19
7
2
9
24
26
16
0
9
22
20
13
9
22
41
42
37
38
0
38
48
66
80
74
72
82
84
84
68
45
40
45
51
49
52
55
59
64
60
57
52
44
59
69
57
53
48
33
10
-9
-11
-1
3
2
10
23
21
11
21
40
44
35
32
42
50
53
65
70
61
55
57
71
76
71
60
60
70
90
106
104
92
83
77
73
71
72
67
56
65
88
104
106
100
87
87
84
69
54
49
56
61
57
44
37
35
35
49
58
58
52
36
24
32
45
57
55
50
56
65
60
57
49
38
35
32
37
50
59
65
45
28
28
39
51
67
80
85
83
72
60
65
71
72
59
51
55
57
51
43
49
55
55
58
64
67
74
71
64
55
48
44
57
65
53
55
61
69
69
74
76
73
65
67
80
98
109
107
90
77
77
76
73
68
65
59
56
65
76
82
70
50
41
36
39
43
56
56
48
38
25
16
18
29
32
22
20
19
20
21
13
5
10
22
29
27
24
26
37
43
43
38
33
35
43
53
51
57
73
83
74
53
35
29
33
34
42
48
37
26
22
28
27
9
-6
-6
-8
-18
-30
-29
-12
3
16
19
25
34
36
38
42
42
43
53
57
44
43
48
50
54
41
20
16
16
18
20
12
10
19
24
37
59
73
64
48
39
35
36
38
39
36
44
56
56
50
45
36
27
26
40
37
32
26
12
6
13
35
45
42
48
38
26
20
12
18
32
32
33
43
57
69
82
90
83
72
82
85
87
77
66
70
71
60
51
52
57
59
57
42
29
32
29
24
22
40
44
33
26
36
48
58
54
42
49
59
51
32
23
40
69
76
59
50
59
71
60
26
10
20
41
60
65
68
70
57
41
33
22
27
49
60
69
77
84
96
105
101
89
88
98
106
112
108
99
91
100
103
83
68
65
56
51
52
55
61
60
43
37
43
40
25
28
51
65
75
84
82
69
49
43
64
83
86
76
67
54
40
29
36
43
37
28
36
56
66
59
66
87
96
86
72
64
66
80
96
101
98
85
74
59
42
40
57
82
88
85
74
68
53
44
57
55
48
56
68
72
92
113
101
76
66
74
76
67
61
66
67
61
72
88
88
76
69
66
67
66
51
33
21
32
57
88
100
80
53
58
85
89
64
20
-5
-2
19
24
-1
-22
-17
-3
-7
-23
-28
-20
-4
16
24
21
11
8
10
19
12
8
16
22
26
37
55
67
67
64
55
41
25
27
0
42
50
52
64
69
66
58
51
49
40
19
1
-10
-23
-33
-30
-25
-17
3
10
7
-3
-17
-10
0
10
23
21
12
7
27
43
48
43
34
22
19
19
20
33
41
48
48
43
37
35
51
65
65
70
88
88
72
66
67
70
80
68
50
48
61
64
51
41
43
44
44
40
16
5
8
10
8
16
32
29
25
23
23
19
24
48
65
60
44
35
24
23
43
67
67
44
40
61
86
97
83
64
54
64
76
80
75
70
69
80
88
100
116
118
104
83
77
73
50
41
55
73
74
60
48
40
33
20
19
19
7
2
1
5
5
-2
-5
12
28
23
19
27
27
18
12
9
12
24
33
29
18
2
9
39
60
69
66
52
44
48
59
56
39
38
56
64
59
74
92
84
65
55
54
59
68
75
73
66
65
66
69
69
54
41
35
37
48
49
40
27
27
40
41
38
39
54
60
70
74
53
40
54
75
93
112
116
107
109
118
132
137
116
81
70
83
98
100
98
88
75
75
83
72
53
45
41
38
32
35
54
45
32
20
19
22
26
35
41
37
38
35
34
33
36
41
48
52
58
68
75
74
69
68
75
81
70
56
36
21
22
33
41
44
42
42
44
56
57
52
48
55
65
58
52
43
39
33
25
33
48
55
51
45
37
33
33
28
29
37
35
24
9
-1
4
19
34
32
22
26
37
50
52
38
32
41
48
41
40
37
33
38
44
48
42
33
18
21
21
6
-3
-4
-2
-3
5
13
4
-4
-11
-22
-27
-22
-9
-1
0
3
3
3
17
21
26
41
56
50
38
42
68
85
81
75
73
69
68
68
67
71
74
73
70
71
75
83
85
86
83
75
70
61
53
42
33
40
58
53
48
50
49
48
45
39
27
12
17
27
39
44
49
57
67
64
60
55
42
32
21
16
27
52
56
58
51
45
49
26
24
48
76
88
82
76
73
75
76
70
66
70
70
65
61
64
72
74
58
39
39
52
58
48
34
29
34
34
28
19
23
37
45
43
43
49
43
35
37
45
51
44
44
50
43
39
41
42
35
27
27
39
59
74
81
82
81
71
54
48
64
84
93
96
90
97
100
88
69
61
60
55
44
41
37
25
29
45
61
59
44
32
25
35
40
39
36
34
42
56
59
48
33
33
43
55
56
55
56
57
59
69
81
88
85
67
51
57
75
83
82
64
42
0
42
45
41
42
43
49
50
53
53
42
32
35
53
60
56
54
42
36
38
43
43
34
23
23
22
24
36
48
58
66
71
84
89
77
66
57
49
35
22
25
34
38
39
52
55
53
57
57
52
61
81
83
76
67
70
81
77
71
65
66
71
60
43
39
43
50
56
57
51
41
37
35
40
51
57
52
44
48
41
52
59
53
49
52
44
36
43
60
59
44
39
43
49
48
37
35
55
82
86
64
39
40
52
64
68
59
50
50
58
59
51
41
48
70
65
36
12
13
23
25
17
7
11
16
19
29
51
58
49
20
-9
-21
-10
13
43
57
65
66
65
66
68
68
56
42
39
50
67
71
66
60
52
34
16
16
23
34
37
32
33
41
55
39
11
7
18
22
21
17
26
21
3
4
9
11
17
35
55
59
56
55
50
48
52
50
29
23
38
50
44
32
37
56
60
54
52
64
82
97
98
84
70
70
74
80
74
57
41
33
23
33
54
70
67
58
55
42
34
25
27
33
38
48
58
64
37
21
26
36
36
17
1
