60
61
53
53
59
68
68
68
65
56
53
54
64
75
90
90
81
75
70
66
66
60
54
48
48
53
58
58
53
43
34
33
33
26
28
32
28
20
2
-7
0
9
12
9
8
8
11
18
21
27
43
56
66
73
73
76
84
87
85
82
77
76
89
93
81
68
69
82
89
87
89
99
98
81
61
50
55
68
60
44
34
34
28
29
40
58
72
80
73
59
66
75
72
59
55
56
64
72
84
84
76
68
64
64
68
65
64
70
72
67
58
49
28
20
23
38
70
90
99
113
145
168
163
144
128
118
104
75
57
55
58
68
70
59
41
28
38
67
86
90
83
72
68
65
51
25
7
11
29
43
49
53
65
80
84
68
43
37
51
56
51
44
36
34
41
50
53
50
43
36
28
39
55
55
37
22
11
9
12
13
18
34
51
60
56
40
28
32
39
38
24
6
-4
-4
2
16
29
38
37
49
58
50
36
22
11
20
36
29
8
-2
9
27
39
48
41
27
19
17
19
18
12
7
5
2
2
7
10
11
13
12
4
-2
-3
-3
-7
-3
5
5
-4
-18
-22
-19
-17
-10
1
10
11
11
11
18
22
12
9
22
39
51
48
41
40
35
35
41
39
27
25
43
58
61
57
50
52
59
0
60
49
32
23
33
37
33
32
33
38
35
25
24
34
35
34
26
21
18
17
17
28
43
36
24
26
36
42
51
53
48
35
35
50
72
84
73
61
58
55
55
58
61
53
44
52
68
71
61
49
42
52
56
54
51
37
20
19
22
22
20
17
11
13
18
20
23
22
19
24
29
28
27
35
41
42
48
50
55
69
72
67
57
45
36
34
34
37
48
56
60
67
65
67
71
71
68
67
65
74
90
87
72
68
70
69
60
53
54
64
67
57
44
32
16
7
8
10
17
20
23
33
34
22
18
26
39
44
43
34
29
37
39
49
66
80
76
73
71
65
58
60
66
68
68
76
87
82
75
74
81
75
66
58
64
67
60
60
65
70
71
70
56
36
29
35
39
38
43
52
56
52
41
37
39
38
36
44
61
73
73
72
66
56
51
52
65
76
74
67
68
66
57
66
84
89
82
73
80
86
88
89
85
73
71
72
74
75
73
73
60
39
23
21
25
34
44
67
91
107
105
92
90
102
112
102
90
90
92
92
89
90
98
92
82
73
73
85
100
106
91
68
52
50
57
70
76
70
54
41
41
42
43
54
59
64
55
45
49
43
38
44
51
44
33
22
25
28
17
-2
-10
2
17
19
12
17
22
40
44
39
28
16
2
-11
-18
-4
11
19
18
12
17
22
21
19
17
22
35
40
33
33
42
54
56
51
43
36
23
13
17
24
32
28
27
32
35
44
52
40
23
12
10
13
24
33
24
8
-1
0
-2
-7
-11
-11
-8
-4
-4
-2
4
10
11
6
5
12
33
52
66
69
69
67
56
52
55
61
60
57
59
69
73
64
52
43
37
33
36
41
44
49
52
53
55
48
32
11
12
32
42
42
41
39
33
28
36
33
28
40
54
55
43
33
33
38
48
60
59
49
44
51
55
56
64
71
73
74
66
54
65
80
77
74
73
70
65
54
45
42
40
36
37
39
39
41
51
57
60
57
57
58
53
41
36
36
37
32
27
37
45
48
48
55
58
55
45
41
42
49
50
48
45
52
54
52
51
55
57
57
55
57
56
49
42
43
43
45
53
60
65
56
51
55
56
52
50
52
49
40
27
34
50
53
45
34
34
60
93
115
116
104
102
102
100
91
83
80
74
81
98
107
114
123
128
120
102
85
83
85
89
90
86
73
71
69
69
65
0
56
51
53
54
54
58
67
71
71
58
52
50
39
39
44
41
38
34
25
17
5
2
16
28
33
32
40
51
55
44
26
19
33
49
49
42
36
23
18
20
34
44
50
43
27
19
25
32
36
52
56
43
26
20
22
23
16
8
9
9
17
16
7
10
21
17
1
-9
-11
-4
7
11
17
23
26
28
36
38
34
21
9
8
26
44
37
25
28
33
33
26
24
22
20
24
34
38
41
49
57
68
68
58
52
48
36
33
42
54
52
36
23
32
45
44
28
26
38
40
37
38
50
59
54
43
41
44
43
40
48
53
55
51
48
45
43
39
39
48
52
58
58
57
68
82
77
66
56
49
39
34
40
45
56
71
85
88
72
54
39
28
24
27
33
27
10
-3
-9
-6
3
10
11
10
18
27
28
25
24
36
51
58
65
71
73
73
71
64
59
65
65
55
45
52
60
74
85
74
53
49
55
58
66
83
106
119
114
87
66
57
66
70
58
51
49
40
36
35
34
33
49
81
96
87
83
85
90
87
73
71
75
85
98
105
109
108
100
96
96
99
108
113
100
97
98
88
80
72
70
73
80
72
51
38
55
85
96
74
41
22
21
27
34
29
11
-4
-12
-14
-3
18
33
33
22
5
-9
-8
7
21
28
43
60
69
66
52
37
22
12
11
17
28
36
37
41
56
73
72
53
40
41
52
54
51
43
38
34
24
32
40
40
28
17
12
21
28
34
23
12
17
22
33
41
48
43
27
16
3
0
17
38
48
49
48
38
20
18
36
51
50
41
39
44
57
69
69
54
28
20
21
10
3
5
11
9
-1
-2
3
5
7
6
3
6
19
26
20
8
8
10
5
6
9
9
6
8
11
4
-5
-1
18
38
48
41
22
8
11
32
44
41
34
45
77
97
90
67
44
38
38
36
32
29
36
39
34
26
20
4
-9
-10
-9
-2
4
10
17
16
8
7
16
21
22
26
29
33
29
19
1
0
17
42
59
56
43
41
54
65
65
67
66
66
72
85
96
92
85
77
69
70
81
84
83
83
83
83
80
74
68
56
51
41
38
43
53
54
42
23
21
36
50
59
58
54
53
52
58
58
53
49
42
37
33
28
26
34
44
55
60
60
57
49
43
53
66
66
54
49
53
58
58
57
55
55
49
35
29
37
42
40
26
21
23
24
22
26
33
28
26
0
32
38
38
35
34
39
49
51
41
35
29
27
22
21
37
59
69
69
68
65
58
57
59
64
66
74
75
72
71
71
73
73
59
41
35
38
42
45
53
59
53
39
28
36
49
48
42
41
34
21
18
35
56
65
66
57
54
50
55
73
77
74
83
88
85
85
90
97
101
102
98
85
75
71
58
57
64
66
71
76
85
87
86
84
82
77
71
57
51
51
45
41
41
35
22
19
24
28
39
45
41
32
22
19
13
18
20
23
27
34
49
58
72
80
72
64
55
52
55
68
73
70
65
65
73
85
90
96
96
97
89
73
55
48
57
72
71
59
48
34
7
-7
-3
8
16
9
1
1
7
10
10
8
19
29
36
32
24
28
44
56
53
50
43
37
37
44
52
52
51
50
56
68
69
67
68
67
67
80
91
91
88
74
58
60
68
68
66
65
57
59
58
48
25
7
-4
-9
-13
-8
0
-3
-3
4
18
33
35
25
23
41
64
72
70
71
77
77
74
76
90
103
104
100
98
105
123
138
133
116
118
138
156
152
125
105
101
104
119
123
122
121
118
114
109
108
100
82
72
64
61
64
54
41
35
34
33
37
50
53
51
48
38
37
43
50
51
56
68
69
72
81
91
91
74
52
39
40
54
69
73
73
70
57
41
36
39
42
37
21
16
22
25
26
29
40
48
37
16
7
7
4
-3
-5
-3
-9
-22
-35
-36
-21
-1
8
16
16
12
16
17
17
17
21
32
41
44
36
27
28
38
38
36
42
39
22
17
28
44
59
69
69
69
65
52
35
20
16
17
12
19
28
28
16
0
2
9
16
7
2
6
3
-5
-6
-5
1
7
18
28
36
36
36
42
48
49
58
68
68
65
66
68
61
59
67
70
69
76
75
66
68
82
84
80
68
50
26
21
28
38
33
21
18
16
18
22
25
22
19
11
-1
-17
-22
-18
-18
-19
-17
-18
-26
-28
-21
-5
8
12
5
0
4
7
9
20
25
20
16
18
32
50
59
64
72
83
99
104
97
86
85
86
80
77
83
88
88
82
73
64
56
50
51
59
64
56
39
23
21
27
34
29
22
16
19
21
19
19
27
40
48
42
32
24
22
24
32
37
49
44
36
38
51
71
86
83
77
85
90
96
101
104
104
108
120
144
150
137
128
119
131
147
146
131
123
123
121
112
83
51
18
-9
-2
41
76
83
70
0
65
82
99
91
60
33
23
41
71
98
106
106
109
119
129
133
131
120
115
118
112
90
82
84
86
75
60
66
89
108
113
103
98
98
86
72
70
82
85
76
58
40
37
39
45
58
57
33
10
4
11
23
33
37
43
45
41
40
38
22
6
1
4
6
4
6
16
22
28
28
28
23
22
26
23
20
18
26
43
54
53
36
5
-9
0
18
16
8
10
28
43
50
51
42
27
8
-5
-3
10
13
5
-9
-13
-6
-2
-6
-8
-5
-3
-2
-5
-3
16
48
64
55
34
9
8
22
43
57
54
43
40
48
54
65
83
96
83
49
26
40
73
97
87
52
28
37
48
50
50
43
38
42
50
51
39
32
36
40
34
23
11
5
8
12
12
8
2
4
21
32
32
34
34
32
33
36
39
42
41
29
20
16
18
25
39
48
55
59
52
43
51
58
68
70
66
68
74
80
75
72
60
51
49
57
68
68
68
66
60
54
49
39
37
38
37
37
39
39
35
27
29
36
34
25
24
28
37
43
36
26
32
42
53
58
69
84
83
77
74
68
59
52
49
48
52
45
29
20
22
26
34
43
45
36
20
16
23
34
32
21
20
18
12
6
0
7
21
22
17
19
24
24
21
26
35
35
34
37
43
61
73
70
59
51
57
76
81
69
58
65
75
75
68
69
68
65
61
59
53
51
57
73
77
70
53
40
39
35
27
25
25
23
19
18
24
28
27
25
28
32
33
34
37
38
38
44
50
50
53
57
54
42
34
37
54
67
72
70
67
64
51
51
68
84
82
68
60
68
85
97
102
114
120
102
77
69
70
69
71
90
114
119
112
97
84
86
100
104
90
67
55
65
89
118
131
128
108
89
89
104
102
92
85
69
52
58
81
99
106
100
84
65
43
40
53
64
58
41
28
34
50
64
70
64
42
34
29
23
9
-4
-19
-23
-8
16
37
40
29
25
21
8
-2
-9
-14
-8
17
44
56
43
24
18
17
7
1
2
10
21
21
18
12
9
13
20
21
21
25
35
48
58
58
40
28
27
38
55
70
74
66
49
35
32
28
32
35
40
40
28
24
22
16
13
16
13
17
19
21
21
34
40
27
16
5
1
-4
8
37
49
37
27
33
50
57
58
51
37
35
40
36
23
21
35
49
48
40
36
37
49
56
57
53
42
39
44
55
66
58
44
36
33
0
36
36
28
23
22
24
26
32
28
25
21
18
21
34
42
53
51
49
49
48
41
40
42
53
60
64
70
84
80
58
49
43
38
33
33
51
69
69
56
44
43
51
52
52
61
57
49
43
45
43
34
25
19
16
22
38
53
55
37
18
16
27
38
43
48
49
48
48
53
56
52
50
53
59
54
42
33
37
49
54
54
52
56
67
81
87
100
115
113
102
82
56
49
66
82
84
97
123
148
150
137
118
103
91
69
58
68
81
87
84
69
53
50
53
54
42
38
49
64
80
88
89
91
83
60
38
32
43
57
53
41
44
56
64
64
60
60
58
58
74
100
102
80
43
36
51
65
60
45
43
66
84
85
80
71
70
67
61
53
35
18
17
29
39
34
29
33
29
16
8
26
52
58
48
33
21
18
16
8
-1
-7
-2
16
41
52
42
35
34
34
38
42
34
11
-7
-12
-11
-6
7
28
40
38
19
9
19
33
43
52
56
45
29
28
38
42
41
39
37
35
36
41
43
42
40
43
50
49
50
38
10
4
7
19
27
32
35
33
35
51
70
81
73
57
42
24
8
16
39
49
49
52
45
32
21
28
43
51
48
42
41
44
44
36
26
21
21
27
33
36
39
40
35
27
20
13
24
35
38
37
35
42
58
68
61
56
55
52
50
48
50
60
64
58
57
56
56
52
48
43
35
26
29
38
35
20
13
28
42
32
9
8
24
38
36
24
19
23
23
22
25
27
27
28
27
36
41
39
37
44
57
59
64
64
64
66
71
74
71
71
71
66
56
45
43
48
58
80
87
86
76
67
60
64
70
74
80
74
73
70
69
71
76
80
68
55
54
56
49
38
34
34
36
37
39
49
51
51
50
55
67
69
59
48
44
44
42
36
35
48
51
38
32
36
51
64
57
45
34
25
26
29
34
50
68
71
67
64
57
49
44
52
56
57
57
57
54
50
40
36
43
49
43
37
37
49
53
48
39
32
12
1
2
10
25
38
34
17
12
27
55
80
89
90
97
104
99
91
83
68
58
60
67
75
83
85
96
103
98
85
69
64
65
68
52
23
10
9
16
9
-2
-2
16
37
40
33
26
29
33
32
27
25
34
37
29
19
9
10
23
43
57
56
48
39
34
36
55
74
64
36
22
29
48
69
80
80
70
51
39
42
52
58
67
56
38
0
23
20
18
6
-6
-19
-27
-25
-13
2
16
19
11
8
19
35
43
49
48
43
40
33
33
48
61
76
82
74
60
53
45
35
32
32
36
42
45
53
65
70
67
64
57
58
60
61
65
64
52
34
19
24
34
33
27
36
38
28
25
28
38
45
52
52
48
49
53
58
66
64
52
41
42
44
53
65
74
81
81
74
68
57
51
51
41
37
37
43
55
71
74
68
65
64
66
72
82
84
69
51
50
57
56
60
68
53
33
24
35
44
43
36
35
40
50
51
35
27
38
38
26
25
35
33
27
33
40
51
54
58
61
58
51
55
65
69
73
81
83
88
90
85
84
89
90
89
84
71
59
49
43
52
58
65
55
41
41
36
25
21
20
17
12
17
23
36
39
36
38
48
52
49
50
49
41
28
36
60
96
107
97
83
89
100
98
86
76
69
69
81
91
104
118
133
133
117
106
109
112
97
75
59
61
65
57
67
80
86
85
81
73
57
37
20
18
18
17
26
55
77
74
61
58
57
49
37
25
11
9
11
21
34
42
44
49
48
49
43
42
53
54
51
51
54
53
49
53
69
82
83
77
73
71
59
39
25
28
40
43
29
18
6
2
16
20
11
5
-1
-6
-3
4
3
-5
-5
10
32
37
35
35
36
38
42
43
35
26
19
12
6
9
12
11
12
26
42
54
61
64
64
64
56
50
49
57
59
43
33
37
52
59
57
48
38
32
25
28
26
23
23
28
28
24
17
12
19
25
28
35
45
57
55
40
21
18
21
25
29
25
13
18
34
42
48
51
49
49
52
56
66
70
77
83
86
85
76
70
66
65
53
40
41
51
52
39
26
28
38
41
37
35
35
38
33
26
34
41
39
37
38
38
27
16
10
16
26
43
55
54
53
49
42
50
54
56
65
70
67
57
56
59
67
67
52
36
37
43
43
37
27
19
11
5
0
4
16
18
12
11
22
26
21
5
-9
-7
4
21
45
66
67
66
65
64
67
70
73
73
67
58
64
75
86
85
77
71
73
86
97
98
88
84
93
104
102
93
86
80
67
54
48
52
53
51
49
41
33
25
24
26
22
19
20
23
22
20
26
26
10
3
4
7
20
39
49
53
50
34
23
28
43
57
65
69
76
81
81
83
77
71
65
61
58
55
59
66
56
40
36
43
53
54
53
56
53
0
49
51
53
49
44
45
50
50
38
21
11
9
8
13
32
45
48
37
34
38
50
67
82
80
64
58
64
68
68
73
74
70
73
73
73
71
58
42
32
33
43
54
61
56
34
24
34
43
44
36
32
24
25
36
49
57
70
73
64
58
68
82
83
70
59
53
51
57
69
80
82
74
64
51
44
50
45
37
34
32
27
21
19
23
39
58
66
61
51
33
21
32
42
45
51
60
69
64
54
48
48
49
45
40
28
20
18
21
26
28
33
39
48
48
36
24
23
37
52
52
49
44
39
33
25
29
41
51
52
53
65
75
75
69
67
73
76
76
71
59
49
50
66
82
84
76
70
59
53
56
69
75
64
41
26
17
22
32
27
18
11
19
24
25
27
32
35
41
48
57
65
65
61
58
57
59
61
58
64
69
81
88
92
97
92
82
69
57
58
66
69
74
83
86
87
89
93
85
70
65
56
45
42
52
61
67
70
71
61
49
45
56
64
53
50
49
42
40
44
50
51
49
56
69
66
52
44
49
54
54
44
34
32
40
54
58
64
73
77
74
60
43
29
20
17
24
40
43
36
26
32
32
25
24
24
25
25
22
19
26
39
53
60
54
44
49
59
69
68
56
41
40
53
66
67
55
42
37
42
52
50
43
45
49
44
33
24
36
48
49
51
48
37
33
40
52
56
53
51
55
59
69
87
101
92
76
64
48
36
32
35
41
35
20
9
11
20
28
37
56
76
73
53
42
51
60
69
69
68
73
86
88
85
85
89
91
102
108
108
116
114
104
100
101
101
98
97
100
102
90
72
61
64
60
58
64
65
68
69
54
38
35
37
40
54
68
66
53
50
50
50
53
50
33
12
19
45
73
76
64
41
34
40
54
61
60
59
65
70
68
54
41
48
65
70
55
38
22
20
25
28
24
22
28
35
25
8
-1
-4
-10
-12
-19
-21
-23
-35
-36
-33
-35
-43
-49
-44
-30
-14
-7
-7
-17
-23
-18
-9
-9
-2
18
32
39
41
43
58
69
60
56
59
70
74
74
84
91
99
102
93
77
61
57
67
73
67
54
51
51
49
48
42
41
39
34
33
23
11
3
2
17
32
29
26
24
10
3
2
13
33
33
21
12
18
33
40
44
44
41
39
37
37
34
32
32
27
26
33
53
71
67
50
44
55
61
60
56
52
50
57
69
69
55
0
50
51
49
48
48
37
28
34
35
36
35
37
50
66
75
81
82
81
81
83
86
76
67
58
53
53
51
50
50
51
55
66
74
81
80
73
71
76
88
81
72
68
72
72
67
52
44
55
69
66
54
50
48
41
40
38
39
40
35
27
19
24
38
51
52
36
24
32
41
40
24
23
38
48
50
51
55
51
33
25
28
40
50
48
38
28
33
48
50
42
43
51
55
65
71
61
55
40
24
18
19
23
26
22
21
25
32
38
40
35
26
11
0
-1
6
18
29
41
57
71
74
69
52
42
45
54
68
74
71
65
60
65
56
42
38
52
60
59
67
67
61
59
61
64
64
69
70
69
65
66
74
73
60
50
38
38
51
51
38
38
43
52
69
74
71
69
69
60
52
42
37
34
34
32
26
20
16
22
33
42
51
44
34
39
58
71
60
45
40
42
44
51
57
65
71
84
83
75
81
80
67
54
58
72
86
92
92
85
82
83
72
66
65
69
76
82
73
55
52
50
49
53
69
86
93
82
65
70
91
112
117
114
114
122
125
116
97
80
68
57
65
86
107
112
101
88
77
76
87
106
107
91
74
64
64
66
68
61
42
21
17
38
59
67
64
50
35
40
56
56
37
19
22
41
56
60
49
28
16
17
24
28
29
32
27
12
-4
-9
-2
6
5
3
11
25
36
38
40
41
45
52
59
61
59
51
41
38
34
25
28
38
33
23
18
19
26
36
37
17
-10
-24
-29
-28
-13
-8
-11
-20
-22
-22
-19
-6
-3
-8
-12
-11
-10
-13
-19
-23
-26
-26
-26
-33
-41
-44
-38
-21
1
11
12
10
6
11
25
39
42
44
54
64
68
69
80
81
69
58
65
76
84
81
71
68
70
73
60
52
61
76
76
70
66
59
53
43
24
10
13
23
22
19
26
41
45
43
52
52
44
45
54
57
53
44
37
24
11
18
41
66
75
80
84
85
85
81
68
58
59
66
59
52
50
52
53
49
45
40
33
36
44
45
28
11
1
-2
5
10
11
16
28
42
48
52
57
53
49
49
54
55
55
55
56
59
66
72
68
55
50
52
54
53
53
56
64
57
52
51
64
76
69
54
59
81
81
66
58
59
57
48
34
24
28
36
34
24
18
16
20
23
17
6
1
5
12
16
16
20
35
43
40
43
59
67
61
68
81
87
87
84
74
68
60
40
24
27
0
49
60
57
44
35
25
28
40
44
53
51
35
36
51
53
42
32
28
33
36
45
58
66
52
39
43
52
57
61
70
74
74
68
56
48
48
57
67
73
72
72
76
82
83
84
88
80
61
48
39
41
49
48
33
27
42
67
77
59
37
23
17
16
23
32
37
41
38
28
22
20
27
40
44
42
35
28
24
23
27
36
40
42
40
43
51
55
57
66
70
68
65
57
53
57
68
72
74
70
61
59
57
48
41
38
41
52
50
41
36
35
37
44
52
56
64
59
65
75
72
59
53
59
73
84
88
82
69
68
69
69
70
74
73
73
75
76
72
70
74
81
84
83
75
69
64
57
51
48
55
65
67
60
50
45
43
40
38
39
45
51
50
52
51
41
20
11
20
25
26
24
25
20
10
4
13
34
38
34
27
27
33
41
52
53
39
27
32
41
48
40
28
34
43
49
38
28
27
27
32
29
22
23
38
52
53
48
40
37
36
38
36
32
39
54
50
34
35
42
54
70
81
85
86
81
80
76
76
76
70
66
66
57
57
56
52
42
39
49
64
73
71
68
72
73
60
43
34
39
58
72
69
59
53
53
55
52
50
45
44
52
52
56
51
41
33
24
28
43
57
76
96
113
125
129
116
102
88
81
81
82
82
91
104
101
88
82
83
84
81
82
88
93
100
100
90
85
81
72
72
82
92
98
88
71
51
45
59
71
66
41
21
19
35
52
55
48
40
36
37
42
52
55
50
43
45
49
43
43
53
60
65
65
56
42
34
28
24
19
13
8
2
6
19
21
12
5
0
3
5
1
1
5
7
18
24
22
20
26
39
44
38
35
36
33
26
24
27
29
35
40
42
44
51
59
61
56
54
64
76
88
88
81
64
48
37
41
53
60
66
64
51
38
35
37
37
28
28
28
18
-4
-17
-14
-10
-3
3
3
3
11
12
7
4
4
7
10
10
18
32
43
51
52
44
40
33
29
29
21
19
26
37
53
68
67
52
36
33
43
59
68
60
52
50
52
52
41
26
19
21
25
35
36
35
36
26
10
4
19
33
36
40
42
38
33
35
42
45
45
45
44
42
36
25
20
12
5
12
28
29
25
21
18
12
35
67
76
66
44
34
27
32
36
40
38
36
35
44
53
53
56
57
54
51
42
37
37
42
58
64
59
70
86
88
0
84
87
91
84
74
64
59
64
66
69
76
80
72
71
77
83
82
69
55
50
53
51
51
51
43
42
52
53
44
39
37
42
40
32
32
36
48
55
49
35
35
40
48
50
51
44
34
27
27
36
45
59
70
69
66
71
83
88
84
77
75
80
75
65
59
67
75
88
82
72
69
72
88
96
91
86
69
51
49
59
73
91
108
124
144
150
145
133
120
112
103
101
96
90
100
113
106
86
66
68
88
99
81
50
35
43
55
53
37
28
33
29
23
22
26
28
33
26
35
56
84
103
98
76
65
57
57
64
68
65
57
49
40
36
42
51
44
28
12
12
25
35
33
32
34
27
9
1
6
13
12
3
-10
-11
-7
-6
-9
-9
-6
-2
-3
-7
-6
-1
-2
-4
0
3
1
-1
-3
-3
-4
-5
-2
-2
-3
5
21
27
21
17
25
42
56
57
50
36
28
35
40
33
9
-3
-1
12
25
40
55
55
39
21
19
32
35
34
27
26
41
55
53
38
26
29
41
58
71
68
51
36
34
44
52
43
38
40
42
54
75
92
91
