75
68
71
85
89
81
74
90
101
96
83
66
59
66
70
72
74
70
64
60
72
87
99
100
83
65
66
82
98
100
86
72
69
69
65
65
70
81
96
107
103
92
87
87
86
76
65
61
71
81
77
83
88
86
85
83
71
59
52
40
34
37
44
48
42
42
50
55
50
36
26
36
37
20
4
-3
-5
-7
-1
-3
-8
-4
0
5
9
8
0
-14
-25
-23
-13
-9
-10
-18
-22
-27
-37
-44
-52
-43
-26
-20
-19
-10
-2
-10
-13
-10
-5
-2
-5
-9
-12
-18
-8
4
13
34
55
69
66
65
58
50
42
36
23
19
18
20
26
37
41
38
33
32
35
44
49
40
25
21
35
50
55
50
35
26
43
69
81
76
69
68
68
59
52
53
56
54
57
64
60
56
60
64
49
36
22
13
20
32
33
19
5
6
17
25
22
25
35
41
51
48
35
33
39
44
49
49
42
32
24
23
22
24
27
33
35
32
34
40
41
44
51
48
39
34
25
18
17
22
34
40
40
38
33
24
26
39
42
39
40
39
39
43
38
24
24
32
32
37
41
40
32
27
33
40
44
41
40
48
55
59
65
73
72
69
83
99
101
90
85
83
75
67
61
59
53
52
55
59
59
49
34
24
25
27
34
49
53
48
0
49
51
49
39
32
32
39
52
64
66
52
45
66
83
88
82
60
38
35
41
52
58
59
58
55
65
85
91
90
89
90
91
91
87
71
56
60
82
93
91
75
66
68
81
87
82
80
80
74
75
83
76
55
36
27
33
42
41
26
17
21
27
28
25
22
16
18
32
42
43
44
37
25
19
24
42
57
64
58
53
54
69
85
84
61
51
59
64
60
56
54
51
43
49
56
67
66
57
52
49
58
69
66
53
40
39
50
58
65
66
64
54
53
57
52
43
42
40
41
41
39
42
50
53
51
49
57
59
58
57
58
64
55
33
12
11
20
29
35
49
56
45
33
26
36
53
59
59
64
64
57
54
58
58
61
60
64
70
83
89
86
77
80
86
82
76
84
97
100
90
86
96
112
117
118
114
113
112
115
123
119
100
84
92
104
104
100
102
99
91
83
85
101
103
85
68
73
89
90
88
85
66
43
38
50
59
59
54
50
51
65
61
52
44
32
23
20
18
13
11
19
24
10
-5
-9
3
20
34
28
9
-3
4
12
4
-6
-6
-6
-8
-22
-33
-21
1
12
13
11
16
19
20
21
20
13
0
-9
-5
5
22
35
39
36
40
41
27
19
18
23
32
29
19
6
-3
-8
-7
-6
-9
-13
-12
-4
7
13
17
22
35
55
66
67
53
40
52
66
59
48
42
41
35
28
37
55
60
59
56
45
37
39
44
48
40
38
40
48
55
59
59
68
70
68
61
52
51
56
70
70
55
38
22
9
16
29
32
24
27
34
27
13
6
9
20
29
34
32
39
52
54
55
56
59
64
58
58
60
61
66
70
72
67
54
45
51
60
70
75
74
58
36
26
32
28
33
38
48
54
53
53
52
41
39
48
55
60
66
67
69
77
84
77
65
53
41
40
50
53
50
53
57
53
40
26
22
25
37
40
35
32
28
45
58
57
44
36
25
19
27
51
59
56
54
52
52
58
65
64
59
60
69
74
68
67
66
57
50
51
56
65
77
89
89
80
66
57
58
59
57
58
56
39
26
38
52
61
59
51
38
38
49
52
51
54
59
69
81
80
58
43
53
67
73
73
68
59
53
54
56
67
69
58
51
42
44
53
57
57
53
56
70
83
83
68
48
35
40
43
49
54
44
32
34
48
55
44
36
35
37
43
42
37
32
25
32
41
43
39
36
40
0
42
40
44
51
58
68
69
56
36
35
43
48
50
57
69
81
86
76
72
81
86
84
87
86
81
73
68
54
40
43
65
81
85
74
59
60
72
80
76
61
52
41
40
51
69
85
92
102
112
114
109
101
90
85
82
80
87
102
109
113
117
114
105
96
90
91
90
86
86
82
68
60
73
92
90
80
71
64
53
48
43
50
54
52
43
42
55
69
67
44
18
-5
-10
-7
-3
-1
0
2
2
6
12
16
10
9
7
-5
-17
-12
-10
-12
-9
-11
-10
-4
0
4
16
22
19
10
6
5
8
19
23
26
25
19
6
-4
-10
-5
2
4
1
1
13
24
20
6
2
5
4
9
22
24
10
4
4
8
16
16
6
-2
-2
0
-6
-7
0
3
7
12
22
34
48
43
34
33
37
51
68
74
76
73
71
55
37
39
66
77
64
41
28
29
48
65
66
58
58
60
57
54
50
48
43
41
41
42
44
53
59
64
65
80
89
75
56
56
66
67
59
57
64
53
37
21
19
33
48
41
26
20
26
33
50
64
58
51
50
51
48
48
51
45
34
35
41
45
37
21
18
22
28
42
54
55
44
38
39
42
53
56
60
67
56
39
26
36
56
61
52
55
64
59
57
57
56
54
50
42
50
58
58
56
54
65
77
83
82
83
91
101
91
72
53
44
37
39
48
49
50
52
51
51
42
33
25
23
19
23
38
51
51
48
44
43
48
42
39
45
56
57
53
43
41
50
49
43
43
44
50
48
35
32
37
43
59
73
73
75
80
84
90
87
73
68
60
54
51
55
64
64
57
61
67
60
54
50
49
52
49
45
55
55
43
35
38
49
53
49
39
38
39
40
38
48
64
69
73
81
86
77
70
75
96
105
100
102
115
119
123
133
135
131
120
107
101
106
120
131
133
136
138
138
139
135
114
87
83
89
87
80
80
75
71
60
59
72
92
100
104
115
113
100
86
73
57
44
39
39
45
55
52
48
48
53
52
50
45
39
29
36
49
54
40
24
24
37
41
45
37
18
6
10
11
-4
-13
-17
-28
-40
-44
-39
-24
-13
-3
-1
-21
-45
-42
-24
-12
-17
-24
-26
-25
-23
-27
-50
-69
-77
-75
-66
-55
-46
-38
-20
1
1
-5
-11
-9
0
1
-3
-3
0
1
3
8
6
5
6
5
6
20
32
25
11
-1
-6
-5
1
0
-6
-8
-2
6
10
8
5
7
23
0
35
44
49
43
44
54
65
74
72
64
59
60
59
59
80
89
73
56
51
37
29
37
50
70
82
77
71
67
60
57
56
57
49
33
36
41
41
48
56
57
52
43
42
45
53
67
71
68
67
73
83
80
76
80
72
55
38
41
56
67
60
54
49
50
57
69
67
58
45
44
52
53
53
54
48
51
64
72
80
81
73
70
72
75
74
70
67
64
57
59
65
66
65
56
54
70
80
70
54
50
58
73
72
67
65
58
58
65
67
65
66
66
50
39
39
48
58
68
68
56
43
42
51
60
72
76
76
80
84
87
91
96
89
83
82
91
101
98
81
75
91
104
105
103
103
104
100
103
108
102
87
93
108
128
140
145
132
119
118
130
134
129
121
129
130
135
146
145
124
102
92
89
75
54
37
38
49
60
68
64
53
50
51
51
43
36
27
13
-1
-6
-3
10
34
37
28
19
9
5
1
1
5
16
17
3
-10
-10
-7
-11
-18
-34
-46
-41
-25
-23
-33
-30
-18
-5
-4
-1
7
10
4
-4
2
6
7
11
10
1
-7
-2
-1
-4
-9
-19
-21
-18
-17
-22
-23
-4
12
16
4
-11
-9
8
18
11
7
-1
-9
-14
-12
-7
0
0
-1
2
6
9
9
5
10
17
20
24
28
42
65
80
75
59
52
52
52
54
59
55
53
59
66
66
59
53
44
43
57
66
57
48
50
53
53
48
42
48
55
53
41
24
6
4
23
40
55
65
61
58
56
50
38
36
41
51
55
44
33
28
39
54
66
74
76
65
60
71
72
70
68
70
80
86
98
106
107
106
107
106
100
100
98
89
82
70
57
57
69
82
86
87
89
98
101
86
54
39
42
53
81
114
145
152
134
121
122
122
115
96
80
76
90
108
128
119
91
83
89
96
106
122
124
104
75
49
43
56
56
36
18
20
36
43
40
26
11
8
5
-3
-13
-20
-12
1
9
3
1
7
10
3
-12
-12
4
19
22
20
16
11
11
12
12
21
38
53
68
76
73
69
59
49
32
23
29
29
28
36
39
40
39
43
35
19
18
26
36
36
38
42
36
23
17
12
18
19
17
11
18
26
37
43
40
37
48
53
40
32
40
42
41
48
59
65
51
33
27
32
32
33
33
34
50
66
64
56
57
50
39
34
32
34
37
43
48
42
33
33
40
44
34
17
17
23
35
51
50
26
9
12
32
49
50
39
0
29
33
40
45
55
66
67
60
56
57
69
80
68
53
55
83
112
118
112
92
81
80
80
90
104
105
106
103
92
89
90
76
53
43
45
42
27
19
28
42
44
37
28
23
7
0
7
20
39
55
59
58
53
48
49
59
74
90
97
91
82
77
73
68
66
66
59
59
65
74
88
92
90
75
70
69
66
66
68
64
56
57
65
59
42
35
37
50
52
42
35
35
36
28
28
38
40
41
40
42
55
64
56
41
39
48
49
50
50
43
36
32
37
44
48
40
25
22
34
54
59
55
53
50
55
56
52
55
51
41
39
50
57
53
45
43
48
50
49
48
44
44
51
55
52
38
22
17
26
49
67
81
89
97
97
87
71
54
48
50
67
83
80
73
69
64
56
59
68
68
73
99
116
112
86
64
49
38
28
28
33
35
32
21
8
9
11
10
8
12
12
13
27
41
52
51
33
16
13
24
35
34
34
36
35
34
23
17
20
23
28
32
22
9
0
4
10
19
32
48
42
38
50
59
57
38
19
7
10
17
25
34
35
24
9
7
8
12
26
37
28
24
23
22
21
33
48
51
38
11
-1
5
19
33
48
57
59
44
40
45
54
70
84
72
48
38
56
88
99
89
82
86
90
83
73
72
70
59
48
39
38
38
37
27
25
27
35
38
38
28
18
7
5
7
3
-4
0
16
33
37
35
37
43
35
26
27
40
64
89
102
98
86
77
80
88
99
104
88
80
81
84
87
90
91
85
82
76
68
65
53
41
40
36
27
25
21
10
16
24
19
10
16
26
26
21
26
34
39
41
53
69
82
83
73
65
60
55
43
38
48
53
52
49
49
38
33
36
44
59
73
83
83
71
59
59
77
84
72
69
71
70
57
54
59
50
32
24
32
37
28
19
24
29
25
20
17
21
34
51
57
50
43
52
61
55
40
28
32
38
41
44
54
56
58
58
69
77
82
86
88
96
98
92
85
73
69
74
76
75
75
75
72
49
22
18
27
45
64
69
75
92
112
118
112
101
84
75
80
91
100
99
103
116
117
103
99
103
109
115
100
82
68
66
73
84
81
68
58
54
56
55
54
54
56
48
48
64
75
70
48
27
24
26
18
-3
-19
-23
-24
-18
0
5
4
1
-5
-5
-3
6
17
25
28
27
20
16
16
9
5
1
0
9
22
21
0
0
-6
7
17
11
2
0
-2
-4
-7
-7
-3
7
26
50
75
93
88
80
69
64
56
49
42
39
37
50
65
69
71
77
73
61
61
72
77
66
54
52
52
55
60
55
45
48
50
50
48
49
59
69
70
69
67
66
69
71
72
72
60
52
68
84
90
81
65
60
65
58
42
27
33
44
42
21
3
-3
7
18
8
-3
-6
-8
-10
-10
-6
7
23
34
33
25
21
24
21
11
7
10
5
-7
-8
-10
-7
0
3
19
28
33
25
16
3
-10
-19
-9
2
8
17
29
45
52
44
34
39
50
53
53
53
40
34
39
48
41
22
13
24
39
52
67
74
67
50
44
51
53
51
44
55
76
91
96
93
92
87
83
84
82
76
81
92
100
96
91
87
85
81
81
77
69
65
73
86
88
86
88
93
90
83
75
85
93
85
84
89
84
84
83
72
59
59
64
70
83
73
58
59
73
84
84
80
73
74
83
87
85
81
70
71
86
103
108
91
66
60
81
83
61
40
40
56
77
91
96
86
73
68
70
76
92
100
87
73
69
54
39
34
33
34
28
23
10
-5
-14
-19
-13
-9
-9
-18
-23
-19
-10
7
26
35
25
13
9
7
7
4
-5
-10
-1
20
34
23
10
12
23
39
54
58
51
35
32
33
37
43
41
35
29
22
21
25
18
5
-2
-4
0
9
21
19
11
2
-2
10
38
54
49
37
37
40
41
42
50
43
35
28
28
33
48
65
64
56
50
44
44
43
43
48
48
58
61
49
42
51
60
65
71
74
68
57
53
58
57
50
41
40
45
51
50
44
28
8
3
8
21
26
18
4
3
9
21
32
34
37
42
50
50
51
54
54
41
32
32
36
38
38
41
53
60
57
50
35
28
45
64
73
80
76
71
69
70
66
50
39
41
41
40
44
51
41
38
49
56
42
19
10
26
41
39
32
27
29
39
54
54
40
37
42
57
74
82
88
85
73
61
55
58
65
59
66
82
85
73
65
59
43
26
29
36
57
88
96
80
68
72
69
48
24
22
28
26
26
35
52
64
65
71
64
44
35
36
49
58
65
66
58
45
40
44
45
43
39
45
49
35
34
49
53
49
44
51
49
40
37
45
52
43
28
21
22
32
48
57
54
53
57
64
69
72
56
41
48
53
56
60
64
58
59
58
57
53
51
49
49
55
64
67
69
69
60
52
38
38
0
49
48
38
35
44
60
69
59
49
50
53
54
60
64
54
59
68
68
67
68
59
56
52
52
57
49
41
53
55
43
36
37
42
48
41
36
39
50
53
55
57
59
53
52
55
56
52
51
54
57
55
44
36
32
38
41
37
39
51
65
60
51
36
33
34
28
25
36
41
42
53
66
66
58
53
52
56
59
60
60
57
52
50
48
41
49
58
56
48
38
36
37
38
54
85
114
115
87
61
58
73
88
92
90
91
101
108
115
116
116
113
105
99
92
97
98
101
106
102
89
69
54
52
58
64
54
39
28
41
55
51
38
35
40
49
65
82
81
69
75
93
99
92
89
76
69
69
66
50
40
52
55
54
54
52
49
41
32
19
19
19
11
3
8
22
19
1
-8
-3
11
20
23
32
41
50
48
36
33
38
43
32
9
1
0
-6
-13
-19
-12
-3
-4
-3
3
16
26
17
1
-4
-1
8
9
12
17
23
35
37
39
40
44
43
38
33
27
35
48
56
66
71
58
48
41
35
43
59
68
57
50
53
55
53
52
56
55
52
51
49
41
41
38
39
53
70
66
40
29
41
48
38
28
26
26
25
26
33
38
40
39
40
43
49
49
42
36
41
43
43
43
35
32
34
28
18
-8
-17
2
23
27
32
37
36
37
53
68
68
60
60
57
53
57
64
61
55
41
28
28
37
48
60
74
75
72
72
68
53
41
44
50
43
34
25
34
51
45
34
39
52
66
65
56
40
24
21
34
53
69
77
81
82
75
64
56
60
60
50
49
66
73
71
64
58
56
53
44
43
48
57
57
42
32
44
75
91
83
66
58
67
72
70
73
80
75
76
75
73
69
58
54
54
48
41
42
44
49
55
49
33
35
41
44
38
28
16
5
5
13
24
32
27
6
-13
-22
-20
-12
1
24
42
51
59
70
69
56
59
72
81
72
56
50
60
72
74
66
55
48
39
42
51
52
41
41
51
48
33
22
18
23
33
37
35
23
16
24
39
39
35
37
36
34
35
36
35
38
41
38
17
3
16
44
57
58
54
44
40
45
49
37
24
26
36
34
25
22
19
19
21
27
28
25
21
13
20
42
67
72
60
42
38
41
38
34
33
29
37
41
41
42
38
38
41
41
29
17
16
25
40
55
61
53
38
38
49
55
53
55
59
65
70
71
66
66
70
71
60
52
0
55
59
54
55
73
87
86
83
91
104
107
113
112
109
107
105
106
91
72
67
67
65
67
69
66
68
64
54
38
25
24
33
44
54
54
49
37
22
6
8
24
36
56
73
69
70
71
55
38
36
42
50
51
40
35
33
36
49
64
73
72
53
43
49
55
65
58
40
23
26
41
54
53
42
29
23
19
24
34
35
32
22
24
34
38
36
29
29
40
56
69
72
70
65
52
48
55
53
55
69
83
91
89
80
77
83
71
51
49
65
74
73
69
67
58
58
65
74
80
61
42
33
34
36
25
12
7
17
23
23
18
18
24
29
35
35
26
19
13
21
36
41
37
33
38
56
61
50
43
44
41
39
49
59
70
72
69
60
56
51
49
51
53
52
53
52
50
65
76
82
80
83
74
52
32
28
40
57
59
39
25
38
50
57
59
54
64
76
73
57
58
81
99
104
93
75
68
68
68
74
83
84
87
77
68
71
81
85
84
74
59
49
58
88
107
105
84
55
44
54
51
28
9
5
10
22
33
32
25
28
27
25
26
40
53
51
37
33
44
54
51
35
27
27
25
25
33
48
50
42
37
33
20
11
10
11
20
38
54
66
71
72
82
88
74
61
64
64
56
40
27
26
34
42
44
44
48
42
51
60
57
38
25
19
11
21
25
22
13
6
5
10
24
28
16
1
6
23
49
64
64
66
74
75
72
65
54
54
58
56
44
38
38
44
51
52
54
56
53
45
40
27
10
-3
-12
-18
-7
7
21
26
35
37
26
22
25
37
40
28
17
17
38
64
67
58
54
58
53
43
54
73
83
82
80
82
73
59
55
55
58
61
60
59
60
64
68
74
80
82
76
73
69
56
41
27
19
12
8
8
20
26
24
21
18
11
16
35
61
74
69
53
41
40
32
25
35
45
48
35
32
32
25
27
35
27
18
23
41
45
38
23
16
19
21
29
48
58
66
65
64
70
69
53
41
37
40
44
43
35
33
32
24
32
55
74
72
57
49
50
53
55
59
59
54
43
35
40
49
51
50
61
73
74
74
74
71
70
80
85
76
65
52
38
43
55
59
64
65
67
58
59
76
88
85
69
51
40
35
35
41
51
48
34
34
37
42
55
55
49
41
42
43
39
36
38
49
56
61
60
55
54
44
35
42
55
60
56
56
68
84
88
73
65
0
72
90
102
100
92
97
100
101
99
96
97
101
99
97
93
87
75
68
65
55
48
60
91
101
85
77
84
93
102
105
107
102
103
103
96
85
76
67
55
57
70
76
83
90
104
115
114
100
98
90
75
68
55
35
32
49
73
84
82
71
64
59
50
27
9
12
32
37
36
36
33
26
21
9
9
11
1
-10
-18
-22
-24
-13
3
5
-1
2
11
22
27
33
33
26
19
12
16
24
32
33
32
34
43
53
50
42
37
28
28
34
25
22
35
43
48
50
50
53
54
51
39
25
20
17
16
22
29
24
24
28
26
11
0
5
22
33
34
36
36
33
29
28
34
34
25
21
27
28
23
16
17
19
23
36
43
42
41
38
33
32
48
67
75
73
65
55
59
82
97
99
99
91
75
70
64
56
48
42
50
53
40
26
19
17
21
29
23
7
0
2
16
28
37
37
42
66
77
73
64
59
53
43
37
40
44
49
59
68
60
55
60
59
53
39
35
38
38
35
35
34
32
33
48
60
68
64
59
69
80
84
73
59
55
51
42
37
28
9
7
24
38
42
41
39
50
70
85
85
76
85
103
101
82
70
74
87
91
72
58
58
57
44
37
41
49
51
50
48
39
33
33
36
29
22
18
25
42
41
35
23
18
25
32
27
27
27
22
21
28
34
24
10
2
1
4
8
10
19
27
28
36
48
53
57
66
68
67
67
69
69
67
66
60
53
45
58
77
86
73
54
43
52
64
71
64
49
49
55
59
55
39
29
27
28
24
18
8
2
2
6
4
1
6
7
5
9
12
8
4
2
4
12
10
-1
-5
1
5
7
9
4
6
12
22
38
44
41
36
34
29
32
38
58
74
84
92
103
109
106
105
114
117
121
119
113
104
107
116
114
117
128
115
87
67
58
61
70
77
83
81
73
66
64
68
68
68
66
58
49
37
38
36
26
19
17
17
26
42
43
32
32
44
65
76
80
69
54
44
36
33
35
40
54
67
64
57
55
51
37
28
32
24
18
11
5
12
36
41
43
44
50
51
36
25
37
53
61
57
40
27
20
23
33
38
39
40
39
33
27
32
40
45
42
34
38
48
40
28
24
32
42
49
48
43
37
42
56
54
42
32
24
21
16
6
1
-3
2
11
19
20
24
29
34
37
36
27
20
13
10
17
32
48
60
71
65
0
51
51
54
50
40
40
54
68
71
66
60
65
64
54
43
32
34
59
85
102
103
93
85
86
86
81
69
60
56
57
60
67
80
74
67
59
51
39
34
27
27
34
40
43
43
53
66
69
65
52
39
35
34
35
39
50
54
59
66
58
54
60
64
57
55
53
49
64
80
81
71
65
70
92
118
130
121
99
80
76
85
103
123
124
123
130
134
136
136
144
141
128
115
115
116
113
102
101
107
109
82
58
72
97
106
96
76
80
89
96
96
96
86
69
50
41
52
69
81
83
68
49
40
49
52
40
23
4
-1
11
36
50
51
53
55
40
20
0
-6
4
29
57
56
32
10
0
-7
-7
-9
-7
3
19
20
19
12
4
4
5
0
-1
10
20
25
12
-4
-7
-4
-4
-11
-18
-13
-9
-4
-4
-3
-3
-7
-10
-13
-18
-14
-12
-21
-34
-34
-17
4
19
26
25
20
22
34
41
48
41
33
35
35
23
20
24
29
34
38
52
73
83
75
68
60
57
59
66
58
43
34
38
51
51
42
37
32
28
41
58
66
68
73
68
55
41
34
23
22
32
37
27
21
35
56
70
74
75
80
68
59
70
77
86
92
86
72
58
52
51
50
51
57
68
73
72
76
80
74
66
51
42
43
41
40
39
38
51
67
71
69
67
68
76
84
76
74
71
53
36
35
26
9
6
22
42
50
49
32
19
24
33
40
36
22
12
17
38
59
65
57
39
27
27
24
22
27
36
44
58
69
61
54
58
67
60
42
28
28
37
44
43
38
32
36
41
33
26
26
24
23
28
38
43
42
39
38
40
50
53
56
58
58
66
66
56
53
52
39
37
51
59
50
36
34
38
41
38
36
24
10
7
12
7
4
16
28
33
24
17
16
24
49
55
45
36
29
27
27
26
26
27
26
26
35
42
39
32
28
41
58
60
51
50
60
75
85
86
82
76
74
66
57
68
83
91
100
99
96
98
84
65
58
64
57
53
55
60
80
104
114
99
92
93
91
85
75
69
64
53
53
51
42
40
45
51
49
48
51
61
71
72
69
74
76
74
72
68
57
53
68
90
100
99
100
101
90
74
67
73
72
64
66
76
91
99
96
89
92
104
106
112
115
112
114
119
120
109
97
80
74
84
82
71
64
64
64
55
59
69
66
50
32
26
48
56
37
9
1
17
42
54
59
60
49
26
0
1
-13
-20
-9
13
42
60
59
52
41
45
54
56
57
51
39
40
55
76
89
85
68
44
21
6
13
24
19
6
5
10
12
7
0
0
10
20
18
12
25
39
36
27
24
26
27
23
20
24
28
19
-2
-14
-9
6
24
34
27
16
2
1
18
36
36
24
10
-3
-9
-5
-2
3
5
9
5
0
-5
-13
-22
-21
-19
-24
-36
-42
-45
-37
-28
-24
-17
-6
5
18
29
49
66
73
73
81
91
91
77
58
38
36
55
68
70
65
64
58
45
27
20
27
34
35
37
35
23
16
5
-3
-6
-8
-4
-3
-8
-9
-3
1
-3
-8
0
22
48
51
40
37
48
65
76
81
81
82
84
83
82
82
84
90
92
91
89
90
83
69
68
76
84
74
71
72
70
65
54
43
41
40
44
41
36
35
26
16
19
28
36
43
53
49
36
26
27
42
48
37
27
24
25
34
40
50
65
76
83
83
74
69
66
60
55
49
43
43
49
54
60
68
66
56
49
54
67
64
53
64
76
75
73
77
74
61
53
45
58
75
81
72
67
68
65
59
