66
59
70
84
97
112
119
121
129
136
120
88
71
73
87
107
118
115
92
67
56
65
68
51
29
36
65
82
80
75
70
55
50
48
45
58
68
74
77
0
72
58
48
39
36
32
18
21
33
35
28
21
16
24
37
41
39
44
54
53
37
12
5
16
19
10
17
28
34
38
40
28
18
13
16
12
18
21
19
21
24
27
17
8
24
45
52
39
22
4
-11
-4
12
24
28
26
21
20
20
8
-2
0
2
2
3
16
28
37
42
44
49
44
40
44
51
51
50
44
48
48
51
56
52
40
28
13
9
22
35
34
21
7
-3
-6
-4
2
12
23
27
24
26
42
55
54
52
58
75
81
81
75
74
74
67
68
72
55
42
41
51
65
67
69
68
56
53
51
54
59
67
69
65
66
71
80
81
75
76
74
72
72
76
68
40
26
36
45
41
24
13
25
52
61
64
60
61
67
70
73
82
96
97
91
84
77
67
55
51
53
50
37
35
48
59
70
83
90
83
70
71
76
77
71
60
39
18
22
65
104
120
113
102
103
112
117
109
84
55
38
29
32
24
18
25
60
100
105
98
90
76
66
54
37
17
10
33
70
99
104
86
58
38
39
53
70
85
82
74
73
74
66
53
39
23
17
24
41
52
49
50
57
56
35
17
11
10
16
13
0
0
25
42
28
16
16
17
20
27
24
11
1
2
16
29
38
43
51
57
59
60
54
39
25
24
32
42
53
44
27
26
40
44
40
39
42
36
35
37
35
32
32
25
21
21
10
6
9
11
17
24
22
8
-2
-3
7
13
22
26
28
26
34
44
54
54
49
50
60
71
68
61
56
42
38
53
73
74
50
32
32
49
67
64
52
49
55
57
54
51
53
57
59
55
51
53
42
26
35
43
34
26
27
32
35
29
16
6
13
27
40
41
28
17
16
21
34
39
43
34
24
39
48
49
55
67
86
84
61
50
57
75
77
68
67
72
72
69
59
42
27
24
33
35
33
32
27
23
20
22
25
24
12
7
24
40
38
27
8
-8
-6
5
23
49
65
70
67
66
68
68
68
66
55
39
38
49
61
68
68
73
82
72
56
53
54
53
56
65
59
48
48
55
65
68
64
60
65
72
72
68
73
73
60
51
53
54
48
40
28
18
17
27
52
64
49
32
41
65
74
72
70
69
68
69
56
40
41
51
59
59
58
59
69
83
88
96
102
98
82
76
85
91
87
69
55
53
56
66
69
71
75
72
68
70
64
64
68
73
72
65
64
65
69
73
71
0
70
69
66
58
56
44
32
25
33
40
39
32
25
25
22
18
25
34
41
54
57
57
60
67
60
53
53
56
54
54
60
50
37
38
37
41
50
67
73
69
66
68
75
84
75
68
60
71
97
104
93
83
66
48
58
100
132
140
135
128
122
120
119
123
120
100
91
101
121
121
98
73
81
97
101
87
74
82
91
86
70
60
40
25
42
65
73
66
36
-1
-10
0
3
-3
-4
-4
-5
0
3
1
-10
-22
-21
-6
8
18
28
44
48
36
39
42
24
1
-10
-5
-1
-3
-1
3
8
6
0
-4
-9
-20
-18
-6
6
16
21
16
19
26
21
16
20
27
26
5
-9
-7
-1
1
2
8
12
11
8
20
40
51
50
39
35
38
54
73
82
73
56
41
51
67
65
53
53
59
65
64
71
82
87
75
73
83
90
86
75
73
75
72
74
83
77
71
70
67
58
54
52
41
23
25
38
41
48
56
58
53
42
35
37
40
48
58
68
60
67
68
64
64
66
66
56
45
39
34
34
38
40
39
44
56
56
44
52
76
96
90
80
73
73
71
70
74
81
91
88
70
59
57
52
42
35
33
39
43
51
52
51
43
39
42
55
67
67
68
75
77
68
55
52
43
39
24
21
41
53
50
53
65
65
51
36
37
44
51
42
33
27
35
51
69
75
69
65
56
55
58
53
41
43
51
40
34
35
33
25
22
17
23
41
48
33
19
18
23
27
27
23
24
19
1
2
23
39
40
41
59
74
72
68
71
74
85
90
71
48
54
81
89
76
69
69
74
84
88
80
70
70
61
50
49
56
48
26
11
18
36
48
45
49
58
64
65
69
66
48
28
17
24
37
33
21
16
18
24
33
33
27
27
41
55
48
38
43
51
51
44
41
40
48
55
57
41
33
27
11
0
4
18
32
35
33
25
13
-1
-1
18
20
-1
-11
-7
2
16
18
24
41
54
58
66
74
80
75
61
42
29
42
58
51
41
43
55
66
66
58
66
75
82
82
73
59
54
53
53
48
44
55
56
49
48
42
36
27
18
12
17
20
19
6
3
13
24
27
27
25
24
25
29
27
4
-6
4
18
23
20
17
18
26
34
35
36
42
48
48
44
49
60
86
106
116
114
98
91
96
93
89
88
85
86
82
76
81
70
55
45
37
29
34
37
35
28
27
27
28
32
36
41
42
36
40
0
59
70
67
54
50
55
57
53
50
56
60
59
65
76
74
69
67
61
57
52
49
61
68
52
44
57
75
83
87
88
91
90
87
75
58
53
41
29
17
5
19
32
34
37
42
49
49
50
35
23
16
6
7
16
27
33
32
26
23
22
22
25
34
48
50
40
33
27
32
42
53
57
58
64
71
75
84
83
69
52
50
52
59
72
83
90
90
86
87
88
74
69
81
76
73
80
82
75
59
38
18
4
6
34
73
97
86
76
85
87
67
41
25
27
43
72
90
97
85
65
51
54
55
48
37
50
74
97
103
98
85
82
82
73
68
64
55
56
59
58
56
45
38
40
43
54
57
54
51
42
32
18
17
5
-10
-6
7
19
23
26
28
27
38
49
40
28
23
21
23
33
45
56
60
59
49
44
60
74
69
59
50
41
51
57
53
45
42
37
50
60
51
35
35
44
54
51
34
23
24
23
19
34
43
34
20
18
32
39
45
50
44
44
56
67
64
45
35
38
52
57
56
66
80
75
66
67
83
96
82
69
74
73
60
41
36
41
51
53
51
51
54
43
27
24
26
24
10
-4
-10
-8
-12
-17
0
18
28
38
37
32
37
41
41
35
16
3
4
9
22
39
40
27
20
34
50
53
48
42
50
53
61
82
87
75
74
76
82
92
107
113
100
76
56
56
59
54
43
42
55
59
52
50
64
76
84
85
89
102
103
83
57
48
53
65
72
61
42
52
73
87
89
91
85
76
81
82
76
76
77
81
86
83
66
52
50
59
73
75
67
54
56
71
74
60
45
44
55
67
67
52
37
25
24
25
20
16
12
16
23
26
35
54
58
39
28
41
38
16
-3
-6
-2
-1
-3
-4
-4
-5
1
13
25
25
11
5
9
19
23
22
16
4
6
23
24
22
27
37
43
35
21
10
20
26
23
23
25
28
32
29
23
16
20
34
36
28
17
11
7
2
0
0
0
-4
2
10
27
43
56
59
66
69
66
67
80
84
85
80
70
74
72
56
48
57
64
65
74
73
53
35
33
33
27
32
44
65
73
72
66
43
42
57
60
49
38
42
48
49
49
52
56
57
54
49
54
59
57
49
43
44
51
59
68
64
54
44
42
50
56
44
28
25
33
36
35
34
34
41
52
52
51
59
65
56
44
37
23
11
16
27
48
65
64
43
27
23
32
43
0
48
37
27
26
24
21
23
27
32
25
25
36
40
45
54
48
36
36
50
64
66
65
74
85
80
56
50
66
83
90
87
80
81
89
98
97
86
84
97
114
108
97
90
86
69
49
49
74
106
119
101
71
59
75
91
83
64
48
45
57
73
71
58
49
53
58
55
53
52
42
48
60
76
85
77
72
60
45
38
36
33
28
40
53
56
60
65
66
67
67
61
44
26
22
26
34
38
39
35
21
22
34
38
35
39
49
55
48
42
52
48
27
25
48
64
66
57
40
29
29
35
42
57
58
49
37
36
53
72
73
53
25
18
32
40
35
26
26
32
40
49
51
32
7
2
1
-7
-17
-5
10
18
17
23
33
37
41
49
49
39
29
24
20
22
28
25
23
33
43
51
52
53
53
53
60
56
42
28
21
21
27
48
56
48
45
50
44
38
28
20
21
26
29
37
35
33
35
32
35
39
33
16
6
21
35
28
25
35
54
73
76
59
49
42
33
28
32
41
51
57
53
48
59
72
73
75
82
69
54
69
98
113
114
114
114
105
103
101
88
76
75
76
74
71
64
53
50
52
43
35
37
32
17
18
36
49
43
33
27
38
48
42
50
68
84
87
81
74
75
72
71
70
72
74
74
76
92
103
97
90
80
68
61
59
60
59
58
61
70
81
85
81
67
57
64
66
55
54
50
50
52
42
26
20
19
23
18
-3
-10
-1
12
12
0
-13
-26
-29
-18
-1
5
12
25
40
60
67
66
71
69
56
49
56
68
71
68
58
51
52
55
61
80
88
75
57
50
59
80
92
102
89
67
56
60
68
65
53
41
38
49
52
50
50
50
48
54
73
81
73
74
73
60
48
37
26
21
23
33
49
55
45
34
34
40
51
48
41
57
85
96
87
85
86
84
76
71
60
44
39
58
69
71
91
105
104
107
108
104
96
90
83
70
55
59
85
109
112
101
98
97
97
82
60
54
69
82
70
48
41
60
71
66
53
45
52
58
54
51
55
59
58
49
44
57
69
65
53
55
64
57
42
37
40
51
53
53
52
40
26
25
27
23
12
5
8
17
8
1
-6
-7
-6
-7
-7
-8
-12
-11
1
18
12
3
3
8
8
5
16
37
50
48
40
40
48
53
49
36
12
9
16
23
29
26
28
26
26
32
40
37
26
25
24
33
42
49
54
53
52
56
0
58
42
26
26
38
41
32
24
26
27
21
19
21
18
7
-4
-7
8
24
25
20
23
27
24
21
28
41
43
40
27
24
43
54
53
44
43
50
58
64
55
45
53
56
59
58
56
57
57
49
40
34
26
25
36
38
32
36
51
48
22
7
16
40
58
52
28
11
13
21
34
43
52
65
64
50
27
16
27
49
49
28
18
24
32
28
37
41
36
37
28
25
33
41
43
44
43
45
53
57
56
54
55
59
71
77
75
68
59
51
48
42
43
54
70
69
55
54
56
49
43
43
40
41
53
64
56
37
32
26
24
26
35
42
53
53
40
39
51
50
37
32
36
38
37
41
52
58
56
43
35
37
44
43
48
52
45
44
43
44
40
33
45
51
49
45
41
40
49
69
84
76
66
72
88
91
91
92
89
80
82
91
91
89
89
76
65
66
76
83
81
72
65
69
82
89
100
104
104
103
106
100
86
89
90
91
97
100
86
66
65
80
83
85
90
106
130
131
121
120
132
148
138
106
86
87
96
85
76
77
83
84
85
83
71
59
37
10
5
11
21
26
28
24
7
-2
4
4
3
3
7
11
17
28
37
28
24
27
24
13
7
-2
-6
-3
1
2
0
2
5
11
23
33
37
34
24
24
35
35
21
2
7
27
36
40
43
41
32
19
10
16
28
39
28
8
-4
0
16
24
26
28
33
39
44
34
23
32
40
35
24
20
24
32
37
44
37
20
8
5
10
13
13
8
16
24
20
16
34
53
52
49
41
23
20
32
52
60
56
48
44
51
59
61
52
40
42
55
64
61
61
64
65
71
72
56
35
25
27
35
41
54
53
43
34
23
22
26
37
38
34
39
51
53
56
59
48
36
48
68
71
67
66
70
70
66
65
60
57
59
67
83
97
102
97
91
99
106
112
106
100
96
91
92
93
88
88
90
89
89
81
73
64
57
52
36
24
21
20
17
8
3
0
1
3
10
20
26
39
44
39
34
40
56
59
50
36
26
28
35
39
45
48
53
65
70
66
54
43
33
33
49
61
64
42
32
48
65
67
65
57
58
60
51
42
43
52
66
80
76
54
35
34
40
58
60
50
38
34
34
42
56
68
75
83
75
66
66
66
65
53
42
35
20
9
17
28
27
27
52
68
60
48
40
44
56
56
55
60
67
69
68
66
67
75
0
89
89
83
76
51
25
28
59
99
123
116
89
89
107
117
113
100
91
100
106
116
117
116
115
112
112
119
128
131
128
119
115
104
84
71
72
83
91
103
120
130
112
85
71
74
74
72
80
96
108
117
98
66
48
44
54
71
71
57
43
34
17
4
-2
-5
3
19
17
0
-11
-6
4
9
6
8
7
3
1
-3
-9
-12
-22
-34
-25
-13
-5
2
3
7
20
21
21
19
2
-10
-5
2
2
3
22
26
9
2
20
44
40
19
8
17
19
18
19
8
1
1
3
-1
-8
-21
-23
-24
-34
-30
-18
-7
-3
-7
-12
-25
-27
-17
-7
-12
-17
-12
-1
6
16
32
44
33
20
27
39
48
51
61
69
74
75
69
75
96
101
90
81
68
68
83
96
90
75
60
54
55
56
56
54
51
45
42
41
28
12
7
12
25
33
43
51
40
32
28
28
25
13
12
21
26
25
26
32
29
22
22
24
35
50
61
80
97
100
89
89
105
121
114
91
86
97
105
104
97
97
102
101
90
75
74
84
90
91
83
71
60
67
71
67
57
45
42
49
55
50
43
56
66
69
57
51
52
44
39
33
21
21
36
59
81
80
64
51
57
59
52
41
44
51
50
41
44
53
52
51
56
69
77
70
50
34
29
20
8
0
6
16
22
25
25
27
25
24
26
36
44
51
49
42
42
37
21
11
23
56
72
61
51
53
65
61
53
49
40
25
11
12
34
55
55
38
37
49
65
69
71
60
44
41
40
42
52
66
72
66
59
67
84
92
85
72
72
76
72
75
80
81
91
102
97
82
58
49
55
84
116
123
122
133
137
130
118
107
96
86
83
81
83
91
114
117
107
100
88
81
76
80
77
53
24
24
48
60
55
43
51
57
55
44
35
22
8
-3
-14
-21
-17
-4
11
7
-9
-7
2
4
12
25
37
41
35
35
48
57
58
52
55
57
49
40
38
36
39
38
25
23
24
28
27
32
42
53
64
68
72
57
29
20
27
44
49
36
20
8
11
19
33
41
44
44
32
20
11
1
-8
-17
-23
-28
-24
-2
17
24
20
8
9
20
24
26
32
37
39
34
35
40
48
55
53
48
49
55
59
59
40
29
40
59
72
73
80
80
70
55
45
53
60
66
64
65
80
84
72
59
59
64
60
58
60
55
37
33
39
48
49
60
61
49
38
39
45
48
40
27
20
29
49
49
0
44
51
52
51
59
72
73
75
81
74
64
65
69
71
74
76
84
74
44
32
36
54
72
75
73
73
72
69
59
56
48
38
43
49
40
23
19
29
27
16
-2
-9
-1
0
-6
-5
6
6
5
8
5
12
29
28
11
4
4
16
34
48
48
41
50
57
52
41
28
23
36
51
57
55
48
37
34
44
54
43
34
23
10
1
6
17
28
28
17
22
37
50
60
59
48
40
51
57
59
58
65
73
71
55
48
43
39
44
52
58
57
39
20
18
37
55
54
48
38
50
65
75
84
83
88
91
77
59
45
54
68
68
56
37
32
43
59
64
50
34
38
52
61
58
56
52
52
53
51
50
44
36
36
39
49
57
68
65
44
28
23
19
22
33
27
22
25
41
51
59
65
73
93
108
117
119
123
128
122
113
101
90
86
87
90
106
102
76
68
85
112
120
108
96
103
120
113
84
54
26
26
51
73
98
108
112
116
118
120
117
106
86
74
76
77
68
69
88
104
96
77
72
73
72
65
59
70
88
101
103
99
85
68
57
49
36
35
41
39
36
27
24
26
26
22
18
18
17
10
-4
-9
-7
-6
-4
-1
-5
-6
-1
6
17
25
18
2
-5
-1
3
3
6
6
-1
-5
-12
-13
-1
9
8
12
37
53
40
22
19
28
43
40
26
18
6
0
6
25
34
16
-17
-34
-25
0
22
20
8
13
24
24
32
48
61
70
71
64
48
27
20
28
36
27
23
28
39
37
25
24
29
32
33
37
42
49
56
57
58
58
53
49
42
50
61
75
98
98
80
64
64
74
71
67
61
57
64
76
82
83
87
85
80
69
66
58
64
71
68
54
49
42
34
40
64
83
86
85
86
84
58
28
21
35
55
75
81
64
44
36
44
55
48
24
10
18
34
52
58
53
50
41
36
36
37
35
26
19
25
36
32
24
23
36
50
55
56
66
67
55
41
48
58
56
53
41
24
22
38
55
66
65
59
53
55
66
59
41
38
49
57
68
64
59
60
64
60
48
33
33
32
22
21
34
44
40
37
35
36
34
22
5
-17
-23
-18
-19
-22
-20
-13
-9
1
18
26
32
35
33
32
49
58
55
40
35
36
34
25
10
3
3
12
20
25
34
35
38
39
27
19
41
84
103
84
56
40
50
70
73
66
53
32
16
23
37
37
37
49
60
66
58
52
52
52
48
45
0
41
36
40
58
72
69
60
58
64
58
55
60
57
44
37
26
17
20
36
44
37
25
23
45
69
85
92
105
118
119
112
105
103
93
75
53
42
39
34
36
40
54
65
57
48
37
34
26
22
37
66
75
66
56
48
38
38
35
35
37
37
40
51
59
66
71
75
71
53
36
25
25
35
50
56
65
74
74
73
80
90
100
92
70
65
68
69
57
35
24
23
24
18
7
4
12
25
34
38
41
42
48
42
32
25
26
29
34
32
26
24
19
13
24
39
39
33
34
41
43
35
19
3
7
22
42
44
37
36
48
58
58
48
38
43
57
67
58
49
50
61
72
74
70
70
75
68
50
34
26
33
38
21
9
9
10
12
18
19
25
26
25
39
57
52
27
16
21
33
36
36
36
39
49
61
60
53
54
60
64
59
54
51
58
71
81
82
76
67
59
57
65
64
56
45
36
28
26
37
38
27
20
27
40
36
32
35
32
26
32
34
23
17
18
27
44
54
50
36
38
60
67
59
50
44
41
36
33
32
37
59
82
80
57
42
40
42
50
49
48
39
41
65
76
69
59
42
22
22
29
44
54
56
68
81
83
77
60
42
34
40
58
75
76
64
49
51
56
65
64
66
81
99
103
102
87
70
69
72
72
73
71
65
65
76
91
104
101
73
52
50
52
56
65
70
70
59
43
35
36
41
29
13
8
4
1
0
4
7
16
33
41
37
34
49
65
53
37
32
34
42
49
55
52
35
28
43
64
77
82
81
80
77
80
82
86
92
103
107
105
89
74
70
70
84
103
112
104
96
89
83
80
84
81
74
77
80
65
49
43
53
71
80
72
58
53
74
96
100
96
92
102
117
118
101
92
99
105
100
98
101
99
97
102
103
92
86
91
98
104
104
100
98
89
72
61
64
70
75
70
67
68
56
42
37
38
44
44
29
24
34
49
44
29
25
24
19
21
37
43
38
34
42
54
55
38
25
36
50
67
82
86
83
84
83
73
57
38
38
38
38
35
26
25
43
66
64
39
22
17
13
6
4
10
12
12
17
10
-3
-5
2
-5
-21
-34
-52
-60
-65
-62
-59
-39
-19
-20
-22
-8
6
21
33
34
34
28
26
34
40
38
27
27
26
28
41
54
52
38
24
27
44
51
49
48
50
45
39
38
34
18
5
5
12
8
2
5
17
24
0
24
12
2
0
4
-2
-2
9
17
24
36
45
42
48
54
64
73
85
86
81
85
91
103
113
112
106
101
99
99
88
61
50
38
41
58
73
73
65
54
42
42
54
52
35
23
23
33
38
42
42
44
39
23
19
28
33
22
16
19
26
26
26
34
45
55
59
69
83
83
60
55
60
59
53
51
61
68
50
37
44
64
80
87
87
75
66
60
53
48
54
61
70
76
71
59
55
58
58
60
70
68
65
66
56
48
41
40
40
40
41
39
25
16
20
32
39
41
34
21
27
55
76
75
66
54
48
43
43
49
52
66
72
68
60
70
75
72
71
74
81
84
85
75
60
54
53
52
50
40
26
12
8
10
9
4
3
7
11
12
8
11
22
38
49
41
38
48
42
35
39
33
19
13
25
40
57
75
85
83
68
65
70
75
81
76
73
74
68
60
68
67
66
77
84
74
72
87
101
90
71
80
87
82
68
55
45
40
58
84
90
68
38
40
66
86
88
83
80
69
56
51
56
57
54
54
56
58
64
64
53
41
44
60
74
87
89
76
71
76
85
82
61
36
23
33
58
80
80
81
91
96
85
73
70
58
40
33
44
59
58
57
59
51
28
21
28
34
33
37
48
53
54
56
55
44
34
33
54
80
86
73
55
48
41
41
42
42
51
57
58
52
41
43
55
54
45
52
70
74
75
75
72
66
51
36
34
38
29
20
17
18
18
19
13
4
0
0
9
17
18
17
9
6
4
1
0
-2
-1
-3
-4
1
17
28
32
26
29
38
44
55
54
57
81
98
91
64
41
55
69
60
54
51
41
28
26
28
38
41
44
43
40
38
43
41
32
32
25
10
-1
-8
-4
-1
2
3
-8
0
11
10
-4
-3
21
33
28
25
33
44
54
51
44
35
26
22
17
19
32
44
58
58
48
53
56
40
32
40
49
44
32
8
-5
-3
0
4
8
16
9
-2
-4
11
49
60
54
43
20
-2
-5
10
37
50
41
33
34
43
54
54
50
50
49
65
82
72
55
52
56
55
42
34
35
36
48
60
70
84
87
85
86
90
87
83
77
65
58
60
53
42
40
52
67
67
51
43
34
18
22
32
43
49
35
20
16
25
33
32
28
27
11
-4
0
21
38
44
48
49
51
56
69
70
56
44
54
55
53
64
73
71
69
66
55
50
52
53
53
58
60
0
54
50
42
45
45
37
29
29
35
41
42
49
56
59
55
44
43
49
54
52
37
36
49
54
54
56
57
53
40
33
28
17
20
36
41
45
44
48
51
53
60
70
64
54
58
75
83
64
36
23
33
44
53
54
53
50
43
50
54
50
42
38
36
48
56
55
41
32
34
43
56
54
48
43
43
43
50
51
48
42
36
38
66
81
76
66
64
70
72
75
82
87
84
69
58
52
49
48
45
51
55
48
41
51
60
71
81
85
76
76
77
68
64
58
57
56
56
53
51
52
53
51
59
66
55
52
56
53
33
5
-4
9
35
49
56
60
65
68
66
65
66
67
70
66
57
51
42
26
13
17
25
35
40
35
20
10
16
23
24
19
19
25
25
32
39
35
28
32
33
32
28
33
34
27
19
19
33
58
70
66
51
41
40
41
40
39
48
52
51
48
48
54
66
72
66
57
53
45
50
57
68
71
66
55
60
74
80
82
90
104
112
103
80
56
48
64
85
100
92
75
71
81
86
88
92
88
77
65
54
56
74
73
56
44
40
40
41
49
56
57
57
54
54
56
56
53
45
36
42
65
72
81
87
82
84
92
102
104
93
74
70
81
82
67
55
52
57
73
82
82
75
73
68
67
76
84
83
74
66
69
84
90
83
54
37
38
41
50
70
85
81
59
42
43
53
67
69
58
58
64
72
83
85
75
55
32
18
18
20
25
32
39
44
42
22
8
0
-6
-8
-6
-9
-19
-22
-8
6
8
4
11
34
42
36
28
35
42
49
52
54
42
36
36
32
13
2
-3
-10
-13
-2
11
17
19
27
39
33
25
25
29
52
69
75
71
44
25
24
23
18
25
53
74
71
59
48
40
35
22
8
9
11
12
18
22
23
26
35
38
33
24
28
41
37
24
9
17
25
37
48
52
52
44
26
20
29
40
35
23
21
24
24
22
19
24
34
38
42
52
66
71
69
66
67
57
50
57
70
72
75
84
76
68
57
48
40
35
26
19
20
26
25
19
20
29
32
19
4
9
34
57
65
54
51
67
82
68
35
22
34
41
42
53
56
53
50
52
54
59
