70
64
60
54
43
41
45
41
33
29
34
39
38
34
28
37
41
39
28
29
32
27
27
29
38
38
35
39
52
52
40
32
33
45
57
50
26
12
19
35
51
52
40
41
51
59
58
41
28
28
41
58
72
74
68
67
72
70
59
52
49
48
43
42
43
39
39
45
48
49
54
56
51
53
58
55
49
55
68
66
58
50
40
42
53
65
64
60
61
73
89
90
89
86
77
68
56
53
50
41
38
39
52
73
84
86
96
105
107
102
91
83
68
50
39
34
33
36
36
38
50
54
53
45
40
42
41
40
45
45
41
38
40
42
48
48
41
35
35
39
41
41
40
43
48
41
38
39
39
37
34
44
67
86
100
98
81
59
55
49
38
24
12
11
21
41
53
44
39
40
35
33
39
45
49
37
34
40
44
49
51
64
80
85
85
74
53
35
34
40
48
54
65
69
71
69
51
36
33
32
34
39
53
71
72
49
33
24
22
27
37
42
45
53
57
49
41
38
33
32
29
32
39
40
25
24
37
48
57
60
43
19
11
23
32
33
28
28
29
36
42
43
52
65
44
12
7
20
25
23
8
3
21
39
38
27
22
19
18
20
23
40
64
72
66
50
28
9
4
13
38
54
50
34
27
28
26
21
12
10
11
5
11
37
55
49
34
29
28
34
40
42
50
60
71
67
69
84
89
88
91
103
99
85
84
93
106
103
90
90
90
85
73
52
39
37
37
40
0
51
49
39
33
28
35
38
29
10
1
11
24
22
19
16
8
9
17
23
25
20
19
25
39
51
52
45
40
43
42
36
44
67
80
80
76
82
89
91
80
71
77
74
58
39
39
54
68
71
71
64
44
33
27
29
34
39
44
43
49
69
88
99
92
73
57
55
60
66
68
61
59
57
55
58
64
66
65
49
43
55
53
40
42
56
67
60
55
55
58
61
66
69
71
65
50
45
54
66
69
51
39
39
41
35
27
27
28
13
2
-1
2
1
-3
-2
3
16
28
38
40
38
34
43
69
74
64
55
52
48
36
27
34
41
49
55
49
27
24
26
21
23
26
25
26
27
35
48
41
16
-4
-2
5
10
11
6
0
-3
8
20
22
23
22
22
23
22
23
19
18
22
29
33
36
38
36
35
23
12
16
29
51
64
66
54
48
48
41
36
38
41
53
61
69
80
86
86
90
91
81
66
52
51
58
54
43
39
35
39
49
45
48
52
54
54
54
57
65
68
64
53
44
42
38
40
39
35
42
52
53
51
56
64
67
67
68
74
73
60
52
52
55
60
67
70
71
67
56
65
81
82
82
76
75
70
64
59
56
51
53
58
66
65
59
60
59
61
58
48
36
36
52
51
36
28
39
50
48
42
51
59
66
60
56
54
65
77
88
86
77
72
70
70
76
90
104
108
101
92
97
101
106
120
130
128
117
99
83
72
70
67
51
35
32
32
34
38
41
53
59
65
64
54
44
38
38
39
39
39
39
35
39
56
70
67
53
52
57
58
54
53
59
58
42
25
17
19
33
41
38
36
41
50
56
70
69
58
50
40
38
43
56
56
45
29
17
9
8
9
1
-10
-12
-10
-6
-3
-6
-23
-24
-3
12
19
37
60
68
53
40
48
57
56
59
58
44
33
25
23
21
22
32
40
40
40
40
36
32
26
25
27
28
32
34
41
54
53
39
23
16
3
-7
-8
0
18
23
19
25
40
49
45
43
50
56
67
74
70
58
58
65
71
80
85
85
81
77
71
58
49
50
55
55
50
52
57
58
56
66
70
59
53
42
27
22
33
45
58
55
37
26
23
27
53
67
58
53
54
44
40
42
40
36
27
25
34
43
41
35
26
26
38
48
53
52
48
40
43
54
65
67
65
53
36
22
28
34
23
22
33
43
41
37
39
43
52
56
57
55
0
60
54
36
29
38
49
53
48
40
39
33
26
27
25
21
12
24
40
39
35
37
49
54
50
36
27
37
44
48
42
41
44
48
41
32
16
12
28
38
35
28
37
48
53
55
64
71
70
60
55
67
65
54
59
73
74
65
57
58
66
68
59
54
64
68
56
49
55
73
86
82
74
72
69
72
86
96
88
73
65
64
60
59
50
40
41
53
61
65
60
57
53
48
43
49
50
49
53
64
70
70
71
72
76
75
72
71
72
76
83
88
91
91
88
86
96
103
88
58
48
53
65
56
33
20
18
27
42
43
39
25
1
-6
1
4
0
1
2
2
7
22
37
39
37
35
26
20
24
32
32
27
27
24
22
20
19
17
23
24
34
54
74
74
65
53
49
58
72
74
67
56
53
50
43
40
45
56
52
39
25
23
25
27
37
50
42
36
34
34
40
50
60
73
83
73
57
41
28
27
36
38
44
42
40
45
57
67
72
70
66
69
69
58
43
36
41
57
67
61
55
52
56
56
49
38
27
20
16
10
22
39
45
44
38
35
39
40
39
37
37
38
37
37
32
35
43
49
45
44
43
42
37
25
9
2
10
22
27
27
29
27
27
25
23
34
43
45
45
54
55
49
43
43
28
11
10
18
19
18
21
25
29
33
34
27
26
38
44
48
50
55
58
66
73
82
86
91
101
112
121
123
118
107
101
86
65
59
66
58
41
22
5
2
18
32
37
39
41
42
53
64
53
40
43
59
77
88
86
82
68
52
38
32
42
56
58
54
45
50
58
56
42
36
49
59
65
57
53
57
61
70
77
69
56
57
58
58
58
51
48
49
54
66
72
68
57
45
37
36
54
67
64
54
52
51
56
67
66
54
39
32
28
28
24
19
17
16
19
23
21
17
21
25
27
25
32
43
53
56
60
58
50
64
90
100
97
85
73
68
74
73
56
40
28
34
44
48
39
36
41
48
40
35
40
44
54
70
86
90
89
87
83
71
65
72
80
75
58
40
43
64
75
76
82
80
76
80
84
89
96
97
101
101
89
82
83
91
105
105
91
73
58
49
41
40
49
41
22
18
26
35
33
27
28
25
23
40
57
60
56
51
36
24
19
18
33
52
75
89
92
86
74
72
69
59
42
25
19
25
34
34
32
27
23
18
21
28
35
34
37
35
26
0
18
7
8
12
12
2
-17
-26
-21
-8
0
-7
-21
-21
-20
-19
-12
-11
-13
-17
-20
-18
-4
5
0
-8
-4
18
34
32
26
36
40
49
64
71
71
73
69
52
39
52
60
58
56
64
68
68
51
23
16
25
41
49
44
44
44
41
40
38
35
48
68
75
69
55
50
49
44
28
21
34
49
57
60
59
65
74
84
87
81
58
32
25
48
60
57
51
45
45
52
52
43
38
37
44
53
57
55
50
44
50
51
49
51
50
40
28
32
38
36
36
48
55
65
72
76
73
58
54
57
57
61
73
75
70
59
49
35
37
52
61
58
54
54
65
68
64
59
64
60
54
55
58
60
58
52
44
53
65
66
70
64
50
48
51
41
24
23
37
40
41
44
42
43
49
42
34
32
37
51
52
36
27
35
42
49
56
60
71
89
96
85
65
49
40
42
56
67
68
58
55
49
39
40
42
28
24
32
34
34
40
45
48
50
44
38
38
39
48
53
52
49
53
64
66
61
68
77
73
71
74
76
67
42
26
26
40
67
90
96
91
103
117
113
99
82
69
72
80
75
75
82
92
106
103
86
65
48
51
68
75
56
26
16
28
41
41
36
36
33
34
39
45
50
51
50
43
41
44
52
57
64
60
58
61
64
51
35
26
27
36
49
57
53
44
42
42
36
24
27
39
44
55
58
49
38
39
34
21
19
27
42
50
48
51
52
44
40
43
51
45
27
16
7
9
16
9
0
-3
9
21
17
9
16
27
38
39
34
23
18
20
24
33
43
44
38
41
41
23
8
9
24
36
40
28
12
6
8
24
44
53
50
51
57
50
32
16
12
20
28
37
35
21
9
6
18
25
28
24
17
7
10
18
16
6
7
21
39
48
43
33
25
39
60
76
81
75
82
90
98
103
100
87
75
77
87
84
72
65
65
77
92
91
87
85
83
74
73
69
59
50
48
50
55
65
69
59
49
44
43
40
50
59
56
44
41
52
64
59
55
51
52
54
56
66
68
69
60
43
37
51
65
60
53
51
59
67
68
72
88
104
98
88
81
74
71
58
43
39
40
37
35
39
44
49
49
44
44
48
43
34
28
41
58
65
56
55
58
53
41
37
40
56
64
44
28
34
57
72
56
37
29
43
64
66
67
76
81
71
60
66
72
67
67
69
73
73
67
68
73
70
0
58
44
34
21
10
9
16
22
32
33
26
26
28
28
39
48
41
32
24
28
37
44
54
72
84
80
73
64
54
51
54
65
60
50
49
56
66
68
52
35
38
57
72
69
65
64
66
66
65
66
59
54
51
48
49
52
64
58
37
22
21
38
64
74
76
73
91
120
122
96
65
42
44
66
77
82
75
64
54
61
87
103
97
81
69
70
76
81
70
51
44
58
74
75
68
68
68
68
59
40
20
5
0
0
13
32
36
26
11
1
-12
-19
-6
9
18
17
8
5
17
26
28
23
21
25
28
40
54
50
35
33
37
37
39
50
50
36
23
24
27
37
44
43
25
8
11
27
52
59
49
33
20
11
9
9
10
7
4
10
19
18
8
3
-3
-3
2
9
10
6
10
22
23
18
17
29
38
38
35
37
50
57
61
59
51
42
40
37
35
37
43
49
44
41
42
43
50
52
53
48
36
27
27
40
50
44
41
43
52
50
49
50
51
44
41
51
66
69
60
50
42
49
59
69
73
77
69
59
64
74
82
80
65
51
51
52
53
43
28
21
21
21
26
37
50
58
51
38
43
58
58
45
28
11
3
11
16
11
21
27
32
37
42
51
50
53
64
59
52
53
61
69
75
76
74
67
53
45
51
51
42
49
60
60
52
48
51
60
74
80
81
80
73
70
71
82
87
77
72
75
83
96
101
99
100
99
88
76
81
90
97
85
71
71
74
82
80
64
49
42
40
34
26
21
19
16
13
20
22
18
18
17
9
2
10
24
27
35
50
67
69
58
57
57
43
27
28
39
40
34
21
13
6
6
18
34
43
50
59
81
84
72
56
50
50
49
38
33
38
41
41
38
32
25
23
20
16
20
19
22
28
44
53
51
48
45
50
52
57
59
61
69
67
52
42
44
54
64
71
81
86
89
85
81
75
82
88
82
69
67
69
69
60
51
43
49
56
55
39
23
19
26
34
36
34
25
25
36
44
41
36
41
51
54
50
49
42
36
32
28
34
50
69
76
70
56
54
66
83
89
83
74
74
72
73
74
73
73
72
70
69
70
75
74
59
39
28
32
40
48
39
32
25
23
23
21
23
32
37
38
43
65
75
60
43
44
49
43
48
53
51
36
21
24
34
51
71
84
82
83
87
87
84
70
44
25
22
43
73
92
90
73
58
52
0
39
26
24
36
44
43
38
33
23
21
33
44
50
41
27
36
50
51
43
34
34
38
50
66
81
84
71
56
45
55
69
77
75
71
69
64
61
69
69
59
59
70
73
55
39
33
27
18
20
34
39
37
40
52
58
54
48
35
17
3
3
16
20
12
8
12
17
6
-1
0
0
12
37
44
44
42
40
51
67
76
70
57
48
39
38
32
22
18
19
25
39
55
59
57
44
27
18
19
23
32
37
37
33
29
33
37
37
36
36
25
17
25
32
25
22
33
44
45
32
17
6
7
17
13
6
9
19
25
24
25
35
43
49
56
58
50
37
33
38
52
65
68
59
51
51
54
56
54
54
53
49
50
53
60
71
71
60
49
40
43
50
54
58
60
57
53
44
42
54
70
74
59
53
50
56
83
103
105
99
92
84
69
57
59
70
76
73
68
66
55
48
38
29
28
24
19
23
34
38
40
44
56
68
82
100
105
101
88
83
82
73
58
44
43
59
67
56
56
73
76
56
37
34
39
57
75
70
58
64
74
83
77
59
50
56
65
72
70
58
53
49
39
35
39
41
38
33
35
42
49
52
60
59
51
41
37
37
35
34
38
43
48
41
35
33
36
44
56
69
75
67
51
35
32
28
27
24
21
11
16
27
40
43
40
34
25
21
10
5
17
25
20
4
1
4
8
10
8
11
23
33
40
51
54
56
60
66
71
80
90
101
103
90
73
61
54
54
70
86
76
59
60
70
70
60
54
60
73
83
76
60
51
53
58
57
57
71
81
72
54
52
64
72
80
84
86
76
75
74
80
96
108
112
105
98
96
101
117
116
102
88
92
107
109
104
105
105
106
91
68
56
60
66
66
66
68
67
59
52
43
38
36
34
29
26
34
38
38
37
35
34
34
36
38
29
9
-3
-2
3
20
38
38
28
28
43
56
57
44
36
36
41
48
53
50
39
34
33
35
36
29
21
11
16
33
38
27
10
1
5
16
8
-10
-20
-13
-6
-2
1
1
-6
-14
-12
5
21
16
4
3
7
17
20
12
12
27
45
51
45
50
58
64
68
76
81
80
77
76
66
50
37
32
28
42
67
82
73
52
35
25
26
26
21
9
6
12
19
21
25
23
18
18
17
12
10
12
21
26
38
51
51
25
5
4
22
48
58
59
65
70
76
86
92
90
85
87
0
91
89
88
80
65
59
54
45
49
50
51
50
43
37
28
36
55
66
48
26
26
34
39
37
36
44
59
58
52
50
56
60
57
42
34
39
53
60
54
39
29
28
40
54
57
64
59
48
41
52
65
70
69
72
72
73
81
76
59
44
33
26
28
35
36
33
35
36
32
16
1
-3
2
4
7
18
27
28
28
28
24
20
19
25
27
27
27
32
36
44
54
55
51
41
38
43
52
59
64
58
52
44
43
52
60
68
70
61
54
50
54
58
55
45
52
56
53
52
51
48
36
22
10
7
17
27
34
36
39
45
58
77
93
107
116
107
82
55
59
73
74
70
71
70
61
55
59
65
65
68
72
80
86
82
70
67
68
59
57
68
74
72
69
66
66
72
73
72
69
64
53
51
53
56
59
58
54
50
51
55
52
41
33
28
37
55
59
57
52
39
24
18
25
35
38
49
67
71
59
42
26
17
24
34
24
5
1
10
23
34
40
37
37
41
40
36
40
53
57
54
36
22
12
12
25
33
23
7
4
18
36
51
55
58
58
51
38
21
11
20
42
67
72
58
44
37
36
36
44
57
60
58
48
49
56
58
64
66
68
71
74
80
86
96
93
101
104
92
75
67
65
68
73
70
65
59
56
42
28
26
45
69
77
70
59
54
57
65
70
70
66
56
50
41
41
50
55
59
57
67
87
97
86
70
67
84
106
121
121
108
100
97
101
108
116
108
92
90
99
113
124
128
118
100
76
59
65
74
74
59
43
26
22
33
41
36
28
27
24
19
20
34
42
36
27
19
9
8
18
26
35
34
25
18
13
23
36
42
54
67
73
69
56
49
49
51
53
53
48
34
20
19
25
25
22
13
5
5
13
19
10
3
3
5
1
-4
-4
-1
-6
-19
-14
-6
0
3
11
23
23
12
-2
-5
1
3
4
7
9
5
-3
-8
-2
18
35
40
37
41
55
61
58
59
64
60
65
69
72
68
56
58
68
61
53
42
41
39
25
12
9
12
18
8
-1
-1
6
26
28
18
11
16
24
33
41
43
34
22
18
24
25
19
16
18
34
50
58
65
67
70
71
57
49
44
39
36
38
54
72
81
84
77
64
48
43
53
57
53
48
37
27
22
24
28
37
42
38
29
26
33
37
35
37
49
57
54
50
55
52
40
42
49
49
50
52
54
54
45
0
39
41
41
37
44
64
77
81
71
64
55
53
67
74
70
66
69
74
72
61
43
35
38
35
26
33
43
52
50
43
42
44
56
66
66
54
37
37
48
56
66
67
70
71
69
60
55
49
49
52
60
68
56
48
50
57
65
66
68
76
81
67
50
54
66
64
48
27
18
22
44
60
64
64
58
50
35
28
33
29
28
27
23
19
17
17
12
9
13
26
43
57
58
49
36
26
33
52
57
55
49
42
32
25
25
28
29
23
20
28
42
58
76
81
69
59
59
64
66
60
43
35
34
36
35
33
32
32
23
10
9
21
40
55
67
69
65
55
51
59
65
51
37
32
32
25
18
23
40
53
56
51
48
55
60
59
55
56
56
65
74
73
75
82
82
75
70
61
68
75
73
67
68
76
83
80
76
82
83
71
61
56
53
45
41
40
49
64
66
68
80
97
103
97
82
69
65
66
68
70
68
60
56
57
65
58
51
43
44
58
80
89
87
85
85
77
72
80
82
72
68
70
67
55
39
33
37
45
54
56
53
53
55
60
65
49
25
11
10
17
19
28
33
28
35
48
57
54
44
35
23
17
24
38
48
54
67
70
58
52
54
56
52
52
56
58
57
58
58
58
72
86
89
82
66
52
48
41
34
40
52
57
54
49
40
44
53
49
36
26
25
24
24
33
44
49
43
39
42
40
37
36
29
26
29
32
32
41
54
53
40
33
35
40
42
53
60
56
44
36
34
35
40
41
37
34
35
37
43
45
44
40
40
38
33
32
37
41
38
27
21
21
28
41
43
37
33
32
32
37
44
43
38
49
52
38
27
36
44
50
44
39
34
40
51
52
48
42
38
41
51
49
36
27
33
27
17
17
26
49
59
54
42
41
50
59
65
64
64
55
43
44
44
48
45
49
55
54
51
48
38
37
38
38
35
26
29
43
39
32
25
34
52
66
65
60
66
66
53
41
40
39
42
49
44
48
50
59
65
60
55
49
29
20
21
24
32
33
24
17
28
51
58
54
50
53
57
59
55
52
49
50
56
60
66
59
39
24
23
41
55
55
44
39
37
27
24
34
36
34
35
43
51
51
56
61
60
52
44
49
56
60
55
40
28
22
23
36
55
67
58
49
48
55
58
44
27
27
48
68
76
73
65
60
64
65
57
58
64
54
41
40
0
54
64
65
57
55
57
58
58
58
67
81
81
71
56
38
33
38
45
48
43
33
20
16
20
17
9
11
19
26
33
24
9
2
7
28
49
55
49
36
27
22
24
32
36
35
36
44
58
65
54
41
44
56
57
48
44
56
69
66
57
52
49
41
39
50
57
53
59
71
75
77
71
67
58
50
50
57
52
37
34
39
54
74
84
80
87
106
123
130
120
116
115
116
108
102
101
98
80
59
68
89
101
98
96
106
115
113
107
101
92
80
60
44
38
49
59
64
59
52
42
43
40
19
-6
-11
-7
-2
-2
-6
-4
2
6
18
26
39
45
45
40
39
35
32
38
42
39
37
32
18
8
17
33
36
25
16
16
21
38
48
39
28
26
39
44
41
38
38
39
37
39
48
39
19
1
-2
-8
-12
-10
-7
-8
-12
-6
5
18
23
21
22
33
40
36
28
38
42
51
58
54
52
51
55
56
49
39
38
48
66
72
64
50
48
51
57
64
67
61
45
43
54
60
64
67
68
67
66
68
68
59
44
22
2
-3
5
18
25
24
17
17
25
33
42
53
51
38
38
54
65
54
43
55
64
58
54
48
44
53
61
68
75
82
72
64
67
72
69
60
60
69
74
81
76
59
50
58
71
66
55
52
43
35
35
37
25
8
3
9
16
20
25
33
34
23
6
-2
8
32
51
52
40
34
29
23
11
10
17
23
35
49
51
42
43
51
55
57
58
58
56
52
56
64
67
80
85
84
83
84
96
102
106
102
92
81
75
83
83
67
43
37
36
27
24
25
24
26
33
35
26
21
24
33
38
42
45
45
43
44
51
53
52
52
52
50
41
38
43
64
67
56
50
52
50
40
37
40
51
66
74
71
66
65
70
69
61
60
69
75
77
90
100
97
86
80
75
66
54
58
71
75
77
82
85
92
98
87
75
72
70
64
66
75
81
81
75
76
80
75
72
74
75
66
50
45
44
50
60
67
66
66
57
50
44
51
55
61
70
70
64
51
41
33
26
25
23
26
29
40
50
49
41
42
55
60
54
41
26
29
44
48
42
36
33
40
49
49
50
41
35
29
24
19
23
23
17
11
4
-2
-3
-2
-1
9
22
21
17
19
24
19
10
16
25
37
42
34
21
26
37
49
51
43
39
40
49
56
49
36
28
27
34
32
26
23
23
27
29
23
22
32
0
33
32
24
27
40
41
36
42
57
58
51
52
42
27
29
48
53
44
43
51
57
55
53
64
69
70
72
74
72
64
58
57
53
41
27
25
34
41
50
51
40
26
22
29
27
21
17
17
19
25
34
37
40
44
64
86
90
72
58
55
45
37
33
28
32
39
44
42
40
36
34
32
28
29
33
33
41
61
73
75
69
66
56
50
52
59
66
67
58
52
50
52
57
68
73
68
56
40
36
41
52
59
68
68
58
53
53
55
57
59
57
55
54
52
53
69
88
96
90
82
71
70
67
59
61
77
82
69
61
67
70
67
53
37
23
17
24
38
38
25
16
13
8
-1
-2
8
27
40
49
44
37
36
41
55
59
48
34
21
19
25
36
37
26
22
29
42
43
38
43
45
50
56
56
52
53
54
57
52
49
60
81
86
74
66
64
71
81
71
57
51
52
51
37
32
33
36
36
52
72
77
64
41
36
37
36
38
48
53
50
41
33
20
12
19
27
39
54
59
57
59
64
64
68
74
81
85
87
80
59
50
48
48
50
59
67
70
66
58
56
59
53
36
26
34
38
28
21
16
20
26
39
55
67
65
54
43
43
41
32
27
32
36
38
49
55
53
43
39
42
48
45
52
64
74
76
67
52
37
35
40
51
54
48
40
33
27
28
28
29
32
34
40
45
52
50
49
55
60
53
37
34
44
54
64
58
41
25
36
54
64
66
64
55
41
38
43
48
50
55
59
68
75
76
67
57
58
66
72
72
73
81
88
92
86
72
60
56
54
55
57
50
41
42
52
57
64
71
70
57
49
43
42
40
48
56
57
50
41
50
70
91
99
86
76
83
101
102
100
106
108
103
90
83
82
75
69
60
54
45
49
60
76
85
70
54
49
49
43
36
34
45
57
57
56
52
41
33
25
23
26
28
25
27
33
38
37
40
42
28
18
16
18
24
25
20
9
13
34
50
55
59
57
51
43
39
37
26
4
-11
-10
5
24
24
16
21
51
76
85
76
65
56
56
59
59
56
48
33
23
32
38
33
23
24
28
27
28
38
38
29
22
17
11
16
22
26
21
11
12
21
27
26
26
32
35
38
38
29
22
20
24
28
29
21
18
33
43
48
41
41
56
74
77
64
51
53
58
56
59
66
64
65
60
65
75
85
76
58
48
53
57
41
16
0
5
11
24
33
23
7
5
7
11
11
12
17
25
43
56
57
57
60
65
65
65
69
73
72
66
51
35
28
36
49
58
65
57
49
42
45
49
50
51
52
54
51
49
50
52
51
52
55
52
43
39
34
26
32
41
51
42
32
32
32
33
37
44
48
43
41
36
41
52
50
35
28
28
33
36
41
45
38
36
48
57
50
35
26
35
42
50
50
50
51
54
54
43
34
28
29
41
50
44
36
34
29
32
33
26
26
20
19
26
43
57
64
65
64
65
66
66
58
49
41
44
44
41
49
64
66
58
52
49
57
72
83
75
66
59
69
89
101
98
89
90
100
100
87
81
73
71
65
48
36
43
66
80
82
74
66
57
59
68
69
57
40
27
22
33
44
60
77
88
96
98
99
98
100
115
120
118
104
97
97
104
108
96
75
66
