57
108
90
48
54
104
100
34
16
66
99
60
38
70
99
48
-8
2
55
53
6
9
60
68
4
-22
32
75
38
6
28
71
60
38
58
96
83
27
27
89
121
82
56
81
101
67
34
52
87
56
4
23
91
103
53
36
90
135
103
67
80
105
74
22
24
64
66
32
29
71
71
1
-17
50
105
70
24
49
103
85
29
36
86
101
61
44
80
97
53
27
65
114
91
50
58
100
82
26
34
98
129
75
42
89
136
103
65
93
147
123
74
76
120
116
61
56
119
152
91
40
69
133
132
97
104
137
114
44
24
59
86
65
68
114
134
86
57
88
133
122
84
85
129
134
83
59
96
112
74
66
106
144
116
80
83
119
115
69
54
75
72
26
22
66
89
49
17
44
77
52
11
26
70
58
2
-6
40
72
36
9
35
68
43
12
32
67
57
16
5
41
50
4
-11
24
55
16
-22
2
56
52
8
6
53
70
26
-5
11
25
-12
-39
-2
42
9
-43
-35
10
6
-34
-29
17
20
-35
-53
-12
-1
-53
-85
-44
2
-26
-84
-74
-6
11
-22
-26
16
39
8
-2
48
97
69
41
73
121
98
28
22
72
87
45
28
60
88
55
21
43
85
57
8
17
58
64
22
20
73
101
53
23
50
74
35
-5
24
80
58
-2
-8
42
61
12
-9
23
54
23
6
51
98
65
8
11
56
57
19
20
70
86
28
-4
39
92
61
22
42
74
41
-11
-7
44
66
25
21
81
114
61
10
28
0
80
56
12
28
74
68
17
-4
23
42
17
3
41
86
65
26
37
81
72
32
41
93
105
58
34
68
93
51
9
28
67
36
-9
8
74
96
59
56
103
121
75
44
71
96
54
16
42
89
70
19
22
81
84
12
-18
21
48
3
-25
6
45
25
0
32
92
87
20
6
65
91
49
32
82
122
83
29
39
87
76
38
48
86
76
24
26
83
96
29
6
67
119
80
20
29
80
76
37
41
90
97
48
27
65
84
34
-3
27
83
57
-6
-11
37
53
19
19
70
106
65
27
53
81
39
-6
19
84
83
33
34
90
103
48
22
66
96
53
16
43
92
80
36
43
89
87
37
24
66
82
38
4
28
72
44
3
27
90
93
50
41
82
90
51
41
92
134
93
51
60
97
76
33
45
114
120
65
51
103
128
72
33
64
100
66
28
65
125
120
70
71
124
141
103
86
119
134
88
56
89
139
109
53
57
101
77
8
16
88
116
56
13
43
82
38
-21
-7
49
42
1
16
69
73
4
-21
20
54
18
-12
16
55
27
-20
-13
27
32
-7
-1
59
76
16
-17
23
60
25
-12
8
55
35
-14
-17
28
36
-19
-29
25
58
11
-22
1
39
10
-29
-11
42
56
6
-12
22
44
7
-8
28
70
42
11
37
84
68
22
27
73
73
11
-11
21
42
-1
-30
10
73
58
12
24
69
70
39
50
108
132
84
59
93
122
82
37
52
85
57
10
18
70
70
12
6
55
80
27
-7
20
54
20
-23
-2
54
50
-2
-3
43
58
23
18
58
91
52
4
25
81
73
41
52
90
85
29
24
77
105
72
48
82
123
93
42
55
103
91
41
39
83
87
33
-2
16
32
-10
-41
-6
35
7
-40
-29
19
12
-39
-46
6
48
23
7
40
86
81
54
67
102
85
28
21
66
82
33
10
65
104
71
43
73
117
98
52
59
120
132
76
66
108
122
65
29
72
114
76
24
28
70
54
10
18
66
61
-9
-38
1
40
19
0
43
92
70
33
51
99
90
43
39
86
112
66
36
69
108
84
52
85
140
121
54
38
85
99
49
39
76
97
55
18
52
97
65
17
38
99
96
37
29
84
107
59
39
84
124
86
39
54
100
88
41
37
73
68
9
-8
24
37
-3
-18
33
90
73
20
5
32
22
-12
0
61
88
38
21
70
102
55
-1
7
56
55
18
20
64
73
36
20
50
68
34
0
12
43
81
51
2
16
75
82
22
2
42
67
25
1
28
60
33
2
34
83
66
17
22
80
93
38
10
51
83
44
11
35
68
39
6
26
66
54
-3
-17
35
49
-11
-44
-3
41
20
-5
28
84
70
21
17
60
69
19
8
59
88
34
-7
19
61
37
-1
21
74
74
36
36
80
88
48
35
73
97
45
2
17
51
19
-30
-20
32
38
0
1
56
80
25
-5
38
88
56
10
27
75
64
3
-4
43
57
0
-21
33
86
54
7
34
87
74
34
39
92
100
45
33
82
108
64
29
55
86
44
-7
-1
42
39
2
2
39
44
0
-11
35
66
19
-19
8
59
52
16
28
80
81
32
25
72
97
54
36
84
124
85
28
32
77
83
38
25
60
75
26
6
53
90
48
0
21
69
55
17
28
85
83
22
7
55
82
32
-5
19
42
17
-4
22
82
84
36
24
73
98
55
33
70
105
71
32
48
90
87
56
72
119
113
40
12
44
60
35
27
60
83
52
16
33
70
52
5
8
64
84
38
8
37
74
50
19
45
89
70
26
41
88
91
52
42
84
112
68
34
51
86
65
33
56
104
85
32
39
96
118
90
73
97
116
85
52
67
92
60
27
53
109
118
75
66
92
92
45
21
59
100
74
40
52
82
61
20
27
69
74
35
23
58
90
56
18
34
69
53
17
27
82
84
35
19
43
51
3
-11
32
74
55
33
60
104
89
55
80
138
141
85
55
81
107
85
59
76
91
44
-3
7
59
67
23
6
38
48
11
19
75
114
67
16
24
64
54
21
22
55
50
-4
-12
36
64
23
-5
24
65
50
22
49
99
81
19
19
75
101
56
37
70
96
50
1
17
54
26
-33
-28
24
36
-3
-8
28
44
4
-13
20
65
39
2
12
53
40
-5
-6
36
49
-1
-18
35
85
54
13
39
86
66
24
41
99
107
53
35
70
93
64
48
82
109
72
28
36
76
69
10
6
60
76
23
1
38
66
23
-10
12
66
59
21
29
75
67
16
10
66
91
44
7
29
68
42
5
25
76
70
11
3
51
66
22
16
69
107
68
24
48
91
73
32
38
82
80
32
19
54
61
13
-8
27
73
49
9
25
67
51
-3
-13
21
33
-5
-12
29
68
21
-26
-5
36
18
-19
-2
44
50
8
3
55
81
36
10
52
93
66
24
37
72
53
5
3
43
59
27
10
41
0
67
28
-5
11
53
45
19
32
82
89
38
11
33
44
12
-2
27
58
34
4
22
66
56
25
40
81
87
50
35
68
86
53
38
72
106
80
32
40
91
99
59
52
91
108
64
27
60
99
83
59
82
118
97
45
44
86
93
43
20
69
113
81
41
53
81
52
10
21
64
58
17
10
56
75
34
4
26
56
25
-4
12
55
43
10
16
56
68
27
21
64
90
58
32
56
90
60
21
34
81
83
44
39
70
80
35
12
49
85
64
32
40
67
39
-8
-13
17
10
-26
-28
10
33
5
-7
33
73
45
4
24
82
84
35
21
59
68
21
12
60
98
66
38
67
118
105
56
49
86
96
55
48
88
109
72
53
97
144
115
60
64
98
87
35
16
50
74
43
23
57
86
51
17
32
65
49
11
24
74
89
55
38
70
87
44
16
43
86
75
52
64
105
104
61
49
75
88
56
38
60
71
33
6
25
60
51
8
5
50
58
18
-1
32
61
37
20
53
85
66
38
64
112
96
40
38
86
100
64
36
69
105
73
29
39
71
56
22
32
74
69
23
16
60
97
60
29
54
93
74
41
59
104
97
51
36
59
60
11
-7
38
89
76
53
67
92
70
28
36
80
81
38
25
65
83
39
5
33
69
45
26
58
101
84
28
17
50
53
12
2
32
55
36
24
54
88
55
-1
-12
10
10
-6
16
71
85
41
28
74
105
68
21
24
56
42
0
-3
36
43
2
-18
10
39
6
-22
5
53
37
-6
-5
28
28
-12
-26
13
49
18
-9
22
69
52
20
33
73
73
50
58
102
106
58
39
69
98
74
56
81
113
82
26
19
55
58
24
23
66
80
28
-3
19
52
23
-9
20
67
50
0
-3
38
49
16
7
54
92
58
19
40
85
74
35
37
84
89
49
41
82
99
66
49
73
99
60
25
53
99
76
32
37
74
66
20
23
75
98
43
4
34
82
65
18
12
45
37
-2
6
64
86
42
18
51
89
61
26
39
74
56
18
23
65
67
21
17
58
83
49
21
48
92
83
37
35
66
64
23
19
65
75
32
8
57
107
69
13
23
61
51
13
19
64
68
24
11
58
89
48
12
39
83
53
3
7
54
60
28
29
71
85
45
24
54
85
56
28
56
90
70
32
33
74
76
36
17
48
68
27
-1
28
61
36
7
36
81
69
23
24
75
93
48
0
22
55
87
55
21
40
85
83
56
70
108
105
56
50
98
120
80
56
84
114
87
54
81
135
124
77
81
123
134
84
68
113
150
113
65
77
121
114
68
52
75
76
44
48
89
97
38
3
38
86
70
39
48
73
58
20
20
65
74
51
66
115
124
71
27
44
85
69
32
40
82
83
41
44
92
114
71
42
70
98
53
6
20
60
58
34
42
82
84
32
0
20
37
11
-2
26
64
39
-4
4
56
55
17
5
38
60
29
7
28
51
12
-25
-6
37
26
-12
-7
53
76
35
8
35
58
27
4
27
64
43
7
17
52
49
6
-7
22
34
-7
-26
2
23
-6
-41
-27
10
6
-34
-36
9
33
-4
-25
3
32
-6
-43
-13
28
11
-21
-6
50
67
36
35
83
105
67
38
60
89
59
28
48
89
85
45
48
84
84
40
28
66
92
60
28
43
64
37
7
26
65
53
9
9
49
64
28
17
45
68
38
4
18
53
48
9
17
65
66
20
-1
36
72
50
32
55
86
69
38
48
89
87
44
44
92
116
70
39
52
69
44
12
25
59
45
7
16
65
73
33
12
41
65
36
13
39
69
40
-7
-2
40
27
-20
-19
27
48
23
18
50
74
42
13
34
76
80
52
55
99
107
69
51
80
92
53
23
51
89
57
19
52
104
88
32
19
53
66
29
19
60
97
72
52
72
98
60
6
16
68
77
34
22
65
91
58
36
59
84
51
16
41
100
100
56
44
83
92
60
55
97
120
76
38
54
101
90
54
66
101
92
43
34
83
106
65
26
34
54
36
10
25
60
40
-4
10
69
76
24
1
38
70
44
22
49
76
50
6
18
64
57
3
-4
39
66
36
27
60
85
53
19
36
80
73
40
43
85
87
32
10
49
72
33
0
16
43
18
-20
0
51
55
26
23
52
64
32
11
36
56
10
-25
-7
32
24
-13
-14
33
49
13
4
35
48
5
-20
17
72
67
33
35
69
59
18
16
56
77
41
16
36
58
27
1
27
80
74
36
28
69
76
43
43
84
91
42
18
50
96
76
41
54
98
96
56
48
83
97
58
36
55
74
45
22
56
101
77
32
34
74
81
38
23
55
80
55
34
52
70
45
20
38
73
68
28
25
64
83
48
24
56
88
61
42
67
92
65
23
34
77
81
35
18
56
82
38
6
34
72
53
18
41
98
90
40
36
77
0
90
39
20
60
97
66
37
65
106
90
48
44
77
82
45
35
72
103
80
60
80
90
50
7
22
81
92
56
48
77
77
33
23
59
84
50
21
51
89
70
24
25
68
80
49
50
88
97
55
35
52
59
21
-17
4
65
76
49
52
88
97
64
50
81
104
67
32
60
117
109
64
48
80
87
51
38
75
98
67
57
98
131
92
44
57
97
76
21
16
59
85
49
28
65
82
37
5
33
73
58
19
25
60
52
1
-11
22
32
-21
-44
-4
37
3
-40
-36
-8
-26
-69
-62
-22
-11
-38
-43
2
48
36
23
50
88
72
36
44
83
81
36
23
61
76
34
6
49
97
65
19
18
49
44
12
12
54
66
28
17
49
72
38
10
40
77
51
11
27
70
65
27
20
56
86
66
59
87
100
56
17
36
87
76
36
36
69
66
22
18
65
96
55
21
50
93
74
27
33
70
58
12
8
50
60
16
-12
18
58
35
2
11
40
20
-18
-4
48
57
19
4
36
61
34
7
33
65
48
19
27
65
53
7
10
59
71
23
5
43
76
43
8
29
75
69
27
26
72
80
37
17
48
68
36
23
59
85
53
8
12
67
70
20
11
67
84
39
18
55
86
60
32
56
96
65
7
17
73
86
39
22
60
85
59
44
71
105
74
38
60
109
102
60
55
83
85
42
24
55
83
60
40
69
109
89
33
7
48
69
38
26
55
67
21
-6
22
56
36
7
20
69
65
16
2
44
69
36
19
45
64
23
3
36
73
51
12
38
91
89
38
27
72
96
58
38
72
108
80
39
66
130
123
64
34
54
58
22
9
42
65
28
-9
0
33
8
-27
-8
48
53
9
2
51
87
48
19
54
97
69
28
55
102
82
24
19
58
60
8
2
53
83
40
2
10
48
40
27
64
112
92
41
48
107
113
45
12
49
90
66
39
72
131
121
69
44
77
89
52
40
74
97
50
2
13
48
24
-7
8
50
38
8
32
83
86
33
17
68
102
58
21
44
85
64
25
40
96
103
44
20
52
73
23
1
43
88
51
-5
4
42
23
-26
-23
27
53
20
5
49
86
49
1
8
48
37
3
23
76
72
23
10
42
57
17
-6
36
89
61
17
36
87
74
26
32
80
88
39
24
70
97
44
0
19
71
68
28
42
90
91
44
38
87
113
58
26
58
91
64
29
52
88
64
6
0
5
56
73
27
2
33
59
22
-14
4
48
28
-7
12
70
72
22
11
64
89
44
17
54
99
65
12
36
91
75
13
7
52
55
7
2
56
97
55
18
50
90
50
-8
2
64
75
32
22
67
82
23
-7
22
56
32
-6
24
100
116
74
70
106
108
69
57
87
100
50
16
44
90
67
26
41
80
66
16
3
45
69
25
7
55
97
60
18
36
86
76
42
54
100
96
34
22
73
107
66
22
39
73
44
0
13
74
76
24
22
72
96
56
35
65
89
53
23
50
98
81
27
32
75
85
45
48
104
138
91
50
65
91
80
54
66
99
86
50
59
104
113
56
29
67
103
64
10
20
57
44
10
27
82
84
27
4
40
58
12
-19
19
72
45
-2
16
77
83
29
10
57
85
41
12
54
91
54
16
42
103
98
56
73
133
145
89
67
106
130
70
20
39
81
66
27
39
83
73
13
0
37
43
-2
-14
37
77
35
-6
18
66
50
-5
-18
18
32
-9
-23
10
35
3
-10
19
49
16
-20
-4
43
39
-3
-4
49
69
25
10
50
76
35
9
51
97
67
7
0
40
48
5
1
50
69
10
-24
12
59
34
-9
5
56
50
-1
-7
44
72
32
8
43
72
29
-2
35
93
81
34
51
113
117
66
51
82
89
48
28
70
114
90
54
61
87
59
5
9
58
59
-2
-25
13
58
36
18
55
98
69
18
27
75
60
3
4
64
98
60
28
53
86
60
26
40
82
70
22
23
73
85
32
10
60
99
52
8
33
70
42
-2
20
80
73
11
-7
29
55
5
-28
3
48
24
-9
1
34
21
-18
-5
53
70
21
4
53
90
51
13
41
87
68
26
33
72
68
17
6
51
70
19
-1
51
102
80
43
66
101
66
3
4
60
96
66
51
91
114
54
7
38
89
68
17
22
73
67
16
4
51
68
20
-3
28
64
42
8
22
58
39
-6
4
64
81
37
22
66
99
57
23
53
90
59
13
26
84
92
59
54
88
103
57
29
66
104
75
35
50
93
80
32
27
80
100
65
44
71
87
32
-4
26
73
43
-7
3
53
49
-6
-17
35
52
6
-9
28
67
42
25
66
119
108
66
65
113
114
57
38
72
96
60
32
56
100
82
44
52
96
83
41
57
118
134
73
24
43
74
50
13
37
85
75
28
25
56
48
1
-4
43
74
40
10
39
81
56
12
20
57
0
52
12
12
58
82
55
38
68
98
60
24
56
117
108
67
68
105
98
40
12
52
83
52
32
69
107
75
33
41
83
80
38
48
101
112
56
26
57
84
48
18
48
89
72
34
44
101
109
66
56
92
113
77
53
83
118
84
39
51
103
107
67
55
89
100
53
25
43
57
16
-20
1
42
36
-2
-3
29
25
-22
-26
20
38
-6
-21
28
82
68
37
48
70
37
-17
-3
66
92
39
-2
20
44
24
6
27
67
55
12
23
82
97
50
29
64
72
18
-7
24
73
64
27
35
65
34
-23
-34
0
9
-25
-30
12
38
-4
-42
-14
32
19
-11
2
51
57
19
7
42
67
33
11
42
80
55
9
19
72
71
34
40
86
92
36
1
32
73
64
44
64
88
67
35
40
60
38
-6
1
54
73
35
21
48
67
28
-12
10
65
65
24
22
64
71
33
19
58
86
44
12
42
96
77
17
3
48
51
11
13
64
86
50
23
53
81
42
5
20
57
49
11
16
66
80
41
28
58
76
37
4
32
68
44
0
5
44
36
-10
-19
22
52
28
12
41
76
56
36
69
115
101
48
36
72
74
34
28
84
118
84
52
71
97
58
11
28
86
91
60
70
114
120
80
64
90
116
85
42
52
97
97
54
48
88
97
44
17
40
67
35
9
48
96
76
38
36
73
81
51
49
76
80
32
8
35
58
25
-4
18
64
60
33
50
104
112
68
50
83
106
80
54
70
106
99
71
80
112
101
54
44
86
107
75
53
72
88
54
25
40
65
36
-3
4
49
57
25
25
67
82
33
3
34
75
50
2
4
40
32
-8
-2
54
85
39
3
22
54
35
17
49
87
65
23
25
64
64
16
-2
29
54
35
19
42
72
51
21
38
88
93
41
17
57
84
51
32
61
92
58
25
51
100
88
50
56
91
89
44
36
82
99
59
24
49
75
39
-2
10
60
64
28
44
101
119
88
67
83
91
44
5
36
87
76
37
48
90
83
34
23
66
88
53
25
56
92
73
25
22
58
52
18
27
73
80
27
8
42
81
65
37
44
75
59
11
6
49
58
25
23
69
87
51
25
53
88
56
8
16
53
53
28
26
56
56
5
-13
24
55
17
-18
10
61
52
20
34
69
54
1
-2
43
60
24
0
21
52
33
7
34
74
58
5
1
48
67
42
33
59
77
38
6
34
73
54
20
0
35
81
80
35
27
76
101
57
20
42
73
37
-8
5
50
44
16
27
75
89
51
39
83
98
42
2
22
67
54
18
28
83
90
43
20
43
56
28
26
72
109
82
38
55
100
88
44
38
67
66
20
-1
28
67
34
-5
9
48
26
-11
-10
21
20
-10
-5
42
67
32
7
33
58
25
-3
16
55
52
22
23
64
76
32
10
48
74
54
37
65
91
53
6
28
83
86
51
53
99
113
68
40
57
82
48
16
38
74
49
10
25
71
73
24
-1
35
70
33
4
39
87
71
28
26
58
51
8
7
52
72
34
17
65
105
72
23
35
86
83
41
55
106
118
80
56
77
90
56
32
57
89
65
33
48
84
67
17
9
42
55
18
-4
23
44
10
-20
7
64
58
28
35
83
85
37
28
73
99
53
19
38
80
70
44
59
102
100
61
65
108
130
97
71
91
114
80
38
44
81
68
26
33
84
96
42
13
36
44
9
-2
43
86
53
4
8
45
37
-7
-10
35
59
27
11
49
74
38
2
17
48
32
-1
6
51
64
35
23
53
73
37
8
36
81
67
34
48
82
70
44
72
131
132
72
44
82
117
84
35
34
56
42
23
37
58
37
-18
-23
27
53
9
-10
24
65
29
-10
8
59
60
24
16
54
76
52
38
65
82
41
17
53
101
85
40
38
73
71
37
38
75
84
37
7
28
53
17
-21
-7
36
34
-4
-6
35
51
24
19
51
68
24
-7
11
50
33
0
12
53
51
10
6
43
58
29
24
69
106
69
19
27
64
58
32
38
86
103
71
58
91
114
81
58
97
133
101
54
56
92
91
50
32
58
80
44
24
49
73
42
21
44
82
68
22
21
65
70
29
21
55
64
23
1
32
73
55
10
16
56
58
20
12
39
44
17
10
61
106
76
38
50
85
69
28
38
81
77
32
11
48
73
40
10
29
53
10
-42
-36
9
7
-27
-26
16
35
-1
-23
-7
8
-18
-27
20
70
53
12
17
60
71
32
24
65
82
41
20
56
100
89
65
81
124
122
76
57
84
92
64
55
100
133
90
36
35
60
54
37
67
115
108
60
43
76
97
56
33
68
103
61
18
53
117
106
41
13
39
55
26
6
35
61
28
-5
22
73
57
4
2
50
70
41
40
73
80
40
24
64
92
71
41
59
103
97
48
32
68
85
44
23
51
81
55
32
51
80
0
49
3
8
50
52
5
-3
38
65
39
20
53
96
73
40
56
103
100
56
49
84
87
39
26
67
96
66
40
67
112
100
67
69
102
104
59
51
93
115
70
25
33
57
41
11
19
53
44
0
0
52
73
43
35
58
61
16
-11
12
51
23
-18
-4
41
49
10
-2
35
60
37
23
56
80
41
4
33
83
76
44
48
85
92
54
36
66
77
32
2
26
60
41
8
13
49
50
16
5
35
54
23
3
33
68
42
13
32
59
38
-6
-5
32
28
-7
-8
35
64
28
6
41
90
75
25
20
59
65
28
28
70
86
50
39
86
128
97
54
66
109
107
70
68
104
115
67
40
71
97
66
48
82
120
103
65
65
87
69
26
27
65
67
11
-17
18
60
41
10
23
53
32
-5
10
69
87
48
26
60
87
58
33
42
82
76
50
68
116
119
84
82
122
133
81
50
73
105
86
59
72
98
72
25
20
59
71
21
0
50
83
38
-4
8
45
33
1
20
68
58
2
-11
25
40
-5
-24
19
60
35
-4
5
44
42
21
41
100
104
53
48
100
119
50
-17
-11
26
33
38
90
146
131
84
88
125
112
50
20
32
42
27
25
67
122
108
56
50
89
106
76
51
69
82
38
9
41
73
26
-21
0
50
33
-19
-14
38
66
35
34
77
103
60
36
88
153
135
101
119
163
138
86
76
113
119
59
22
50
68
20
-13
9
59
51
2
-4
39
53
16
6
44
69
23
-20
1
35
2
-40
-25
28
39
2
2
54
80
38
18
56
82
28
-12
20
90
91
44
41
92
112
65
38
74
118
102
74
97
125
93
41
32
49
9
-68
-74
-18
1
-50
-65
-23
4
-29
-55
-8
43
21
-33
-26
22
28
-17
-26
23
52
4
-35
-10
40
35
1
10
43
40
2
1
51
74
32
12
66
108
73
26
50
105
88
27
24
65
60
20
8
52
77
37
11
55
101
58
-1
17
73
76
37
27
65
85
49
29
59
81
39
6
40
82
43
-21
-21
34
44
-2
-35
-13
33
26
8
38
80
55
17
48
105
103
49
38
82
92
43
22
64
96
56
26
56
88
50
-4
6
69
89
48
27
67
93
50
12
40
91
74
25
38
91
85
35
24
68
82
25
-7
28
73
59
44
97
161
138
80
72
108
102
53
49
102
131
87
71
116
154
117
69
88
134
124
80
73
114
116
51
16
57
102
66
25
0
48
84
45
-13
-10
39
44
-1
-9
38
70
34
1
32
73
54
19
36
82
68
12
11
80
112
58
20
49
84
60
36
56
96
71
27
39
85
85
37
26
71
90
35
0
33
76
61
27
43
85
69
12
2
40
54
16
0
40
76
43
4
25
77
68
24
34
80
83
32
11
42
61
33
20
60
104
71
25
45
98
98
53
42
82
93
56
57
112
130
65
17
50
103
82
17
5
54
71
34
23
64
81
37
17
41
67
40
7
29
76
54
-11
-18
28
41
7
4
49
74
34
2
35
84
60
18
41
101
100
41
24
71
101
56
25
60
106
76
35
54
100
91
53
58
98
91
32
8
42
64
21
-8
10
28
-20
-73
-59
-8
-5
-45
-42
16
49
11
-12
9
39
18
-2
28
72
53
2
9
68
80
22
4
50
82
50
37
69
99
69
40
77
