307
4
-92
198
371
105
-120
64
332
182
-85
-5
333
315
10
-51
246
340
66
-72
188
424
215
-35
87
374
269
-18
21
374
421
128
27
315
460
187
-21
193
469
0
289
0
81
397
356
45
0
307
393
105
-54
180
380
165
-68
88
387
258
-49
-22
297
292
-26
-103
204
356
86
-120
85
330
140
-134
-33
294
241
-60
-107
188
240
-65
-187
98
311
70
-180
-28
247
107
-186
-145
182
182
-126
-222
72
202
-76
-259
-23
225
8
-279
-182
117
27
-278
-282
40
102
-187
-322
-60
104
-146
-361
-179
104
-40
-328
-274
52
51
-241
-296
34
173
-93
-282
-58
151
-74
-334
-187
145
65
-244
-268
27
66
-232
-346
-55
128
-131
-355
-161
109
-43
-323
-235
98
49
-277
-339
-18
91
-194
-347
-92
140
-66
-312
-171
129
28
-261
-234
103
130
-183
-293
3
150
-126
-338
-114
178
7
-278
-198
132
104
-202
-248
75
180
-106
-262
4
226
-9
-266
-105
211
92
-209
-188
122
122
-178
-248
61
224
-35
-236
-24
233
60
-199
-90
231
162
-156
-196
113
176
-121
-249
39
257
8
-245
-71
243
128
-170
-123
217
224
-82
-166
137
275
13
-164
54
295
88
-183
-74
241
157
-145
-130
216
288
-13
-161
105
297
58
-173
2
298
148
-168
-123
212
194
-120
-178
154
295
21
-154
74
299
89
-166
-19
326
257
-38
-40
274
306
8
-82
227
421
165
-68
117
389
229
-44
40
379
343
11
-59
248
343
54
-97
166
402
178
-92
33
321
195
-121
-92
258
295
-20
-140
151
313
43
-172
37
328
160
-130
-51
260
197
-119
-147
182
265
-41
-213
54
288
75
-151
24
357
256
-41
-21
306
310
3
-66
249
403
118
-107
73
306
102
-187
-71
305
274
-42
-87
228
294
-1
-133
148
362
118
-130
53
376
261
-22
37
377
375
60
-21
292
426
133
-59
179
439
233
-43
68
402
331
9
-10
315
385
87
-33
259
450
193
-40
156
475
317
-4
25
332
300
-2
-33
307
426
113
-100
117
344
124
-139
1
330
242
-68
-65
284
354
45
-71
227
416
154
-65
137
412
230
-74
8
364
328
-8
-72
240
330
25
-135
132
376
147
-122
12
322
217
-92
-73
276
296
-39
-167
130
291
24
-169
68
376
204
-100
-39
280
231
-89
-131
194
288
-18
-197
42
248
8
-236
-70
251
146
-150
-130
198
217
-91
-166
171
357
89
-123
88
358
188
-66
66
423
371
45
3
337
420
115
-23
264
480
227
-36
120
423
289
-12
26
363
361
35
-51
276
424
139
-49
193
451
228
-83
-9
294
220
-101
-124
205
262
-70
-228
48
228
-50
-310
-132
178
22
-285
-226
112
81
-246
-305
44
196
-110
-334
-100
165
-42
-314
-180
157
59
-277
-301
32
76
-252
-385
0
-81
115
-150
-395
-218
57
-120
-445
-380
-26
-53
-406
-502
-168
-37
-328
-492
-226
20
-205
-486
-344
-14
-113
-437
-424
-56
5
-310
-440
-140
25
-263
-507
-292
12
-173
-494
-419
-67
-103
-442
-518
-210
-125
-454
-649
-389
-154
-397
-673
-513
-185
-314
-635
-612
-262
-241
-549
-620
-276
-85
-359
-602
-409
-133
-285
-538
-419
-70
-130
-455
-493
-161
-90
-423
-585
-306
-94
-373
-653
-501
-199
-337
-652
-617
-273
-275
-620
-733
-433
-290
-569
-763
-519
-221
-413
-709
-612
-299
-397
-713
-707
-364
-315
-648
-793
-504
-289
-545
-788
-601
-281
-436
-755
-710
-374
-375
-681
-728
-423
-281
-557
-710
-491
-259
-472
-693
-564
-241
-329
-625
-622
-358
-299
-545
-603
-390
-234
-459
-602
-483
-300
-442
-603
-537
-316
-330
-514
-523
-341
-281
-444
-484
-314
-164
-317
-434
-329
-146
-232
-385
-344
-140
-119
-291
-323
-158
-57
-200
-260
-104
96
-43
-211
-145
77
56
-133
-123
112
210
-9
-97
86
261
57
-103
26
322
248
12
64
387
422
132
68
344
486
203
16
201
456
278
20
120
457
419
117
80
384
451
129
-4
268
504
266
21
181
496
375
75
133
499
536
253
201
525
661
361
176
429
712
490
169
245
547
441
105
117
513
619
292
122
420
650
387
123
306
615
441
121
181
529
504
147
58
405
562
241
6
242
501
272
-13
147
541
469
113
81
428
474
140
29
352
553
252
-17
197
544
390
57
106
454
425
70
-36
267
384
67
-125
133
387
129
-177
-34
300
176
-181
-173
196
241
-113
-259
48
244
-39
-299
-107
196
3
-330
-261
107
91
-244
-285
87
221
-110
-328
-69
167
-103
-391
-204
179
69
-289
-299
21
20
-329
-442
-133
57
-213
-426
-213
48
-165
-454
-317
88
68
-280
-344
-10
85
-234
-404
-147
80
-179
-422
-235
132
53
-235
-177
213
247
-97
-211
98
249
-41
-247
1
320
139
-156
-68
253
186
-117
-73
352
460
128
-22
299
552
299
50
256
610
469
138
185
556
545
162
42
381
551
244
27
274
544
324
26
179
582
516
153
104
433
470
120
-25
272
457
131
-167
-3
260
44
-300
-260
83
57
-292
-370
-25
93
-245
-442
-167
105
-165
-503
-398
-70
-183
-533
-532
-210
-205
-572
-681
-449
-321
-583
-710
-545
-321
-503
-700
-650
-469
-518
-691
-689
-522
-477
-618
-651
-518
-412
-522
-594
-500
-338
-379
-489
-459
-314
-316
-437
-436
-298
-234
-345
-386
-279
-178
-280
-373
-328
-228
-284
-375
-365
-289
-286
-353
-354
-312
-291
-322
-317
-299
-280
-277
-267
-257
-244
-234
-226
-214
-203
-196
-186
-179
-169
-162
-154
-148
-139
-132
-125
0
-120
-115
-106
-102
-98
-91
-86
-82
-76
-72
-68
-62
-59
-56
-52
-46
-44
-41
-38
-35
-30
-28
-26
-23
-20
-19
-17
-12
-10
-8
-7
-5
-3
-1
0
1
3
5
6
6
8
11
11
11
16
21
21
17
19
25
26
21
20
21
22
22
23
24
25
25
26
27
27
28
29
32
32
33
33
34
34
34
35
35
35
36
36
37
37
37
37
37
37
38
38
38
38
39
39
39
39
40
40
40
39
40
40
40
40
40
40
41
40
40
41
42
42
41
42
42
42
41
42
43
49
44
43
51
71
60
50
61
123
128
80
90
213
316
250
235
416
677
597
457
643
1113
1132
827
891
1408
1608
1329
1205
1592
1933
1768
1589
1893
2047
2047
1946
2047
2047
2047
2047
1995
2047
2047
2047
2047
2047
2047
2047
2047
2047
2047
2047
2047
2047
2047
2047
2047
2047
2047
2047
2047
2027
2047
2047
2025
1866
1861
1920
1842
1690
1634
1689
1650
1529
1452
1489
1468
1381
1286
1287
1284
1223
1138
1122
1127
1089
1031
994
981
949
907
870
854
827
796
765
743
721
695
668
646
627
604
583
562
546
529
508
491
475
459
445
432
417
404
391
377
364
354
342
331
321
311
300
292
282
275
265
259
250
243
234
229
220
215
210
202
198
193
185
181
177
171
167
163
160
154
150
147
144
138
135
132
130
128
123
120
117
116
114
109
106
105
103
101
99
98
96
93
91
89
88
87
85
84
83
82
80
77
76
75
74
73
72
72
71
70
69
69
68
67
66
66
65
65
64
61
60
60
59
58
59
59
58
57
57
56
56
56
55
56
55
54
54
55
55
54
53
54
53
53
52
52
53
52
51
51
51
52
51
51
51
51
50
50
51
50
50
50
50
50
50
49
50
49
49
49
49
49
49
49
49
49
48
45
48
48
45
44
48
49
48
42
44
48
48
43
43
48
48
40
36
44
48
38
21
35
44
35
5
11
40
32
-14
-34
19
24
-39
-92
-21
22
-36
-129
-87
-2
-38
-151
-153
-29
-33
-158
-225
-92
-40
-170
-312
-211
-70
-162
-362
-356
-151
-180
-417
-484
-213
-133
-344
-521
-286
-92
-221
-433
-300
-51
-136
-428
-457
-139
-108
-404
-540
-203
-6
-199
-426
-234
16
-114
-388
-291
53
39
-235
-330
-27
71
-151
-314
-53
151
-8
-264
-152
117
36
-245
-211
146
187
-29
-138
120
231
50
-132
59
268
167
-29
49
277
246
52
28
253
284
92
-35
162
281
151
-6
134
316
241
45
50
242
228
32
-40
170
241
64
-92
80
0
231
115
-58
40
249
214
33
8
201
216
36
-49
151
260
139
6
121
262
181
17
64
251
235
67
13
192
241
102
-8
119
228
122
-27
41
199
138
-37
-34
160
167
-10
-118
55
145
-5
-188
-73
89
-40
-312
-289
-18
-62
-386
-481
-136
-10
-285
-554
-363
-133
-358
-691
-573
-195
-251
-594
-628
-269
-214
-579
-771
-499
-302
-597
-872
-660
-327
-504
-870
-813
-405
-408
-812
-961
-628
-471
-776
-950
-617
-257
-434
-725
-578
-209
-301
-647
-630
-231
-173
-569
-774
-450
-186
-436
-654
-373
32
-84
-376
-275
130
130
-215
-278
86
228
-99
-325
-52
241
35
-220
-4
422
357
24
34
403
457
165
113
512
756
516
293
522
806
631
327
438
800
759
454
394
712
759
456
264
531
730
547
295
436
694
600
360
438
725
720
518
455
667
721
560
455
619
725
610
448
500
637
583
434
443
597
599
472
417
536
582
483
390
470
551
492
392
416
498
465
360
345
439
448
370
317
385
408
344
268
313
371
336
256
256
321
304
217
187
272
291
227
165
216
259
210
134
166
240
215
136
130
211
215
149
116
185
215
169
117
164
208
185
132
146
195
187
146
130
170
173
138
108
147
164
137
92
108
144
124
70
71
129
129
82
53
103
119
75
26
71
114
86
24
37
96
82
4
-13
64
77
2
-61
7
60
0
-88
-38
57
21
-88
-99
9
8
-117
-183
-56
7
-98
-210
-110
4
-75
-231
-194
-24
-39
-198
-248
-71
-21
-162
-251
-87
39
-51
-185
-103
54
16
-121
-103
70
84
-53
-110
43
113
1
-93
27
151
80
-51
-3
139
115
-25
-49
104
137
8
-90
18
101
-8
-155
-76
74
7
-179
-193
0
2
-185
-266
-43
52
-104
-273
-134
23
-100
-343
-299
-52
-99
-391
-500
-231
-158
-444
-631
-361
-97
-282
-546
-407
-90
-186
-517
-532
-183
-123
-442
-596
-299
-129
-407
-641
-406
-74
-225
-529
-446
-89
-117
-452
-493
-130
-3
-323
-529
-267
-22
-245
-518
-349
4
-88
-394
-373
-20
6
-315
-410
-62
146
-119
-344
-110
185
7
-292
-184
183
129
-229
-301
20
102
-219
-390
-89
177
-53
-333
-188
121
-9
-349
-331
12
2
-358
-462
-109
60
-228
-440
-179
147
-23
-333
-258
84
42
-264
-264
123
227
-100
-260
44
263
-21
-315
-133
210
57
-292
-268
80
75
-258
-330
28
200
-94
-323
-91
192
11
-263
-125
241
169
-169
-215
97
135
-185
-302
20
251
9
-215
-1
313
154
-170
-108
267
277
-59
-164
156
281
-25
-247
0
278
70
-218
-88
237
144
-182
-168
214
279
-53
0
-195
101
289
27
-186
48
377
233
-60
4
344
313
-12
-55
312
456
155
-46
188
426
208
-69
76
416
320
0
-2
328
357
40
-67
244
433
171
-67
122
386
199
-99
2
372
337
-3
-65
268
378
93
-55
227
459
234
-20
130
417
276
-36
11
390
435
136
36
329
456
184
-20
196
448
261
-24
55
354
275
-36
-50
293
373
85
-72
180
357
116
-131
33
323
181
-121
-81
253
249
-56
-122
212
373
119
-77
130
348
146
-129
-10
307
232
-73
-99
212
261
-36
-178
88
273
29
-204
-27
246
89
-201
-108
260
258
-62
-151
152
262
-8
-168
87
332
139
-121
-13
281
199
-102
-107
217
259
-41
-180
96
262
11
-203
1
300
167
-116
-54
263
232
-61
-113
198
295
18
-150
96
316
134
-83
92
406
310
17
12
324
343
60
-41
237
379
146
-71
107
337
166
-106
-21
305
278
-6
-58
230
282
-10
-188
38
228
2
-257
-134
135
13
-290
-273
56
84
-214
-325
-50
81
-198
-402
-183
73
-124
-420
-338
-40
-115
-429
-451
-108
-21
-318
-481
-220
-26
-258
-490
-305
13
-114
-428
-403
-73
-81
-404
-469
-131
27
-258
-478
-279
-43
-237
-503
-375
-35
-97
-401
-408
-68
-2
-299
-423
-129
84
-161
-392
-198
96
-57
-363
-296
66
65
-263
-344
-18
113
-167
-348
-108
134
-82
-371
-262
52
-29
-342
-341
-1
56
-260
-406
-145
5
-267
-492
-280
41
-100
-395
-326
16
-1
-314
-365
-21
122
-163
-355
-120
113
-88
-330
-178
147
39
-269
-261
56
64
-252
-332
-12
168
-92
-321
-132
121
-61
-357
-264
97
84
-221
-282
29
132
-152
-294
-11
227
2
-247
-83
243
145
-151
-114
236
274
-38
-164
121
278
9
-188
39
321
137
-154
-73
233
154
-169
-195
145
240
-50
-200
75
276
11
-243
-65
252
114
-198
-155
182
183
-125
-198
120
258
-40
-263
-44
214
21
-252
-125
217
150
-157
-174
148
199
-110
-250
36
260
36
-187
-6
277
115
-196
-129
220
205
-119
-209
92
214
-60
-234
7
252
41
-235
-119
199
121
-179
-162
195
249
-59
-187
96
263
1
-213
-8
296
155
-130
-86
205
168
-121
-153
172
296
23
-149
86
311
109
-123
26
342
240
-58
-52
268
278
-57
-178
124
323
76
-137
57
325
160
-122
-42
298
283
-18
-75
232
322
39
-101
169
402
183
-69
59
355
243
-46
-9
325
345
38
-65
219
348
64
-123
114
388
199
-89
-8
299
232
-74
-81
256
340
43
-107
150
346
112
-121
64
389
268
-34
-17
294
294
1
-66
232
361
80
-123
75
307
108
-142
-6
326
0
249
-65
-75
246
300
5
-103
202
425
196
-37
128
390
236
-43
26
354
327
13
-61
231
341
55
-121
125
375
169
-91
18
304
201
-101
-85
241
288
-11
-145
108
264
12
-195
6
292
134
-154
-90
231
211
-77
-116
209
330
53
-133
86
298
86
-162
-20
292
192
-116
-120
198
229
-60
-154
139
304
40
-170
12
260
90
-169
-60
289
262
-36
-88
218
315
49
-83
183
405
181
-82
52
345
244
-42
-23
305
332
32
-72
220
368
101
-93
123
395
234
-23
71
384
313
4
-18
298
387
98
-67
169
343
92
-153
3
293
165
-137
-121
177
163
-142
-212
103
240
-45
-247
-27
214
11
-269
-169
140
60
-258
-297
16
83
-215
-349
-67
146
-87
-331
-171
103
-43
-343
-283
52
39
-266
-332
-18
101
-190
-375
-132
122
-69
-317
-188
105
-2
-317
-312
28
103
-173
-293
-30
130
-107
-305
-109
167
11
-277
-225
100
82
-220
-263
68
199
-74
-258
-35
188
-10
-257
-136
144
34
-263
-257
71
102
-195
-289
9
184
-72
-293
-114
122
-55
-337
-253
71
42
-247
-293
5
89
-195
-341
-81
140
-74
-333
-213
65
-42
-333
-298
36
64
-243
-360
-78
70
-182
-365
-138
130
-40
-314
-231
73
24
-257
-267
60
164
-104
-250
-10
163
-74
-294
-105
213
98
-198
-170
137
139
-154
-225
85
241
-10
-195
20
245
42
-219
-100
226
160
-131
-141
152
193
-101
-215
64
256
20
-203
-36
227
60
-235
-182
145
137
-170
-246
65
192
-75
-245
-10
231
45
-204
-84
212
118
-172
-165
163
224
-61
-195
60
225
-10
-203
2
294
156
-119
-57
243
203
-91
-136
156
259
-18
-189
21
215
-1
-238
-73
263
193
-91
-82
224
236
-65
-166
123
314
82
-129
38
272
91
-182
-102
225
200
-92
-147
150
241
-26
-151
107
324
105
-134
3
282
165
-131
-102
230
263
-26
-130
144
285
37
-147
65
340
180
-93
-26
261
209
-72
-87
226
313
54
-71
170
352
118
-107
53
348
233
-51
-28
262
257
-33
-104
196
347
102
-93
90
313
138
-106
-3
297
233
-55
-76
232
296
8
-121
135
338
120
-93
66
324
196
-54
24
354
333
12
-83
192
306
40
-119
116
362
183
-65
32
310
225
-65
-66
258
325
43
-85
162
321
87
-116
54
325
194
-76
-43
245
228
-55
-101
214
333
59
-118
90
297
97
-148
-22
280
201
-81
-81
216
252
-21
-123
133
293
58
-141
36
289
140
-119
-40
279
244
-55
-105
194
284
25
-101
150
368
163
-76
56
357
263
-12
10
320
337
40
-70
197
345
124
-12
0
230
507
327
39
119
470
460
164
105
391
434
88
-97
182
419
165
-116
24
313
133
-225
-186
204
249
-74
-181
120
251
-66
-291
-40
263
82
-214
-107
235
154
-197
-235
121
215
-100
-251
44
264
-22
-322
-145
204
75
-258
-221
144
130
-238
-348
0
167
-145
-385
-146
135
-93
-412
-290
80
7
-346
-370
8
80
-276
-442
-115
121
-151
-409
-184
171
10
-329
-276
101
96
-249
-322
42
188
-153
-374
-87
204
-34
-353
-205
179
84
-267
-263
124
184
-170
-308
32
261
-39
-328
-133
185
8
-322
-227
160
124
-244
-330
23
145
-209
-408
-101
193
-50
-359
-217
123
4
-342
-311
98
176
-146
-267
40
201
-105
-342
-82
266
87
-242
-157
202
155
-186
-214
163
275
-51
-243
25
267
20
-257
-71
306
197
-140
-117
260
277
-71
-165
195
400
103
-148
74
372
178
-130
-8
377
313
-68
-141
211
300
-27
-177
148
411
152
-133
40
378
246
-101
-74
294
299
-45
-139
200
345
24
-188
87
401
176
-157
-55
292
209
-145
-161
216
292
-58
-229
67
264
-17
-273
-59
275
102
-244
-190
182
172
-171
-233
139
301
-11
-232
18
275
37
-263
-109
275
185
-165
-168
208
266
-74
-204
129
344
53
-203
8
330
152
-171
-72
330
300
-70
-161
195
332
10
-189
88
376
138
-165
-11
344
224
-146
-131
279
333
-30
-178
165
370
75
-163
76
395
194
-148
-71
300
261
-90
-133
251
377
38
-154
148
408
140
-151
24
390
257
-99
-82
295
316
-52
-183
170
371
55
-206
10
301
92
-218
-90
309
252
-115
-165
212
313
-18
-163
169
427
149
-146
35
378
219
-138
-81
332
357
-5
-125
214
373
53
-158
117
432
215
-97
9
357
259
-101
-104
291
368
8
-147
177
390
98
-166
56
412
241
-106
-51
325
299
-72
-152
224
380
41
-197
61
344
118
-185
-42
330
226
-134
-148
221
266
-84
-211
129
344
44
-216
12
353
170
-167
-68
353
347
-11
-92
265
391
53
-132
182
476
226
-88
55
396
264
-85
-46
357
391
12
-135
204
393
72
-183
59
407
219
-122
-42
327
272
-110
-164
227
353
5
-202
82
324
60
-206
-9
347
200
-158
-140
226
227
-141
-237
141
339
-1
-278
-51
257
57
-260
-141
252
194
-182
-235
132
215
-140
-312
9
262
-21
-327
-150
193
40
-300
-243
166
179
-196
-311
45
214
-115
-345
-71
233
-2
-321
-182
182
74
-305
-308
103
193
-154
-323
-20
184
-97
-346
-121
230
66
-281
-225
164
145
-225
-296
77
236
-103
-343
-86
182
-55
-348
-177
201
88
-282
-296
77
131
0
-228
-365
-20
201
-100
-376
-158
164
-35
-385
-285
129
120
-237
-332
6
124
-209
-391
-91
194
-43
-341
-193
168
67
-269
-243
156
208
-142
-275
65
258
-54
-308
-54
296
113
-235
-174
183
135
-220
-244
160
282
-61
-269
19
268
10
-269
-86
280
155
-186
-155
230
258
-91
-187
183
374
41
-212
38
356
148
-187
-81
313
263
-98
-151
210
295
-54
-227
80
322
41
-248
-61
265
100
-241
-165
250
272
-93
-204
153
322
3
-218
54
372
160
-155
-40
316
231
-134
-154
231
320
-26
-197
104
315
28
-227
1
358
187
-161
-104
269
245
-125
-198
186
338
3
-217
55
339
93
-217
-59
321
220
-145
-166
203
252
-107
-247
98
328
35
-243
-29
293
116
-211
-108
307
283
-91
-173
185
313
-12
-195
114
407
172
-125
8
354
228
-129
-104
297
339
-25
-167
168
364
57
-189
56
389
185
-156
-74
301
251
-114
-155
235
364
29
-154
132
370
113
-168
9
374
253
-90
-69
297
296
-67
-167
192
388
81
-164
69
359
140
-183
-55
344
288
-72
-109
257
339
-7
-169
149
408
154
-120
48
363
208
-132
-69
328
330
-34
-139
203
357
39
-163
116
428
213
-108
6
358
258
-84
-69
329
417
67
-99
216
442
166
-90
130
486
327
-19
19
374
342
-23
-103
269
436
114
-108
146
413
178
-125
19
400
314
-49
-87
256
307
-23
-137
199
410
119
-150
45
363
186
-146
-56
338
315
-39
-113
248
373
39
-145
151
432
188
-110
25
356
224
-134
-114
281
339
-10
-166
138
317
24
-211
25
363
188
-140
-60
309
272
-65
-101
274
395
57
-147
132
377
117
-162
32
404
264
-90
-60
328
357
-1
-110
246
451
153
-92
133
425
218
-101
12
408
353
-26
-99
250
341
11
-147
148
374
103
-180
-17
304
140
-215
-167
229
247
-116
-248
61
198
-117
-325
-52
262
50
-273
-166
189
105
-260
-294
75
161
-196
-391
-107
105
-162
-417
-199
171
51
-276
-236
107
75
-282
-361
5
183
-109
-337
-107
147
-72
-364
-234
118
28
-323
-353
4
71
-251
-380
-53
181
-88
-361
-178
133
-9
-309
-227
150
134
-204
-285
41
146
-193
-390
-113
169
-44
-323
-184
154
56
-269
-254
113
161
-179
-314
-2
185
-88
-328
-102
220
40
-282
-205
144
89
-258
-307
49
168
-154
-347
-70
184
-45
-312
-125
243
120
-230
-221
135
156
-186
-290
68
274
-12
-259
-40
233
23
-285
-169
217
177
-178
-232
109
199
-118
-266
49
313
66
-212
-33
312
183
-156
-117
272
290
-61
-182
138
289
-8
-215
44
355
157
-146
-37
0
309
226
-130
-154
208
284
-40
-188
117
326
51
-203
2
336
167
-182
-152
212
214
-137
-219
132
283
-36
-254
8
289
59
-237
-94
279
198
-155
-179
188
260
-81
-221
107
339
59
-194
8
312
131
-200
-123
261
251
-97
-188
145
264
-55
-251
26
313
85
-212
-75
257
151
-169
-142
217
250
-85
-210
107
297
8
-236
-6
324
149
-170
-87
272
220
-131
-170
212
346
17
-187
76
314
64
-219
-51
313
201
-142
-133
229
248
-100
-201
163
379
93
-146
76
369
171
-138
-25
359
299
-59
-109
245
336
9
-138
178
434
171
-113
56
393
258
-77
-39
347
373
32
-76
235
377
72
-142
112
427
231
-88
6
359
284
-67
-89
293
389
40
-138
155
380
118
-138
64
407
248
-94
-55
307
301
-39
-108
261
421
96
-134
112
378
164
-118
38
411
312
-43
-70
283
338
-2
-122
224
457
168
-101
104
432
267
-59
10
392
368
-2
-89
272
410
84
-114
164
451
204
-117
10
375
277
-72
-52
357
421
65
-88
220
417
133
-114
109
437
247
-87
-17
353
322
-21
-67
304
426
85
-121
150
404
160
-122
43
406
295
-46
-37
329
340
-39
-172
164
374
91
-142
84
379
184
-124
-3
393
331
-57
-135
214
306
-25
-182
128
371
107
-167
5
332
172
-181
-129
276
307
-52
-180
152
320
18
-193
72
392
201
-102
-5
339
250
-97
-97
289
369
16
-156
150
380
103
-173
22
384
245
-103
-85
265
260
-89
-180
170
337
26
-202
45
332
119
-179
-34
352
266
-97
-130
247
330
-8
-150
170
391
107
-166
18
316
121
-233
-157
245
242
-122
-235
82
199
-126
-321
-27
263
24
-298
-180
160
55
-298
-301
74
139
-199
-343
-24
167
-118
-362
-139
187
10
-311
-230
141
101
-261
-307
81
218
-109
-310
-28
219
-36
-334
-168
200
90
-260
-257
114
154
-186
-299
37
231
-65
-317
-107
181
-10
-327
-213
168
120
-237
-306
50
156
-177
-350
-36
235
-27
-330
-164
182
48
-294
-249
138
166
-178
-292
36
200
-100
-333
-101
197
-9
-321
-198
176
96
-274
-301
83
194
-126
-295
-1
230
-27
-286
-85
274
128
-216
-181
182
171
-187
-276
76
246
-55
-266
-6
276
42
-266
-122
267
194
-170
-202
164
235
-93
-225
107
341
67
-201
-5
321
152
-186
-117
288
290
-67
-162
167
289
-38
-236
55
360
138
-158
-28
314
214
-132
-122
263
328
-28
-193
128
330
44
-209
7
337
160
-183
-121
247
215
-145
-203
166
308
-12
-226
25
273
40
-227
-49
317
200
-167
-194
160
196
-145
-250
92
293
0
0
-245
-21
290
100
-220
-110
278
243
-102
-155
208
315
-20
-201
101
378
129
-173
-24
299
160
-195
-173
210
243
-104
-225
109
289
-9
-233
9
312
102
-221
-131
224
153
-200
-225
156
260
-70
-249
35
256
-14
-279
-67
308
192
-139
-116
237
241
-99
-178
178
348
54
-153
99
371
146
-164
-37
336
266
-77
-109
253
329
-9
-151
178
422
162
-98
92
411
245
-86
-22
359
359
7
-99
225
357
40
-148
137
434
204
-104
23
378
289
-53
-43
352
418
68
-82
224
407
116
-130
88
427
267
-68
-19
341
306
-66
-131
247
393
70
-138
132
397
161
-117
59
427
316
-28
-27
330
358
-5
-136
204
422
129
-134
83
385
186
-131
-22
357
309
-45
-113
233
337
9
-161
137
404
168
-100
64
384
236
-99
-56
320
341
0
-121
193
346
36
-194
55
375
179
-148
-61
282
204
-141
-154
233
342
19
-161
118
337
57
-215
-20
339
209
-129
-102
258
258
-103
-189
172
358
64
-154
99
381
168
-124
12
389
309
-45
-76
292
368
22
-129
180
400
120
-151
20
330
181
-130
-41
353
336
-30
-136
194
328
21
-166
119
412
180
-145
-24
332
246
-104
-102
282
353
1
-166
139
345
51
-217
-17
309
145
-188
-130
233
202
-146
-202
162
284
-50
-259
7
261
19
-264
-89
289
184
-170
-181
167
196
-145
-253
90
305
24
-227
-27
250
48
-285
-204
163
133
-194
-236
116
219
-89
-241
65
325
65
-242
-92
225
86
-236
-173
211
221
-139
-270
44
212
-81
-285
-24
301
107
-233
-149
210
147
-212
-252
115
216
-105
-261
49
275
-8
-300
-122
216
59
-276
-218
155
151
-204
-290
72
232
-87
-325
-99
161
-52
-332
-178
210
135
-217
-257
87
147
-184
-322
1
240
-28
-300
-122
184
23
-294
-211
178
169
-183
-278
71
213
-114
-329
-52
247
26
-274
-140
201
105
-218
-198
196
265
-84
-254
44
243
-38
-285
-59
291
141
-184
-123
232
185
-190
-257
124
280
-38
-250
13
276
48
-232
-73
277
167
-163
-139
234
263
-88
-216
108
305
20
-221
-8
283
90
-227
-123
256
214
-134
-202
135
229
-90
-248
52
312
74
-198
-46
265
130
-203
-154
245
281
-74
-213
98
251
-46
-264
-9
312
123
-193
-103
241
179
-164
-188
181
292
-28
-204
84
314
66
-180
23
362
208
-140
-120
