-637
-570
-212
-331
-819
-964
-632
-634
-1133
-1433
-1179
-1012
-1398
-1750
-1537
-1195
-1453
-1900
-1877
-1478
-1549
-2048
-2048
-1896
-1690
-2038
-2048
-2048
-1774
-2048
-2048
-2048
-1681
-1763
-2048
-2048
-1739
-1532
-1785
-1861
-1480
-1238
-1554
-1813
-1573
-1233
-1457
-1762
-1604
-1118
-1090
-1448
-1479
-1082
-873
-1145
-1238
-844
-446
-646
-907
-668
-227
-361
-778
-739
-260
-189
-612
-771
-395
-177
-518
-771
-531
-237
-545
-929
-877
-599
-692
-965
-965
-733
-677
-885
-939
-771
-652
-817
-906
-794
-611
-676
-793
-748
-595
-588
-706
-710
-594
-554
-660
-680
-619
-563
-596
-597
-554
-482
-492
-514
-486
-417
-392
-427
-417
-357
-310
-357
-362
-328
-279
-305
-312
-282
-198
-182
-231
-215
-103
-55
-162
-198
-137
-69
-134
-170
-105
37
16
-71
-30
138
164
8
-36
77
135
-4
-72
25
171
77
-38
18
209
204
57
80
326
473
266
163
331
516
314
168
360
785
706
344
381
864
1000
649
512
917
1274
1052
805
1077
1453
1221
780
794
1113
981
548
489
967
1176
841
651
1009
1308
940
502
628
954
692
173
170
688
809
437
300
694
883
492
229
582
1026
858
508
608
981
866
461
499
994
1065
553
277
637
972
727
440
713
1229
1212
920
1021
1523
1590
1196
1100
1545
1786
1434
1148
1435
1754
1475
1077
1190
1584
1432
949
855
1254
1340
956
808
1242
1595
1334
984
1130
1448
1251
880
999
1477
1467
1057
964
1403
1549
1271
1046
1275
0
1459
1254
981
1121
1345
1202
870
869
1184
1184
934
794
1018
1091
885
705
887
1035
904
685
738
917
855
641
596
788
801
603
470
643
731
587
433
562
723
656
498
517
661
634
488
449
585
609
489
401
506
569
493
390
444
531
492
389
371
451
438
336
274
355
384
284
177
245
337
284
189
236
337
312
210
181
276
276
152
52
149
220
123
-18
36
166
118
-23
-11
155
171
51
2
139
183
54
-68
43
169
93
-53
-19
136
116
-37
-82
75
99
-77
-218
-49
68
-82
-302
-173
72
27
-161
-156
53
49
-169
-298
-93
-21
-309
-689
-589
-331
-586
-1061
-1105
-732
-776
-1205
-1317
-925
-777
-1124
-1277
-858
-486
-795
-1219
-1080
-626
-698
-1123
-1143
-668
-540
-904
-1068
-722
-485
-780
-1028
-724
-327
-537
-930
-810
-329
-373
-828
-926
-486
-317
-721
-1001
-733
-502
-870
-1298
-1190
-817
-979
-1416
-1457
-1061
-1029
-1469
-1686
-1347
-1137
-1538
-1885
-1641
-1253
-1443
-1842
-1811
-1467
-1604
-2008
-2036
-1764
-1704
-1937
-1954
-1683
-1419
-1613
-1742
-1588
-1303
-1349
-1508
-1425
-1125
-1051
-1245
-1249
-1029
-929
-1090
-1105
-839
-506
-693
-930
-849
-589
-659
-873
-850
-602
-517
-706
-734
-508
-340
-553
-681
-561
-354
-457
-615
-562
-349
-366
-554
-565
-376
-292
-461
-532
-407
-279
-390
-484
-394
-217
-279
-413
-391
-236
-227
-360
-378
-238
-148
-283
-363
-282
-168
-243
-329
-286
-172
-227
-333
-329
-242
-230
-306
-305
-216
-101
-161
-216
-149
-10
-56
-164
-148
-24
-9
-101
-91
76
187
48
-19
148
393
259
76
181
535
569
304
323
742
922
561
338
629
928
660
373
644
1155
1065
662
680
1124
1174
794
667
1032
1200
791
468
713
1065
823
444
597
1115
1132
743
705
1164
1290
857
582
884
1170
866
530
739
1140
960
534
599
1062
1063
615
433
771
950
645
482
881
1264
985
584
710
1093
924
453
425
917
1077
684
452
786
1048
724
408
697
1201
1091
710
776
1257
1272
826
682
1076
1255
883
613
923
1319
1125
738
809
1207
1116
729
729
1116
1109
662
513
906
1186
893
595
833
1208
1042
697
833
1313
1301
872
724
1100
1261
933
723
1058
1380
1186
890
1047
1349
1245
957
998
1299
1284
1044
932
1131
1170
952
765
954
1114
1004
832
890
1040
983
825
816
951
948
827
762
855
875
787
698
749
790
736
641
637
684
646
539
507
586
584
498
427
492
523
459
370
402
465
424
324
312
395
385
293
249
337
359
288
210
268
327
292
227
258
312
295
234
226
279
276
226
185
232
249
212
151
179
217
192
122
135
200
195
140
120
178
184
133
77
134
172
147
97
119
162
148
96
0
92
148
148
103
70
120
135
92
32
75
129
105
50
68
123
116
61
48
106
115
66
23
81
116
89
43
74
116
102
53
48
100
100
52
23
80
99
60
9
53
93
66
-4
16
85
72
1
-12
66
75
9
-28
51
91
45
-34
-4
69
42
-37
-21
75
84
20
-7
68
90
32
-28
32
88
50
-22
8
90
80
2
-8
76
89
23
-26
41
84
23
-58
-4
82
52
-39
-34
65
60
-27
-55
53
90
13
-60
18
90
43
-38
5
101
82
-7
-23
74
86
-1
-46
56
114
57
-11
42
112
72
-19
-2
98
92
0
-45
49
76
-17
-94
-3
75
5
-114
-74
42
4
-140
-162
-1
24
-108
-213
-84
-1
-130
-302
-198
-23
-109
-338
-348
-115
-120
-358
-461
-187
-84
-317
-579
-391
-149
-322
-658
-580
-202
-237
-594
-673
-302
-211
-580
-796
-487
-217
-501
-877
-771
-430
-572
-963
-955
-540
-491
-856
-994
-636
-425
-713
-956
-689
-305
-453
-771
-644
-218
-258
-621
-648
-227
-86
-443
-680
-403
-179
-478
-791
-597
-219
-386
-785
-772
-376
-371
-743
-824
-395
-150
-465
-727
-461
-136
-359
-708
-571
-131
-147
-491
-508
-81
34
-328
-523
-218
21
-274
-570
-360
-3
-169
-521
-429
10
35
-327
-413
-20
162
-156
-358
-50
274
43
-289
-151
232
147
-233
-266
130
210
-155
-342
-27
176
-140
-413
-157
225
66
-276
-199
201
183
-186
-250
160
329
-8
-237
44
337
102
-188
5
419
327
-27
-33
355
409
53
-58
326
562
261
-4
230
563
365
11
105
509
457
54
-29
344
460
109
-76
252
534
236
-115
33
389
245
-136
-114
296
338
-33
-171
164
326
-1
-248
11
357
156
-173
-70
291
202
-186
-235
161
276
-59
-231
104
378
130
-129
112
515
381
5
23
404
401
21
-86
285
477
164
-76
183
486
274
-27
129
529
449
86
69
451
501
129
-26
324
582
314
38
242
571
418
88
157
548
538
184
97
451
572
235
20
301
587
357
33
134
465
359
7
12
401
450
84
-78
220
405
113
-145
90
441
268
-72
-10
358
329
-17
-77
294
426
92
-135
117
374
155
-105
90
471
359
1
5
385
421
83
-28
308
488
182
-78
141
438
252
-54
72
466
410
49
-10
354
456
131
-68
208
441
184
-120
25
337
172
-196
-170
212
219
-146
-274
58
210
-98
-315
-37
278
65
-277
-186
167
92
-266
-300
65
145
-185
-342
-20
192
-103
-374
-149
204
53
-290
-228
162
168
-172
-250
124
306
4
-231
23
309
90
-214
-67
307
213
-150
-163
210
257
-89
-225
117
353
88
-173
23
332
0
147
-216
-163
228
220
-135
-220
136
266
-49
-242
48
317
71
-242
-101
250
155
-170
-131
284
368
41
-90
229
416
139
-88
152
482
313
-11
50
385
313
-45
-97
280
394
50
-168
104
347
93
-203
-27
342
220
-136
-137
215
228
-122
-233
117
313
6
-264
-50
232
20
-312
-205
173
134
-201
-247
116
216
-114
-291
2
229
-58
-373
-215
82
-113
-505
-482
-89
-68
-429
-550
-209
-49
-364
-596
-337
-28
-247
-586
-502
-173
-278
-659
-700
-340
-260
-602
-781
-484
-260
-534
-802
-587
-229
-387
-749
-716
-337
-342
-706
-785
-407
-221
-521
-742
-483
-202
-436
-741
-577
-172
-250
-610
-628
-246
-164
-490
-620
-282
-54
-342
-615
-418
-107
-289
-625
-531
-122
-129
-476
-556
-200
-68
-391
-589
-302
-19
-264
-585
-457
-114
-227
-566
-533
-131
-66
-403
-535
-204
-9
-301
-534
-282
64
-110
-449
-366
3
-50
-430
-491
-116
-7
-358
-564
-279
-20
-259
-533
-338
44
-69
-418
-402
-13
20
-327
-434
-74
134
-150
-377
-131
166
-33
-341
-214
170
108
-251
-283
106
218
-119
-283
45
325
73
-212
-26
321
178
-167
-115
284
310
-43
-166
164
323
9
-205
64
393
209
-92
17
363
279
-72
-87
296
380
35
-129
189
424
151
-129
55
392
251
-54
18
393
373
12
-66
281
412
81
-148
99
362
132
-171
-24
355
264
-98
-123
243
305
-35
-164
170
392
107
-158
32
332
164
-142
-42
343
311
-51
-135
216
338
11
-171
123
411
186
-91
72
417
288
-62
-40
354
410
83
-36
283
457
156
-65
209
552
352
-2
73
449
407
59
20
417
566
252
68
358
613
368
87
268
636
524
178
185
553
570
199
69
403
577
265
24
258
544
322
-3
120
508
443
71
5
353
439
104
-67
226
465
197
-89
89
425
289
-24
56
455
456
97
-3
355
505
185
-17
264
585
394
88
201
539
433
71
71
480
560
196
9
296
486
189
-81
133
484
324
-13
35
396
370
3
-73
290
428
92
-133
128
378
128
-172
-19
361
273
-85
-104
261
312
-39
-170
176
401
117
-149
49
347
171
-139
-41
339
293
-65
-126
232
349
9
-190
93
374
149
-125
34
368
233
-120
-102
289
339
-8
-148
181
375
87
-132
124
448
244
-97
-22
316
248
-108
-139
248
371
42
-135
156
388
118
-174
-9
352
242
-86
-65
293
291
-67
-168
184
371
70
-156
96
405
218
-82
50
433
368
19
-17
332
394
44
-114
199
434
152
-141
22
339
181
-157
-98
298
307
-66
-197
120
259
-54
-269
-9
273
27
-299
-184
160
59
-306
-331
44
131
-212
-385
0
-94
101
-168
-423
-210
122
-58
-430
-405
-76
-133
-506
-596
-243
-108
-450
-678
-410
-145
-390
-695
-538
-165
-267
-631
-646
-274
-202
-510
-599
-245
-19
-289
-523
-294
11
-172
-490
-369
53
43
-309
-389
-42
67
-263
-457
-174
89
-148
-435
-273
68
-65
-422
-395
1
40
-327
-483
-164
22
-260
-490
-252
60
-129
-444
-331
41
-19
-385
-435
-66
43
-290
-482
-182
76
-157
-426
-246
91
-52
-403
-374
-20
-10
-340
-417
-50
148
-141
-385
-153
118
-114
-444
-327
52
-3
-339
-361
-5
57
-286
-444
-134
116
-122
-378
-185
138
-9
-337
-265
132
144
-205
-311
22
166
-145
-338
-51
247
26
-285
-161
197
105
-246
-247
140
214
-123
-278
27
226
-53
-284
-37
316
161
-170
-100
274
260
-59
-97
267
404
91
-99
162
391
116
-197
-40
330
235
-104
-108
245
273
-88
-213
130
355
88
-154
53
337
139
-185
-84
312
290
-50
-103
252
363
45
-120
179
449
214
-74
67
400
282
-53
-35
330
362
21
-103
210
361
51
-179
59
358
155
-152
-43
322
266
-81
-108
269
386
70
-91
200
407
129
-134
71
438
313
-21
7
368
371
20
-69
285
460
147
-105
122
423
237
-54
73
455
388
38
6
368
448
115
-25
304
536
257
-29
130
417
236
-99
-29
357
365
26
-68
268
416
119
-61
215
493
264
-43
75
420
328
-5
5
406
493
169
17
309
497
213
-25
212
551
389
72
145
506
471
121
72
454
605
288
65
315
564
323
21
163
515
410
76
76
432
467
140
40
389
598
297
34
246
546
337
-17
69
471
457
124
71
422
519
188
20
316
578
314
-5
129
449
310
-37
-19
343
373
39
-69
253
412
113
-109
129
432
240
-70
27
385
327
0
-17
357
466
135
-57
209
427
177
-81
104
451
324
1
42
401
377
12
-70
288
449
136
-100
125
391
172
-137
-17
341
252
-93
-124
220
266
-75
-202
144
386
108
-162
26
337
168
-164
-105
261
247
-89
-164
186
328
24
-152
141
435
195
-118
9
342
228
-106
-84
311
391
58
-90
217
417
136
-107
113
437
265
-53
22
373
316
-39
-99
247
358
22
-183
82
338
104
-180
-21
330
211
-153
-170
173
184
-174
-298
27
208
-103
-369
-163
103
-117
-446
-349
21
-24
-381
-442
-98
-14
-354
-521
-210
57
-203
-529
-396
-77
-225
-581
-556
-194
-199
-566
-683
-333
-153
-443
-646
-374
-56
-247
-547
-430
-77
-155
-517
-548
-169
-75
-413
-598
-311
-88
-350
-618
-424
-67
-204
-548
-520
-165
-172
-539
-659
-326
-164
-470
-691
-446
-188
-424
-732
-595
-233
-364
0
-775
-838
-493
-451
-802
-938
-616
-405
-696
-963
-758
-449
-630
-958
-874
-485
-503
-859
-938
-596
-466
-787
-989
-727
-456
-680
-951
-791
-426
-499
-806
-762
-360
-307
-677
-849
-555
-358
-633
-882
-706
-419
-609
-900
-827
-516
-562
-851
-858
-565
-442
-702
-807
-581
-353
-536
-689
-502
-142
-218
-492
-441
-82
-37
-370
-452
-135
74
-177
-358
-105
234
92
-154
17
454
437
91
40
397
504
196
44
355
600
323
25
202
563
450
124
178
577
624
308
231
581
739
428
214
474
786
569
237
337
697
628
262
216
564
635
298
131
426
646
371
96
297
656
509
161
196
568
560
198
115
482
647
336
117
387
673
445
136
288
693
627
275
264
645
706
344
180
498
727
445
179
381
696
517
181
268
680
685
337
248
588
705
374
183
486
775
521
208
364
731
628
279
300
698
759
406
250
570
762
461
198
419
744
561
231
315
689
663
323
281
666
791
453
243
516
771
537
273
468
834
692
307
292
656
688
341
237
613
836
540
274
482
770
563
227
324
697
635
273
216
579
666
325
157
473
722
441
135
294
621
470
122
177
572
597
249
136
469
618
299
81
331
620
386
41
132
480
384
4
-21
368
470
136
-36
257
460
180
-81
135
485
322
-24
26
406
391
28
-28
352
505
196
-13
256
523
278
-40
96
468
385
25
-4
347
390
34
-106
232
455
165
-109
84
386
199
-124
-28
362
341
-22
-106
256
381
34
-193
85
378
162
-136
-4
323
208
-124
-92
293
328
-38
-184
140
329
33
-209
37
390
244
-51
35
379
315
-40
-86
284
401
64
-133
148
393
162
-84
120
496
374
17
16
362
377
32
-76
256
436
150
-76
176
487
294
-25
84
455
391
38
2
363
441
99
-58
253
503
249
-28
138
456
298
-49
-1
379
374
9
-106
215
347
37
-169
108
420
215
-82
56
418
326
-28
-46
329
412
80
-98
178
356
57
-214
-11
308
117
-259
-249
73
25
-346
-428
-61
82
-258
-492
-242
1
-273
-610
-481
-114
-201
-547
-564
-204
-156
-505
-647
-324
-114
-403
-669
-474
-178
-363
-689
-585
-204
-273
-679
-790
-435
-300
-634
-844
-569
-290
-529
-827
-678
-330
-455
-811
-794
-396
-327
-648
-749
-396
-210
-505
-726
-455
-105
-281
-620
-551
-195
-261
-633
-674
-289
-178
-524
-731
-437
-178
-422
-685
-470
-77
-189
-534
-504
-122
-104
-466
-572
-220
-41
-353
-598
-371
-105
-327
-631
-486
-75
-121
-465
-483
-100
-9
-353
-516
-198
39
-261
-579
-417
-113
-291
-631
-550
-134
-117
-469
-561
-200
-44
-361
-548
-228
0
116
-68
-359
-211
169
89
-244
-215
201
291
-40
-169
166
393
120
-130
98
458
305
-29
38
422
401
32
-39
340
502
179
-44
226
504
276
-26
120
489
375
-9
-69
246
252
-102
-217
138
358
69
-180
48
369
176
-149
-25
393
372
-6
-101
256
379
55
-132
154
411
146
-164
10
387
273
-106
-120
258
297
-58
-195
136
325
45
-157
115
455
247
-116
-55
292
202
-190
-237
156
281
-54
-237
77
354
121
-129
105
512
393
39
54
417
419
59
-39
317
492
164
-88
150
445
225
-110
-2
372
297
-69
-106
278
372
36
-108
233
499
228
-59
122
436
252
-108
-51
352
344
-28
-141
204
361
38
-196
74
392
172
-155
-37
336
266
-71
-70
330
412
41
-140
166
365
43
-253
-49
288
112
-227
-145
252
243
-101
-141
251
400
60
-150
135
416
163
-154
5
388
278
-87
-93
284
340
1
-98
277
518
235
-13
220
537
329
-12
80
474
437
49
-49
296
388
26
-173
121
401
150
-153
-7
311
154
-214
-179
231
283
-65
-183
169
347
33
-195
74
421
231
-98
-1
369
296
-69
-82
341
493
188
25
356
635
390
98
264
598
411
9
19
404
424
67
-41
307
469
129
-119
150
466
230
-117
22
443
368
-39
-119
245
315
-72
-275
20
219
-118
-440
-241
91
-122
-549
-523
-116
-116
-523
-658
-282
-125
-477
-725
-459
-173
-456
-858
-807
-508
-697
-1195
-1352
-1128
-1240
-1738
-1941
-1843
-1814
-1974
-2023
-1942
-1859
-1853
-1805
-1736
-1667
-1608
-1549
-1492
-1435
-1381
-1330
-1278
-1229
-1181
-1139
-1095
-1052
-1013
-973
-936
-901
-866
-833
-801
-770
-739
-710
-682
-657
-630
-604
-581
-557
-535
-515
-492
-473
-454
-436
-419
-402
-386
-369
-355
-339
-325
-310
-298
-284
-274
-261
-250
-238
-229
-218
-210
-199
-189
-182
-173
-166
-157
-150
-141
-136
-130
-122
-117
-109
-104
-100
-93
-88
-84
-78
-74
-70
-66
-60
-57
-54
-51
-45
-42
-39
-37
-34
-29
-27
-25
-22
-20
-18
-14
-12
-10
-8
-6
-5
-3
-2
1
1
3
4
5
7
8
8
10
11
13
16
16
17
18
19
20
21
21
22
23
24
24
25
26
26
27
27
28
28
28
29
32
32
32
34
33
33
34
35
35
35
35
36
36
36
36
37
37
38
37
38
38
39
38
39
39
39
40
39
40
40
41
40
40
41
42
41
40
41
43
42
41
42
44
44
42
42
45
51
45
44
52
76
66
49
55
97
91
54
54
106
140
76
57
108
186
131
81
134
280
280
176
199
378
391
192
124
237
312
171
103
247
504
418
219
284
598
662
406
0
397
775
1028
786
643
1025
1445
1218
871
1140
1768
1819
1461
1457
1930
2047
1686
1542
1962
2047
1852
1426
1557
1878
1656
1239
1334
1861
1926
1505
1328
1699
1888
1586
1415
1817
2047
2007
1698
1943
2047
2047
1915
1909
2047
2047
2033
1937
2047
2047
1959
1672
1817
1979
1841
1628
1708
1867
1792
1596
1564
1702
1680
1527
1414
1476
1475
1346
1203
1249
1298
1218
1074
1051
1128
1094
981
928
984
969
869
772
809
824
727
619
668
740
682
541
505
610
602
481
404
503
545
455
361
437
513
464
363
373
448
416
304
266
377
392
300
244
353
394
358
309
339
360
343
307
307
321
309
280
261
278
274
243
202
234
246
229
187
200
220
211
181
179
198
195
177
160
177
176
156
128
147
162
152
123
122
144
138
113
106
134
135
128
119
124
123
120
117
115
114
112
106
103
103
101
98
92
96
93
90
85
87
88
86
81
82
83
82
80
75
76
76
72
68
72
72
70
64
68
69
68
66
66
67
66
65
64
65
65
61
57
59
60
59
55
56
58
57
51
49
56
57
53
45
53
55
49
25
37
52
41
3
2
41
36
-22
-51
21
39
-34
-139
-88
-11
-88
-266
-284
-145
-215
-526
-705
-407
-313
-653
-969
-696
-333
-523
-868
-714
-251
-244
-516
-458
-30
20
-283
-491
-163
35
-180
-445
-225
97
2
-290
-237
112
103
-168
-205
171
293
139
5
179
299
164
-33
39
218
139
-83
-78
170
172
-56
-171
81
173
-59
-326
-117
122
-43
-366
-263
77
-20
-468
-603
-163
23
-264
-457
-125
151
-24
-282
-138
129
-28
-411
-403
-6
13
-363
-529
-188
-17
-348
-620
-300
133
0
-350
-277
153
167
-155
-185
261
413
241
151
413
524
328
77
227
459
373
154
229
497
499
309
248
466
532
378
220
339
457
362
195
229
374
313
115
80
272
278
82
2
250
371
247
100
201
326
236
84
156
337
308
144
101
267
300
154
58
209
312
233
134
224
343
309
212
233
344
341
262
216
289
299
214
141
228
282
233
161
208
276
263
215
215
257
252
226
208
232
232
216
188
198
205
194
160
160
182
177
147
137
167
168
155
139
151
152
145
122
129
137
132
108
100
119
115
77
49
93
108
82
40
82
108
93
51
64
102
98
59
48
91
99
82
71
97
101
96
83
88
92
90
82
84
88
86
82
74
81
81
75
67
73
75
72
57
64
72
67
38
35
67
69
53
35
64
70
64
51
65
69
68
61
64
67
67
64
60
65
64
60
56
59
60
0
58
54
56
58
58
54
53
57
57
53
49
55
56
54
50
53
55
54
45
49
54
53
48
41
52
52
42
28
44
53
45
27
41
54
52
38
36
52
54
42
33
50
53
38
12
35
52
42
10
16
48
41
-5
-17
41
52
16
-27
16
44
13
-27
17
60
48
-9
-12
51
53
0
-34
37
64
32
-9
37
74
56
1
10
68
64
6
-17
48
57
3
-39
34
77
53
5
38
83
74
42
53
86
82
43
19
67
77
48
6
51
83
72
42
54
81
75
49
54
84
84
72
61
76
81
72
55
67
75
72
56
60
73
72
59
53
69
70
64
51
64
69
64
42
50
65
59
29
11
48
51
7
-23
32
53
10
-40
6
53
22
-67
-72
10
-11
-177
-300
-185
-140
-344
-630
-538
-325
-540
-986
-1041
-756
-904
-1419
-1562
-1172
-1065
-1544
-1866
-1586
-1268
-1571
-1997
-1907
-1525
-1669
-2048
-2048
-1674
-1639
-2048
-2048
-1795
-1525
-1876
-2048
-1986
-1608
-1754
-2040
-1845
-1267
-1162
-1496
-1538
-1083
-878
-1195
-1390
-1016
-628
-873
-1205
-979
-535
-673
-1134
-1163
-742
-684
-1076
-1249
-913
-695
-1014
-1302
-1082
-760
-1029
-1443
-1331
-837
-803
-1147
-1115
-569
-317
-657
-874
-531
-194
-428
-730
-533
-114
-236
-629
-615
-261
-346
-821
-938
-507
-205
-461
-682
-385
16
-147
-452
-237
261
184
-263
-333
99
246
-71
-210
165
508
301
41
248
600
437
90
209
683
704
321
274
807
1137
874
685
1065
1498
1302
937
1044
1441
1318
860
828
1319
1472
1077
856
1244
1590
1381
1122
1337
1676
1433
984
993
1371
1323
899
784
1156
1305
957
709
999
1357
1201
917
1085
1506
1444
1081
1018
1309
1223
723
485
820
1065
730
352
480
744
474
34
73
470
410
-12
-81
391
572
165
-114
199
515
217
-164
8
469
387
-25
-36
421
516
150
2
387
612
310
98
464
899
704
268
259
628
581
185
102
503
627
250
28
360
627
301
-91
32
390
227
-162
-76
422
453
-14
-164
338
699
491
277
577
909
809
635
805
1027
948
707
644
849
849
641
534
742
841
716
584
680
776
662
483
545
715
681
521
481
627
644
513
442
569
628
536
427
484
567
517
401
410
519
508
418
374
450
457
365
288
374
432
384
301
338
396
379
330
325
358
349
313
290
315
315
293
262
275
281
265
232
230
248
240
208
195
220
217
194
167
193
197
182
154
169
181
176
155
152
163
160
146
136
147
147
137
124
131
133
124
108
113
121
118
104
98
109
108
97
83
98
102
92
73
85
96
90
71
72
88
87
70
56
0
77
82
68
50
71
82
74
54
58
74
69
41
41
72
74
66
55
69
71
54
13
33
60
42
-6
6
65
65
28
17
60
71
45
7
36
61
39
-3
27
72
68
37
40
73
74
56
42
68
74
56
24
48
70
58
27
40
70
69
48
38
66
69
44
12
42
60
37
-10
10
56
45
2
12
67
69
38
13
54
68
40
9
50
75
66
38
52
75
70
36
18
55
57
3
-60
-6
35
-22
-117
-62
44
37
-33
-33
49
50
-28
-76
2
37
-38
-120
-50
25
-35
-161
-137
-9
-40
-218
-317
-177
-148
-361
-601
-466
-295
-547
-971
-981
-696
-853
-1329
-1435
-1084
-1050
-1512
-1781
-1491
-1233
-1506
-1813
-1645
-1308
-1497
-1923
-1959
-1594
-1574
-1944
-2048
-1748
-1587
-1922
-2048
-1923
-1585
-1773
-2048
-1970
-1577
-1637
-1978
-2003
-1659
-1611
-1944
-2028
-1634
-1301
-1507
-1748
-1531
-1141
-1237
-1522
-1411
-984
-998
-1418
-1559
-1268
-1159
-1494
-1637
-1451
-1252
-1427
-1553
-1426
-1174
-1211
-1355
-1297
-1058
-999
-1157
-1162
-964
-838
-980
-1026
-836
-572
-684
-854
-773
-507
-485
-663
-643
-374
-196
-375
-458
-249
-56
-308
-516
-439
-252
-385
-583
-572
-413
-420
-572
-596
-466
-387
-491
-546
-441
-308
-393
-487
-428
-277
-280
-379
-360
-200
-139
-265
-299
-162
-36
-162
-268
-197
-52
-101
-198
-122
133
218
54
49
305
411
122
4
234
610
475
184
310
743
720
356
325
701
780
413
259
579
844
601
331
508
837
680
341
401
856
969
652
581
962
1116
746
469
700
988
810
610
865
1293
1187
825
867
1330
1419
1003
820
1201
1523
1285
1003
1188
1501
1264
809
823
1251
1293
940
822
1168
1347
1045
821
1065
1284
947
577
737
1096
896
423
412
872
965
554
344
706
992
757
569
890
1281
1098
740
800
1185
1161
822
818
1265
1429
1073
824
1108
1377
1100
772
941
1325
1220
891
954
1372
1403
1036
880
1218
1427
1218
1016
1236
1420
1234
932
1010
1270
1188
883
781
1058
1114
914
781
969
1059
874
646
738
899
768
506
587
875
885
733
700
856
875
741
645
739
792
669
514
565
692
641
506
518
649
645
522
445
533
568
473
380
456
536
480
380
409
490
455
339
305
402
405
298
215
292
338
233
102
161
277
226
87
91
244
250
128
81
212
256
140
34
132
229
146
-3
35
182
147
-20
-59
89
103
-45
-123
52
155
35
-141
-82
76
-3
-242
-269
-25
-13
-242
-373
-120
-7
-210
-386
-130
87
-53
-337
-285
0
-54
-404
-509
-156
-69
-422
-668
-378
-116
-364
-724
-634
-306
-421
-743
-665
-183
-77
-395
-516
-151
99
-117
-343
-120
173
11
-254
-65
347
337
0
69
6
311
385
182
86
356
491
355
196
333
500
410
228
280
490
487
333
293
456
490
358
264
384
459
346
196
259
392
328
152
139
293
278
99
11
198
276
133
-14
107
262
173
-41
-55
120
59
-219
-301
11
99
-147
-388
-169
19
-215
-567
-444
-89
-204
-584
-601
-196
-139
-574
-883
-663
-499
-882
-1274
-1142
-852
-1078
-1469
-1380
-922
-933
-1380
-1542
-1201
-1094
-1517
-1822
-1585
-1284
-1533
-1854
-1692
-1289
-1365
-1715
-1690
-1250
-1143
-1474
-1614
-1257
-1015
-1316
-1601
-1395
-1073
-1313
-1678
-1549
-1090
-1076
-1383
-1303
-744
-485
-770
-916
-539
-213
-433
-698
-476
-33
-139
-563
-600
-214
-204
-663
-835
-424
-180
-515
-797
-533
-151
-353
-742
-680
-307
-386
-769
-793
-349
-183
-501
-651
-305
-33
-345
-692
-534
-153
-237
-547
-468
-24
68
-233
-308
77
297
52
-85
283
720
577
235
336
745
697
298
236
668
850
577
480
877
1180
919
649
872
1252
1095
694
672
1027
1010
624
549
994
1251
963
721
956
1201
903
507
630
1079
1031
608
502
866
941
554
344
636
834
467
103
310
712
576
249
374
848
874
477
329
679
807
413
154
435
712
420
58
184
533
393
1
35
534
699
