59
34
32
56
60
33
25
59
84
70
44
55
86
77
44
37
58
60
35
39
86
115
82
59
91
124
101
61
65
91
83
49
52
88
105
81
55
65
76
49
22
38
71
65
38
49
84
84
44
28
50
59
43
45
76
105
73
28
39
75
68
36
42
84
96
66
55
80
98
72
49
69
99
84
49
44
72
74
41
34
65
73
27
7
41
81
60
24
28
57
43
3
2
35
36
6
4
39
68
41
17
33
60
52
26
36
71
74
39
23
65
100
81
60
85
107
86
57
64
98
96
55
43
73
80
41
26
45
72
60
44
53
69
48
18
35
82
84
41
35
74
96
58
29
48
72
49
20
32
58
44
1
0
35
36
-1
-3
36
60
35
10
42
82
60
22
26
56
52
22
20
48
58
28
17
55
92
73
45
56
87
76
36
22
53
66
27
11
45
71
42
19
33
52
35
6
13
40
35
-1
-3
29
49
19
-3
12
42
32
16
34
71
58
19
5
32
42
27
37
71
84
50
21
48
84
75
52
56
84
80
52
55
88
106
77
68
103
129
96
57
70
97
80
43
43
65
51
2
-22
-5
9
-26
-71
-66
-40
-58
-87
-67
-9
13
1
3
41
56
27
21
55
85
60
23
25
59
49
6
0
11
61
71
27
3
29
59
51
38
66
99
84
57
69
98
86
55
67
100
87
38
21
57
92
56
16
29
69
55
10
17
65
82
44
26
54
67
32
3
19
36
3
-29
-12
41
57
26
22
66
82
41
24
55
85
55
24
43
76
65
34
45
91
105
73
65
100
116
71
49
82
116
91
54
58
86
70
24
9
40
44
0
-18
12
37
4
-18
6
48
27
-4
10
53
54
11
4
44
71
40
20
50
82
72
41
41
71
53
12
35
99
114
60
33
57
70
29
7
43
87
68
27
38
81
76
22
5
43
64
18
-17
7
43
21
-13
2
51
54
23
32
71
80
37
18
48
80
53
28
51
87
71
29
32
74
76
34
21
54
70
42
33
69
100
68
22
25
58
57
32
33
69
82
45
28
60
88
60
28
52
87
64
22
22
53
39
-8
-19
16
27
-4
-13
13
39
18
4
43
92
83
37
23
56
68
41
37
72
98
81
66
82
93
56
19
41
98
100
58
55
90
99
58
41
71
97
67
35
54
90
70
25
28
70
74
29
21
66
90
58
29
51
82
58
22
25
60
55
23
39
84
82
20
-9
19
56
44
22
36
65
49
7
11
59
64
22
11
37
48
2
-23
13
60
43
17
37
77
76
39
36
75
96
58
51
88
112
70
38
66
106
88
38
41
87
91
49
29
58
82
45
11
39
76
52
8
18
64
60
24
32
76
91
48
25
61
92
68
41
56
86
69
29
36
75
88
64
64
99
114
71
48
75
103
80
52
67
93
80
37
43
101
124
73
38
66
100
73
37
40
64
50
27
52
103
104
51
32
66
84
49
19
44
81
64
32
43
80
64
20
29
81
86
37
18
57
92
65
21
21
51
52
34
48
85
81
38
32
66
89
69
60
82
90
52
8
16
44
28
-12
-7
33
33
-11
-20
12
39
13
-8
11
48
34
2
18
67
69
26
20
60
74
34
18
49
70
39
3
18
67
67
25
17
50
59
23
18
56
80
42
19
54
93
64
21
32
64
54
8
0
33
48
11
-7
8
23
-5
-30
-8
33
20
-26
-22
25
48
23
23
58
69
28
4
32
65
41
10
34
84
85
45
39
86
114
75
48
71
103
86
60
83
123
116
85
91
124
117
57
33
49
42
-6
-29
0
40
18
-27
-20
24
22
-20
-20
27
50
7
-18
6
38
24
12
41
85
0
67
16
16
59
74
39
24
56
75
38
8
26
59
39
10
38
87
90
54
55
103
122
87
64
80
96
60
23
42
87
71
16
1
38
50
9
-7
19
37
4
-7
33
76
59
25
38
75
65
17
16
65
90
54
36
70
99
68
33
42
75
66
26
29
72
82
42
34
70
88
57
40
71
106
77
32
34
70
66
20
0
33
55
22
9
40
58
32
11
39
76
56
10
11
50
58
27
26
72
105
77
48
65
93
76
50
61
96
84
40
33
69
83
52
45
77
109
90
60
77
115
99
54
51
87
81
34
23
60
84
45
10
21
45
24
-7
-1
33
33
-6
-20
5
10
-21
-30
5
41
19
-2
23
59
43
7
17
53
51
10
8
52
75
43
13
43
89
73
29
39
89
101
81
82
109
115
68
36
56
81
45
4
17
53
35
-5
-1
36
36
-3
-17
16
37
12
1
32
58
29
-2
23
81
82
27
19
59
74
42
39
71
85
36
-5
13
55
39
2
11
60
59
20
12
57
91
59
36
69
112
88
45
52
84
70
32
38
74
73
28
10
36
52
13
-11
18
58
44
18
39
99
108
58
40
69
83
38
17
56
100
71
29
42
89
84
37
41
100
122
86
66
90
105
69
33
39
70
64
42
54
90
88
42
26
59
77
40
20
50
73
35
-1
25
74
71
37
35
60
52
4
5
67
117
108
88
102
136
122
93
99
123
114
67
64
113
146
117
96
117
128
76
38
56
93
89
50
29
51
59
36
26
59
88
66
40
60
97
76
35
45
84
72
16
-3
24
38
6
-11
17
50
36
9
18
50
48
16
16
49
53
8
-9
23
51
21
-3
27
60
27
-8
4
48
43
0
-9
24
40
1
-24
-6
19
-5
-28
-1
48
52
36
49
82
82
41
34
71
92
51
13
37
77
66
21
10
37
42
20
17
44
60
36
19
40
65
34
-3
19
68
61
21
26
80
92
44
23
55
74
43
26
54
85
57
16
17
57
69
43
42
71
72
32
11
41
68
49
38
72
105
82
28
22
55
60
25
13
49
65
24
-1
24
58
40
7
24
72
65
10
-8
16
35
5
-8
20
45
18
-10
4
37
20
-12
0
39
41
3
-13
3
18
5
12
50
75
44
-2
2
40
38
5
5
40
53
19
3
33
58
27
1
25
60
39
-4
-3
42
61
33
35
77
105
75
52
68
84
65
42
0
69
114
108
73
65
86
98
80
71
91
105
72
49
68
102
87
50
49
83
97
70
61
96
105
65
36
53
85
70
48
57
83
65
21
20
65
90
58
34
60
92
74
54
74
101
80
50
59
96
90
43
20
39
52
22
5
32
60
41
10
20
44
37
8
10
52
69
42
29
57
71
33
0
13
54
57
34
39
75
81
42
27
57
67
25
0
24
69
59
33
41
74
64
32
36
73
76
37
22
50
80
53
21
35
59
38
-2
2
42
49
16
4
38
59
25
-7
8
37
19
-4
10
43
34
-4
3
42
42
5
-4
26
53
33
17
49
85
65
25
25
48
42
7
5
49
67
34
5
19
48
38
11
17
44
38
2
-3
36
58
34
32
64
80
45
9
19
45
34
5
19
59
67
42
43
76
91
57
33
43
56
37
26
64
104
98
52
36
69
84
54
41
71
96
69
41
56
85
74
48
57
91
91
59
51
74
92
71
65
93
113
71
24
26
64
56
18
13
56
86
57
35
56
81
56
27
43
76
56
8
10
53
68
51
51
74
76
29
8
40
86
73
40
48
87
86
44
37
69
81
53
45
72
91
69
43
51
66
42
5
11
48
45
10
6
43
65
35
16
38
65
42
16
26
55
44
22
32
66
73
38
22
48
73
57
40
55
87
76
45
43
69
65
34
40
83
99
67
50
69
89
55
16
23
54
41
7
13
57
76
49
36
58
71
35
12
50
98
88
44
42
81
83
42
26
50
67
49
38
71
97
54
13
33
81
83
51
43
65
56
27
27
57
81
66
57
82
102
66
24
34
72
77
50
41
65
66
21
-1
33
73
64
36
41
72
58
20
16
53
74
48
27
52
74
51
29
51
85
69
38
49
83
83
51
50
85
90
49
44
88
104
64
34
52
82
66
28
27
54
50
8
1
32
44
12
-3
26
70
58
26
21
41
34
1
4
40
45
7
-9
22
58
44
23
38
69
65
38
40
76
74
29
7
25
38
11
-2
22
54
37
9
34
71
56
12
8
38
42
5
-18
5
25
-4
-34
-18
17
7
-13
5
37
33
-5
-9
17
22
-6
-22
1
33
21
-1
9
38
36
10
17
57
71
38
32
70
92
59
26
40
70
57
27
32
69
87
60
51
75
86
48
21
42
73
54
22
25
54
49
25
39
75
82
49
26
38
54
29
-1
7
33
0
25
7
16
44
48
12
7
48
80
65
55
80
101
71
38
55
100
93
53
58
106
122
82
48
69
104
101
84
92
115
93
52
43
73
80
50
36
58
68
36
21
57
92
72
41
51
69
36
0
11
68
91
65
53
74
92
65
37
57
87
61
24
34
70
75
57
64
92
101
69
57
84
102
82
61
77
103
81
43
57
93
91
48
21
42
60
38
32
70
106
89
52
49
77
84
65
69
92
104
80
56
75
102
83
53
64
92
89
67
71
98
96
56
29
38
42
12
-3
16
40
23
-1
7
42
52
28
19
29
28
1
-8
21
49
19
-12
-4
32
29
12
26
65
64
17
2
33
58
37
10
35
68
42
2
4
39
42
18
16
45
56
26
11
33
57
41
21
37
68
53
13
12
50
65
38
23
39
59
40
19
32
58
41
9
21
56
45
3
-9
13
28
18
27
75
100
58
18
35
70
68
41
44
76
86
68
75
114
124
84
48
66
91
71
42
49
74
59
17
5
37
51
22
10
41
73
52
18
28
52
34
4
12
50
54
21
7
32
42
20
18
61
105
80
33
42
87
91
59
48
69
80
52
39
73
107
85
56
65
88
80
61
84
120
105
50
32
64
84
56
39
64
87
56
10
8
41
37
-4
-19
5
20
-6
-12
19
53
40
18
32
59
51
27
39
83
89
57
43
73
90
52
34
68
101
80
50
66
113
116
74
60
85
90
58
48
72
80
27
-7
21
66
50
9
10
44
50
10
-2
20
25
-9
-27
8
64
74
54
56
77
57
12
17
71
97
60
27
42
69
54
36
45
71
64
40
55
101
107
80
74
101
97
44
16
33
52
35
12
23
45
38
9
12
58
81
50
19
21
32
6
-11
8
49
35
0
5
51
65
25
-2
17
37
24
18
43
71
50
18
22
54
65
50
59
88
81
42
28
67
109
102
75
87
123
122
92
88
106
91
44
26
54
64
26
-4
-3
11
-5
-24
-9
16
2
-24
-11
24
29
-3
-13
16
40
19
-2
24
67
52
18
25
54
51
11
-4
26
58
40
16
20
44
49
41
58
84
73
33
20
41
45
26
36
80
100
51
12
23
40
8
-28
-23
3
-10
-46
-34
11
26
-3
-23
4
44
41
28
39
59
52
32
38
68
71
36
27
72
108
89
66
76
92
65
33
54
104
109
69
49
73
93
80
70
99
141
132
91
0
87
105
93
66
71
97
86
38
22
50
61
33
16
43
70
24
-29
-34
7
33
24
28
51
49
13
7
38
70
52
19
29
72
74
45
50
83
75
37
29
68
97
82
65
74
92
77
64
80
106
91
44
40
72
87
58
38
56
77
53
19
25
60
56
24
26
57
56
18
0
25
49
24
6
32
65
53
24
26
48
39
13
25
68
81
52
38
64
86
65
40
64
98
90
56
58
102
115
80
68
97
114
85
66
84
105
70
33
49
84
71
23
18
44
48
8
1
40
68
37
8
28
66
56
20
19
50
48
9
5
50
81
58
34
45
74
60
42
57
90
88
60
56
76
81
57
52
75
97
73
49
55
69
51
24
25
52
51
19
8
36
56
25
0
19
41
17
-14
0
40
42
10
0
20
24
-4
-7
28
58
39
19
37
73
68
36
48
86
98
69
58
86
102
64
35
56
90
80
48
48
70
57
27
21
34
20
-24
-42
-20
-2
-25
-45
-34
-6
-14
-44
-30
9
11
-10
4
57
98
81
59
74
92
72
40
51
85
77
37
28
64
82
54
38
64
84
64
42
64
98
87
52
50
85
82
33
4
19
29
18
22
71
112
88
43
41
72
66
23
8
36
40
6
6
58
96
58
20
39
81
66
25
28
67
64
24
21
55
70
37
17
50
93
80
49
59
87
72
34
36
77
93
72
58
68
75
40
10
32
68
60
24
16
39
35
10
22
64
74
35
2
16
33
8
-12
-2
28
26
3
4
40
64
35
20
50
76
54
36
65
105
91
56
59
108
119
83
59
75
91
70
57
90
121
98
65
86
120
98
51
42
73
77
43
32
56
85
53
9
9
26
8
-22
-6
42
48
12
10
39
51
25
19
50
74
44
16
29
70
71
44
49
80
83
44
35
68
88
65
49
82
123
113
81
83
107
96
58
56
91
97
54
38
65
87
65
33
42
69
55
11
6
34
34
4
-1
28
44
16
-6
9
28
4
-26
-4
52
67
26
11
35
39
18
16
44
67
41
13
27
55
43
22
39
82
93
66
48
74
89
49
12
32
70
65
35
42
70
53
7
3
43
58
27
19
54
80
53
20
27
54
34
-6
-5
28
40
6
3
38
58
33
17
40
67
41
4
17
65
75
48
40
64
69
39
35
68
97
77
57
74
102
86
56
66
101
103
76
73
96
107
76
49
72
114
0
99
66
68
88
75
39
35
73
88
54
35
51
67
49
26
38
61
49
20
29
69
77
44
37
67
86
57
28
44
77
67
38
50
87
91
59
49
73
81
48
27
50
74
57
37
50
81
69
36
37
73
83
49
34
58
73
49
29
54
89
72
36
37
61
50
17
21
64
81
60
58
82
88
45
10
36
80
71
40
43
75
75
43
35
64
82
54
41
68
89
57
18
34
76
70
26
24
64
69
32
16
48
76
40
-2
3
32
21
-6
0
33
37
19
28
66
67
21
2
32
65
41
7
22
57
51
19
16
35
34
-4
-23
3
32
12
-11
-2
20
0
-28
-19
24
49
32
21
51
74
54
37
57
86
76
64
74
101
87
44
37
66
73
44
38
68
90
68
43
64
98
86
51
49
73
67
32
34
68
80
45
26
43
67
52
29
37
68
66
33
28
66
85
64
55
82
108
86
59
72
96
71
36
37
71
82
51
40
69
83
56
38
53
66
25
-11
1
36
25
-8
-11
16
23
13
20
49
60
17
-17
6
42
29
-1
2
37
42
11
0
19
27
-2
-12
18
52
29
-1
6
49
59
38
49
85
83
39
34
76
109
81
43
59
106
105
74
69
91
89
65
58
82
91
59
38
61
74
35
9
36
74
64
20
17
56
64
24
11
38
56
25
-3
3
26
12
-10
5
48
38
-5
-10
28
53
28
12
42
82
66
48
67
90
72
40
56
99
100
58
43
73
91
60
26
38
71
66
33
24
50
50
21
20
58
74
38
6
24
52
23
-10
2
41
48
24
21
53
56
24
28
83
117
89
60
76
104
90
66
73
97
81
40
40
86
114
88
80
114
140
112
74
83
113
99
66
67
88
90
71
72
102
113
67
32
48
76
57
21
23
53
49
11
4
33
44
20
4
36
64
33
-2
13
53
49
26
39
74
74
37
24
44
50
18
8
44
74
43
9
29
75
76
38
28
66
76
43
21
39
65
49
35
57
83
49
4
17
49
37
-12
-33
-2
10
-20
-29
6
35
1
-39
-18
35
36
3
9
54
70
37
18
38
61
38
16
35
72
61
33
43
89
97
57
55
90
103
64
45
83
109
74
38
49
81
59
5
7
58
75
34
7
32
50
18
-6
21
68
55
11
10
50
58
23
24
71
92
59
36
55
81
51
19
43
89
75
23
7
35
44
28
42
90
119
93
75
0
109
150
124
69
67
109
122
90
75
102
106
60
39
59
84
66
50
68
97
74
33
33
80
96
57
38
57
71
41
17
37
72
56
13
10
38
33
-1
8
49
57
19
2
25
48
10
-22
-3
44
48
24
43
91
91
39
20
53
77
44
10
33
74
53
8
17
57
58
22
23
66
87
54
33
56
83
56
22
34
59
34
-20
-24
10
18
-11
-10
33
58
34
8
24
53
38
9
29
77
74
16
-7
24
44
24
27
72
106
84
49
59
96
82
40
37
68
81
52
36
59
81
52
27
40
64
54
40
50
68
51
16
12
40
44
17
8
29
56
44
23
39
70
59
33
23
34
27
4
10
52
73
41
22
45
83
73
39
42
80
76
35
22
56
74
52
42
71
96
70
33
32
58
52
20
17
40
48
20
9
39
71
52
23
36
70
64
39
40
57
38
-2
-5
22
23
-3
-5
32
61
36
2
9
44
32
-6
-3
32
33
5
13
68
91
50
27
66
109
91
50
45
74
72
35
33
70
82
39
20
41
50
1
-34
-8
36
27
-3
-7
16
17
-19
-14
28
51
13
-8
22
56
27
-13
-6
36
38
8
16
66
87
52
37
71
93
67
49
67
96
71
34
41
88
91
51
37
69
89
59
38
57
82
50
7
16
54
55
19
12
53
72
51
44
75
91
52
13
25
58
59
41
51
72
58
10
-1
33
56
39
32
59
90
71
39
50
83
80
44
39
67
81
51
34
66
96
66
32
42
82
84
60
71
102
91
52
43
82
97
58
26
42
74
59
32
40
73
70
32
20
48
60
34
22
56
82
41
1
16
56
54
36
52
87
84
48
41
69
88
66
48
67
77
33
-10
4
49
52
34
45
73
72
34
24
64
87
60
33
53
80
50
5
4
36
41
12
12
43
53
21
-1
16
43
38
20
39
73
66
34
38
83
104
84
72
96
102
65
34
50
81
73
50
58
98
98
59
54
76
82
50
38
61
82
57
39
59
90
75
33
32
69
77
44
26
57
92
80
53
68
96
73
34
35
80
98
72
64
87
102
72
55
77
96
55
16
36
87
99
71
67
93
101
70
57
84
97
58
24
40
80
76
45
35
42
24
-8
-3
41
66
35
11
32
55
33
1
10
39
35
1
-3
34
51
32
23
48
64
34
10
35
73
60
20
18
55
60
24
10
37
45
18
8
40
69
0
45
19
24
44
38
18
28
66
64
20
3
28
40
6
-7
11
33
6
-28
-21
11
8
-23
-24
16
43
41
43
80
117
103
75
84
105
86
42
36
67
71
32
17
43
57
22
-2
33
81
73
38
33
60
64
42
50
81
87
50
27
53
81
64
37
52
84
74
42
38
56
54
24
18
44
55
21
-1
26
59
45
16
17
40
28
-3
-1
29
41
25
26
60
83
44
2
9
44
43
23
29
59
61
27
18
45
68
49
26
39
56
37
12
19
52
52
25
40
83
91
52
33
60
93
74
51
65
91
72
26
24
58
60
27
18
40
56
25
0
17
50
38
8
22
60
55
24
21
54
73
53
36
53
65
32
3
22
72
75
43
41
80
87
53
35
59
87
72
54
71
98
80
44
50
87
91
57
55
89
97
51
22
40
64
39
17
34
57
37
9
23
61
66
33
24
67
98
71
52
64
70
42
18
37
84
86
44
29
45
45
23
28
66
75
42
20
42
88
86
50
48
84
103
85
74
90
102
66
36
64
98
82
57
70
101
86
44
36
65
70
38
26
58
73
38
10
28
59
40
10
19
54
55
23
10
39
65
43
23
40
74
65
41
44
66
54
13
12
65
83
49
33
67
89
65
41
68
107
100
72
84
122
114
64
37
59
81
60
39
64
91
75
38
32
49
28
-4
2
43
59
29
8
29
60
52
34
43
60
38
3
16
57
57
25
27
64
73
34
2
16
37
21
1
19
55
52
20
18
48
48
11
6
42
71
45
17
23
39
13
-19
-5
37
43
18
17
40
50
23
6
32
65
41
9
21
65
67
27
16
43
58
33
20
42
58
35
8
22
50
48
35
42
72
73
37
28
73
99
69
41
69
101
72
24
21
49
48
27
37
68
67
21
-1
23
51
27
2
17
43
29
-1
4
40
45
25
23
56
71
42
28
60
90
66
25
34
66
57
33
39
69
67
33
24
58
87
73
58
83
108
97
71
85
115
99
55
42
59
60
22
-6
3
21
2
-12
11
49
39
3
5
50
59
27
18
41
65
50
33
52
83
65
32
40
84
86
49
43
76
83
39
11
40
83
72
48
60
97
90
65
71
98
101
68
58
92
118
89
56
71
99
84
57
66
101
91
52
36
51
50
11
4
38
64
33
8
26
56
48
16
16
44
44
8
0
37
66
43
27
0
59
97
70
35
49
83
61
22
28
81
97
49
25
57
88
49
13
34
70
49
0
0
40
48
7
2
42
60
24
0
20
53
35
0
17
60
57
21
29
84
106
71
49
75
102
65
20
28
56
36
1
18
59
59
22
10
37
53
25
12
38
67
48
16
37
91
86
41
41
84
100
70
57
90
112
66
23
44
82
60
27
48
90
84
41
26
54
68
38
29
74
114
88
58
82
123
120
82
72
103
116
80
57
74
100
87
74
102
129
91
42
44
81
66
18
12
57
72
20
-12
16
56
40
8
22
60
55
25
39
76
70
25
10
39
52
13
-9
9
33
7
-17
10
50
35
-11
-11
36
53
19
2
36
66
33
-3
9
40
25
-12
-13
20
36
19
22
52
72
53
36
56
80
38
-7
6
50
50
17
12
50
70
38
16
36
57
28
1
22
55
50
19
13
43
52
26
22
53
69
35
7
39
92
81
36
37
82
86
45
40
73
86
53
36
75
118
97
55
59
90
80
45
52
87
92
56
41
72
97
70
43
60
90
70
41
59
102
100
55
50
91
107
68
36
53
75
50
19
26
49
25
-11
1
45
42
-3
-17
12
41
19
-2
22
57
38
8
27
81
87
55
48
80
89
51
37
71
96
66
43
66
89
59
8
10
52
65
33
18
39
45
7
-5
26
56
19
-20
-2
43
41
4
9
56
74
40
24
53
76
48
22
55
100
85
35
29
74
86
38
27
80
104
70
49
74
102
72
35
40
69
61
32
27
59
66
26
16
58
98
65
27
52
91
87
50
44
68
54
6
-1
41
70
49
36
66
90
58
23
43
91
83
33
19
53
65
28
7
25
41
9
-19
4
48
36
0
10
57
59
21
24
75
105
76
48
69
102
77
42
58
100
89
50
45
88
103
59
39
69
92
66
37
53
88
71
34
40
80
77
40
35
73
82
32
-1
21
55
41
20
40
72
57
28
36
69
82
48
32
60
75
25
-10
11
57
52
23
35
77
82
44
49
89
105
60
25
40
57
32
2
11
36
18
-13
4
58
72
33
11
41
64
22
-7
27
77
56
18
33
82
87
53
39
56
67
36
24
71
119
98
53
65
104
88
37
36
81
98
68
57
84
104
76
57
81
106
74
24
24
64
68
29
21
53
66
24
-8
6
35
17
-7
10
59
64
39
38
64
64
35
39
77
97
0
60
29
45
74
53
17
26
66
59
12
0
28
42
9
2
43
82
55
24
51
90
72
33
38
80
73
25
9
41
61
23
-12
0
32
11
-17
-5
29
25
-11
-12
21
28
-5
-13
17
39
13
-2
26
71
68
38
42
71
57
-1
-20
20
64
49
26
44
69
38
5
24
65
49
1
6
61
88
50
22
44
65
26
-3
18
49
25
-5
11
53
51
7
-2
25
39
10
-1
28
55
22
-10
2
43
50
23
34
76
87
42
23
60
91
67
40
68
112
91
51
58
98
101
68
69
106
118
75
53
83
116
90
55
66
91
76
28
17
51
57
10
-2
42
80
49
8
28
85
73
21
19
59
65
23
11
52
82
55
27
51
76
48
9
20
65
73
50
51
87
102
67
54
89
116
92
76
98
128
108
65
58
83
83
59
60
91
103
64
36
60
92
64
12
13
52
41
-2
4
60
86
54
36
61
76
36
3
34
80
68
33
41
88
96
53
49
89
107
68
39
54
84
67
45
68
99
80
34
26
64
75
40
27
58
83
50
12
21
49
