401
128
-305
-116
442
357
-166
-250
249
374
-106
-339
134
521
152
-264
-21
442
225
-260
-179
407
449
-61
-226
258
483
33
-283
90
534
231
-236
-89
416
290
-230
-245
327
465
-27
-282
146
464
57
-331
-27
489
280
-218
-161
376
362
-164
-292
245
515
81
-247
120
518
180
-267
-56
492
357
-188
-253
259
339
-166
-380
104
457
72
-326
-57
391
144
-337
-219
368
388
-103
-230
260
441
-28
-330
66
490
183
-262
-99
375
224
-263
-232
333
433
-54
-275
149
406
-5
-342
-11
458
217
-246
-140
369
310
-186
-260
269
472
26
-250
122
453
82
-329
-75
460
327
-148
-147
355
408
-61
-222
259
539
119
-257
17
418
152
-285
-134
417
376
-114
-205
277
397
-75
-325
102
492
154
-265
-57
407
234
-220
-152
403
454
-44
-243
188
411
1
-295
75
534
262
-209
-93
405
320
-174
-225
297
437
-46
-305
113
434
49
-360
-107
400
242
-206
-145
385
404
-102
-252
242
496
53
-285
54
455
164
-267
-86
453
346
-170
-233
275
388
-87
-311
129
483
129
-250
-1
438
220
-225
-120
418
401
-121
-283
196
418
-21
-316
64
476
154
-305
-137
362
231
-263
-267
276
391
-90
-329
101
401
-4
-393
-106
371
137
-348
-276
242
219
-266
-356
181
424
-12
-340
4
368
40
-363
-124
421
297
-204
-230
281
338
-170
-371
106
435
24
-378
-103
340
101
-357
-231
323
289
-219
-341
137
301
-147
-410
7
422
97
-338
-151
323
173
-294
-253
310
396
-93
-305
120
370
-21
-338
-1
460
199
-277
-164
357
308
-178
-247
268
434
-29
-314
60
385
0
23
-378
-124
396
227
-275
-265
260
325
-142
-291
198
469
54
-297
9
424
146
-311
-166
379
321
-179
-250
262
397
-90
-342
101
470
99
-330
-108
384
208
-269
-196
371
408
-103
-276
212
452
1
-327
48
501
209
-258
-105
416
311
-196
-226
326
461
-36
-308
104
428
39
-355
-45
474
257
-243
-177
359
342
-184
-309
219
459
-5
-347
23
440
124
-310
-97
471
361
-163
-216
305
391
-121
-334
155
517
119
-292
-25
437
203
-281
-177
393
377
-153
-291
228
440
-30
-332
73
502
170
-282
-99
408
265
-246
-234
333
419
-91
-306
156
439
3
-359
-9
496
247
-252
-179
332
282
-222
-292
268
490
23
-289
87
439
83
-329
-82
471
341
-167
-202
281
331
-134
-281
211
516
107
-264
19
424
146
-321
-189
364
348
-134
-259
182
307
-141
-369
67
465
131
-300
-122
312
135
-310
-235
332
416
-58
-260
171
419
19
-309
7
442
196
-236
-105
384
295
-196
-250
268
426
-40
-316
70
397
54
-307
-35
457
262
-227
-195
311
331
-152
-300
183
451
25
-322
1
406
133
-310
-154
363
274
-220
-282
220
336
-132
-333
117
460
74
-342
-113
346
153
-313
-241
305
342
-134
-283
173
381
-45
-343
25
452
166
-264
-114
362
243
-246
-263
264
392
-74
-321
88
391
21
-330
-24
465
257
-215
-151
340
322
-152
-247
248
452
10
-291
65
436
128
-285
-102
393
265
-219
-250
244
316
-151
-322
151
468
84
-284
-13
412
179
-273
-153
391
375
-115
-232
249
432
-3
-269
106
499
178
-253
-82
375
218
-257
-227
326
428
-43
-259
160
417
18
-323
-14
441
202
-253
-158
343
300
-174
-235
295
486
45
-214
164
497
153
-241
-12
476
312
-184
-198
295
348
-108
-258
219
497
91
-258
37
451
193
-244
-87
450
387
-104
-187
290
425
-30
-277
135
486
120
-302
-87
389
225
-249
-217
305
325
-184
-364
92
352
-50
-355
6
454
167
-294
-153
374
299
-201
-251
274
421
-37
-269
160
489
133
-237
34
524
338
-132
-83
426
419
-89
-243
243
480
41
-284
60
456
160
-266
-91
436
356
-129
-194
278
349
-133
-337
130
481
105
-300
-74
358
140
-321
-227
321
330
-147
-274
203
396
-45
-342
40
467
160
-282
-117
370
250
-226
-219
323
426
-57
-290
134
420
24
-333
-29
435
202
-266
-195
295
240
-266
-366
138
357
-81
-394
-49
309
-13
-423
-199
326
200
-283
-296
216
297
-169
-343
122
417
19
-343
-52
391
154
-290
-164
376
331
-172
-278
224
397
-54
-311
116
518
154
-306
-117
353
170
-322
-277
288
361
-134
-333
0
123
378
-54
-407
-65
403
137
-327
-200
322
245
-263
-324
210
378
-93
-372
26
368
0
-397
-122
390
203
-300
-284
236
267
-228
-372
133
416
3
-328
6
434
160
-289
-114
449
374
-152
-247
257
395
-69
-301
123
466
81
-332
-75
409
205
-285
-220
343
378
-122
-286
187
418
-17
-340
18
458
172
-280
-138
354
233
-269
-286
265
391
-98
-334
105
436
66
-305
-13
470
243
-241
-168
355
330
-177
-277
256
492
34
-297
58
441
113
-310
-73
498
389
-137
-203
290
371
-109
-302
165
487
87
-290
5
465
227
-245
-146
400
378
-129
-252
231
409
-41
-301
120
538
202
-243
-61
416
253
-230
-193
384
484
-6
-225
216
485
67
-296
10
480
232
-246
-162
339
275
-243
-330
195
384
-70
-342
56
421
70
-346
-105
419
264
-243
-263
233
284
-180
-328
152
437
32
-323
-27
377
100
-346
-193
359
300
-215
-313
196
361
-99
-346
88
470
108
-312
-86
390
208
-267
-195
375
436
-54
-221
252
503
66
-273
75
528
241
-248
-138
369
293
-198
-243
291
449
-26
-300
91
406
32
-354
-72
443
263
-216
-179
332
342
-147
-279
212
457
25
-309
23
425
136
-279
-83
453
353
-166
-233
283
406
-78
-309
137
490
124
-274
-22
429
204
-277
-198
353
375
-106
-249
220
413
-41
-338
56
489
184
-273
-132
361
253
-238
-251
304
439
-38
-280
147
449
54
-315
-14
468
244
-246
-183
330
316
-169
-262
260
472
5
-325
36
417
87
-346
-138
395
281
-204
-231
272
336
-163
-359
107
427
43
-321
-38
400
167
-292
-182
368
345
-161
-277
210
378
-59
-309
96
469
114
-327
-137
353
214
-261
-229
323
405
-82
-295
133
388
-20
-350
-20
438
181
-282
-163
355
293
-203
-262
267
440
-23
-300
84
420
64
-330
-78
424
250
-247
-238
267
307
-167
-307
185
461
39
-326
-12
407
134
-310
-157
391
331
-180
-273
215
346
-109
-339
104
484
133
-280
-59
406
219
-260
-202
345
388
-108
-292
161
390
-24
-333
23
472
193
-262
-121
378
278
-205
-213
352
501
7
-276
115
427
55
-329
-62
426
233
-244
-197
325
324
-177
-314
164
391
-38
-369
-33
362
69
-354
-154
386
282
-214
-264
231
325
-156
-362
93
434
54
-329
-69
377
157
-305
-218
323
326
-167
-302
171
363
-77
-360
18
434
135
-296
-139
338
220
-249
-247
285
389
-81
-290
133
404
8
-337
-26
444
220
-242
-164
341
312
-173
-267
253
469
20
-290
68
412
64
-353
-117
424
292
-209
-230
274
336
-147
-317
164
476
68
-315
-35
393
144
-314
-186
355
311
0
-185
-285
216
391
-61
-322
89
485
150
-289
-102
369
213
-270
-249
281
343
-145
-346
90
354
-36
-356
-22
427
179
-270
-165
331
267
-216
-277
237
403
-56
-329
49
371
20
-359
-98
416
246
-242
-229
273
306
-169
-313
172
442
22
-321
-9
388
114
-326
-182
337
267
-210
-279
199
314
-152
-376
67
440
86
-324
-94
373
185
-296
-244
300
343
-121
-262
195
395
-29
-313
70
518
229
-232
-105
378
280
-202
-227
313
464
-3
-254
137
424
39
-317
-12
488
288
-189
-134
377
372
-121
-245
252
484
40
-284
48
422
116
-308
-114
418
314
-181
-244
245
340
-130
-343
93
425
68
-297
-24
420
200
-251
-153
385
373
-122
-248
233
419
-30
-324
57
461
148
-274
-90
381
230
-249
-227
323
429
-40
-253
173
449
51
-295
4
464
236
-230
-171
300
256
-212
-277
236
426
-17
-309
48
404
88
-298
-74
423
272
-216
-227
288
360
-107
-279
164
424
4
-356
-50
370
104
-343
-195
362
331
-164
-281
189
341
-110
-359
57
457
149
-246
-28
439
258
-232
-203
330
406
-57
-245
183
405
-11
-326
24
471
199
-284
-202
281
224
-232
-266
245
417
-18
-285
74
393
65
-295
-33
458
279
-200
-185
309
337
-135
-280
197
458
45
-302
-8
385
117
-306
-140
390
325
-154
-230
242
353
-90
-299
125
481
138
-251
-28
406
211
-241
-171
356
379
-101
-261
181
377
-41
-329
40
476
212
-221
-89
371
259
-202
-220
289
407
-59
-312
85
389
45
-284
6
483
284
-168
-120
347
329
-154
-285
185
408
0
-291
49
406
92
-324
-136
379
291
-183
-231
246
322
-139
-316
132
428
50
-311
-54
352
106
-341
-231
292
268
-214
-328
148
339
-83
-347
29
423
128
-280
-100
363
215
-261
-242
306
435
0
-217
147
357
-20
-311
20
516
402
19
0
257
98
-323
-333
164
416
153
-49
164
307
-45
-372
-150
312
281
-25
-28
280
247
-147
-264
117
356
70
-173
48
331
106
-238
-130
280
258
-90
-145
212
294
-52
-214
112
386
125
-170
-8
315
169
-169
-118
288
320
-36
-162
164
322
11
-204
68
390
167
-173
-76
274
199
-158
-189
196
309
-17
-197
70
279
19
-236
-30
329
200
-150
-135
216
209
-140
-215
152
320
2
-234
7
293
76
-241
-121
250
172
-185
-227
125
188
-151
-295
35
290
26
-237
-43
274
115
-216
-150
245
247
-114
-222
108
250
-50
-236
38
328
114
-186
-72
257
151
-194
-171
230
299
-49
-206
83
269
0
-221
9
344
184
-132
-66
296
277
-66
-125
234
369
35
-184
75
330
85
-214
-57
0
309
198
-163
-168
209
265
-76
-222
98
309
20
-238
-24
285
116
-211
-136
256
245
-108
-201
138
265
-52
-238
55
339
87
-226
-83
258
135
-206
-167
229
262
-93
-228
97
269
-43
-292
-51
281
106
-205
-119
234
184
-162
-203
170
294
-36
-228
58
308
52
-231
-43
328
204
-154
-139
246
278
-74
-184
165
362
60
-193
27
325
131
-187
-71
321
264
-106
-168
183
268
-56
-202
124
392
134
-151
23
355
198
-147
-86
312
322
-57
-189
137
291
-14
-229
51
378
161
-178
-66
307
231
-122
-132
266
354
-11
-213
81
300
22
-233
-6
361
201
-166
-138
236
233
-113
-178
196
359
23
-220
38
316
84
-204
-29
374
301
-65
-106
249
313
-40
-203
101
328
69
-178
23
332
156
-184
-117
276
266
-89
-178
164
282
-43
-245
36
323
91
-221
-100
250
162
-177
-152
259
344
2
-152
162
347
26
-235
-1
332
149
-199
-137
232
204
-150
-213
164
311
-10
-228
44
321
99
-179
1
389
280
-87
-108
243
279
-61
-182
151
353
49
-219
-6
297
102
-228
-135
250
218
-145
-222
134
244
-91
-275
43
348
105
-196
-38
309
193
-150
-117
280
308
-56
-181
161
337
18
-226
25
363
165
-181
-100
263
197
-172
-213
177
297
-40
-241
43
284
33
-228
-20
348
215
-145
-145
215
224
-134
-227
148
356
53
-197
24
300
68
-254
-120
282
230
-130
-177
198
305
-25
-188
120
369
115
-165
20
347
183
-167
-116
280
298
-56
-177
147
298
-10
-233
23
332
125
-193
-92
247
169
-163
-156
231
310
-49
-219
97
324
43
-238
-45
294
133
-210
-156
218
202
-156
-233
147
317
-4
-236
8
273
34
-273
-116
268
183
-170
-197
164
228
-120
-248
107
357
84
-193
-10
292
115
-217
-124
278
269
-92
-182
166
308
4
-177
105
388
154
-150
-30
296
188
-161
-165
205
257
-98
-262
28
212
-62
-279
-41
279
106
-209
-131
232
197
-153
-202
171
311
-9
-218
40
280
33
-244
-65
311
215
-121
-120
232
260
-90
-212
123
332
39
-219
0
306
115
-212
-125
240
199
-136
-177
193
309
-18
-203
83
346
99
-201
-61
253
124
-203
-163
225
253
-94
-218
114
284
-14
-231
36
357
149
-185
-97
264
220
-123
-168
189
289
-43
-234
39
262
5
-247
-35
329
184
-171
-146
217
217
-141
-236
132
331
41
-187
38
308
103
-200
-87
290
226
-131
-182
163
242
-89
-241
82
330
72
-196
-5
316
162
-169
-107
274
267
-98
-210
131
297
1
-210
51
343
119
-201
-88
273
200
-136
-145
227
296
-40
-189
124
345
66
0
-206
-9
336
184
-153
-114
253
247
-99
-167
199
342
-4
-248
10
309
108
-178
-35
329
221
-149
-161
236
327
-18
-154
188
404
51
-273
-44
347
213
-121
-43
359
314
-113
-226
177
359
23
-202
105
425
156
-195
-27
392
295
-92
-91
337
396
-14
-206
139
360
39
-234
20
400
208
-181
-121
274
233
-155
-221
198
374
27
-225
38
301
35
-275
-89
315
196
-198
-199
216
273
-105
-254
106
330
2
-286
-34
329
136
-212
-90
342
272
-172
-252
202
377
11
-209
114
394
61
-297
-75
386
260
-168
-162
291
320
-124
-283
140
397
57
-221
65
434
163
-261
-150
331
290
-151
-211
247
371
-61
-294
96
426
115
-244
-25
408
224
-214
-177
298
317
-129
-254
186
412
19
-289
18
394
128
-276
-107
394
315
-153
-230
230
341
-86
-280
128
437
85
-283
-46
378
179
-266
-199
308
325
-130
-270
149
342
-53
-325
23
421
139
-282
-140
326
231
-211
-205
314
449
10
-226
134
401
51
-270
19
485
292
-161
-113
364
355
-102
-222
212
412
29
-238
97
450
150
-259
-101
364
259
-186
-204
262
336
-98
-258
178
459
85
-275
-26
381
176
-249
-153
357
352
-103
-217
218
387
-17
-268
97
464
155
-246
-92
336
197
-247
-230
278
359
-90
-289
119
386
25
-296
-25
374
131
-311
-218
263
227
-231
-314
156
344
-61
-322
22
339
18
-354
-134
342
202
-251
-246
236
288
-161
-302
140
400
10
-322
-44
345
105
-316
-178
345
306
-173
-279
176
326
-85
-308
83
427
90
-308
-105
345
193
-252
-214
284
317
-148
-312
119
352
-25
-311
6
407
145
-280
-165
291
214
-233
-266
231
372
-69
-309
71
371
32
-317
-65
395
212
-237
-195
289
297
-156
-275
202
448
39
-281
11
370
87
-311
-131
386
313
-150
-213
246
341
-105
-307
112
434
82
-290
-65
349
152
-274
-197
295
282
-210
-358
90
285
-119
-382
-13
392
117
-298
-161
283
170
-279
-274
237
355
-76
-290
102
375
23
-295
-6
451
262
-171
-120
340
325
-125
-228
245
452
52
-227
87
409
98
-298
-107
376
267
-195
-241
209
266
-156
-295
148
444
102
-246
-21
354
122
-298
-194
311
315
-122
-242
188
345
-72
-331
26
390
100
-278
-99
332
187
-250
-218
291
364
-94
-295
112
361
10
-285
-1
408
168
-251
-161
299
250
-198
-273
201
370
-40
-290
64
378
72
-290
-77
376
225
-226
-205
278
326
-107
-252
179
429
69
-246
21
391
145
-253
-110
379
324
-129
-209
228
339
-90
-308
87
418
87
-276
-58
360
182
-253
-201
294
337
-99
-248
163
0
372
-3
-279
24
410
160
-248
-129
324
249
-189
-228
236
353
-71
-280
112
400
54
-295
-50
403
229
-202
-167
281
284
-137
-231
217
427
34
-260
44
397
120
-280
-135
340
273
-148
-183
259
358
-50
-220
192
485
144
-204
11
410
216
-194
-100
393
396
-67
-214
201
390
19
-229
105
466
179
-215
-68
356
233
-201
-203
273
362
-56
-253
131
402
56
-279
-26
392
194
-228
-165
280
240
-204
-279
200
405
-4
-294
25
356
57
-315
-116
363
264
-168
-185
274
340
-86
-249
163
421
36
-314
-52
346
121
-298
-188
304
283
-154
-265
144
272
-139
-357
22
375
85
-293
-122
292
144
-290
-261
234
307
-119
-281
135
389
28
-270
20
419
180
-232
-130
323
253
-201
-259
224
405
11
-244
87
389
80
-258
-17
443
285
-167
-155
315
355
-88
-236
193
436
66
-246
38
409
156
-242
-92
390
324
-123
-202
236
349
-56
-252
132
444
114
-253
-53
353
170
-263
-212
283
332
-105
-269
125
321
-60
-327
-7
361
99
-305
-179
263
170
-261
-285
182
289
-145
-363
12
304
-17
-325
-56
390
204
-233
-193
264
258
-185
-293
166
385
-6
-298
20
385
114
-283
-120
362
283
-162
-198
262
353
-81
-273
125
420
64
-310
-93
310
115
-306
-222
264
264
-181
-306
125
307
-97
-357
3
387
109
-291
-139
295
168
-273
-265
234
341
-87
-295
88
347
-9
-326
-34
395
165
-277
-198
261
214
-234
-308
177
375
-23
-297
28
360
59
-317
-126
344
229
-214
-226
240
294
-142
-298
145
408
11
-330
-56
346
129
-280
-162
340
310
-145
-237
217
364
-57
-301
76
435
123
-247
-52
374
213
-232
-211
278
330
-114
-291
98
300
-69
-349
-13
420
182
-232
-114
347
276
-179
-227
250
396
-33
-275
91
396
58
-317
-87
387
232
-212
-200
252
261
-193
-306
176
442
67
-241
49
407
136
-266
-122
369
307
-139
-197
249
336
-101
-300
99
418
87
-266
-40
371
181
-237
-157
339
355
-92
-233
192
384
-9
-267
82
482
215
-197
-76
348
233
-201
-204
292
408
-28
-259
118
403
61
-260
19
470
262
-185
-134
321
297
-145
-232
232
433
20
-269
49
390
104
-252
-45
427
298
-170
-213
252
353
-58
-234
166
444
87
-247
10
421
213
-209
-126
360
348
-104
-214
237
407
7
-235
114
460
150
-243
-66
371
226
-210
-177
336
416
-35
-234
153
392
10
-298
8
452
246
-165
-83
362
315
-104
-153
323
487
61
-211
121
441
138
-217
-7
444
297
-145
-141
311
343
-103
-241
199
444
51
-290
-19
360
118
-289
-166
329
290
-167
0
-259
177
301
-113
-327
57
401
92
-282
-94
328
172
-259
-209
297
340
-117
-284
131
354
-26
-306
9
401
145
-266
-153
304
234
-205
-253
218
359
-58
-283
92
396
57
-305
-77
362
182
-260
-229
229
234
-202
-306
146
369
-17
-305
7
373
114
-268
-108
377
306
-132
-181
259
353
-61
-236
179
492
152
-210
10
421
232
-185
-103
386
402
-38
-185
214
380
-23
-296
22
394
128
-278
-146
294
198
-222
-220
268
379
-52
-275
93
357
18
-297
-26
406
198
-232
-157
304
268
-194
-293
169
370
-18
-281
43
376
85
-297
-122
354
259
-177
-212
226
294
-123
-281
145
424
60
-289
-55
314
92
-307
-195
284
243
-211
-313
121
274
-133
-375
-17
336
28
-362
-189
250
129
-306
-292
186
261
-150
-318
59
282
-74
-363
-66
364
167
-229
-134
313
266
-163
-217
243
392
-25
-279
73
394
91
-262
-44
412
264
-180
-187
248
276
-164
-308
116
376
16
-302
-46
309
65
-338
-204
283
236
-218
-311
128
260
-142
-350
36
363
51
-312
-119
291
122
-301
-250
232
269
-156
-301
119
342
-28
-310
26
436
176
-249
-141
293
213
-202
-213
272
401
-24
-264
75
356
38
-292
-51
389
224
-202
-183
243
242
-179
-282
157
384
19
-262
3
316
61
-298
-133
344
296
-109
-180
189
244
-150
-300
100
420
137
-188
-12
316
131
-236
-148
325
384
25
-99
213
311
-51
-281
32
391
195
-131
-40
267
136
-221
-200
233
342
-6
-185
114
300
-18
-291
-55
316
183
-140
-89
259
209
-141
-189
194
360
50
-170
84
348
109
-195
-34
344
231
-136
-155
217
267
-98
-243
97
312
3
-280
-61
269
102
-227
-132
261
221
-150
-228
139
260
-91
-306
1
300
51
-273
-129
240
136
-204
-173
228
260
-122
-260
98
305
1
-249
-7
317
106
-237
-121
292
250
-129
-180
226
370
10
-214
81
348
89
-197
-1
385
244
-147
-134
288
340
-30
-164
196
396
71
-197
50
378
172
-173
-72
340
289
-99
-151
244
357
-2
-186
144
426
135
-188
-4
368
221
-139
-85
341
363
-25
-161
211
417
107
-129
141
468
229
-140
-46
341
276
-101
-122
299
410
24
-196
107
338
24
-273
-28
385
227
-177
-148
267
288
-88
-183
211
396
48
-225
17
307
77
-247
-104
300
219
-162
-194
196
262
-117
-279
76
342
50
-244
-39
309
140
-210
-124
309
311
-76
-180
196
348
8
-210
97
428
183
-166
-34
355
252
-134
-150
268
359
-26
-221
103
316
-4
-284
-29
356
187
-173
-100
313
280
-137
-227
180
345
-1
-237
38
320
58
-254
-75
328
0
218
-166
-177
221
268
-105
-234
150
395
93
-194
24
346
136
-219
-124
293
267
-115
-198
172
292
-65
-264
49
336
72
-242
-69
296
153
-227
-193
245
300
-76
-228
116
304
-33
-293
-17
344
135
-228
-151
232
178
-202
-237
177
305
-65
-278
41
331
65
-247
-54
340
202
-181
-156
257
283
-93
-209
168
364
17
-260
-7
315
97
-247
-108
315
243
-166
-228
177
281
-91
-282
59
358
80
-250
-62
309
150
-237
-181
277
315
-87
-227
153
338
-9
-265
9
361
144
-225
-108
307
230
-170
-194
244
346
-54
-275
50
313
28
-262
-38
352
177
-215
-178
258
262
-138
-233
186
373
-5
-279
6
328
73
-284
-137
294
199
-221
-251
179
261
-124
-284
93
358
37
-276
-51
326
138
-246
-162
296
294
-117
-221
184
344
-27
-263
67
400
121
-249
-100
321
215
-184
-177
269
346
-55
-242
122
361
25
-274
-6
396
203
-200
-138
290
262
-155
-237
192
353
-35
-296
16
329
64
-262
-54
393
267
-163
-173
252
305
-86
-215
188
428
80
-233
12
373
149
-229
-103
363
321
-120
-222
189
323
-71
-293
56
385
98
-254
-74
327
193
-185
-131
323
354
-84
-258
121
333
-26
-315
-22
368
146
-241
-141
265
185
-220
-235
226
356
-49
-277
57
336
38
-274
-44
379
226
-194
-172
266
296
-113
-215
230
449
64
-231
50
401
154
-218
-78
363
281
-148
-211
215
322
-70
-251
134
434
104
-245
-41
343
160
-248
-194
267
291
-113
-227
167
326
-54
-297
32
402
156
-214
-87
331
248
-152
-156
306
416
1
-209
145
402
82
-226
29
453
277
-136
-100
309
285
-121
-201
233
425
43
-234
38
333
68
-267
-93
353
295
-90
-161
181
214
-162
-312
72
380
130
-162
-7
257
52
-273
-148
292
304
-53
-171
129
225
-102
-279
41
372
171
-118
0
295
139
-216
-172
247
317
-33
-188
118
301
4
-237
8
349
165
-185
-118
264
241
-120
-177
203
332
-8
-227
42
298
50
-251
-74
311
199
-166
-163
233
283
-71
-186
162
348
4
-282
-34
320
132
-206
-100
308
261
-129
-211
156
282
-39
-209
112
384
108
-196
-20
331
184
-178
-124
292
311
-83
-233
99
283
-19
-252
17
347
123
-237
-147
246
199
-166
-196
225
353
1
-198
107
373
100
-195
6
379
230
-136
-102
294
298
-90
-183
214
396
49
-213
50
360
121
-229
-92
322
260
-114
-156
219
293
-78
-253
80
330
43
-248
-49
297
140
-205
-134
298
330
-33
-154
178
316
-17
-228
71
391
157
-172
-43
332
240
-140
-156
256
360
20
-156
137
339
39
-237
0
-18
347
194
-173
-140
236
229
-135
-221
160
327
-9
-252
3
281
48
-263
-103
292
199
-177
-200
169
219
-130
-258
87
324
48
-222
-30
256
44
-290
-172
251
236
-141
-249
89
203
-135
-327
-8
310
92
-211
-72
266
153
-193
-172
228
299
-37
-193
85
236
-69
-308
-69
273
135
-157
-94
224
150
-205
-243
137
280
-25
-211
50
251
-19
-291
-92
282
180
-151
-137
210
214
-129
-225
131
328
33
-217
3
300
118
-193
-85
278
198
-168
-210
162
256
-81
-244
61
315
49
-250
-76
268
138
-202
-167
220
233
-135
-244
131
327
26
-205
44
357
130
-212
-101
282
227
-124
-139
246
330
-41
-236
76
339
84
-197
-11
338
189
-169
-136
250
263
-93
-187
168
340
3
-249
10
312
90
-236
-106
283
198
-181
-209
193
281
-70
-214
133
373
65
-247
-57
297
149
-197
-122
292
276
-114
-212
178
353
23
-198
90
400
153
-183
-40
342
240
-151
-161
263
340
-43
-227
91
292
-20
-291
-44
329
149
-241
-195
209
192
-190
-259
151
312
-35
-260
40
332
74
-251
-88
316
218
-154
-158
230
267
-108
-243
134
370
39
-262
-43
304
140
-185
-87
333
304
-100
-199
188
326
-30
-237
81
373
99
-225
-36
353
209
-197
-182
256
315
-72
-225
137
346
17
-250
8
361
148
-209
-105
285
203
-206
-251
187
330
-45
-274
54
353
89
-217
-26
369
230
-163
-141
275
297
-101
-228
171
405
72
-213
33
363
149
-202
-77
357
298
-115
-171
234
332
-46
-227
137
421
100
-232
-27
343
163
-247
-199
259
295
-102
-235
154
353
4
-257
27
376
140
-218
-105
290
199
-201
-205
249
356
-42
-254
84
344
34
-276
-38
363
187
-204
-154
262
248
-152
-238
176
353
-12
-267
17
326
69
-266
-81
372
276
-142
-181
232
297
-99
-245
132
386
53
-266
-43
320
119
-264
-169
301
308
-91
-190
205
354
-27
-273
52
406
162
-189
-43
348
234
-161
-153
289
355
-51
-222
139
369
35
-249
12
392
182
-215
-141
278
234
-180
-246
186
361
-7
-258
34
305
26
-278
-59
388
276
-126
-139
272
308
-88
-219
178
411
67
-245
-11
325
88
-299
-172
305
272
-154
-234
184
323
-61
-276
70
390
112
-235
-68
326
192
-211
-183
258
278
-147
-290
101
323
-11
-289
-5
362
137
-241
-138
274
213
-186
-227
215
346
-52
-285
33
304
24
-274
-60
320
134
-274
-232
194
193
-202
-292
134
368
21
-249
26
359
120
-228
-76
353
262
-155
-218
180
275
-104
-277
102
396
88
-242
-38
344
180
-202
-136
310
322
-82
-187
198
353
0
-17
-262
59
425
177
-205
-91
312
214
-201
-227
210
323
-59
-247
101
344
23
-275
-34
362
176
-233
-185
232
214
-189
-262
178
364
-10
-267
32
341
86
-247
-67
368
266
-141
-188
202
261
-120
-247
160
422
82
-243
-11
357
156
-228
-134
308
289
-119
-204
212
372
7
-216
101
424
148
-211
-53
348
226
-169
-151
298
370
-29
-209
155
388
51
-231
48
439
229
-163
-82
342
294
-125
-202
202
346
-8
-234
73
358
72
-251
-46
371
244
-152
-146
275
304
-106
-247
146
375
32
-265
-11
329
108
-249
-107
343
290
-132
-202
220
345
-29
-232
114
418
129
-214
-26
371
225
-168
-129
316
343
-73
-228
149
344
1
-263
13
385
164
-205
-99
306
220
-196
-232
211
342
-41
-260
68
346
68
-227
2
404
243
-162
-152
244
243
-155
-260
149
348
-3
-264
18
340
90
-265
-117
325
260
-131
-178
217
289
-97
-262
113
396
91
